Header Size:	 79	 	 
Pulse Version:	 80	 	 
Running Pulse Version:	PULSE LabShop Fast Track Version 18.1.1.9 - 2014-01-16	 	 
Decimal Symbol:	.	 	 
Date Format:	M/d/yyyy	 	 
Time Format:	HH:mm:ss:mmm	 	 
Data Type:	Complex	 	 
Slice:	False	 	 
Z-Axis type:	Linear	 	 
Z-Axis size:	1	 	 
Z-Axis unit:	 	 	 
Z-Axis first value:	 0.0000000000e+000	 	 
Z-Axis delta:	 1.0000000000e+000	 	 
X-Axis type:	Linear	 	 
X-Axis size:	1601	 	 
X-Axis unit:	Hz	 	 
X-Axis first value:	 2.0000000000e+001	 	 
X-Axis delta:	 1.0000000000e+000	 	 
	 	 	 
AmplitudeUnit:	Pa/(m/s)	 	 
Analyzer:	FFT_Spectrum_Averaging	 	 
AnalyzerName:	FFT Analyzer	 	 
	 	 	 
	 	 	 
Bipolar:	True	 	 
CenterFrequency:	 8.2000000000e+002	 	 
	 	 	 
	 	 	 
	 	 	 
	 	 	 
	 	 	 
	 	 	 
	 	 	 
	 	 	 
Domain:	1	 	 
Function:	Frequency Response	 	 
	 	 	 
InputRange:	 1.0000000000e-001	 	 
	 	 	 
	 	 	 
MultiBufferName:	Input	 	 
NBW:	 1.5000000000e+000	 	 
	 	 	 
OverlapFailed:	False	 	 
Overrun:	False	 	 
Power:	False	 	 
	 	 	 
Ratio:	True	 	 
RecordLength:	 1.0000000000e+000	 	 
ReducedSize:	True	 	 
Ref_Signal:	v	 	 
	 	 	 
	 	 	 
RefSignalUnit:	m/s	 	 
	 	 	 
	 	 	 
Signal:	p	 	 
	 	 	 
SignalUnit:	Pa	 	 
	 	 	 
	 	 	 
	 	 	 
Title:	Input Impedance	 	 
Title1:	Working : Input : Input : FFT Analyzer	 	 
	 	 	 
	 	 	 
	 	 	 
ZoomOn:	True	 	 
	 	 	 
TemplateName:	Working	 	 
MeasurementName:	Input	 	 
MeasurementSlice:	False	 	 
	 	 	 
	 	 	 
	 	 	 
EnvelopeOn:	False	 	 
	 	 	 
	 	 	 
	 	 	 
Z-index:	 	1	 
Date:	 	5/13/2022	 
Time:	 	10:38:25:124	 
Relative time:	 	 0.00000e+000	 
Z-axis:	 	 0.0000000000e+000	 
1	 2.0000000000e+001	-1.02163e+002	-2.66778e+002
2	 2.1000000000e+001	 7.49013e+001	-3.25869e+002
3	 2.2000000000e+001	 1.54995e+002	-6.66065e+002
4	 2.3000000000e+001	 2.99167e+002	-1.06066e+003
5	 2.4000000000e+001	 3.62089e+002	-5.70588e+002
6	 2.5000000000e+001	 2.71575e+002	-1.68058e+002
7	 2.6000000000e+001	 1.30946e+002	 9.81039e+001
8	 2.7000000000e+001	 2.40334e+001	 9.11830e+001
9	 2.8000000000e+001	 4.27482e+001	 1.01440e+002
10	 2.9000000000e+001	 1.06372e+002	-1.75327e+002
11	 3.0000000000e+001	 5.35071e+001	-7.22379e+002
12	 3.1000000000e+001	 1.05174e+002	-9.27701e+002
13	 3.2000000000e+001	 1.46913e+002	-6.90127e+002
14	 3.3000000000e+001	 4.02134e+002	-2.05339e+003
15	 3.4000000000e+001	 4.34316e+002	-2.23523e+003
16	 3.5000000000e+001	 4.31113e+002	-1.86791e+003
17	 3.6000000000e+001	 4.21237e+000	-1.68611e+003
18	 3.7000000000e+001	-3.28970e+002	-5.94891e+002
19	 3.8000000000e+001	-6.25982e+002	 1.86982e+001
20	 3.9000000000e+001	-6.17506e+002	 1.43693e+001
21	 4.0000000000e+001	 2.10910e+001	-9.58986e+002
22	 4.1000000000e+001	 5.46662e+002	-1.47202e+003
23	 4.2000000000e+001	 7.47247e+002	-1.56869e+003
24	 4.3000000000e+001	 6.03030e+002	-1.72869e+003
25	 4.4000000000e+001	 4.91317e+002	-1.94120e+003
26	 4.5000000000e+001	 4.99459e+002	-1.90820e+003
27	 4.6000000000e+001	 4.17896e+002	-1.92458e+003
28	 4.7000000000e+001	 3.82210e+002	-1.91996e+003
29	 4.8000000000e+001	 4.17050e+002	-1.84574e+003
30	 4.9000000000e+001	 4.61415e+002	-1.79355e+003
31	 5.0000000000e+001	 4.38257e+002	-1.78678e+003
32	 5.1000000000e+001	 4.07203e+002	-1.75505e+003
33	 5.2000000000e+001	 4.08056e+002	-1.73594e+003
34	 5.3000000000e+001	 4.23987e+002	-1.73508e+003
35	 5.4000000000e+001	 4.17120e+002	-1.70880e+003
36	 5.5000000000e+001	 3.85687e+002	-1.68868e+003
37	 5.6000000000e+001	 3.65179e+002	-1.66471e+003
38	 5.7000000000e+001	 3.50765e+002	-1.63208e+003
39	 5.8000000000e+001	 3.31498e+002	-1.58472e+003
40	 5.9000000000e+001	 3.19329e+002	-1.53752e+003
41	 6.0000000000e+001	 3.02715e+002	-1.49856e+003
42	 6.1000000000e+001	 2.90906e+002	-1.47281e+003
43	 6.2000000000e+001	 2.76520e+002	-1.43455e+003
44	 6.3000000000e+001	 2.78244e+002	-1.39328e+003
45	 6.4000000000e+001	 2.84682e+002	-1.36409e+003
46	 6.5000000000e+001	 2.90909e+002	-1.34978e+003
47	 6.6000000000e+001	 2.89846e+002	-1.33063e+003
48	 6.7000000000e+001	 2.87603e+002	-1.30851e+003
49	 6.8000000000e+001	 2.77295e+002	-1.28640e+003
50	 6.9000000000e+001	 2.65862e+002	-1.25756e+003
51	 7.0000000000e+001	 2.57773e+002	-1.23000e+003
52	 7.1000000000e+001	 2.57229e+002	-1.19852e+003
53	 7.2000000000e+001	 2.58535e+002	-1.17673e+003
54	 7.3000000000e+001	 2.59899e+002	-1.15806e+003
55	 7.4000000000e+001	 2.60664e+002	-1.13782e+003
56	 7.5000000000e+001	 2.63721e+002	-1.12314e+003
57	 7.6000000000e+001	 2.62245e+002	-1.10634e+003
58	 7.7000000000e+001	 2.59188e+002	-1.08559e+003
59	 7.8000000000e+001	 2.57650e+002	-1.06366e+003
60	 7.9000000000e+001	 2.55285e+002	-1.04604e+003
61	 8.0000000000e+001	 2.57309e+002	-1.02733e+003
62	 8.1000000000e+001	 2.52340e+002	-1.00818e+003
63	 8.2000000000e+001	 2.47002e+002	-9.93324e+002
64	 8.3000000000e+001	 2.40428e+002	-9.71074e+002
65	 8.4000000000e+001	 2.33271e+002	-9.51109e+002
66	 8.5000000000e+001	 2.26554e+002	-9.32351e+002
67	 8.6000000000e+001	 2.24539e+002	-9.13561e+002
68	 8.7000000000e+001	 2.20723e+002	-8.92034e+002
69	 8.8000000000e+001	 2.18834e+002	-8.74505e+002
70	 8.9000000000e+001	 2.19688e+002	-8.57561e+002
71	 9.0000000000e+001	 2.15256e+002	-8.40397e+002
72	 9.1000000000e+001	 2.11817e+002	-8.28937e+002
73	 9.2000000000e+001	 2.10957e+002	-8.11801e+002
74	 9.3000000000e+001	 2.09259e+002	-7.92524e+002
75	 9.4000000000e+001	 2.10972e+002	-7.74450e+002
76	 9.5000000000e+001	 2.12657e+002	-7.58884e+002
77	 9.6000000000e+001	 2.12577e+002	-7.44507e+002
78	 9.7000000000e+001	 2.12213e+002	-7.31508e+002
79	 9.8000000000e+001	 2.08826e+002	-7.25085e+002
80	 9.9000000000e+001	 2.05358e+002	-7.13132e+002
81	 1.0000000000e+002	 2.00887e+002	-6.98029e+002
82	 1.0100000000e+002	 1.98772e+002	-6.85075e+002
83	 1.0200000000e+002	 1.99482e+002	-6.71322e+002
84	 1.0300000000e+002	 1.96748e+002	-6.57921e+002
85	 1.0400000000e+002	 1.94809e+002	-6.45546e+002
86	 1.0500000000e+002	 1.92040e+002	-6.34884e+002
87	 1.0600000000e+002	 1.87722e+002	-6.23881e+002
88	 1.0700000000e+002	 1.86192e+002	-6.08926e+002
89	 1.0800000000e+002	 1.83570e+002	-5.95577e+002
90	 1.0900000000e+002	 1.80813e+002	-5.83905e+002
91	 1.1000000000e+002	 1.79775e+002	-5.70284e+002
92	 1.1100000000e+002	 1.77399e+002	-5.54952e+002
93	 1.1200000000e+002	 1.74143e+002	-5.43947e+002
94	 1.1300000000e+002	 1.70792e+002	-5.32837e+002
95	 1.1400000000e+002	 1.66925e+002	-5.18254e+002
96	 1.1500000000e+002	 1.63081e+002	-5.03655e+002
97	 1.1600000000e+002	 1.59455e+002	-4.88887e+002
98	 1.1700000000e+002	 1.58514e+002	-4.73182e+002
99	 1.1800000000e+002	 1.58995e+002	-4.58182e+002
100	 1.1900000000e+002	 1.59694e+002	-4.42051e+002
101	 1.2000000000e+002	 1.61447e+002	-4.29116e+002
102	 1.2100000000e+002	 1.63130e+002	-4.20016e+002
103	 1.2200000000e+002	 1.63204e+002	-4.09046e+002
104	 1.2300000000e+002	 1.63588e+002	-3.98624e+002
105	 1.2400000000e+002	 1.63316e+002	-3.91482e+002
106	 1.2500000000e+002	 1.61876e+002	-3.81778e+002
107	 1.2600000000e+002	 1.61684e+002	-3.71030e+002
108	 1.2700000000e+002	 1.62166e+002	-3.62153e+002
109	 1.2800000000e+002	 1.60320e+002	-3.53788e+002
110	 1.2900000000e+002	 1.57478e+002	-3.43459e+002
111	 1.3000000000e+002	 1.55945e+002	-3.32523e+002
112	 1.3100000000e+002	 1.55248e+002	-3.21631e+002
113	 1.3200000000e+002	 1.53465e+002	-3.11302e+002
114	 1.3300000000e+002	 1.52585e+002	-3.00852e+002
115	 1.3400000000e+002	 1.52026e+002	-2.90546e+002
116	 1.3500000000e+002	 1.51540e+002	-2.80409e+002
117	 1.3600000000e+002	 1.51299e+002	-2.70810e+002
118	 1.3700000000e+002	 1.50410e+002	-2.61560e+002
119	 1.3800000000e+002	 1.49657e+002	-2.52042e+002
120	 1.3900000000e+002	 1.48750e+002	-2.42900e+002
121	 1.4000000000e+002	 1.48000e+002	-2.33088e+002
122	 1.4100000000e+002	 1.46858e+002	-2.23619e+002
123	 1.4200000000e+002	 1.45327e+002	-2.14405e+002
124	 1.4300000000e+002	 1.44409e+002	-2.05174e+002
125	 1.4400000000e+002	 1.43935e+002	-1.95458e+002
126	 1.4500000000e+002	 1.43563e+002	-1.86114e+002
127	 1.4600000000e+002	 1.42590e+002	-1.77589e+002
128	 1.4700000000e+002	 1.41723e+002	-1.68851e+002
129	 1.4800000000e+002	 1.41050e+002	-1.59951e+002
130	 1.4900000000e+002	 1.40291e+002	-1.51206e+002
131	 1.5000000000e+002	 1.38998e+002	-1.42709e+002
132	 1.5100000000e+002	 1.37720e+002	-1.33445e+002
133	 1.5200000000e+002	 1.37021e+002	-1.24472e+002
134	 1.5300000000e+002	 1.36181e+002	-1.15883e+002
135	 1.5400000000e+002	 1.35506e+002	-1.06866e+002
136	 1.5500000000e+002	 1.34801e+002	-9.81550e+001
137	 1.5600000000e+002	 1.34222e+002	-8.98159e+001
138	 1.5700000000e+002	 1.33690e+002	-8.15976e+001
139	 1.5800000000e+002	 1.33333e+002	-7.32649e+001
140	 1.5900000000e+002	 1.32857e+002	-6.50581e+001
141	 1.6000000000e+002	 1.32293e+002	-5.71521e+001
142	 1.6100000000e+002	 1.31642e+002	-4.93697e+001
143	 1.6200000000e+002	 1.30744e+002	-4.17337e+001
144	 1.6300000000e+002	 1.29959e+002	-3.41153e+001
145	 1.6400000000e+002	 1.29025e+002	-2.65793e+001
146	 1.6500000000e+002	 1.28008e+002	-1.89026e+001
147	 1.6600000000e+002	 1.26934e+002	-1.12888e+001
148	 1.6700000000e+002	 1.25444e+002	-4.15773e+000
149	 1.6800000000e+002	 1.24163e+002	 3.33198e+000
150	 1.6900000000e+002	 1.22774e+002	 1.09679e+001
151	 1.7000000000e+002	 1.21243e+002	 1.87597e+001
152	 1.7100000000e+002	 1.19427e+002	 2.65979e+001
153	 1.7200000000e+002	 1.17669e+002	 3.42055e+001
154	 1.7300000000e+002	 1.16497e+002	 4.18861e+001
155	 1.7400000000e+002	 1.15406e+002	 4.96336e+001
156	 1.7500000000e+002	 1.13838e+002	 5.71268e+001
157	 1.7600000000e+002	 1.11908e+002	 6.45275e+001
158	 1.7700000000e+002	 1.09952e+002	 7.20269e+001
159	 1.7800000000e+002	 1.08056e+002	 7.99525e+001
160	 1.7900000000e+002	 1.05790e+002	 8.78715e+001
161	 1.8000000000e+002	 1.02985e+002	 9.60605e+001
162	 1.8100000000e+002	 1.00559e+002	 1.04999e+002
163	 1.8200000000e+002	 9.83727e+001	 1.14499e+002
164	 1.8300000000e+002	 9.68535e+001	 1.24415e+002
165	 1.8400000000e+002	 9.55794e+001	 1.33870e+002
166	 1.8500000000e+002	 9.48005e+001	 1.43284e+002
167	 1.8600000000e+002	 9.52931e+001	 1.53357e+002
168	 1.8700000000e+002	 9.63799e+001	 1.63148e+002
169	 1.8800000000e+002	 9.75172e+001	 1.72307e+002
170	 1.8900000000e+002	 9.86109e+001	 1.80861e+002
171	 1.9000000000e+002	 9.96755e+001	 1.88869e+002
172	 1.9100000000e+002	 1.01516e+002	 1.96891e+002
173	 1.9200000000e+002	 1.03621e+002	 2.04696e+002
174	 1.9300000000e+002	 1.04919e+002	 2.11169e+002
175	 1.9400000000e+002	 1.05789e+002	 2.17107e+002
176	 1.9500000000e+002	 1.06289e+002	 2.22986e+002
177	 1.9600000000e+002	 1.06516e+002	 2.28938e+002
178	 1.9700000000e+002	 1.06325e+002	 2.34978e+002
179	 1.9800000000e+002	 1.05719e+002	 2.41131e+002
180	 1.9900000000e+002	 1.05051e+002	 2.47582e+002
181	 2.0000000000e+002	 1.04535e+002	 2.54077e+002
182	 2.0100000000e+002	 1.04804e+002	 2.61603e+002
183	 2.0200000000e+002	 1.04615e+002	 2.68731e+002
184	 2.0300000000e+002	 1.04280e+002	 2.75286e+002
185	 2.0400000000e+002	 1.03930e+002	 2.81753e+002
186	 2.0500000000e+002	 1.03575e+002	 2.88862e+002
187	 2.0600000000e+002	 1.03798e+002	 2.96570e+002
188	 2.0700000000e+002	 1.03814e+002	 3.03770e+002
189	 2.0800000000e+002	 1.03518e+002	 3.10516e+002
190	 2.0900000000e+002	 1.03601e+002	 3.16567e+002
191	 2.1000000000e+002	 1.03321e+002	 3.22735e+002
192	 2.1100000000e+002	 1.03135e+002	 3.29059e+002
193	 2.1200000000e+002	 1.02848e+002	 3.35390e+002
194	 2.1300000000e+002	 1.02663e+002	 3.41370e+002
195	 2.1400000000e+002	 1.01920e+002	 3.47809e+002
196	 2.1500000000e+002	 1.00823e+002	 3.54959e+002
197	 2.1600000000e+002	 1.00171e+002	 3.62247e+002
198	 2.1700000000e+002	 1.00830e+002	 3.69418e+002
199	 2.1800000000e+002	 1.01976e+002	 3.76371e+002
200	 2.1900000000e+002	 1.02842e+002	 3.83058e+002
201	 2.2000000000e+002	 1.04329e+002	 3.90235e+002
202	 2.2100000000e+002	 1.06198e+002	 3.97409e+002
203	 2.2200000000e+002	 1.07939e+002	 4.03901e+002
204	 2.2300000000e+002	 1.09658e+002	 4.08946e+002
205	 2.2400000000e+002	 1.11025e+002	 4.12553e+002
206	 2.2500000000e+002	 1.11399e+002	 4.16434e+002
207	 2.2600000000e+002	 1.10955e+002	 4.21559e+002
208	 2.2700000000e+002	 1.10346e+002	 4.27753e+002
209	 2.2800000000e+002	 1.09629e+002	 4.34527e+002
210	 2.2900000000e+002	 1.10129e+002	 4.40657e+002
211	 2.3000000000e+002	 1.11057e+002	 4.46284e+002
212	 2.3100000000e+002	 1.11076e+002	 4.51211e+002
213	 2.3200000000e+002	 1.10276e+002	 4.55599e+002
214	 2.3300000000e+002	 1.09138e+002	 4.60372e+002
215	 2.3400000000e+002	 1.08280e+002	 4.65754e+002
216	 2.3500000000e+002	 1.07045e+002	 4.71404e+002
217	 2.3600000000e+002	 1.06202e+002	 4.76741e+002
218	 2.3700000000e+002	 1.05472e+002	 4.82394e+002
219	 2.3800000000e+002	 1.04308e+002	 4.87915e+002
220	 2.3900000000e+002	 1.02385e+002	 4.92674e+002
221	 2.4000000000e+002	 1.01161e+002	 4.97368e+002
222	 2.4100000000e+002	 1.00359e+002	 5.02277e+002
223	 2.4200000000e+002	 9.86787e+001	 5.07948e+002
224	 2.4300000000e+002	 9.61035e+001	 5.14357e+002
225	 2.4400000000e+002	 9.41703e+001	 5.21476e+002
226	 2.4500000000e+002	 9.24171e+001	 5.28754e+002
227	 2.4600000000e+002	 9.13184e+001	 5.35984e+002
228	 2.4700000000e+002	 9.07121e+001	 5.42066e+002
229	 2.4800000000e+002	 9.06457e+001	 5.48311e+002
230	 2.4900000000e+002	 9.05299e+001	 5.55105e+002
231	 2.5000000000e+002	 8.99582e+001	 5.61959e+002
232	 2.5100000000e+002	 8.90040e+001	 5.69443e+002
233	 2.5200000000e+002	 8.91126e+001	 5.76659e+002
234	 2.5300000000e+002	 8.96611e+001	 5.83728e+002
235	 2.5400000000e+002	 9.02760e+001	 5.90358e+002
236	 2.5500000000e+002	 9.11109e+001	 5.97049e+002
237	 2.5600000000e+002	 9.22826e+001	 6.03252e+002
238	 2.5700000000e+002	 9.34681e+001	 6.08238e+002
239	 2.5800000000e+002	 9.56709e+001	 6.13875e+002
240	 2.5900000000e+002	 9.78924e+001	 6.18975e+002
241	 2.6000000000e+002	 9.99376e+001	 6.24059e+002
242	 2.6100000000e+002	 1.01647e+002	 6.28479e+002
243	 2.6200000000e+002	 1.01824e+002	 6.33039e+002
244	 2.6300000000e+002	 1.00606e+002	 6.37202e+002
245	 2.6400000000e+002	 9.95014e+001	 6.41613e+002
246	 2.6500000000e+002	 9.85723e+001	 6.46202e+002
247	 2.6600000000e+002	 9.84024e+001	 6.50176e+002
248	 2.6700000000e+002	 9.73429e+001	 6.55028e+002
249	 2.6800000000e+002	 9.61818e+001	 6.60621e+002
250	 2.6900000000e+002	 9.42247e+001	 6.66444e+002
251	 2.7000000000e+002	 9.21197e+001	 6.71935e+002
252	 2.7100000000e+002	 9.07571e+001	 6.78065e+002
253	 2.7200000000e+002	 8.97049e+001	 6.83911e+002
254	 2.7300000000e+002	 8.94523e+001	 6.89500e+002
255	 2.7400000000e+002	 8.93278e+001	 6.95082e+002
256	 2.7500000000e+002	 8.89276e+001	 7.00949e+002
257	 2.7600000000e+002	 8.82938e+001	 7.06682e+002
258	 2.7700000000e+002	 8.78560e+001	 7.12913e+002
259	 2.7800000000e+002	 8.78459e+001	 7.19424e+002
260	 2.7900000000e+002	 8.86357e+001	 7.25435e+002
261	 2.8000000000e+002	 9.01304e+001	 7.31578e+002
262	 2.8100000000e+002	 9.11181e+001	 7.36378e+002
263	 2.8200000000e+002	 9.16326e+001	 7.40751e+002
264	 2.8300000000e+002	 9.21210e+001	 7.45511e+002
265	 2.8400000000e+002	 9.18069e+001	 7.50951e+002
266	 2.8500000000e+002	 9.23718e+001	 7.56244e+002
267	 2.8600000000e+002	 9.36267e+001	 7.60223e+002
268	 2.8700000000e+002	 9.45972e+001	 7.64964e+002
269	 2.8800000000e+002	 9.46960e+001	 7.69711e+002
270	 2.8900000000e+002	 9.34542e+001	 7.74140e+002
271	 2.9000000000e+002	 9.26484e+001	 7.79169e+002
272	 2.9100000000e+002	 9.25334e+001	 7.85013e+002
273	 2.9200000000e+002	 9.24370e+001	 7.90517e+002
274	 2.9300000000e+002	 9.31135e+001	 7.95212e+002
275	 2.9400000000e+002	 9.44736e+001	 8.00375e+002
276	 2.9500000000e+002	 9.49261e+001	 8.05169e+002
277	 2.9600000000e+002	 9.51404e+001	 8.09882e+002
278	 2.9700000000e+002	 9.55761e+001	 8.15513e+002
279	 2.9800000000e+002	 9.57933e+001	 8.20547e+002
280	 2.9900000000e+002	 9.64054e+001	 8.24166e+002
281	 3.0000000000e+002	 9.80776e+001	 8.27491e+002
282	 3.0100000000e+002	 9.89601e+001	 8.30399e+002
283	 3.0200000000e+002	 9.81867e+001	 8.31718e+002
284	 3.0300000000e+002	 9.69907e+001	 8.33089e+002
285	 3.0400000000e+002	 9.51058e+001	 8.37262e+002
286	 3.0500000000e+002	 9.28707e+001	 8.42218e+002
287	 3.0600000000e+002	 9.12861e+001	 8.47392e+002
288	 3.0700000000e+002	 9.13522e+001	 8.52245e+002
289	 3.0800000000e+002	 9.20851e+001	 8.57582e+002
290	 3.0900000000e+002	 9.27921e+001	 8.62621e+002
291	 3.1000000000e+002	 9.19755e+001	 8.66040e+002
292	 3.1100000000e+002	 9.09865e+001	 8.69132e+002
293	 3.1200000000e+002	 9.04545e+001	 8.72727e+002
294	 3.1300000000e+002	 8.93883e+001	 8.75509e+002
295	 3.1400000000e+002	 8.72479e+001	 8.77941e+002
296	 3.1500000000e+002	 8.38185e+001	 8.81801e+002
297	 3.1600000000e+002	 7.95139e+001	 8.86596e+002
298	 3.1700000000e+002	 7.56700e+001	 8.91228e+002
299	 3.1800000000e+002	 7.29833e+001	 8.95593e+002
300	 3.1900000000e+002	 6.94603e+001	 9.01344e+002
301	 3.2000000000e+002	 6.67913e+001	 9.09003e+002
302	 3.2100000000e+002	 6.52572e+001	 9.17478e+002
303	 3.2200000000e+002	 6.46158e+001	 9.26037e+002
304	 3.2300000000e+002	 6.49999e+001	 9.35291e+002
305	 3.2400000000e+002	 6.55274e+001	 9.45335e+002
306	 3.2500000000e+002	 6.58395e+001	 9.54351e+002
307	 3.2600000000e+002	 6.53640e+001	 9.62530e+002
308	 3.2700000000e+002	 6.58468e+001	 9.69359e+002
309	 3.2800000000e+002	 6.75395e+001	 9.77134e+002
310	 3.2900000000e+002	 6.95327e+001	 9.84765e+002
311	 3.3000000000e+002	 7.21624e+001	 9.92017e+002
312	 3.3100000000e+002	 7.38417e+001	 9.98667e+002
313	 3.3200000000e+002	 7.54287e+001	 1.00377e+003
314	 3.3300000000e+002	 7.74941e+001	 1.00781e+003
315	 3.3400000000e+002	 7.87775e+001	 1.01275e+003
316	 3.3500000000e+002	 7.96614e+001	 1.01717e+003
317	 3.3600000000e+002	 8.02856e+001	 1.02118e+003
318	 3.3700000000e+002	 7.97539e+001	 1.02596e+003
319	 3.3800000000e+002	 7.75679e+001	 1.03030e+003
320	 3.3900000000e+002	 7.60962e+001	 1.03716e+003
321	 3.4000000000e+002	 7.69720e+001	 1.04516e+003
322	 3.4100000000e+002	 7.71590e+001	 1.05101e+003
323	 3.4200000000e+002	 7.41583e+001	 1.05527e+003
324	 3.4300000000e+002	 7.21138e+001	 1.06024e+003
325	 3.4400000000e+002	 7.23019e+001	 1.06638e+003
326	 3.4500000000e+002	 7.31054e+001	 1.07561e+003
327	 3.4600000000e+002	 7.60779e+001	 1.08492e+003
328	 3.4700000000e+002	 7.81327e+001	 1.09276e+003
329	 3.4800000000e+002	 7.93706e+001	 1.09625e+003
330	 3.4900000000e+002	 8.00832e+001	 1.09950e+003
331	 3.5000000000e+002	 8.01707e+001	 1.10239e+003
332	 3.5100000000e+002	 8.09511e+001	 1.10593e+003
333	 3.5200000000e+002	 8.42968e+001	 1.10972e+003
334	 3.5300000000e+002	 8.45051e+001	 1.11307e+003
335	 3.5400000000e+002	 8.33087e+001	 1.11852e+003
336	 3.5500000000e+002	 8.43778e+001	 1.12368e+003
337	 3.5600000000e+002	 8.68092e+001	 1.12593e+003
338	 3.5700000000e+002	 8.78189e+001	 1.12665e+003
339	 3.5800000000e+002	 8.45518e+001	 1.12551e+003
340	 3.5900000000e+002	 8.08632e+001	 1.12369e+003
341	 3.6000000000e+002	 7.67911e+001	 1.12337e+003
342	 3.6100000000e+002	 7.24056e+001	 1.12289e+003
343	 3.6200000000e+002	 6.57198e+001	 1.12645e+003
344	 3.6300000000e+002	 5.82375e+001	 1.13165e+003
345	 3.6400000000e+002	 5.32802e+001	 1.13814e+003
346	 3.6500000000e+002	 4.77635e+001	 1.14677e+003
347	 3.6600000000e+002	 4.22139e+001	 1.15537e+003
348	 3.6700000000e+002	 3.92034e+001	 1.16347e+003
349	 3.6800000000e+002	 3.70787e+001	 1.17112e+003
350	 3.6900000000e+002	 3.31859e+001	 1.17749e+003
351	 3.7000000000e+002	 2.96893e+001	 1.18621e+003
352	 3.7100000000e+002	 2.92830e+001	 1.19513e+003
353	 3.7200000000e+002	 2.91965e+001	 1.20598e+003
354	 3.7300000000e+002	 2.76940e+001	 1.21671e+003
355	 3.7400000000e+002	 2.82777e+001	 1.22886e+003
356	 3.7500000000e+002	 2.99720e+001	 1.23850e+003
357	 3.7600000000e+002	 3.12506e+001	 1.24755e+003
358	 3.7700000000e+002	 3.28969e+001	 1.25839e+003
359	 3.7800000000e+002	 3.82390e+001	 1.27008e+003
360	 3.7900000000e+002	 4.40919e+001	 1.28101e+003
361	 3.8000000000e+002	 4.91680e+001	 1.29152e+003
362	 3.8100000000e+002	 5.69307e+001	 1.30423e+003
363	 3.8200000000e+002	 6.70013e+001	 1.31363e+003
364	 3.8300000000e+002	 8.11917e+001	 1.32047e+003
365	 3.8400000000e+002	 9.58048e+001	 1.32505e+003
366	 3.8500000000e+002	 1.09891e+002	 1.32444e+003
367	 3.8600000000e+002	 1.21480e+002	 1.32048e+003
368	 3.8700000000e+002	 1.29361e+002	 1.31415e+003
369	 3.8800000000e+002	 1.34636e+002	 1.30505e+003
370	 3.8900000000e+002	 1.39073e+002	 1.29754e+003
371	 3.9000000000e+002	 1.42027e+002	 1.29157e+003
372	 3.9100000000e+002	 1.44560e+002	 1.28686e+003
373	 3.9200000000e+002	 1.45848e+002	 1.28277e+003
374	 3.9300000000e+002	 1.41038e+002	 1.27898e+003
375	 3.9400000000e+002	 1.35893e+002	 1.27675e+003
376	 3.9500000000e+002	 1.30977e+002	 1.27397e+003
377	 3.9600000000e+002	 1.24415e+002	 1.27334e+003
378	 3.9700000000e+002	 1.17877e+002	 1.27091e+003
379	 3.9800000000e+002	 1.12624e+002	 1.26770e+003
380	 3.9900000000e+002	 1.07011e+002	 1.26555e+003
381	 4.0000000000e+002	 1.00178e+002	 1.26685e+003
382	 4.0100000000e+002	 9.21651e+001	 1.26937e+003
383	 4.0200000000e+002	 8.32856e+001	 1.27193e+003
384	 4.0300000000e+002	 7.37457e+001	 1.27746e+003
385	 4.0400000000e+002	 6.47310e+001	 1.28414e+003
386	 4.0500000000e+002	 5.52518e+001	 1.29268e+003
387	 4.0600000000e+002	 4.49669e+001	 1.30506e+003
388	 4.0700000000e+002	 3.66723e+001	 1.31900e+003
389	 4.0800000000e+002	 3.17276e+001	 1.33453e+003
390	 4.0900000000e+002	 2.92186e+001	 1.34931e+003
391	 4.1000000000e+002	 3.12653e+001	 1.36301e+003
392	 4.1100000000e+002	 3.42574e+001	 1.37566e+003
393	 4.1200000000e+002	 3.90894e+001	 1.38911e+003
394	 4.1300000000e+002	 4.78715e+001	 1.40272e+003
395	 4.1400000000e+002	 5.76565e+001	 1.41140e+003
396	 4.1500000000e+002	 7.00369e+001	 1.41675e+003
397	 4.1600000000e+002	 8.13587e+001	 1.41641e+003
398	 4.1700000000e+002	 8.98927e+001	 1.41247e+003
399	 4.1800000000e+002	 9.50333e+001	 1.40740e+003
400	 4.1900000000e+002	 9.54825e+001	 1.40446e+003
401	 4.2000000000e+002	 9.24406e+001	 1.40334e+003
402	 4.2100000000e+002	 8.81214e+001	 1.40423e+003
403	 4.2200000000e+002	 8.28983e+001	 1.40858e+003
404	 4.2300000000e+002	 7.73137e+001	 1.41443e+003
405	 4.2400000000e+002	 7.12082e+001	 1.42127e+003
406	 4.2500000000e+002	 6.44821e+001	 1.42915e+003
407	 4.2600000000e+002	 6.00609e+001	 1.43724e+003
408	 4.2700000000e+002	 5.96261e+001	 1.44616e+003
409	 4.2800000000e+002	 6.07465e+001	 1.45195e+003
410	 4.2900000000e+002	 6.49906e+001	 1.45856e+003
411	 4.3000000000e+002	 6.94685e+001	 1.46609e+003
412	 4.3100000000e+002	 7.71156e+001	 1.47299e+003
413	 4.3200000000e+002	 8.51432e+001	 1.47919e+003
414	 4.3300000000e+002	 9.43033e+001	 1.48386e+003
415	 4.3400000000e+002	 1.04179e+002	 1.48649e+003
416	 4.3500000000e+002	 1.11829e+002	 1.48626e+003
417	 4.3600000000e+002	 1.14795e+002	 1.48398e+003
418	 4.3700000000e+002	 1.13589e+002	 1.47937e+003
419	 4.3800000000e+002	 1.09031e+002	 1.47294e+003
420	 4.3900000000e+002	 1.03032e+002	 1.46597e+003
421	 4.4000000000e+002	 9.70967e+001	 1.46203e+003
422	 4.4100000000e+002	 9.11720e+001	 1.45969e+003
423	 4.4200000000e+002	 8.50071e+001	 1.46020e+003
424	 4.4300000000e+002	 7.90742e+001	 1.46149e+003
425	 4.4400000000e+002	 7.31594e+001	 1.46312e+003
426	 4.4500000000e+002	 6.77527e+001	 1.46565e+003
427	 4.4600000000e+002	 6.10383e+001	 1.46913e+003
428	 4.4700000000e+002	 5.42810e+001	 1.47570e+003
429	 4.4800000000e+002	 4.75857e+001	 1.48038e+003
430	 4.4900000000e+002	 4.15257e+001	 1.48310e+003
431	 4.5000000000e+002	 3.47189e+001	 1.48744e+003
432	 4.5100000000e+002	 2.76525e+001	 1.48601e+003
433	 4.5200000000e+002	 2.15160e+001	 1.48662e+003
434	 4.5300000000e+002	 1.47438e+001	 1.48970e+003
435	 4.5400000000e+002	 6.20679e+000	 1.49557e+003
436	 4.5500000000e+002	-7.01588e-001	 1.50152e+003
437	 4.5600000000e+002	-8.69580e+000	 1.50600e+003
438	 4.5700000000e+002	-1.98722e+001	 1.51179e+003
439	 4.5800000000e+002	-2.97590e+001	 1.51876e+003
440	 4.5900000000e+002	-3.89457e+001	 1.52656e+003
441	 4.6000000000e+002	-4.89759e+001	 1.53739e+003
442	 4.6100000000e+002	-5.75804e+001	 1.54309e+003
443	 4.6200000000e+002	-6.44728e+001	 1.54873e+003
444	 4.6300000000e+002	-7.40295e+001	 1.56201e+003
445	 4.6400000000e+002	-8.53826e+001	 1.57358e+003
446	 4.6500000000e+002	-9.27954e+001	 1.58494e+003
447	 4.6600000000e+002	-1.03085e+002	 1.61336e+003
448	 4.6700000000e+002	-1.04120e+002	 1.63228e+003
449	 4.6800000000e+002	-1.01821e+002	 1.65618e+003
450	 4.6900000000e+002	-1.00818e+002	 1.68133e+003
451	 4.7000000000e+002	-9.99293e+001	 1.68904e+003
452	 4.7100000000e+002	-1.05869e+002	 1.71965e+003
453	 4.7200000000e+002	-1.03936e+002	 1.72017e+003
454	 4.7300000000e+002	-1.00025e+002	 1.75857e+003
455	 4.7400000000e+002	-9.07145e+001	 1.76427e+003
456	 4.7500000000e+002	-6.71274e+001	 1.79356e+003
457	 4.7600000000e+002	-5.29390e+001	 1.81707e+003
458	 4.7700000000e+002	-2.92834e+001	 1.80465e+003
459	 4.7800000000e+002	-1.31300e+001	 1.85686e+003
460	 4.7900000000e+002	 4.43526e+000	 1.82780e+003
461	 4.8000000000e+002	 2.96374e+001	 1.87345e+003
462	 4.8100000000e+002	 4.72865e+001	 1.89828e+003
463	 4.8200000000e+002	 6.66153e+001	 1.83497e+003
464	 4.8300000000e+002	 1.11559e+002	 1.89062e+003
465	 4.8400000000e+002	 1.37122e+002	 1.92135e+003
466	 4.8500000000e+002	 1.56122e+002	 1.87156e+003
467	 4.8600000000e+002	 1.77496e+002	 1.71699e+003
468	 4.8700000000e+002	 2.17405e+002	 1.82920e+003
469	 4.8800000000e+002	 2.36063e+002	 1.83254e+003
470	 4.8900000000e+002	 2.45501e+002	 1.80295e+003
471	 4.9000000000e+002	 2.40163e+002	 1.71047e+003
472	 4.9100000000e+002	 2.10262e+002	 1.52229e+003
473	 4.9200000000e+002	 2.36337e+002	 1.71121e+003
474	 4.9300000000e+002	 2.41100e+002	 1.74497e+003
475	 4.9400000000e+002	 2.37474e+002	 1.74090e+003
476	 4.9500000000e+002	 2.34141e+002	 1.72548e+003
477	 4.9600000000e+002	 2.28539e+002	 1.70530e+003
478	 4.9700000000e+002	 2.17380e+002	 1.68109e+003
479	 4.9800000000e+002	 2.03972e+002	 1.65250e+003
480	 4.9900000000e+002	 1.88354e+002	 1.60896e+003
481	 5.0000000000e+002	 1.65066e+002	 1.54382e+003
482	 5.0100000000e+002	 1.47817e+002	 1.45849e+003
483	 5.0200000000e+002	 1.29815e+002	 1.32691e+003
484	 5.0300000000e+002	 9.90802e+001	 1.13987e+003
485	 5.0400000000e+002	 6.80809e+001	 9.02178e+002
486	 5.0500000000e+002	 3.27004e+001	 6.44589e+002
487	 5.0600000000e+002	 4.58218e+000	 4.18807e+002
488	 5.0700000000e+002	-1.36988e+001	 2.31423e+002
489	 5.0800000000e+002	-2.52794e+001	 9.64684e+001
490	 5.0900000000e+002	-3.37607e+001	 5.73791e+000
491	 5.1000000000e+002	-3.90358e+001	-5.67617e+001
492	 5.1100000000e+002	-3.69164e+001	-9.42103e+001
493	 5.1200000000e+002	-3.80823e+001	-1.14314e+002
494	 5.1300000000e+002	-3.95607e+001	-1.29115e+002
495	 5.1400000000e+002	-4.20195e+001	-1.39548e+002
496	 5.1500000000e+002	-4.26876e+001	-1.45699e+002
497	 5.1600000000e+002	-4.50908e+001	-1.47358e+002
498	 5.1700000000e+002	-4.55202e+001	-1.53562e+002
499	 5.1800000000e+002	-4.70207e+001	-1.53757e+002
500	 5.1900000000e+002	-4.86756e+001	-1.52194e+002
501	 5.2000000000e+002	-5.00276e+001	-1.55464e+002
502	 5.2100000000e+002	-5.16539e+001	-1.59533e+002
503	 5.2200000000e+002	-5.34577e+001	-1.60229e+002
504	 5.2300000000e+002	-5.88716e+001	-1.61518e+002
505	 5.2400000000e+002	-5.04899e+001	-1.62613e+002
506	 5.2500000000e+002	-5.10850e+001	-1.63056e+002
507	 5.2600000000e+002	-6.29833e+001	-1.64543e+002
508	 5.2700000000e+002	-5.96208e+001	-1.61768e+002
509	 5.2800000000e+002	-5.46636e+001	-1.47244e+002
510	 5.2900000000e+002	-6.42771e+001	-1.40864e+002
511	 5.3000000000e+002	-7.28345e+001	-1.45106e+002
512	 5.3100000000e+002	-6.73821e+001	-1.47777e+002
513	 5.3200000000e+002	-7.22895e+001	-1.54202e+002
514	 5.3300000000e+002	-6.26339e+001	-1.50868e+002
515	 5.3400000000e+002	-5.97376e+001	-1.51076e+002
516	 5.3500000000e+002	-5.65485e+001	-1.60878e+002
517	 5.3600000000e+002	-5.49118e+001	-1.50183e+002
518	 5.3700000000e+002	-6.75376e+001	-1.21001e+002
519	 5.3800000000e+002	-8.37358e+001	-7.32362e+001
520	 5.3900000000e+002	-6.98153e+001	-1.04485e+002
521	 5.4000000000e+002	-6.47543e+001	-1.37196e+002
522	 5.4100000000e+002	-6.80907e+001	-1.43806e+002
523	 5.4200000000e+002	-7.08201e+001	-1.52784e+002
524	 5.4300000000e+002	-6.11640e+001	-1.45427e+002
525	 5.4400000000e+002	-7.76101e+001	-1.38711e+002
526	 5.4500000000e+002	-7.47431e+001	-1.48464e+002
527	 5.4600000000e+002	-4.01626e+001	-1.51579e+002
528	 5.4700000000e+002	-4.57836e+001	-1.33803e+002
529	 5.4800000000e+002	-4.93603e+001	-1.32688e+002
530	 5.4900000000e+002	-5.50521e+001	-1.35442e+002
531	 5.5000000000e+002	-5.36572e+001	-1.41729e+002
532	 5.5100000000e+002	-4.17419e+001	-1.55506e+002
533	 5.5200000000e+002	-3.80018e+001	-1.52649e+002
534	 5.5300000000e+002	-2.78752e+001	-1.40255e+002
535	 5.5400000000e+002	-3.07819e+001	-1.43367e+002
536	 5.5500000000e+002	-3.52410e+001	-1.44304e+002
537	 5.5600000000e+002	-3.28005e+001	-1.50114e+002
538	 5.5700000000e+002	-3.65446e+001	-1.44931e+002
539	 5.5800000000e+002	-3.70503e+001	-1.40990e+002
540	 5.5900000000e+002	-3.99953e+001	-1.44785e+002
541	 5.6000000000e+002	-3.97581e+001	-1.47373e+002
542	 5.6100000000e+002	-3.87010e+001	-1.49056e+002
543	 5.6200000000e+002	-5.20321e+001	-1.57753e+002
544	 5.6300000000e+002	-4.49827e+001	-1.54244e+002
545	 5.6400000000e+002	-5.82615e+001	-1.66086e+002
546	 5.6500000000e+002	-6.62402e+001	-1.62617e+002
547	 5.6600000000e+002	-5.90895e+001	-1.53185e+002
548	 5.6700000000e+002	-4.66160e+001	-1.56179e+002
549	 5.6800000000e+002	-5.09848e+001	-1.58049e+002
550	 5.6900000000e+002	-4.30930e+001	-1.45133e+002
551	 5.7000000000e+002	-5.25936e+001	-1.69718e+002
552	 5.7100000000e+002	-6.76416e+001	-1.82344e+002
553	 5.7200000000e+002	-6.07467e+001	-1.79100e+002
554	 5.7300000000e+002	-5.71273e+001	-1.65090e+002
555	 5.7400000000e+002	-6.20668e+001	-1.71072e+002
556	 5.7500000000e+002	-7.25459e+001	-1.77678e+002
557	 5.7600000000e+002	-6.50004e+001	-1.69042e+002
558	 5.7700000000e+002	-4.61074e+001	-1.70033e+002
559	 5.7800000000e+002	-5.44543e+001	-1.68280e+002
560	 5.7900000000e+002	-7.10226e+001	-1.72962e+002
561	 5.8000000000e+002	-7.61056e+001	-1.56073e+002
562	 5.8100000000e+002	-7.05780e+001	-1.58737e+002
563	 5.8200000000e+002	-6.97776e+001	-1.63668e+002
564	 5.8300000000e+002	-7.62377e+001	-1.58746e+002
565	 5.8400000000e+002	-7.74375e+001	-1.77312e+002
566	 5.8500000000e+002	-7.30744e+001	-1.78509e+002
567	 5.8600000000e+002	-6.81270e+001	-1.61624e+002
568	 5.8700000000e+002	-7.92719e+001	-1.57528e+002
569	 5.8800000000e+002	-7.01216e+001	-1.56394e+002
570	 5.8900000000e+002	-7.67406e+001	-1.60923e+002
571	 5.9000000000e+002	-9.11793e+001	-1.76908e+002
572	 5.9100000000e+002	-8.93685e+001	-1.60981e+002
573	 5.9200000000e+002	-8.69194e+001	-1.58933e+002
574	 5.9300000000e+002	-7.79348e+001	-1.59924e+002
575	 5.9400000000e+002	-7.41799e+001	-1.77580e+002
576	 5.9500000000e+002	-6.90477e+001	-1.90546e+002
577	 5.9600000000e+002	-7.45642e+001	-1.70477e+002
578	 5.9700000000e+002	-8.40148e+001	-1.62783e+002
579	 5.9800000000e+002	-8.61159e+001	-1.64464e+002
580	 5.9900000000e+002	-8.96477e+001	-1.66831e+002
581	 6.0000000000e+002	-1.03777e+002	-1.52642e+002
582	 6.0100000000e+002	-8.85929e+001	-1.58749e+002
583	 6.0200000000e+002	-7.34628e+001	-1.79606e+002
584	 6.0300000000e+002	-9.02304e+001	-1.68972e+002
585	 6.0400000000e+002	-9.06876e+001	-1.55312e+002
586	 6.0500000000e+002	-7.83495e+001	-1.63222e+002
587	 6.0600000000e+002	-6.87997e+001	-1.68977e+002
588	 6.0700000000e+002	-7.31691e+001	-1.66144e+002
589	 6.0800000000e+002	-8.37190e+001	-1.44646e+002
590	 6.0900000000e+002	-8.91755e+001	-1.56474e+002
591	 6.1000000000e+002	-7.83246e+001	-1.39793e+002
592	 6.1100000000e+002	-8.68923e+001	-1.53039e+002
593	 6.1200000000e+002	-1.09884e+002	-1.82961e+002
594	 6.1300000000e+002	-7.88647e+001	-1.76777e+002
595	 6.1400000000e+002	-8.46002e+001	-1.68611e+002
596	 6.1500000000e+002	-1.11367e+002	-1.46127e+002
597	 6.1600000000e+002	-9.98390e+001	-1.61783e+002
598	 6.1700000000e+002	-1.06296e+002	-1.59521e+002
599	 6.1800000000e+002	-9.90780e+001	-1.61536e+002
600	 6.1900000000e+002	-9.77329e+001	-1.40098e+002
601	 6.2000000000e+002	-8.98089e+001	-1.27337e+002
602	 6.2100000000e+002	-7.64636e+001	-1.19936e+002
603	 6.2200000000e+002	-8.48102e+001	-1.00595e+002
604	 6.2300000000e+002	-1.06544e+002	-1.30911e+002
605	 6.2400000000e+002	-1.03530e+002	-1.43485e+002
606	 6.2500000000e+002	-9.78508e+001	-1.55400e+002
607	 6.2600000000e+002	-8.11950e+001	-1.46288e+002
608	 6.2700000000e+002	-8.99996e+001	-1.31908e+002
609	 6.2800000000e+002	-1.18299e+002	-1.34953e+002
610	 6.2900000000e+002	-9.52619e+001	-1.20584e+002
611	 6.3000000000e+002	-8.65574e+001	-1.12945e+002
612	 6.3100000000e+002	-7.90345e+001	-1.28206e+002
613	 6.3200000000e+002	-8.48991e+001	-1.46807e+002
614	 6.3300000000e+002	-7.41744e+001	-1.43701e+002
615	 6.3400000000e+002	-6.75058e+001	-1.46038e+002
616	 6.3500000000e+002	-7.89235e+001	-1.41143e+002
617	 6.3600000000e+002	-7.70846e+001	-1.36689e+002
618	 6.3700000000e+002	-7.02849e+001	-1.51052e+002
619	 6.3800000000e+002	-7.93226e+001	-1.48387e+002
620	 6.3900000000e+002	-7.21283e+001	-1.53115e+002
621	 6.4000000000e+002	-5.80406e+001	-1.43097e+002
622	 6.4100000000e+002	-7.07136e+001	-1.28300e+002
623	 6.4200000000e+002	-8.03524e+001	-1.37371e+002
624	 6.4300000000e+002	-8.41633e+001	-1.45086e+002
625	 6.4400000000e+002	-7.99196e+001	-1.55523e+002
626	 6.4500000000e+002	-6.85172e+001	-1.70802e+002
627	 6.4600000000e+002	-7.53301e+001	-1.65864e+002
628	 6.4700000000e+002	-8.49789e+001	-1.34076e+002
629	 6.4800000000e+002	-9.42841e+001	-1.32264e+002
630	 6.4900000000e+002	-9.16585e+001	-1.57141e+002
631	 6.5000000000e+002	-7.58102e+001	-1.61038e+002
632	 6.5100000000e+002	-7.35370e+001	-1.64641e+002
633	 6.5200000000e+002	-7.65742e+001	-1.73384e+002
634	 6.5300000000e+002	-7.78953e+001	-1.08602e+002
635	 6.5400000000e+002	-7.37475e+001	-1.12202e+002
636	 6.5500000000e+002	-6.62341e+001	-1.75373e+002
637	 6.5600000000e+002	-9.36307e+001	-1.70790e+002
638	 6.5700000000e+002	-1.13010e+002	-1.68502e+002
639	 6.5800000000e+002	-9.79709e+001	-1.70210e+002
640	 6.5900000000e+002	-8.77048e+001	-1.72466e+002
641	 6.6000000000e+002	-6.60957e+001	-1.71810e+002
642	 6.6100000000e+002	-6.39836e+001	-1.64353e+002
643	 6.6200000000e+002	-7.79181e+001	-1.65474e+002
644	 6.6300000000e+002	-6.42846e+001	-1.59215e+002
645	 6.6400000000e+002	-7.15474e+001	-1.77327e+002
646	 6.6500000000e+002	-1.03895e+002	-1.85479e+002
647	 6.6600000000e+002	-9.30568e+001	-1.57527e+002
648	 6.6700000000e+002	-8.04657e+001	-1.52128e+002
649	 6.6800000000e+002	-7.59037e+001	-1.70183e+002
650	 6.6900000000e+002	-7.53304e+001	-1.75195e+002
651	 6.7000000000e+002	-7.62245e+001	-1.55871e+002
652	 6.7100000000e+002	-7.93554e+001	-1.64887e+002
653	 6.7200000000e+002	-9.41268e+001	-1.58527e+002
654	 6.7300000000e+002	-1.01832e+002	-1.47289e+002
655	 6.7400000000e+002	-9.83311e+001	-1.62007e+002
656	 6.7500000000e+002	-9.86818e+001	-1.45902e+002
657	 6.7600000000e+002	-1.21650e+002	-1.46088e+002
658	 6.7700000000e+002	-1.08371e+002	-1.73593e+002
659	 6.7800000000e+002	-8.20331e+001	-1.87054e+002
660	 6.7900000000e+002	-6.87604e+001	-1.59063e+002
661	 6.8000000000e+002	-9.31377e+001	-1.53642e+002
662	 6.8100000000e+002	-8.14030e+001	-1.65025e+002
663	 6.8200000000e+002	-6.69808e+001	-1.43365e+002
664	 6.8300000000e+002	-7.34248e+001	-1.54030e+002
665	 6.8400000000e+002	-8.39963e+001	-1.78396e+002
666	 6.8500000000e+002	-9.16831e+001	-1.87776e+002
667	 6.8600000000e+002	-1.08403e+002	-1.77795e+002
668	 6.8700000000e+002	-1.18926e+002	-1.68184e+002
669	 6.8800000000e+002	-1.07077e+002	-1.88072e+002
670	 6.8900000000e+002	-8.41580e+001	-1.84640e+002
671	 6.9000000000e+002	-1.14610e+002	-1.82420e+002
672	 6.9100000000e+002	-1.12446e+002	-1.70834e+002
673	 6.9200000000e+002	-1.14967e+002	-1.83689e+002
674	 6.9300000000e+002	-1.06811e+002	-1.61734e+002
675	 6.9400000000e+002	-1.23803e+002	-1.56585e+002
676	 6.9500000000e+002	-1.18990e+002	-1.65604e+002
677	 6.9600000000e+002	-1.09428e+002	-1.69079e+002
678	 6.9700000000e+002	-1.16667e+002	-1.74988e+002
679	 6.9800000000e+002	-1.15494e+002	-1.71315e+002
680	 6.9900000000e+002	-1.27824e+002	-1.61395e+002
681	 7.0000000000e+002	-1.12212e+002	-1.72987e+002
682	 7.0100000000e+002	-1.00894e+002	-1.66948e+002
683	 7.0200000000e+002	-1.07999e+002	-1.66542e+002
684	 7.0300000000e+002	-1.16244e+002	-1.66352e+002
685	 7.0400000000e+002	-1.08073e+002	-1.64519e+002
686	 7.0500000000e+002	-1.17970e+002	-1.69824e+002
687	 7.0600000000e+002	-1.19810e+002	-1.67950e+002
688	 7.0700000000e+002	-1.11988e+002	-1.61168e+002
689	 7.0800000000e+002	-1.22683e+002	-1.54273e+002
690	 7.0900000000e+002	-1.17615e+002	-1.59291e+002
691	 7.1000000000e+002	-1.09561e+002	-1.54046e+002
692	 7.1100000000e+002	-1.19113e+002	-1.47504e+002
693	 7.1200000000e+002	-1.20975e+002	-1.40011e+002
694	 7.1300000000e+002	-1.11279e+002	-1.47771e+002
695	 7.1400000000e+002	-1.22100e+002	-1.64529e+002
696	 7.1500000000e+002	-1.29175e+002	-1.62034e+002
697	 7.1600000000e+002	-1.21778e+002	-1.48221e+002
698	 7.1700000000e+002	-1.10010e+002	-1.52301e+002
699	 7.1800000000e+002	-1.06394e+002	-1.59741e+002
700	 7.1900000000e+002	-9.78032e+001	-1.58680e+002
701	 7.2000000000e+002	-1.23469e+002	-1.39788e+002
702	 7.2100000000e+002	-1.16757e+002	-1.30429e+002
703	 7.2200000000e+002	-1.28139e+002	-1.53964e+002
704	 7.2300000000e+002	-1.41879e+002	-1.55197e+002
705	 7.2400000000e+002	-1.21367e+002	-1.50458e+002
706	 7.2500000000e+002	-1.13362e+002	-1.38440e+002
707	 7.2600000000e+002	-1.19829e+002	-1.32667e+002
708	 7.2700000000e+002	-1.19060e+002	-1.45400e+002
709	 7.2800000000e+002	-1.13549e+002	-1.52491e+002
710	 7.2900000000e+002	-9.30010e+001	-1.38333e+002
711	 7.3000000000e+002	-7.52495e+001	-1.21556e+002
712	 7.3100000000e+002	-1.10724e+002	-1.58241e+002
713	 7.3200000000e+002	-1.20796e+002	-1.70705e+002
714	 7.3300000000e+002	-1.30177e+002	-1.63900e+002
715	 7.3400000000e+002	-1.17037e+002	-1.51495e+002
716	 7.3500000000e+002	-1.11495e+002	-1.43537e+002
717	 7.3600000000e+002	-1.29095e+002	-1.22792e+002
718	 7.3700000000e+002	-1.12142e+002	-1.37184e+002
719	 7.3800000000e+002	-1.19401e+002	-1.61733e+002
720	 7.3900000000e+002	-1.23320e+002	-1.61580e+002
721	 7.4000000000e+002	-1.20734e+002	-1.48337e+002
722	 7.4100000000e+002	-1.31248e+002	-1.70943e+002
723	 7.4200000000e+002	-1.17903e+002	-1.45829e+002
724	 7.4300000000e+002	-1.35965e+002	-1.26374e+002
725	 7.4400000000e+002	-1.47922e+002	-1.10663e+002
726	 7.4500000000e+002	-1.36540e+002	-1.30096e+002
727	 7.4600000000e+002	-1.51539e+002	-1.43929e+002
728	 7.4700000000e+002	-1.36576e+002	-1.67085e+002
729	 7.4800000000e+002	-1.14062e+002	-1.93556e+002
730	 7.4900000000e+002	-1.10448e+002	-1.84685e+002
731	 7.5000000000e+002	-1.08723e+002	-1.52278e+002
732	 7.5100000000e+002	-1.04338e+002	-1.50631e+002
733	 7.5200000000e+002	-1.19177e+002	-1.65871e+002
734	 7.5300000000e+002	-1.44545e+002	-1.72204e+002
735	 7.5400000000e+002	-1.40817e+002	-1.61347e+002
736	 7.5500000000e+002	-1.35349e+002	-1.66081e+002
737	 7.5600000000e+002	-1.28519e+002	-1.65907e+002
738	 7.5700000000e+002	-1.44468e+002	-1.58642e+002
739	 7.5800000000e+002	-1.49372e+002	-1.73265e+002
740	 7.5900000000e+002	-1.40767e+002	-1.73000e+002
741	 7.6000000000e+002	-1.32720e+002	-1.72205e+002
742	 7.6100000000e+002	-1.34786e+002	-1.65884e+002
743	 7.6200000000e+002	-1.35388e+002	-1.57849e+002
744	 7.6300000000e+002	-1.33672e+002	-1.62952e+002
745	 7.6400000000e+002	-1.31236e+002	-1.58288e+002
746	 7.6500000000e+002	-1.39662e+002	-1.55630e+002
747	 7.6600000000e+002	-1.41441e+002	-1.56317e+002
748	 7.6700000000e+002	-1.28166e+002	-1.62949e+002
749	 7.6800000000e+002	-1.29319e+002	-1.50012e+002
750	 7.6900000000e+002	-1.34507e+002	-1.57612e+002
751	 7.7000000000e+002	-1.32878e+002	-1.65499e+002
752	 7.7100000000e+002	-1.25930e+002	-1.68745e+002
753	 7.7200000000e+002	-1.30078e+002	-1.78827e+002
754	 7.7300000000e+002	-1.31646e+002	-1.79305e+002
755	 7.7400000000e+002	-1.37145e+002	-1.75036e+002
756	 7.7500000000e+002	-1.32372e+002	-1.75200e+002
757	 7.7600000000e+002	-1.33513e+002	-1.78079e+002
758	 7.7700000000e+002	-1.39621e+002	-1.73035e+002
759	 7.7800000000e+002	-1.41323e+002	-1.72078e+002
760	 7.7900000000e+002	-1.48049e+002	-1.73858e+002
761	 7.8000000000e+002	-1.46007e+002	-1.79499e+002
762	 7.8100000000e+002	-1.46777e+002	-1.81432e+002
763	 7.8200000000e+002	-1.42901e+002	-1.84575e+002
764	 7.8300000000e+002	-1.45997e+002	-1.78648e+002
765	 7.8400000000e+002	-1.50830e+002	-1.79514e+002
766	 7.8500000000e+002	-1.28754e+002	-1.76822e+002
767	 7.8600000000e+002	-1.19503e+002	-1.61135e+002
768	 7.8700000000e+002	-1.29105e+002	-1.69089e+002
769	 7.8800000000e+002	-1.44790e+002	-1.72326e+002
770	 7.8900000000e+002	-1.51425e+002	-1.73398e+002
771	 7.9000000000e+002	-1.42622e+002	-1.72007e+002
772	 7.9100000000e+002	-1.32278e+002	-1.76048e+002
773	 7.9200000000e+002	-1.37573e+002	-1.77423e+002
774	 7.9300000000e+002	-1.44001e+002	-1.87694e+002
775	 7.9400000000e+002	-1.44443e+002	-1.90110e+002
776	 7.9500000000e+002	-1.35318e+002	-1.87377e+002
777	 7.9600000000e+002	-1.40476e+002	-1.78310e+002
778	 7.9700000000e+002	-1.58238e+002	-1.70143e+002
779	 7.9800000000e+002	-1.60833e+002	-1.80704e+002
780	 7.9900000000e+002	-1.59236e+002	-1.71667e+002
781	 8.0000000000e+002	-1.57738e+002	-1.63078e+002
782	 8.0100000000e+002	-1.60043e+002	-1.67526e+002
783	 8.0200000000e+002	-1.60484e+002	-1.63718e+002
784	 8.0300000000e+002	-1.64409e+002	-1.59948e+002
785	 8.0400000000e+002	-1.72070e+002	-1.69099e+002
786	 8.0500000000e+002	-1.78548e+002	-1.59293e+002
787	 8.0600000000e+002	-1.78919e+002	-1.49360e+002
788	 8.0700000000e+002	-1.71411e+002	-1.41913e+002
789	 8.0800000000e+002	-1.51610e+002	-1.48294e+002
790	 8.0900000000e+002	-1.58414e+002	-1.54035e+002
791	 8.1000000000e+002	-1.62597e+002	-1.54196e+002
792	 8.1100000000e+002	-1.60498e+002	-1.56165e+002
793	 8.1200000000e+002	-1.58552e+002	-1.54367e+002
794	 8.1300000000e+002	-1.58706e+002	-1.47084e+002
795	 8.1400000000e+002	-1.66897e+002	-1.47819e+002
796	 8.1500000000e+002	-1.62464e+002	-1.44269e+002
797	 8.1600000000e+002	-1.57165e+002	-1.36074e+002
798	 8.1700000000e+002	-1.62632e+002	-1.33302e+002
799	 8.1800000000e+002	-1.63220e+002	-1.34753e+002
800	 8.1900000000e+002	-1.57162e+002	-1.32960e+002
801	 8.2000000000e+002	-1.59161e+002	-1.39301e+002
802	 8.2100000000e+002	-1.46236e+002	-1.30952e+002
803	 8.2200000000e+002	-1.30136e+002	-1.32109e+002
804	 8.2300000000e+002	-1.39851e+002	-1.38520e+002
805	 8.2400000000e+002	-1.44717e+002	-1.36690e+002
806	 8.2500000000e+002	-1.33802e+002	-1.30121e+002
807	 8.2600000000e+002	-1.34569e+002	-1.43203e+002
808	 8.2700000000e+002	-1.32466e+002	-1.49930e+002
809	 8.2800000000e+002	-1.26082e+002	-1.48334e+002
810	 8.2900000000e+002	-1.22724e+002	-1.38915e+002
811	 8.3000000000e+002	-1.38178e+002	-1.47874e+002
812	 8.3100000000e+002	-1.42230e+002	-1.53926e+002
813	 8.3200000000e+002	-1.26539e+002	-1.46401e+002
814	 8.3300000000e+002	-1.19664e+002	-1.48779e+002
815	 8.3400000000e+002	-1.31518e+002	-1.47624e+002
816	 8.3500000000e+002	-1.37956e+002	-1.47187e+002
817	 8.3600000000e+002	-1.21136e+002	-1.56055e+002
818	 8.3700000000e+002	-1.24545e+002	-1.62541e+002
819	 8.3800000000e+002	-1.35458e+002	-1.59379e+002
820	 8.3900000000e+002	-1.49891e+002	-1.59411e+002
821	 8.4000000000e+002	-1.34029e+002	-1.79193e+002
822	 8.4100000000e+002	-1.32377e+002	-1.67116e+002
823	 8.4200000000e+002	-1.33944e+002	-1.73255e+002
824	 8.4300000000e+002	-1.21830e+002	-1.70932e+002
825	 8.4400000000e+002	-1.20312e+002	-1.82268e+002
826	 8.4500000000e+002	-1.27933e+002	-1.77703e+002
827	 8.4600000000e+002	-1.34746e+002	-1.74416e+002
828	 8.4700000000e+002	-1.36496e+002	-1.63516e+002
829	 8.4800000000e+002	-1.40692e+002	-1.70842e+002
830	 8.4900000000e+002	-1.48152e+002	-1.85408e+002
831	 8.5000000000e+002	-1.51211e+002	-1.90512e+002
832	 8.5100000000e+002	-1.35469e+002	-1.74552e+002
833	 8.5200000000e+002	-1.37625e+002	-1.77463e+002
834	 8.5300000000e+002	-1.49392e+002	-1.84456e+002
835	 8.5400000000e+002	-1.55351e+002	-1.79755e+002
836	 8.5500000000e+002	-1.57575e+002	-1.84517e+002
837	 8.5600000000e+002	-1.43038e+002	-1.78925e+002
838	 8.5700000000e+002	-1.48109e+002	-1.76029e+002
839	 8.5800000000e+002	-1.56752e+002	-1.80720e+002
840	 8.5900000000e+002	-1.52947e+002	-1.88727e+002
841	 8.6000000000e+002	-1.47075e+002	-1.87519e+002
842	 8.6100000000e+002	-1.45382e+002	-1.99363e+002
843	 8.6200000000e+002	-1.62794e+002	-1.94239e+002
844	 8.6300000000e+002	-1.69288e+002	-1.88292e+002
845	 8.6400000000e+002	-1.62301e+002	-1.88944e+002
846	 8.6500000000e+002	-1.75376e+002	-1.87113e+002
847	 8.6600000000e+002	-1.76665e+002	-1.77280e+002
848	 8.6700000000e+002	-1.73134e+002	-1.79731e+002
849	 8.6800000000e+002	-1.62544e+002	-1.81811e+002
850	 8.6900000000e+002	-1.66886e+002	-1.81606e+002
851	 8.7000000000e+002	-1.69434e+002	-1.87562e+002
852	 8.7100000000e+002	-1.64596e+002	-1.80211e+002
853	 8.7200000000e+002	-1.68357e+002	-1.72278e+002
854	 8.7300000000e+002	-1.65195e+002	-1.74305e+002
855	 8.7400000000e+002	-1.62594e+002	-1.72410e+002
856	 8.7500000000e+002	-1.68836e+002	-1.73501e+002
857	 8.7600000000e+002	-1.68256e+002	-1.78420e+002
858	 8.7700000000e+002	-1.57161e+002	-1.82823e+002
859	 8.7800000000e+002	-1.63482e+002	-1.81369e+002
860	 8.7900000000e+002	-1.68666e+002	-1.75520e+002
861	 8.8000000000e+002	-1.66988e+002	-1.82983e+002
862	 8.8100000000e+002	-1.64856e+002	-1.83622e+002
863	 8.8200000000e+002	-1.68889e+002	-1.81746e+002
864	 8.8300000000e+002	-1.63470e+002	-1.77694e+002
865	 8.8400000000e+002	-1.60810e+002	-1.82212e+002
866	 8.8500000000e+002	-1.69455e+002	-1.78248e+002
867	 8.8600000000e+002	-1.67728e+002	-1.65003e+002
868	 8.8700000000e+002	-1.61747e+002	-1.64291e+002
869	 8.8800000000e+002	-1.59431e+002	-1.69635e+002
870	 8.8900000000e+002	-1.61138e+002	-1.70594e+002
871	 8.9000000000e+002	-1.70788e+002	-1.70743e+002
872	 8.9100000000e+002	-1.74748e+002	-1.76417e+002
873	 8.9200000000e+002	-1.72360e+002	-1.77605e+002
874	 8.9300000000e+002	-1.72542e+002	-1.88222e+002
875	 8.9400000000e+002	-1.65727e+002	-1.91475e+002
876	 8.9500000000e+002	-1.62911e+002	-1.85525e+002
877	 8.9600000000e+002	-1.69712e+002	-1.79330e+002
878	 8.9700000000e+002	-1.62479e+002	-1.84790e+002
879	 8.9800000000e+002	-1.65843e+002	-1.84596e+002
880	 8.9900000000e+002	-1.84179e+002	-1.79679e+002
881	 9.0000000000e+002	-1.78993e+002	-1.76406e+002
882	 9.0100000000e+002	-1.85914e+002	-1.79422e+002
883	 9.0200000000e+002	-1.60735e+002	-1.81049e+002
884	 9.0300000000e+002	-1.68438e+002	-1.87782e+002
885	 9.0400000000e+002	-1.61764e+002	-1.84025e+002
886	 9.0500000000e+002	-1.68134e+002	-1.80572e+002
887	 9.0600000000e+002	-1.78112e+002	-1.78953e+002
888	 9.0700000000e+002	-1.71902e+002	-1.82451e+002
889	 9.0800000000e+002	-1.70454e+002	-1.77898e+002
890	 9.0900000000e+002	-1.71556e+002	-1.87110e+002
891	 9.1000000000e+002	-1.87799e+002	-1.79909e+002
892	 9.1100000000e+002	-2.04785e+002	-1.82346e+002
893	 9.1200000000e+002	-1.92673e+002	-1.79733e+002
894	 9.1300000000e+002	-1.82864e+002	-1.79568e+002
895	 9.1400000000e+002	-1.82718e+002	-1.76233e+002
896	 9.1500000000e+002	-1.97716e+002	-1.82181e+002
897	 9.1600000000e+002	-2.01056e+002	-1.93129e+002
898	 9.1700000000e+002	-1.90733e+002	-1.87820e+002
899	 9.1800000000e+002	-1.79220e+002	-1.78130e+002
900	 9.1900000000e+002	-1.77265e+002	-1.71614e+002
901	 9.2000000000e+002	-1.74960e+002	-1.70277e+002
902	 9.2100000000e+002	-1.66139e+002	-1.68051e+002
903	 9.2200000000e+002	-1.65604e+002	-1.81740e+002
904	 9.2300000000e+002	-1.81235e+002	-2.05707e+002
905	 9.2400000000e+002	-1.81838e+002	-2.15797e+002
906	 9.2500000000e+002	-1.90040e+002	-2.06396e+002
907	 9.2600000000e+002	-1.97742e+002	-1.98584e+002
908	 9.2700000000e+002	-1.86720e+002	-1.89055e+002
909	 9.2800000000e+002	-1.86356e+002	-1.90187e+002
910	 9.2900000000e+002	-1.96309e+002	-1.96000e+002
911	 9.3000000000e+002	-1.96455e+002	-1.91368e+002
912	 9.3100000000e+002	-1.99682e+002	-1.76777e+002
913	 9.3200000000e+002	-1.95811e+002	-1.65197e+002
914	 9.3300000000e+002	-2.00218e+002	-1.68317e+002
915	 9.3400000000e+002	-2.02621e+002	-1.76628e+002
916	 9.3500000000e+002	-1.95833e+002	-1.84055e+002
917	 9.3600000000e+002	-1.85630e+002	-1.67602e+002
918	 9.3700000000e+002	-1.85256e+002	-1.82960e+002
919	 9.3800000000e+002	-1.98277e+002	-1.90472e+002
920	 9.3900000000e+002	-2.02654e+002	-1.84353e+002
921	 9.4000000000e+002	-1.91779e+002	-1.89003e+002
922	 9.4100000000e+002	-1.96541e+002	-1.88380e+002
923	 9.4200000000e+002	-1.96043e+002	-1.77577e+002
924	 9.4300000000e+002	-2.07472e+002	-1.80149e+002
925	 9.4400000000e+002	-2.12165e+002	-1.71123e+002
926	 9.4500000000e+002	-2.03508e+002	-1.62721e+002
927	 9.4600000000e+002	-2.08967e+002	-1.74452e+002
928	 9.4700000000e+002	-2.17313e+002	-2.01734e+002
929	 9.4800000000e+002	-2.08015e+002	-1.89429e+002
930	 9.4900000000e+002	-1.99081e+002	-1.77065e+002
931	 9.5000000000e+002	-1.93961e+002	-1.78265e+002
932	 9.5100000000e+002	-2.07304e+002	-1.50065e+002
933	 9.5200000000e+002	-2.09464e+002	-1.59188e+002
934	 9.5300000000e+002	-1.95819e+002	-1.63048e+002
935	 9.5400000000e+002	-2.07015e+002	-1.72073e+002
936	 9.5500000000e+002	-2.12674e+002	-1.78425e+002
937	 9.5600000000e+002	-1.92585e+002	-1.79908e+002
938	 9.5700000000e+002	-1.95153e+002	-1.71032e+002
939	 9.5800000000e+002	-1.98126e+002	-1.63405e+002
940	 9.5900000000e+002	-1.91709e+002	-1.74976e+002
941	 9.6000000000e+002	-1.95054e+002	-1.73403e+002
942	 9.6100000000e+002	-2.30974e+002	-1.32249e+002
943	 9.6200000000e+002	-2.15243e+002	-1.38848e+002
944	 9.6300000000e+002	-1.98253e+002	-1.58615e+002
945	 9.6400000000e+002	-1.92336e+002	-1.63143e+002
946	 9.6500000000e+002	-2.08138e+002	-1.79562e+002
947	 9.6600000000e+002	-1.92461e+002	-1.75310e+002
948	 9.6700000000e+002	-1.91949e+002	-1.79139e+002
949	 9.6800000000e+002	-2.12838e+002	-2.03789e+002
950	 9.6900000000e+002	-2.06625e+002	-1.82962e+002
951	 9.7000000000e+002	-1.98885e+002	-1.56075e+002
952	 9.7100000000e+002	-1.90573e+002	-1.20918e+002
953	 9.7200000000e+002	-2.11698e+002	-1.66878e+002
954	 9.7300000000e+002	-2.12047e+002	-1.67523e+002
955	 9.7400000000e+002	-1.96598e+002	-1.63029e+002
956	 9.7500000000e+002	-1.95875e+002	-1.93562e+002
957	 9.7600000000e+002	-1.97216e+002	-1.77430e+002
958	 9.7700000000e+002	-2.13269e+002	-1.77030e+002
959	 9.7800000000e+002	-2.08999e+002	-1.75250e+002
960	 9.7900000000e+002	-2.07674e+002	-1.77621e+002
961	 9.8000000000e+002	-2.44694e+002	-1.58581e+002
962	 9.8100000000e+002	-2.60080e+002	-1.44409e+002
963	 9.8200000000e+002	-2.19698e+002	-1.73311e+002
964	 9.8300000000e+002	-2.07609e+002	-1.88599e+002
965	 9.8400000000e+002	-2.12675e+002	-1.62929e+002
966	 9.8500000000e+002	-2.11972e+002	-1.59541e+002
967	 9.8600000000e+002	-1.85205e+002	-1.73347e+002
968	 9.8700000000e+002	-1.22832e+002	-1.19298e+002
969	 9.8800000000e+002	-1.75745e+002	-1.15877e+002
970	 9.8900000000e+002	-2.00534e+002	-1.66145e+002
971	 9.9000000000e+002	-2.17103e+002	-1.49441e+002
972	 9.9100000000e+002	-2.13538e+002	-1.64776e+002
973	 9.9200000000e+002	-2.20311e+002	-1.90823e+002
974	 9.9300000000e+002	-2.10782e+002	-1.92543e+002
975	 9.9400000000e+002	-2.13671e+002	-2.05472e+002
976	 9.9500000000e+002	-2.22989e+002	-2.08322e+002
977	 9.9600000000e+002	-2.36078e+002	-1.99042e+002
978	 9.9700000000e+002	-2.40927e+002	-2.00399e+002
979	 9.9800000000e+002	-2.25110e+002	-1.47641e+002
980	 9.9900000000e+002	-1.98806e+002	-1.24129e+002
981	 1.0000000000e+003	-2.11491e+002	-1.96259e+002
982	 1.0010000000e+003	-1.64302e+002	-1.29347e+002
983	 1.0020000000e+003	-1.87906e+002	-4.47500e+001
984	 1.0030000000e+003	-2.23762e+002	-1.10835e+002
985	 1.0040000000e+003	-1.93796e+002	-1.54503e+002
986	 1.0050000000e+003	-2.49471e+002	-1.51704e+002
987	 1.0060000000e+003	-2.54570e+002	-1.09410e+002
988	 1.0070000000e+003	-3.10051e+002	-5.80185e+001
989	 1.0080000000e+003	-2.59610e+002	-7.71277e+001
990	 1.0090000000e+003	-2.46073e+002	-2.94848e+001
991	 1.0100000000e+003	-2.72426e+002	 7.18540e+000
992	 1.0110000000e+003	-1.89387e+002	-1.47661e+001
993	 1.0120000000e+003	-1.96307e+002	-1.06046e+002
994	 1.0130000000e+003	-2.13599e+002	-5.17138e+001
995	 1.0140000000e+003	-2.24594e+002	-6.15789e+001
996	 1.0150000000e+003	-2.47445e+002	-1.34425e+002
997	 1.0160000000e+003	-2.12013e+002	-6.26624e+001
998	 1.0170000000e+003	-1.91492e+002	-7.12872e+001
999	 1.0180000000e+003	-2.93539e+002	-1.35641e+002
1000	 1.0190000000e+003	-2.82544e+002	-1.86714e+002
1001	 1.0200000000e+003	-3.12001e+002	-1.54906e+002
1002	 1.0210000000e+003	-2.77725e+002	-1.53239e+002
1003	 1.0220000000e+003	-2.83437e+002	-8.38609e+001
1004	 1.0230000000e+003	-3.78294e+002	-1.11916e+001
1005	 1.0240000000e+003	-3.31560e+002	-8.87833e+001
1006	 1.0250000000e+003	-2.83638e+002	-3.61236e+001
1007	 1.0260000000e+003	-2.88496e+002	-1.00190e+001
1008	 1.0270000000e+003	-3.07518e+002	-1.03128e+001
1009	 1.0280000000e+003	-1.54518e+002	 1.26973e+002
1010	 1.0290000000e+003	-3.23930e+002	 3.46874e+001
1011	 1.0300000000e+003	-1.77616e+002	 9.92055e+001
1012	 1.0310000000e+003	-2.46034e+002	 8.10578e+001
1013	 1.0320000000e+003	-3.44797e+002	-9.90473e+001
1014	 1.0330000000e+003	-3.33487e+002	-9.91575e+001
1015	 1.0340000000e+003	-3.01705e+002	-3.81321e+001
1016	 1.0350000000e+003	-2.82673e+002	 5.34260e+001
1017	 1.0360000000e+003	-1.88692e+002	 3.76254e+001
1018	 1.0370000000e+003	-3.18401e+002	-1.11760e+002
1019	 1.0380000000e+003	-4.01978e+002	-1.40724e+002
1020	 1.0390000000e+003	-2.03254e+002	-8.33458e+001
1021	 1.0400000000e+003	-1.58364e+002	-1.57773e+001
1022	 1.0410000000e+003	-2.14351e+002	-2.63250e+001
1023	 1.0420000000e+003	-2.20841e+002	 8.97199e+001
1024	 1.0430000000e+003	-2.22372e+002	 7.64039e+001
1025	 1.0440000000e+003	-2.21945e+002	 4.61251e+001
1026	 1.0450000000e+003	-1.45212e+002	-2.63524e+001
1027	 1.0460000000e+003	-1.15637e+002	-1.47954e+002
1028	 1.0470000000e+003	-2.49068e+002	-1.48437e+002
1029	 1.0480000000e+003	-3.26402e+002	-9.62774e+001
1030	 1.0490000000e+003	-4.09533e+002	-1.05510e+002
1031	 1.0500000000e+003	-3.48351e+002	-1.03827e+002
1032	 1.0510000000e+003	-3.54252e+002	-9.36937e+001
1033	 1.0520000000e+003	-4.10884e+002	-1.98619e+002
1034	 1.0530000000e+003	-1.64680e+002	-2.86969e+001
1035	 1.0540000000e+003	-9.03379e+001	 6.75086e+000
1036	 1.0550000000e+003	-2.46751e+002	-1.12838e+002
1037	 1.0560000000e+003	-3.19128e+002	-1.02910e+002
1038	 1.0570000000e+003	-1.74987e+002	-4.58875e+001
1039	 1.0580000000e+003	-2.01158e+002	-9.30185e+001
1040	 1.0590000000e+003	-2.73673e+002	-9.48722e+001
1041	 1.0600000000e+003	-2.06883e+002	-6.31951e+001
1042	 1.0610000000e+003	-1.74503e+002	-1.08298e+002
1043	 1.0620000000e+003	-1.76320e+002	-1.00813e+002
1044	 1.0630000000e+003	-2.73497e+002	-1.09088e+001
1045	 1.0640000000e+003	-3.24710e+002	-2.14956e+001
1046	 1.0650000000e+003	-3.03988e+002	-1.23504e+002
1047	 1.0660000000e+003	-2.10072e+002	-1.33894e+002
1048	 1.0670000000e+003	-2.49834e+002	-1.39432e+002
1049	 1.0680000000e+003	-2.64728e+002	-1.42651e+002
1050	 1.0690000000e+003	-1.78493e+002	-7.10620e+001
1051	 1.0700000000e+003	-2.60230e+002	-7.29559e+000
1052	 1.0710000000e+003	-2.15642e+002	-6.96249e+001
1053	 1.0720000000e+003	-2.09105e+002	-5.05095e+001
1054	 1.0730000000e+003	-1.64522e+002	-6.05818e+001
1055	 1.0740000000e+003	-2.31031e+002	-1.92438e+001
1056	 1.0750000000e+003	-2.72157e+002	 2.90007e+001
1057	 1.0760000000e+003	-3.75962e+002	 3.75310e+002
1058	 1.0770000000e+003	-3.38070e+002	 4.76162e+002
1059	 1.0780000000e+003	-3.13996e+002	 7.70554e+001
1060	 1.0790000000e+003	-2.92737e+002	-7.25738e+001
1061	 1.0800000000e+003	-2.58576e+002	-1.03874e+002
1062	 1.0810000000e+003	-2.84720e+002	-9.80065e+001
1063	 1.0820000000e+003	-2.94636e+002	-9.85403e+001
1064	 1.0830000000e+003	-2.67681e+002	-1.16022e+002
1065	 1.0840000000e+003	-2.88210e+002	-6.20134e+001
1066	 1.0850000000e+003	-3.23591e+002	-4.70121e+001
1067	 1.0860000000e+003	-3.45921e+002	-1.04482e+002
1068	 1.0870000000e+003	-2.52308e+002	-8.99916e+001
1069	 1.0880000000e+003	-3.03958e+002	-6.04227e+001
1070	 1.0890000000e+003	-3.71341e+002	-3.85829e+001
1071	 1.0900000000e+003	-3.41491e+002	-1.06363e+002
1072	 1.0910000000e+003	-2.96206e+002	-1.43315e+002
1073	 1.0920000000e+003	-2.75945e+002	-6.39239e+001
1074	 1.0930000000e+003	-2.75508e+002	-3.63382e+001
1075	 1.0940000000e+003	-2.95659e+002	-8.97538e+001
1076	 1.0950000000e+003	-2.85474e+002	-8.02130e+001
1077	 1.0960000000e+003	-2.27899e+002	-4.96090e+001
1078	 1.0970000000e+003	-2.73731e+002	-8.40123e+001
1079	 1.0980000000e+003	-3.02385e+002	-6.26724e+001
1080	 1.0990000000e+003	-2.89581e+002	-7.26588e+001
1081	 1.1000000000e+003	-3.00174e+002	-1.52288e+002
1082	 1.1010000000e+003	-2.86560e+002	-1.74197e+002
1083	 1.1020000000e+003	-2.56828e+002	-8.58513e+001
1084	 1.1030000000e+003	-2.84654e+002	-7.72337e+001
1085	 1.1040000000e+003	-2.48133e+002	-8.97864e+001
1086	 1.1050000000e+003	-2.38949e+002	-1.12646e+002
1087	 1.1060000000e+003	-3.07089e+002	-1.19552e+002
1088	 1.1070000000e+003	-2.72530e+002	-9.96621e+001
1089	 1.1080000000e+003	-2.66077e+002	-1.02358e+002
1090	 1.1090000000e+003	-2.49507e+002	-1.09905e+002
1091	 1.1100000000e+003	-2.64543e+002	-1.04618e+002
1092	 1.1110000000e+003	-2.36493e+002	-8.23642e+001
1093	 1.1120000000e+003	-2.68336e+002	-6.30596e+001
1094	 1.1130000000e+003	-2.54024e+002	-7.15217e+001
1095	 1.1140000000e+003	-2.62117e+002	-9.92596e+001
1096	 1.1150000000e+003	-3.19677e+002	-1.16463e+002
1097	 1.1160000000e+003	-2.78438e+002	-1.06031e+002
1098	 1.1170000000e+003	-3.03701e+002	-7.04162e+001
1099	 1.1180000000e+003	-3.08817e+002	-5.78392e+001
1100	 1.1190000000e+003	-2.97919e+002	-4.31203e+001
1101	 1.1200000000e+003	-2.90670e+002	-6.14970e+001
1102	 1.1210000000e+003	-3.16933e+002	-5.59891e+001
1103	 1.1220000000e+003	-3.10854e+002	-6.58305e+001
1104	 1.1230000000e+003	-2.81467e+002	-9.61956e+001
1105	 1.1240000000e+003	-2.45196e+002	-1.28972e+002
1106	 1.1250000000e+003	-2.83342e+002	-1.28069e+002
1107	 1.1260000000e+003	-3.11615e+002	-1.01550e+002
1108	 1.1270000000e+003	-2.61876e+002	-7.31088e+001
1109	 1.1280000000e+003	-3.06920e+002	-7.36011e+001
1110	 1.1290000000e+003	-3.41758e+002	-5.16487e+001
1111	 1.1300000000e+003	-3.50831e+002	-3.41296e+001
1112	 1.1310000000e+003	-2.79519e+002	-7.40511e+001
1113	 1.1320000000e+003	-3.18568e+002	-6.55680e+001
1114	 1.1330000000e+003	-3.43423e+002	-5.82916e+000
1115	 1.1340000000e+003	-2.58616e+002	-3.78431e+001
1116	 1.1350000000e+003	-2.84826e+002	-7.00157e+001
1117	 1.1360000000e+003	-2.49160e+002	-3.69862e+001
1118	 1.1370000000e+003	-3.11642e+002	 1.49742e+001
1119	 1.1380000000e+003	-2.83378e+002	-3.63024e+001
1120	 1.1390000000e+003	-2.33253e+002	 1.26370e+001
1121	 1.1400000000e+003	-2.22609e+002	 7.35396e+001
1122	 1.1410000000e+003	-2.72790e+002	 9.00969e+001
1123	 1.1420000000e+003	-2.62393e+002	 1.30511e+002
1124	 1.1430000000e+003	-3.03154e+002	 8.92298e+001
1125	 1.1440000000e+003	-2.98861e+002	 9.90192e+001
1126	 1.1450000000e+003	-2.48786e+002	 6.90793e+001
1127	 1.1460000000e+003	-2.39405e+002	-2.36844e+000
1128	 1.1470000000e+003	-2.20539e+002	 6.02799e+001
1129	 1.1480000000e+003	-2.03233e+002	 2.39280e+001
1130	 1.1490000000e+003	-2.15845e+002	-3.36976e+001
1131	 1.1500000000e+003	-3.71500e+002	-2.07422e+000
1132	 1.1510000000e+003	-3.97085e+002	 2.34524e+001
1133	 1.1520000000e+003	-3.61710e+002	 3.17455e+001
1134	 1.1530000000e+003	-4.08625e+002	 1.95198e+002
1135	 1.1540000000e+003	-3.30449e+002	 1.28495e+002
1136	 1.1550000000e+003	-3.12716e+002	 4.50537e+001
1137	 1.1560000000e+003	-3.16831e+002	-1.81881e+001
1138	 1.1570000000e+003	-4.05357e+002	 3.68276e+001
1139	 1.1580000000e+003	-4.15553e+002	 2.57643e+001
1140	 1.1590000000e+003	-3.09198e+002	 1.60691e+001
1141	 1.1600000000e+003	-3.06348e+002	 4.06264e+001
1142	 1.1610000000e+003	-3.01112e+002	 1.38205e+001
1143	 1.1620000000e+003	-2.81080e+002	-3.39999e+000
1144	 1.1630000000e+003	-2.20242e+002	 5.73553e+000
1145	 1.1640000000e+003	-2.95556e+002	-5.76485e+001
1146	 1.1650000000e+003	-2.88305e+002	-8.01177e+001
1147	 1.1660000000e+003	-2.29981e+002	 2.04814e+000
1148	 1.1670000000e+003	-2.14771e+002	-1.19575e+001
1149	 1.1680000000e+003	-2.69833e+002	 1.07645e+001
1150	 1.1690000000e+003	-2.52926e+002	-1.36142e+001
1151	 1.1700000000e+003	-3.54225e+002	-4.02058e+001
1152	 1.1710000000e+003	-4.30666e+002	 4.87967e+001
1153	 1.1720000000e+003	-3.90651e+002	-8.85663e+001
1154	 1.1730000000e+003	-3.51998e+002	-1.71374e+001
1155	 1.1740000000e+003	-2.78563e+002	 9.47139e+001
1156	 1.1750000000e+003	-2.18759e+002	 5.76454e+001
1157	 1.1760000000e+003	-2.77517e+002	-4.71428e+001
1158	 1.1770000000e+003	-3.19383e+002	-1.28761e+001
1159	 1.1780000000e+003	-2.78967e+002	 9.52793e-001
1160	 1.1790000000e+003	-3.55541e+002	 7.62962e+000
1161	 1.1800000000e+003	-3.10523e+002	 3.99117e+000
1162	 1.1810000000e+003	-2.53255e+002	 3.30716e+001
1163	 1.1820000000e+003	-2.68618e+002	-4.39566e+001
1164	 1.1830000000e+003	-3.40280e+002	 2.69461e+001
1165	 1.1840000000e+003	-3.15571e+002	 2.59488e+001
1166	 1.1850000000e+003	-3.02791e+002	-4.00917e+001
1167	 1.1860000000e+003	-3.22354e+002	-5.14542e+001
1168	 1.1870000000e+003	-2.26161e+002	-4.52398e+000
1169	 1.1880000000e+003	-2.30322e+002	-1.34218e+001
1170	 1.1890000000e+003	-3.05421e+002	-4.21237e+000
1171	 1.1900000000e+003	-3.04663e+002	-1.03718e+002
1172	 1.1910000000e+003	-2.54869e+002	-2.80106e+001
1173	 1.1920000000e+003	-3.04931e+002	 4.78019e+001
1174	 1.1930000000e+003	-3.24577e+002	 1.32855e+002
1175	 1.1940000000e+003	-2.90568e+002	 3.05417e+001
1176	 1.1950000000e+003	-1.97414e+002	-5.44457e+001
1177	 1.1960000000e+003	-3.92904e+002	 1.48132e+002
1178	 1.1970000000e+003	-4.21917e+002	 7.09663e+001
1179	 1.1980000000e+003	-2.47329e+002	 2.18272e+001
1180	 1.1990000000e+003	-2.82052e+002	 1.28733e+002
1181	 1.2000000000e+003	-4.71766e+002	 2.56465e+002
1182	 1.2010000000e+003	-4.98573e+002	 2.67475e+002
1183	 1.2020000000e+003	-2.66214e+002	 1.73402e+002
1184	 1.2030000000e+003	-2.67258e+002	 1.88248e+002
1185	 1.2040000000e+003	-2.61688e+002	 2.07267e+002
1186	 1.2050000000e+003	-3.15492e+002	 2.44475e+002
1187	 1.2060000000e+003	-2.55426e+002	 2.70027e+002
1188	 1.2070000000e+003	-2.23525e+002	 1.41074e+002
1189	 1.2080000000e+003	-1.49781e+002	 2.40691e+001
1190	 1.2090000000e+003	-3.02139e+002	 1.11001e+002
1191	 1.2100000000e+003	-2.97723e+002	 2.12461e+002
1192	 1.2110000000e+003	-3.02072e+002	 2.10682e+002
1193	 1.2120000000e+003	-2.84575e+002	 2.06859e+002
1194	 1.2130000000e+003	-3.00371e+002	 1.23625e+002
1195	 1.2140000000e+003	-3.64994e+002	-1.66685e+001
1196	 1.2150000000e+003	-3.15059e+002	 8.23762e+001
1197	 1.2160000000e+003	-3.06882e+002	 1.66372e+002
1198	 1.2170000000e+003	-2.77490e+002	 4.92709e+001
1199	 1.2180000000e+003	-2.75188e+002	 4.25910e+001
1200	 1.2190000000e+003	-3.26122e+002	 1.10709e+002
1201	 1.2200000000e+003	-3.37000e+002	 6.92112e+001
1202	 1.2210000000e+003	-3.28251e+002	 1.56501e+002
1203	 1.2220000000e+003	-2.94795e+002	 1.07759e+002
1204	 1.2230000000e+003	-3.29071e+002	 2.67258e+001
1205	 1.2240000000e+003	-2.04623e+002	 5.13419e+001
1206	 1.2250000000e+003	-2.00320e+002	 9.07974e+001
1207	 1.2260000000e+003	-2.78939e+002	 1.40607e+002
1208	 1.2270000000e+003	-4.88385e+002	 1.41492e+002
1209	 1.2280000000e+003	-4.74771e+002	 1.49678e+002
1210	 1.2290000000e+003	-6.15987e+002	 1.10432e+003
1211	 1.2300000000e+003	-3.41631e+002	 2.07017e+003
1212	 1.2310000000e+003	-6.04557e+002	 1.25405e+003
1213	 1.2320000000e+003	-3.75057e+002	 3.92543e+002
1214	 1.2330000000e+003	-1.65067e+002	 1.05519e+002
1215	 1.2340000000e+003	-3.48333e+002	 1.93420e+002
1216	 1.2350000000e+003	-5.31407e+002	 9.83428e+001
1217	 1.2360000000e+003	-3.29396e+002	 6.08970e+001
1218	 1.2370000000e+003	-3.15791e+002	-2.21192e+001
1219	 1.2380000000e+003	-2.53486e+002	-4.47606e+001
1220	 1.2390000000e+003	-2.51146e+002	-2.78231e+001
1221	 1.2400000000e+003	-2.04245e+002	 5.40788e+001
1222	 1.2410000000e+003	-2.86735e+002	 2.79760e+001
1223	 1.2420000000e+003	-3.67056e+002	 5.30398e+001
1224	 1.2430000000e+003	-3.23118e+002	 1.74789e+002
1225	 1.2440000000e+003	-3.13306e+002	 9.00105e+001
1226	 1.2450000000e+003	-3.78026e+002	 5.06489e+001
1227	 1.2460000000e+003	-3.99630e+002	 1.53730e+002
1228	 1.2470000000e+003	-4.58431e+002	 1.16131e+002
1229	 1.2480000000e+003	-4.95099e+002	 3.86974e+001
1230	 1.2490000000e+003	-3.86071e+002	 7.81084e+001
1231	 1.2500000000e+003	-3.10528e+002	 3.73249e+001
1232	 1.2510000000e+003	-3.94644e+002	 3.84739e+001
1233	 1.2520000000e+003	-3.69923e+002	 5.87750e+001
1234	 1.2530000000e+003	-3.19074e+002	 1.08318e+002
1235	 1.2540000000e+003	-2.68357e+002	-6.03645e+000
1236	 1.2550000000e+003	-3.12566e+002	-8.15410e+001
1237	 1.2560000000e+003	-3.25745e+002	-7.02169e+001
1238	 1.2570000000e+003	-2.99151e+002	 2.16613e+000
1239	 1.2580000000e+003	-3.69342e+002	 1.29686e+002
1240	 1.2590000000e+003	-3.83984e+002	 1.42852e+002
1241	 1.2600000000e+003	-4.05926e+002	 1.74010e+002
1242	 1.2610000000e+003	-4.16099e+002	 1.20835e+002
1243	 1.2620000000e+003	-3.56886e+002	 5.58941e+001
1244	 1.2630000000e+003	-3.14244e+002	 2.23691e+001
1245	 1.2640000000e+003	-3.39468e+002	-3.36364e+001
1246	 1.2650000000e+003	-3.77573e+002	 5.28180e+001
1247	 1.2660000000e+003	-3.53519e+002	 1.03926e+002
1248	 1.2670000000e+003	-3.72928e+002	 2.11630e+001
1249	 1.2680000000e+003	-3.79331e+002	-1.26268e+001
1250	 1.2690000000e+003	-3.29605e+002	-3.80810e+001
1251	 1.2700000000e+003	-3.61437e+002	-7.61357e-001
1252	 1.2710000000e+003	-3.97502e+002	 1.08689e+002
1253	 1.2720000000e+003	-3.61371e+002	 1.19907e+002
1254	 1.2730000000e+003	-3.64552e+002	 1.13841e+002
1255	 1.2740000000e+003	-2.92323e+002	 1.07566e+002
1256	 1.2750000000e+003	-3.01091e+002	-8.52084e+000
1257	 1.2760000000e+003	-2.90746e+002	-1.35887e+001
1258	 1.2770000000e+003	-2.89887e+002	 4.16151e+001
1259	 1.2780000000e+003	-2.84947e+002	 1.62692e+002
1260	 1.2790000000e+003	-3.58953e+002	 2.26821e+002
1261	 1.2800000000e+003	-3.87971e+002	 2.14657e+002
1262	 1.2810000000e+003	-3.52200e+002	 2.03991e+002
1263	 1.2820000000e+003	-3.14057e+002	 1.87491e+002
1264	 1.2830000000e+003	-3.22303e+002	 1.30880e+002
1265	 1.2840000000e+003	-3.42750e+002	 6.84153e+000
1266	 1.2850000000e+003	-3.84806e+002	 1.14110e+002
1267	 1.2860000000e+003	-2.74439e+002	 1.06971e+002
1268	 1.2870000000e+003	-2.01873e+002	 7.98821e+001
1269	 1.2880000000e+003	-3.10091e+002	 1.09982e+002
1270	 1.2890000000e+003	-3.11829e+002	 1.71893e+002
1271	 1.2900000000e+003	-3.50382e+002	 2.01467e+002
1272	 1.2910000000e+003	-3.47572e+002	 1.91334e+002
1273	 1.2920000000e+003	-2.61074e+002	 1.49612e+002
1274	 1.2930000000e+003	-2.71581e+002	 2.48182e+001
1275	 1.2940000000e+003	-3.79929e+002	 1.16882e+001
1276	 1.2950000000e+003	-3.59555e+002	 1.45811e+001
1277	 1.2960000000e+003	-2.93055e+002	 1.34988e+002
1278	 1.2970000000e+003	-3.33431e+002	 1.31075e+002
1279	 1.2980000000e+003	-3.18131e+002	 1.07381e+002
1280	 1.2990000000e+003	-2.39204e+002	 7.35747e+001
1281	 1.3000000000e+003	-3.11367e+002	 7.70923e+001
1282	 1.3010000000e+003	-4.09926e+002	 1.09193e+002
1283	 1.3020000000e+003	-3.18337e+002	 1.09832e+002
1284	 1.3030000000e+003	-2.42988e+002	 1.00269e+002
1285	 1.3040000000e+003	-3.25785e+002	 6.86283e+001
1286	 1.3050000000e+003	-3.36778e+002	 1.50978e+002
1287	 1.3060000000e+003	-2.63347e+002	 1.30499e+002
1288	 1.3070000000e+003	-2.64869e+002	 1.52026e+002
1289	 1.3080000000e+003	-2.81587e+002	 1.15761e+002
1290	 1.3090000000e+003	-3.20645e+002	 9.62586e+001
1291	 1.3100000000e+003	-3.34935e+002	 1.37084e+002
1292	 1.3110000000e+003	-2.87661e+002	 1.23900e+002
1293	 1.3120000000e+003	-2.42180e+002	 1.38180e+002
1294	 1.3130000000e+003	-3.79179e+002	 1.61239e+002
1295	 1.3140000000e+003	-3.73690e+002	 2.15746e+002
1296	 1.3150000000e+003	-3.55020e+002	 1.78484e+002
1297	 1.3160000000e+003	-3.08515e+002	 1.59687e+002
1298	 1.3170000000e+003	-2.86499e+002	 2.66750e+002
1299	 1.3180000000e+003	-3.74774e+002	 2.57478e+002
1300	 1.3190000000e+003	-4.09867e+002	 2.05477e+002
1301	 1.3200000000e+003	-2.52135e+002	 1.34961e+002
1302	 1.3210000000e+003	-3.26696e+002	 9.41932e+001
1303	 1.3220000000e+003	-2.85747e+002	 1.66468e+002
1304	 1.3230000000e+003	-2.58512e+002	 2.24343e+002
1305	 1.3240000000e+003	-1.85430e+002	 2.55277e+002
1306	 1.3250000000e+003	-1.85988e+002	 1.25152e+002
1307	 1.3260000000e+003	-2.07351e+002	 7.73490e+001
1308	 1.3270000000e+003	-2.52209e+002	 1.54988e+002
1309	 1.3280000000e+003	-1.59697e+002	 6.57660e+001
1310	 1.3290000000e+003	-2.98824e+002	 1.21721e+002
1311	 1.3300000000e+003	-3.28936e+002	 1.39704e+002
1312	 1.3310000000e+003	-1.78530e+002	 2.09792e+002
1313	 1.3320000000e+003	-2.00942e+002	 1.45681e+002
1314	 1.3330000000e+003	-1.92978e+002	 1.66892e+002
1315	 1.3340000000e+003	-1.64939e+002	 2.26220e+002
1316	 1.3350000000e+003	-1.46772e+002	 1.35255e+002
1317	 1.3360000000e+003	-1.03500e+002	 1.88507e+002
1318	 1.3370000000e+003	-6.91111e+001	 1.93213e+002
1319	 1.3380000000e+003	-2.11946e+002	 2.01602e+002
1320	 1.3390000000e+003	-2.26473e+002	 3.17384e+002
1321	 1.3400000000e+003	-1.95720e+002	 1.93244e+002
1322	 1.3410000000e+003	-2.48666e+002	 1.75751e+002
1323	 1.3420000000e+003	-1.97989e+002	 1.83015e+002
1324	 1.3430000000e+003	-2.32550e+002	 2.45955e+002
1325	 1.3440000000e+003	-2.46178e+002	 2.38515e+002
1326	 1.3450000000e+003	-2.06522e+002	 1.38741e+002
1327	 1.3460000000e+003	-1.45036e+002	 7.16663e+001
1328	 1.3470000000e+003	-1.31915e+002	 1.27019e+002
1329	 1.3480000000e+003	-1.60588e+002	 1.11867e+002
1330	 1.3490000000e+003	-1.65896e+002	 1.31340e+002
1331	 1.3500000000e+003	-1.94165e+002	 1.18429e+002
1332	 1.3510000000e+003	-1.70027e+002	 2.27715e+001
1333	 1.3520000000e+003	-1.65017e+002	 1.71881e+001
1334	 1.3530000000e+003	-1.77256e+002	 7.21256e+000
1335	 1.3540000000e+003	-1.98047e+002	 7.28602e+001
1336	 1.3550000000e+003	-2.02864e+002	 1.02366e+002
1337	 1.3560000000e+003	-2.53672e+002	 1.00711e+002
1338	 1.3570000000e+003	-2.55894e+002	 1.03018e+002
1339	 1.3580000000e+003	-2.53523e+002	 4.55180e+000
1340	 1.3590000000e+003	-2.30637e+002	-1.98318e+001
1341	 1.3600000000e+003	-1.83591e+002	 3.08404e+000
1342	 1.3610000000e+003	-1.73392e+002	 5.11395e+001
1343	 1.3620000000e+003	-1.78673e+002	 1.08330e+002
1344	 1.3630000000e+003	-1.94210e+002	 7.70564e+001
1345	 1.3640000000e+003	-2.47472e+002	 1.81002e+001
1346	 1.3650000000e+003	-2.17252e+002	 1.04828e+001
1347	 1.3660000000e+003	-2.45184e+002	-3.12316e+000
1348	 1.3670000000e+003	-2.35357e+002	 1.31707e+001
1349	 1.3680000000e+003	-2.25586e+002	 1.54338e+000
1350	 1.3690000000e+003	-2.57401e+002	 7.01448e+000
1351	 1.3700000000e+003	-2.00238e+002	 5.73551e+001
1352	 1.3710000000e+003	-2.19933e+002	 7.77005e+001
1353	 1.3720000000e+003	-2.39338e+002	 5.93076e+001
1354	 1.3730000000e+003	-2.56454e+002	 2.46995e+001
1355	 1.3740000000e+003	-2.31623e+002	 3.57880e+001
1356	 1.3750000000e+003	-2.00102e+002	 7.60430e+001
1357	 1.3760000000e+003	-1.79303e+002	 9.82267e+000
1358	 1.3770000000e+003	-1.82193e+002	 6.18968e+001
1359	 1.3780000000e+003	-2.26844e+002	 1.15339e+002
1360	 1.3790000000e+003	-2.30512e+002	 9.24387e+001
1361	 1.3800000000e+003	-2.98135e+002	 2.62755e+001
1362	 1.3810000000e+003	-3.45694e+002	 1.71381e+001
1363	 1.3820000000e+003	-2.18449e+002	 4.94653e+001
1364	 1.3830000000e+003	-1.00215e+002	 1.08982e+002
1365	 1.3840000000e+003	-1.39501e+002	 1.15542e+002
1366	 1.3850000000e+003	-1.76264e+002	 1.60903e+001
1367	 1.3860000000e+003	-1.73254e+002	 3.27267e+001
1368	 1.3870000000e+003	-2.55887e+002	 7.62483e+001
1369	 1.3880000000e+003	-2.77078e+002	 3.70274e+001
1370	 1.3890000000e+003	-2.95184e+002	 4.85605e+001
1371	 1.3900000000e+003	-2.46693e+002	 1.18782e+002
1372	 1.3910000000e+003	-2.08008e+002	 5.27935e+001
1373	 1.3920000000e+003	-2.12716e+002	 3.07147e+001
1374	 1.3930000000e+003	-2.42432e+002	 3.90509e+001
1375	 1.3940000000e+003	-2.39610e+002	 2.74267e+000
1376	 1.3950000000e+003	-2.33832e+002	 1.50870e+001
1377	 1.3960000000e+003	-2.19530e+002	 6.17193e+000
1378	 1.3970000000e+003	-1.84988e+002	-4.66484e+000
1379	 1.3980000000e+003	-1.91859e+002	 2.32817e+001
1380	 1.3990000000e+003	-2.63347e+002	 4.98605e+001
1381	 1.4000000000e+003	-2.82179e+002	 6.42329e+001
1382	 1.4010000000e+003	-2.85332e+002	-5.92443e+001
1383	 1.4020000000e+003	-2.66749e+002	-4.48808e+001
1384	 1.4030000000e+003	-2.79135e+002	 1.84941e+001
1385	 1.4040000000e+003	-3.20173e+002	 2.12040e+001
1386	 1.4050000000e+003	-2.81630e+002	-3.09183e+001
1387	 1.4060000000e+003	-2.77924e+002	-2.02124e+001
1388	 1.4070000000e+003	-2.81156e+002	-1.73822e+001
1389	 1.4080000000e+003	-2.83222e+002	-5.69849e+001
1390	 1.4090000000e+003	-3.40418e+002	-1.43689e+001
1391	 1.4100000000e+003	-3.43600e+002	 4.55199e+001
1392	 1.4110000000e+003	-2.05436e+002	 4.67324e+001
1393	 1.4120000000e+003	-2.36022e+002	-7.27595e+001
1394	 1.4130000000e+003	-2.59340e+002	-8.95127e+000
1395	 1.4140000000e+003	-2.54514e+002	 1.23467e+002
1396	 1.4150000000e+003	-3.27482e+002	 1.24188e+001
1397	 1.4160000000e+003	-2.84081e+002	 1.27944e+001
1398	 1.4170000000e+003	-3.36609e+002	 4.53449e+001
1399	 1.4180000000e+003	-3.68454e+002	 7.69315e+001
1400	 1.4190000000e+003	-3.33147e+002	 6.15890e+001
1401	 1.4200000000e+003	-3.80654e+002	 1.21471e+002
1402	 1.4210000000e+003	-2.92437e+002	-4.10384e+000
1403	 1.4220000000e+003	-2.34002e+002	-1.53965e+001
1404	 1.4230000000e+003	-2.97624e+002	-3.28689e+000
1405	 1.4240000000e+003	-2.38184e+002	 4.84481e+001
1406	 1.4250000000e+003	-2.16306e+002	 2.05554e+001
1407	 1.4260000000e+003	-2.56837e+002	-3.48282e+001
1408	 1.4270000000e+003	-2.41732e+002	-1.71398e+001
1409	 1.4280000000e+003	-3.21205e+002	-3.30637e+001
1410	 1.4290000000e+003	-2.59282e+002	-3.57638e+001
1411	 1.4300000000e+003	-2.62593e+002	 5.56915e+001
1412	 1.4310000000e+003	-2.91455e+002	 1.22439e+001
1413	 1.4320000000e+003	-2.58845e+002	 1.82035e+000
1414	 1.4330000000e+003	-3.65988e+002	 3.16456e+001
1415	 1.4340000000e+003	-3.12568e+002	-5.64557e+001
1416	 1.4350000000e+003	-2.80237e+002	-4.17909e+001
1417	 1.4360000000e+003	-2.99527e+002	-2.63804e+000
1418	 1.4370000000e+003	-3.37086e+002	 5.06311e+001
1419	 1.4380000000e+003	-2.91429e+002	 7.65380e+001
1420	 1.4390000000e+003	-2.87672e+002	 1.16528e+002
1421	 1.4400000000e+003	-3.00277e+002	 2.33434e+001
1422	 1.4410000000e+003	-3.62613e+002	-4.67647e+001
1423	 1.4420000000e+003	-3.22793e+002	-5.86820e+000
1424	 1.4430000000e+003	-2.83077e+002	 6.30362e+001
1425	 1.4440000000e+003	-2.79429e+002	-2.52692e+001
1426	 1.4450000000e+003	-2.01878e+002	 9.89141e+001
1427	 1.4460000000e+003	-2.68090e+002	 3.80574e+001
1428	 1.4470000000e+003	-2.95097e+002	 1.22730e+001
1429	 1.4480000000e+003	-3.33172e+002	 6.76876e+001
1430	 1.4490000000e+003	-3.67958e+002	 9.08462e+001
1431	 1.4500000000e+003	-2.49427e+002	 8.59310e+001
1432	 1.4510000000e+003	-1.62208e+002	 1.66006e+002
1433	 1.4520000000e+003	-1.52593e+002	 1.58871e+002
1434	 1.4530000000e+003	-2.07393e+002	 7.80772e+001
1435	 1.4540000000e+003	-2.60051e+002	 1.27871e+002
1436	 1.4550000000e+003	-2.80228e+002	 1.01426e+002
1437	 1.4560000000e+003	-3.08691e+002	 1.69240e+002
1438	 1.4570000000e+003	-2.42404e+002	 2.23394e+002
1439	 1.4580000000e+003	-2.17943e+002	 1.87616e+002
1440	 1.4590000000e+003	-2.38747e+002	 1.28788e+002
1441	 1.4600000000e+003	-3.62049e+002	 1.34184e+002
1442	 1.4610000000e+003	-5.08775e+002	 1.77021e+002
1443	 1.4620000000e+003	-3.51448e+002	 1.62221e+002
1444	 1.4630000000e+003	-2.54910e+002	 1.38554e+002
1445	 1.4640000000e+003	-3.12327e+002	 9.12080e+001
1446	 1.4650000000e+003	-3.25792e+002	 1.65466e+002
1447	 1.4660000000e+003	-3.07345e+002	 1.12524e+002
1448	 1.4670000000e+003	-3.06551e+002	 1.41011e+002
1449	 1.4680000000e+003	-3.64603e+002	 2.14902e+002
1450	 1.4690000000e+003	-4.07307e+002	 2.62196e+002
1451	 1.4700000000e+003	-3.28537e+002	 2.54790e+002
1452	 1.4710000000e+003	-3.40743e+002	 2.70172e+002
1453	 1.4720000000e+003	-3.10229e+002	 2.38848e+002
1454	 1.4730000000e+003	-2.38097e+002	 2.98807e+002
1455	 1.4740000000e+003	-3.14111e+002	 2.07698e+002
1456	 1.4750000000e+003	-3.14712e+002	 2.85285e+002
1457	 1.4760000000e+003	-2.59666e+002	 2.62631e+002
1458	 1.4770000000e+003	-2.94083e+002	 3.06722e+002
1459	 1.4780000000e+003	-2.25681e+002	 3.85208e+002
1460	 1.4790000000e+003	-2.07642e+002	 2.87048e+002
1461	 1.4800000000e+003	-3.86886e+002	 1.62938e+002
1462	 1.4810000000e+003	-3.72377e+002	 8.77750e+001
1463	 1.4820000000e+003	-3.66231e+002	 1.88191e+002
1464	 1.4830000000e+003	-1.98739e+002	 2.42404e+002
1465	 1.4840000000e+003	-2.82874e+002	 2.35216e+002
1466	 1.4850000000e+003	-2.75136e+002	 2.67845e+002
1467	 1.4860000000e+003	-2.96192e+002	 2.93942e+002
1468	 1.4870000000e+003	-4.16389e+002	 3.18241e+002
1469	 1.4880000000e+003	-4.28014e+002	 2.82944e+002
1470	 1.4890000000e+003	-5.16241e+002	 2.76557e+002
1471	 1.4900000000e+003	-5.06367e+002	 2.60817e+002
1472	 1.4910000000e+003	-3.91853e+002	 3.69302e+002
1473	 1.4920000000e+003	-4.26814e+002	 3.32413e+002
1474	 1.4930000000e+003	-4.72185e+002	 2.79181e+002
1475	 1.4940000000e+003	-4.05618e+002	 2.63516e+002
1476	 1.4950000000e+003	-2.72521e+002	 2.14292e+002
1477	 1.4960000000e+003	-2.71431e+002	 1.27931e+002
1478	 1.4970000000e+003	-2.89777e+002	 1.71277e+002
1479	 1.4980000000e+003	-3.19512e+002	 2.16558e+002
1480	 1.4990000000e+003	-3.54703e+002	 2.66027e+002
1481	 1.5000000000e+003	-3.44073e+002	 3.08236e+002
1482	 1.5010000000e+003	-3.52271e+002	 2.39584e+002
1483	 1.5020000000e+003	-2.51644e+002	 1.35711e+002
1484	 1.5030000000e+003	-2.13176e+002	 1.21137e+002
1485	 1.5040000000e+003	-3.38686e+002	 1.81205e+002
1486	 1.5050000000e+003	-3.86874e+002	 1.78787e+002
1487	 1.5060000000e+003	-2.85151e+002	 1.78529e+002
1488	 1.5070000000e+003	-2.91720e+002	 2.32341e+002
1489	 1.5080000000e+003	-3.73974e+002	 2.46858e+002
1490	 1.5090000000e+003	-2.32719e+002	 1.43516e+002
1491	 1.5100000000e+003	-2.78324e+002	 1.00881e+002
1492	 1.5110000000e+003	-3.35839e+002	 1.40956e+002
1493	 1.5120000000e+003	-3.85532e+002	 1.26154e+002
1494	 1.5130000000e+003	-3.36002e+002	 1.02640e+002
1495	 1.5140000000e+003	-2.43636e+002	 1.36210e+002
1496	 1.5150000000e+003	-3.13047e+002	 1.27296e+002
1497	 1.5160000000e+003	-3.74867e+002	 1.64246e+002
1498	 1.5170000000e+003	-3.56191e+002	 2.07612e+002
1499	 1.5180000000e+003	-3.03964e+002	 2.97220e+002
1500	 1.5190000000e+003	-3.27272e+002	 2.33168e+002
1501	 1.5200000000e+003	-3.30641e+002	 1.76669e+002
1502	 1.5210000000e+003	-4.05513e+002	 2.32996e+002
1503	 1.5220000000e+003	-2.92151e+002	 2.18356e+002
1504	 1.5230000000e+003	-2.25117e+002	 2.70920e+002
1505	 1.5240000000e+003	-3.27070e+002	 2.02527e+002
1506	 1.5250000000e+003	-4.23381e+002	 2.02404e+002
1507	 1.5260000000e+003	-3.87261e+002	 2.81280e+002
1508	 1.5270000000e+003	-2.76096e+002	 2.09838e+002
1509	 1.5280000000e+003	-2.56355e+002	 1.98806e+002
1510	 1.5290000000e+003	-3.98118e+002	 1.18357e+002
1511	 1.5300000000e+003	-4.07868e+002	 8.67458e+001
1512	 1.5310000000e+003	-4.68535e+002	 1.78550e+002
1513	 1.5320000000e+003	-4.33568e+002	 1.96341e+002
1514	 1.5330000000e+003	-3.59241e+002	 2.61056e+002
1515	 1.5340000000e+003	-3.18873e+002	 1.95601e+002
1516	 1.5350000000e+003	-2.67031e+002	 1.84415e+002
1517	 1.5360000000e+003	-2.20962e+002	 2.55261e+002
1518	 1.5370000000e+003	-2.56044e+002	 4.30427e+002
1519	 1.5380000000e+003	-4.17490e+002	 3.13496e+002
1520	 1.5390000000e+003	-2.89772e+002	 3.32050e+002
1521	 1.5400000000e+003	-3.26894e+002	 2.86486e+002
1522	 1.5410000000e+003	-3.73224e+002	 2.36360e+002
1523	 1.5420000000e+003	-2.75008e+002	 2.75543e+002
1524	 1.5430000000e+003	-1.78540e+002	 2.32553e+002
1525	 1.5440000000e+003	-1.64866e+002	 2.13372e+002
1526	 1.5450000000e+003	-2.00937e+002	 1.97893e+002
1527	 1.5460000000e+003	-1.46438e+002	 2.10294e+002
1528	 1.5470000000e+003	-2.24860e+002	 2.42747e+002
1529	 1.5480000000e+003	-3.42551e+002	 2.95898e+002
1530	 1.5490000000e+003	-2.78312e+002	 3.48526e+002
1531	 1.5500000000e+003	-2.83562e+002	 3.58536e+002
1532	 1.5510000000e+003	-2.26781e+002	 3.03211e+002
1533	 1.5520000000e+003	-2.92060e+002	 2.63389e+002
1534	 1.5530000000e+003	-4.69995e+002	 2.88500e+002
1535	 1.5540000000e+003	-4.78443e+002	 3.46726e+002
1536	 1.5550000000e+003	-3.42950e+002	 3.33718e+002
1537	 1.5560000000e+003	-4.06053e+002	 3.77062e+002
1538	 1.5570000000e+003	-3.66747e+002	 3.13686e+002
1539	 1.5580000000e+003	-3.20114e+002	 3.05176e+002
1540	 1.5590000000e+003	-4.20660e+002	 2.34448e+002
1541	 1.5600000000e+003	-4.01536e+002	 3.51714e+002
1542	 1.5610000000e+003	-2.81357e+002	 3.43834e+002
1543	 1.5620000000e+003	-2.41121e+002	 2.51926e+002
1544	 1.5630000000e+003	-1.40652e+002	 3.25874e+002
1545	 1.5640000000e+003	-2.48776e+002	 4.31011e+002
1546	 1.5650000000e+003	-2.67394e+002	 4.88021e+002
1547	 1.5660000000e+003	-2.68681e+002	 3.16938e+002
1548	 1.5670000000e+003	-2.09485e+002	 2.57868e+002
1549	 1.5680000000e+003	-8.77455e+001	 3.19975e+002
1550	 1.5690000000e+003	-2.28751e+002	 3.15064e+002
1551	 1.5700000000e+003	-4.54224e+002	 4.12163e+002
1552	 1.5710000000e+003	-2.75969e+002	 2.64141e+002
1553	 1.5720000000e+003	-1.01694e+002	 2.33723e+002
1554	 1.5730000000e+003	-2.29036e+002	 3.95221e+002
1555	 1.5740000000e+003	-2.12647e+002	 2.99331e+002
1556	 1.5750000000e+003	-2.49326e+002	 3.49452e+002
1557	 1.5760000000e+003	-3.23877e+002	 4.41055e+002
1558	 1.5770000000e+003	-3.72076e+002	 4.90913e+002
1559	 1.5780000000e+003	-2.04870e+002	 4.20994e+002
1560	 1.5790000000e+003	-8.04115e+001	 4.30235e+002
1561	 1.5800000000e+003	-2.54151e+002	 2.24421e+002
1562	 1.5810000000e+003	-3.51479e+002	 2.64868e+002
1563	 1.5820000000e+003	-2.38398e+002	 4.26646e+002
1564	 1.5830000000e+003	-2.12356e+002	 4.23112e+002
1565	 1.5840000000e+003	-3.97633e+002	 3.73765e+002
1566	 1.5850000000e+003	-3.40591e+002	 3.25760e+002
1567	 1.5860000000e+003	-3.13113e+002	 3.17509e+002
1568	 1.5870000000e+003	-3.00902e+002	 3.48728e+002
1569	 1.5880000000e+003	-1.77605e+002	 3.61974e+002
1570	 1.5890000000e+003	-3.95037e+002	 3.94384e+002
1571	 1.5900000000e+003	-4.08242e+002	 2.52780e+002
1572	 1.5910000000e+003	-3.30192e+002	 1.44172e+002
1573	 1.5920000000e+003	-2.70164e+002	 2.20497e+002
1574	 1.5930000000e+003	-2.59496e+002	 1.82334e+002
1575	 1.5940000000e+003	-2.29276e+002	 2.19978e+002
1576	 1.5950000000e+003	-3.10782e+002	 2.88442e+002
1577	 1.5960000000e+003	-3.84339e+002	 3.89412e+002
1578	 1.5970000000e+003	-2.87609e+002	 2.81327e+002
1579	 1.5980000000e+003	-1.91934e+002	 3.87099e+002
1580	 1.5990000000e+003	-2.14883e+002	 3.90526e+002
1581	 1.6000000000e+003	-2.64935e+002	 3.34851e+002
1582	 1.6010000000e+003	-2.35782e+002	 3.45454e+002
1583	 1.6020000000e+003	-2.94049e+002	 3.69663e+002
1584	 1.6030000000e+003	-4.11028e+002	 3.40373e+002
1585	 1.6040000000e+003	-3.22735e+002	 3.83730e+002
1586	 1.6050000000e+003	-3.86672e+002	 4.29101e+002
1587	 1.6060000000e+003	-2.83806e+002	 3.67950e+002
1588	 1.6070000000e+003	-2.70319e+002	 2.81057e+002
1589	 1.6080000000e+003	-3.20220e+002	 2.37075e+002
1590	 1.6090000000e+003	-1.69249e+002	 2.06952e+002
1591	 1.6100000000e+003	-2.10990e+002	 2.76419e+002
1592	 1.6110000000e+003	-2.74241e+002	 4.30393e+002
1593	 1.6120000000e+003	-3.16300e+002	 4.33795e+002
1594	 1.6130000000e+003	-2.96348e+002	 3.61210e+002
1595	 1.6140000000e+003	-3.58964e+002	 3.09399e+002
1596	 1.6150000000e+003	-1.93242e+002	 3.49799e+002
1597	 1.6160000000e+003	-2.22884e+002	 4.73224e+002
1598	 1.6170000000e+003	-2.79683e+002	 3.92010e+002
1599	 1.6180000000e+003	-2.30110e+002	 3.88248e+002
1600	 1.6190000000e+003	-1.34083e+002	 3.04865e+002
1601	 1.6200000000e+003	-1.94309e+002	 2.27409e+002
TagsBegin:	 	 	 
OverLoad:	 	False	 
AverageNumber: []	 	 7.60000e+001	 
OverLoadRatio: []	 	 1.19209e-007	 
TagsEnd:	 	 	 
TagScalesBegin:	 	 	 
TagScalesEnd:	 	 	 
