Header Size:	 79	 	 
Pulse Version:	 80	 	 
Running Pulse Version:	PULSE LabShop Fast Track Version 18.1.1.9 - 2014-01-16	 	 
Decimal Symbol:	.	 	 
Date Format:	M/d/yyyy	 	 
Time Format:	HH:mm:ss:mmm	 	 
Data Type:	Complex	 	 
Slice:	False	 	 
Z-Axis type:	Linear	 	 
Z-Axis size:	1	 	 
Z-Axis unit:	 	 	 
Z-Axis first value:	 0.0000000000e+000	 	 
Z-Axis delta:	 1.0000000000e+000	 	 
X-Axis type:	Linear	 	 
X-Axis size:	1601	 	 
X-Axis unit:	Hz	 	 
X-Axis first value:	 2.0000000000e+001	 	 
X-Axis delta:	 1.0000000000e+000	 	 
	 	 	 
AmplitudeUnit:	Pa/(m/s)	 	 
Analyzer:	FFT_Spectrum_Averaging	 	 
AnalyzerName:	FFT Analyzer	 	 
	 	 	 
	 	 	 
Bipolar:	True	 	 
CenterFrequency:	 8.2000000000e+002	 	 
	 	 	 
	 	 	 
	 	 	 
	 	 	 
	 	 	 
	 	 	 
	 	 	 
	 	 	 
Domain:	1	 	 
Function:	Frequency Response	 	 
	 	 	 
InputRange:	 1.0000000000e-001	 	 
	 	 	 
	 	 	 
MultiBufferName:	Input	 	 
NBW:	 1.5000000000e+000	 	 
	 	 	 
OverlapFailed:	False	 	 
Overrun:	False	 	 
Power:	False	 	 
	 	 	 
Ratio:	True	 	 
RecordLength:	 1.0000000000e+000	 	 
ReducedSize:	True	 	 
Ref_Signal:	v	 	 
	 	 	 
	 	 	 
RefSignalUnit:	m/s	 	 
	 	 	 
	 	 	 
Signal:	p	 	 
	 	 	 
SignalUnit:	Pa	 	 
	 	 	 
	 	 	 
	 	 	 
Title:	Input Impedance	 	 
Title1:	Working : Input : Input : FFT Analyzer	 	 
	 	 	 
	 	 	 
	 	 	 
ZoomOn:	True	 	 
	 	 	 
TemplateName:	Working	 	 
MeasurementName:	Input	 	 
MeasurementSlice:	False	 	 
	 	 	 
	 	 	 
	 	 	 
EnvelopeOn:	False	 	 
	 	 	 
	 	 	 
	 	 	 
Z-index:	 	1	 
Date:	 	5/13/2022	 
Time:	 	10:37:09:291	 
Relative time:	 	 0.00000e+000	 
Z-axis:	 	 0.0000000000e+000	 
1	 2.0000000000e+001	-8.19017e+002	-1.17649e+003
2	 2.1000000000e+001	-9.60969e+002	-9.39229e+002
3	 2.2000000000e+001	-1.12328e+003	-4.74573e+002
4	 2.3000000000e+001	-8.65725e+002	-7.34157e+002
5	 2.4000000000e+001	-9.64613e+002	-4.93310e+002
6	 2.5000000000e+001	-1.11738e+003	-5.92555e+002
7	 2.6000000000e+001	-9.85381e+002	-1.56793e+002
8	 2.7000000000e+001	-3.58294e+002	 1.67218e+002
9	 2.8000000000e+001	-1.81444e+002	 4.82654e+001
10	 2.9000000000e+001	-5.09375e+001	-8.73786e+001
11	 3.0000000000e+001	 9.82067e+001	-3.46192e+002
12	 3.1000000000e+001	 1.48411e+002	-6.92137e+002
13	 3.2000000000e+001	 5.00989e+001	-6.80279e+002
14	 3.3000000000e+001	-1.54897e+002	-1.74076e+003
15	 3.4000000000e+001	-4.47872e+002	-2.04369e+003
16	 3.5000000000e+001	-2.22861e+002	-1.13451e+003
17	 3.6000000000e+001	-3.83499e+002	-6.07933e+002
18	 3.7000000000e+001	-2.29631e+002	 9.54249e+001
19	 3.8000000000e+001	-2.18173e+002	 1.75117e+002
20	 3.9000000000e+001	-2.11640e+002	 1.75108e+002
21	 4.0000000000e+001	-1.88120e+002	 4.61379e+001
22	 4.1000000000e+001	-1.76966e+002	-1.03510e+003
23	 4.2000000000e+001	 4.38934e+002	-1.66191e+003
24	 4.3000000000e+001	 5.44355e+002	-2.21986e+003
25	 4.4000000000e+001	 6.34931e+002	-2.89249e+003
26	 4.5000000000e+001	 5.87188e+002	-3.00698e+003
27	 4.6000000000e+001	 7.92266e+002	-2.98785e+003
28	 4.7000000000e+001	 9.37216e+002	-3.11060e+003
29	 4.8000000000e+001	 9.26358e+002	-3.05209e+003
30	 4.9000000000e+001	 8.25639e+002	-3.01377e+003
31	 5.0000000000e+001	 7.71129e+002	-2.98068e+003
32	 5.1000000000e+001	 8.12085e+002	-2.91914e+003
33	 5.2000000000e+001	 8.43588e+002	-2.85762e+003
34	 5.3000000000e+001	 8.42831e+002	-2.83708e+003
35	 5.4000000000e+001	 7.93998e+002	-2.84396e+003
36	 5.5000000000e+001	 7.10015e+002	-2.82516e+003
37	 5.6000000000e+001	 6.40824e+002	-2.76916e+003
38	 5.7000000000e+001	 5.58609e+002	-2.68566e+003
39	 5.8000000000e+001	 5.33814e+002	-2.61068e+003
40	 5.9000000000e+001	 5.38691e+002	-2.54335e+003
41	 6.0000000000e+001	 5.07486e+002	-2.47876e+003
42	 6.1000000000e+001	 4.70696e+002	-2.41519e+003
43	 6.2000000000e+001	 4.55129e+002	-2.31775e+003
44	 6.3000000000e+001	 4.82660e+002	-2.23678e+003
45	 6.4000000000e+001	 5.03033e+002	-2.18909e+003
46	 6.5000000000e+001	 5.03005e+002	-2.15115e+003
47	 6.6000000000e+001	 5.04482e+002	-2.10193e+003
48	 6.7000000000e+001	 5.12458e+002	-2.05611e+003
49	 6.8000000000e+001	 5.36139e+002	-2.01743e+003
50	 6.9000000000e+001	 5.55634e+002	-2.00400e+003
51	 7.0000000000e+001	 5.46380e+002	-2.00048e+003
52	 7.1000000000e+001	 5.22545e+002	-1.98795e+003
53	 7.2000000000e+001	 4.93615e+002	-1.96105e+003
54	 7.3000000000e+001	 4.66569e+002	-1.92237e+003
55	 7.4000000000e+001	 4.44698e+002	-1.87935e+003
56	 7.5000000000e+001	 4.30429e+002	-1.83287e+003
57	 7.6000000000e+001	 4.24322e+002	-1.78975e+003
58	 7.7000000000e+001	 4.22093e+002	-1.74937e+003
59	 7.8000000000e+001	 4.17949e+002	-1.71423e+003
60	 7.9000000000e+001	 4.03352e+002	-1.67635e+003
61	 8.0000000000e+001	 3.97255e+002	-1.63005e+003
62	 8.1000000000e+001	 4.00038e+002	-1.58331e+003
63	 8.2000000000e+001	 4.09893e+002	-1.54022e+003
64	 8.3000000000e+001	 4.29185e+002	-1.50327e+003
65	 8.4000000000e+001	 4.50880e+002	-1.47762e+003
66	 8.5000000000e+001	 4.70208e+002	-1.46475e+003
67	 8.6000000000e+001	 4.81942e+002	-1.45459e+003
68	 8.7000000000e+001	 4.91405e+002	-1.45263e+003
69	 8.8000000000e+001	 4.88901e+002	-1.46449e+003
70	 8.9000000000e+001	 4.65885e+002	-1.46978e+003
71	 9.0000000000e+001	 4.38073e+002	-1.45945e+003
72	 9.1000000000e+001	 4.16640e+002	-1.44065e+003
73	 9.2000000000e+001	 4.02884e+002	-1.41622e+003
74	 9.3000000000e+001	 3.94683e+002	-1.39594e+003
75	 9.4000000000e+001	 3.85936e+002	-1.39190e+003
76	 9.5000000000e+001	 3.60761e+002	-1.39779e+003
77	 9.6000000000e+001	 3.01062e+002	-1.38907e+003
78	 9.7000000000e+001	 2.33718e+002	-1.33055e+003
79	 9.8000000000e+001	 2.13580e+002	-1.24631e+003
80	 9.9000000000e+001	 2.20297e+002	-1.17308e+003
81	 1.0000000000e+002	 2.22420e+002	-1.10692e+003
82	 1.0100000000e+002	 2.55505e+002	-1.09875e+003
83	 1.0200000000e+002	 2.79848e+002	-1.08182e+003
84	 1.0300000000e+002	 2.97894e+002	-1.06532e+003
85	 1.0400000000e+002	 3.08350e+002	-1.06071e+003
86	 1.0500000000e+002	 3.07974e+002	-1.05659e+003
87	 1.0600000000e+002	 2.96592e+002	-1.05266e+003
88	 1.0700000000e+002	 2.80425e+002	-1.03897e+003
89	 1.0800000000e+002	 2.68310e+002	-1.01848e+003
90	 1.0900000000e+002	 2.58668e+002	-9.97562e+002
91	 1.1000000000e+002	 2.49144e+002	-9.78087e+002
92	 1.1100000000e+002	 2.39423e+002	-9.59063e+002
93	 1.1200000000e+002	 2.26999e+002	-9.39623e+002
94	 1.1300000000e+002	 2.13018e+002	-9.16836e+002
95	 1.1400000000e+002	 1.99282e+002	-8.93416e+002
96	 1.1500000000e+002	 1.84413e+002	-8.61820e+002
97	 1.1600000000e+002	 1.74657e+002	-8.20653e+002
98	 1.1700000000e+002	 1.79240e+002	-7.82518e+002
99	 1.1800000000e+002	 1.84260e+002	-7.51308e+002
100	 1.1900000000e+002	 1.93507e+002	-7.21056e+002
101	 1.2000000000e+002	 2.06249e+002	-6.97915e+002
102	 1.2100000000e+002	 2.14988e+002	-6.80552e+002
103	 1.2200000000e+002	 2.20091e+002	-6.64178e+002
104	 1.2300000000e+002	 2.24357e+002	-6.47635e+002
105	 1.2400000000e+002	 2.28210e+002	-6.32029e+002
106	 1.2500000000e+002	 2.31032e+002	-6.17505e+002
107	 1.2600000000e+002	 2.32556e+002	-6.03929e+002
108	 1.2700000000e+002	 2.31864e+002	-5.90983e+002
109	 1.2800000000e+002	 2.30092e+002	-5.77025e+002
110	 1.2900000000e+002	 2.27762e+002	-5.62265e+002
111	 1.3000000000e+002	 2.25462e+002	-5.46105e+002
112	 1.3100000000e+002	 2.24653e+002	-5.29283e+002
113	 1.3200000000e+002	 2.24310e+002	-5.13599e+002
114	 1.3300000000e+002	 2.23615e+002	-4.98237e+002
115	 1.3400000000e+002	 2.23016e+002	-4.82774e+002
116	 1.3500000000e+002	 2.22761e+002	-4.67608e+002
117	 1.3600000000e+002	 2.22377e+002	-4.53169e+002
118	 1.3700000000e+002	 2.21287e+002	-4.38899e+002
119	 1.3800000000e+002	 2.19971e+002	-4.24747e+002
120	 1.3900000000e+002	 2.18181e+002	-4.10436e+002
121	 1.4000000000e+002	 2.16502e+002	-3.95380e+002
122	 1.4100000000e+002	 2.15621e+002	-3.80364e+002
123	 1.4200000000e+002	 2.14516e+002	-3.65849e+002
124	 1.4300000000e+002	 2.13415e+002	-3.50973e+002
125	 1.4400000000e+002	 2.12872e+002	-3.36209e+002
126	 1.4500000000e+002	 2.12580e+002	-3.22058e+002
127	 1.4600000000e+002	 2.11958e+002	-3.08486e+002
128	 1.4700000000e+002	 2.10832e+002	-2.95116e+002
129	 1.4800000000e+002	 2.09528e+002	-2.81573e+002
130	 1.4900000000e+002	 2.08500e+002	-2.68128e+002
131	 1.5000000000e+002	 2.07766e+002	-2.55259e+002
132	 1.5100000000e+002	 2.05724e+002	-2.40112e+002
133	 1.5200000000e+002	 2.04756e+002	-2.26022e+002
134	 1.5300000000e+002	 2.03777e+002	-2.12451e+002
135	 1.5400000000e+002	 2.03216e+002	-1.98526e+002
136	 1.5500000000e+002	 2.02648e+002	-1.84974e+002
137	 1.5600000000e+002	 2.02293e+002	-1.71625e+002
138	 1.5700000000e+002	 2.02110e+002	-1.58516e+002
139	 1.5800000000e+002	 2.01881e+002	-1.45876e+002
140	 1.5900000000e+002	 2.01429e+002	-1.33512e+002
141	 1.6000000000e+002	 2.00755e+002	-1.21432e+002
142	 1.6100000000e+002	 1.99906e+002	-1.09305e+002
143	 1.6200000000e+002	 1.99012e+002	-9.75465e+001
144	 1.6300000000e+002	 1.97794e+002	-8.56802e+001
145	 1.6400000000e+002	 1.96348e+002	-7.38656e+001
146	 1.6500000000e+002	 1.94697e+002	-6.17951e+001
147	 1.6600000000e+002	 1.93355e+002	-4.97936e+001
148	 1.6700000000e+002	 1.91531e+002	-3.83043e+001
149	 1.6800000000e+002	 1.89307e+002	-2.65122e+001
150	 1.6900000000e+002	 1.87033e+002	-1.43012e+001
151	 1.7000000000e+002	 1.84882e+002	-1.74280e+000
152	 1.7100000000e+002	 1.82971e+002	 1.07840e+001
153	 1.7200000000e+002	 1.81016e+002	 2.32137e+001
154	 1.7300000000e+002	 1.79222e+002	 3.56013e+001
155	 1.7400000000e+002	 1.77439e+002	 4.77145e+001
156	 1.7500000000e+002	 1.75367e+002	 5.95782e+001
157	 1.7600000000e+002	 1.72889e+002	 7.15105e+001
158	 1.7700000000e+002	 1.70090e+002	 8.35722e+001
159	 1.7800000000e+002	 1.66813e+002	 9.58268e+001
160	 1.7900000000e+002	 1.63068e+002	 1.08740e+002
161	 1.8000000000e+002	 1.59056e+002	 1.22534e+002
162	 1.8100000000e+002	 1.55327e+002	 1.37341e+002
163	 1.8200000000e+002	 1.52107e+002	 1.52949e+002
164	 1.8300000000e+002	 1.49667e+002	 1.69342e+002
165	 1.8400000000e+002	 1.48264e+002	 1.86159e+002
166	 1.8500000000e+002	 1.47727e+002	 2.03380e+002
167	 1.8600000000e+002	 1.48632e+002	 2.20701e+002
168	 1.8700000000e+002	 1.50833e+002	 2.37458e+002
169	 1.8800000000e+002	 1.54004e+002	 2.53542e+002
170	 1.8900000000e+002	 1.58279e+002	 2.68848e+002
171	 1.9000000000e+002	 1.63178e+002	 2.82736e+002
172	 1.9100000000e+002	 1.68623e+002	 2.95056e+002
173	 1.9200000000e+002	 1.73533e+002	 3.06615e+002
174	 1.9300000000e+002	 1.77877e+002	 3.16755e+002
175	 1.9400000000e+002	 1.81422e+002	 3.25427e+002
176	 1.9500000000e+002	 1.83574e+002	 3.34033e+002
177	 1.9600000000e+002	 1.84521e+002	 3.42661e+002
178	 1.9700000000e+002	 1.84858e+002	 3.51516e+002
179	 1.9800000000e+002	 1.85024e+002	 3.61258e+002
180	 1.9900000000e+002	 1.85258e+002	 3.71699e+002
181	 2.0000000000e+002	 1.85460e+002	 3.81918e+002
182	 2.0100000000e+002	 1.85963e+002	 3.92644e+002
183	 2.0200000000e+002	 1.86576e+002	 4.03024e+002
184	 2.0300000000e+002	 1.86888e+002	 4.13490e+002
185	 2.0400000000e+002	 1.87619e+002	 4.24344e+002
186	 2.0500000000e+002	 1.88245e+002	 4.34756e+002
187	 2.0600000000e+002	 1.88820e+002	 4.45354e+002
188	 2.0700000000e+002	 1.89409e+002	 4.56331e+002
189	 2.0800000000e+002	 1.90790e+002	 4.67289e+002
190	 2.0900000000e+002	 1.92070e+002	 4.77365e+002
191	 2.1000000000e+002	 1.93700e+002	 4.87256e+002
192	 2.1100000000e+002	 1.94657e+002	 4.96577e+002
193	 2.1200000000e+002	 1.95334e+002	 5.06073e+002
194	 2.1300000000e+002	 1.95576e+002	 5.15288e+002
195	 2.1400000000e+002	 1.94943e+002	 5.24961e+002
196	 2.1500000000e+002	 1.93853e+002	 5.35806e+002
197	 2.1600000000e+002	 1.93289e+002	 5.47015e+002
198	 2.1700000000e+002	 1.93968e+002	 5.59366e+002
199	 2.1800000000e+002	 1.96057e+002	 5.71908e+002
200	 2.1900000000e+002	 1.98585e+002	 5.84442e+002
201	 2.2000000000e+002	 2.01319e+002	 5.95493e+002
202	 2.2100000000e+002	 2.05253e+002	 6.05517e+002
203	 2.2200000000e+002	 2.09507e+002	 6.14689e+002
204	 2.2300000000e+002	 2.13782e+002	 6.22658e+002
205	 2.2400000000e+002	 2.17072e+002	 6.29672e+002
206	 2.2500000000e+002	 2.18511e+002	 6.36411e+002
207	 2.2600000000e+002	 2.18873e+002	 6.43325e+002
208	 2.2700000000e+002	 2.19215e+002	 6.51117e+002
209	 2.2800000000e+002	 2.20003e+002	 6.59796e+002
210	 2.2900000000e+002	 2.21686e+002	 6.68190e+002
211	 2.3000000000e+002	 2.22997e+002	 6.75780e+002
212	 2.3100000000e+002	 2.23819e+002	 6.82202e+002
213	 2.3200000000e+002	 2.24278e+002	 6.88630e+002
214	 2.3300000000e+002	 2.24050e+002	 6.95366e+002
215	 2.3400000000e+002	 2.22716e+002	 7.02559e+002
216	 2.3500000000e+002	 2.21222e+002	 7.10277e+002
217	 2.3600000000e+002	 2.20135e+002	 7.18335e+002
218	 2.3700000000e+002	 2.19140e+002	 7.26359e+002
219	 2.3800000000e+002	 2.18348e+002	 7.34519e+002
220	 2.3900000000e+002	 2.17380e+002	 7.42868e+002
221	 2.4000000000e+002	 2.15758e+002	 7.50960e+002
222	 2.4100000000e+002	 2.13086e+002	 7.59434e+002
223	 2.4200000000e+002	 2.10279e+002	 7.68476e+002
224	 2.4300000000e+002	 2.07643e+002	 7.78499e+002
225	 2.4400000000e+002	 2.05227e+002	 7.89580e+002
226	 2.4500000000e+002	 2.04054e+002	 8.01380e+002
227	 2.4600000000e+002	 2.03839e+002	 8.13264e+002
228	 2.4700000000e+002	 2.04058e+002	 8.24354e+002
229	 2.4800000000e+002	 2.04031e+002	 8.35094e+002
230	 2.4900000000e+002	 2.04262e+002	 8.46563e+002
231	 2.5000000000e+002	 2.05416e+002	 8.58148e+002
232	 2.5100000000e+002	 2.06204e+002	 8.69621e+002
233	 2.5200000000e+002	 2.07659e+002	 8.80926e+002
234	 2.5300000000e+002	 2.09778e+002	 8.91869e+002
235	 2.5400000000e+002	 2.12636e+002	 9.02998e+002
236	 2.5500000000e+002	 2.16123e+002	 9.13676e+002
237	 2.5600000000e+002	 2.20307e+002	 9.23674e+002
238	 2.5700000000e+002	 2.25059e+002	 9.32698e+002
239	 2.5800000000e+002	 2.29833e+002	 9.40378e+002
240	 2.5900000000e+002	 2.34259e+002	 9.46755e+002
241	 2.6000000000e+002	 2.38132e+002	 9.51550e+002
242	 2.6100000000e+002	 2.40721e+002	 9.55254e+002
243	 2.6200000000e+002	 2.41546e+002	 9.58799e+002
244	 2.6300000000e+002	 2.40112e+002	 9.62942e+002
245	 2.6400000000e+002	 2.37382e+002	 9.68570e+002
246	 2.6500000000e+002	 2.34600e+002	 9.75618e+002
247	 2.6600000000e+002	 2.32244e+002	 9.83487e+002
248	 2.6700000000e+002	 2.30434e+002	 9.91907e+002
249	 2.6800000000e+002	 2.29165e+002	 1.00040e+003
250	 2.6900000000e+002	 2.27948e+002	 1.00916e+003
251	 2.7000000000e+002	 2.25939e+002	 1.01853e+003
252	 2.7100000000e+002	 2.23994e+002	 1.02815e+003
253	 2.7200000000e+002	 2.22716e+002	 1.03824e+003
254	 2.7300000000e+002	 2.21682e+002	 1.04926e+003
255	 2.7400000000e+002	 2.21857e+002	 1.06042e+003
256	 2.7500000000e+002	 2.22846e+002	 1.07107e+003
257	 2.7600000000e+002	 2.23971e+002	 1.08108e+003
258	 2.7700000000e+002	 2.24976e+002	 1.09127e+003
259	 2.7800000000e+002	 2.26645e+002	 1.10166e+003
260	 2.7900000000e+002	 2.28675e+002	 1.11184e+003
261	 2.8000000000e+002	 2.31283e+002	 1.12112e+003
262	 2.8100000000e+002	 2.34260e+002	 1.13015e+003
263	 2.8200000000e+002	 2.37049e+002	 1.13843e+003
264	 2.8300000000e+002	 2.39444e+002	 1.14647e+003
265	 2.8400000000e+002	 2.41892e+002	 1.15428e+003
266	 2.8500000000e+002	 2.44255e+002	 1.16148e+003
267	 2.8600000000e+002	 2.46100e+002	 1.16778e+003
268	 2.8700000000e+002	 2.46810e+002	 1.17424e+003
269	 2.8800000000e+002	 2.46659e+002	 1.18165e+003
270	 2.8900000000e+002	 2.46818e+002	 1.18998e+003
271	 2.9000000000e+002	 2.47426e+002	 1.19789e+003
272	 2.9100000000e+002	 2.48326e+002	 1.20597e+003
273	 2.9200000000e+002	 2.48963e+002	 1.21415e+003
274	 2.9300000000e+002	 2.50250e+002	 1.22348e+003
275	 2.9400000000e+002	 2.52237e+002	 1.23225e+003
276	 2.9500000000e+002	 2.54580e+002	 1.24079e+003
277	 2.9600000000e+002	 2.57178e+002	 1.24894e+003
278	 2.9700000000e+002	 2.60114e+002	 1.25652e+003
279	 2.9800000000e+002	 2.63007e+002	 1.26357e+003
280	 2.9900000000e+002	 2.66244e+002	 1.26968e+003
281	 3.0000000000e+002	 2.69696e+002	 1.27370e+003
282	 3.0100000000e+002	 2.72399e+002	 1.27835e+003
283	 3.0200000000e+002	 2.72882e+002	 1.28146e+003
284	 3.0300000000e+002	 2.70970e+002	 1.28549e+003
285	 3.0400000000e+002	 2.68877e+002	 1.29117e+003
286	 3.0500000000e+002	 2.67565e+002	 1.29816e+003
287	 3.0600000000e+002	 2.66698e+002	 1.30566e+003
288	 3.0700000000e+002	 2.66703e+002	 1.31318e+003
289	 3.0800000000e+002	 2.67204e+002	 1.31990e+003
290	 3.0900000000e+002	 2.67323e+002	 1.32626e+003
291	 3.1000000000e+002	 2.67279e+002	 1.33252e+003
292	 3.1100000000e+002	 2.67931e+002	 1.33848e+003
293	 3.1200000000e+002	 2.68658e+002	 1.34408e+003
294	 3.1300000000e+002	 2.68467e+002	 1.34711e+003
295	 3.1400000000e+002	 2.65596e+002	 1.34946e+003
296	 3.1500000000e+002	 2.60277e+002	 1.35369e+003
297	 3.1600000000e+002	 2.53652e+002	 1.36020e+003
298	 3.1700000000e+002	 2.46918e+002	 1.36885e+003
299	 3.1800000000e+002	 2.40766e+002	 1.37843e+003
300	 3.1900000000e+002	 2.34278e+002	 1.39081e+003
301	 3.2000000000e+002	 2.30332e+002	 1.40580e+003
302	 3.2100000000e+002	 2.28978e+002	 1.42038e+003
303	 3.2200000000e+002	 2.28793e+002	 1.43501e+003
304	 3.2300000000e+002	 2.29978e+002	 1.44907e+003
305	 3.2400000000e+002	 2.33011e+002	 1.46212e+003
306	 3.2500000000e+002	 2.36142e+002	 1.47359e+003
307	 3.2600000000e+002	 2.39269e+002	 1.48511e+003
308	 3.2700000000e+002	 2.42306e+002	 1.49666e+003
309	 3.2800000000e+002	 2.46694e+002	 1.50767e+003
310	 3.2900000000e+002	 2.51814e+002	 1.51694e+003
311	 3.3000000000e+002	 2.56881e+002	 1.52613e+003
312	 3.3100000000e+002	 2.62142e+002	 1.53466e+003
313	 3.3200000000e+002	 2.67385e+002	 1.54187e+003
314	 3.3300000000e+002	 2.73408e+002	 1.54843e+003
315	 3.3400000000e+002	 2.78382e+002	 1.55367e+003
316	 3.3500000000e+002	 2.82802e+002	 1.55712e+003
317	 3.3600000000e+002	 2.84826e+002	 1.56012e+003
318	 3.3700000000e+002	 2.84902e+002	 1.56388e+003
319	 3.3800000000e+002	 2.83937e+002	 1.56833e+003
320	 3.3900000000e+002	 2.82916e+002	 1.57452e+003
321	 3.4000000000e+002	 2.82127e+002	 1.58084e+003
322	 3.4100000000e+002	 2.80321e+002	 1.58775e+003
323	 3.4200000000e+002	 2.78182e+002	 1.59676e+003
324	 3.4300000000e+002	 2.78875e+002	 1.60764e+003
325	 3.4400000000e+002	 2.80931e+002	 1.61796e+003
326	 3.4500000000e+002	 2.84384e+002	 1.62772e+003
327	 3.4600000000e+002	 2.89462e+002	 1.63719e+003
328	 3.4700000000e+002	 2.96145e+002	 1.64399e+003
329	 3.4800000000e+002	 3.01398e+002	 1.64776e+003
330	 3.4900000000e+002	 3.04248e+002	 1.64934e+003
331	 3.5000000000e+002	 3.06486e+002	 1.65205e+003
332	 3.5100000000e+002	 3.06157e+002	 1.65631e+003
333	 3.5200000000e+002	 3.05703e+002	 1.65997e+003
334	 3.5300000000e+002	 3.04731e+002	 1.66414e+003
335	 3.5400000000e+002	 3.04371e+002	 1.66977e+003
336	 3.5500000000e+002	 3.07540e+002	 1.67450e+003
337	 3.5600000000e+002	 3.12478e+002	 1.67686e+003
338	 3.5700000000e+002	 3.15092e+002	 1.67587e+003
339	 3.5800000000e+002	 3.12345e+002	 1.67391e+003
340	 3.5900000000e+002	 3.06011e+002	 1.66986e+003
341	 3.6000000000e+002	 2.96454e+002	 1.66871e+003
342	 3.6100000000e+002	 2.84551e+002	 1.67048e+003
343	 3.6200000000e+002	 2.70989e+002	 1.67483e+003
344	 3.6300000000e+002	 2.57010e+002	 1.68403e+003
345	 3.6400000000e+002	 2.43766e+002	 1.69555e+003
346	 3.6500000000e+002	 2.30393e+002	 1.71068e+003
347	 3.6600000000e+002	 2.20932e+002	 1.72777e+003
348	 3.6700000000e+002	 2.12623e+002	 1.74628e+003
349	 3.6800000000e+002	 2.07282e+002	 1.76541e+003
350	 3.6900000000e+002	 2.03622e+002	 1.78567e+003
351	 3.7000000000e+002	 2.00857e+002	 1.80506e+003
352	 3.7100000000e+002	 1.98850e+002	 1.82555e+003
353	 3.7200000000e+002	 1.94236e+002	 1.84551e+003
354	 3.7300000000e+002	 1.92285e+002	 1.86694e+003
355	 3.7400000000e+002	 1.93056e+002	 1.89070e+003
356	 3.7500000000e+002	 1.93775e+002	 1.91541e+003
357	 3.7600000000e+002	 1.94598e+002	 1.93954e+003
358	 3.7700000000e+002	 1.96589e+002	 1.96580e+003
359	 3.7800000000e+002	 2.02428e+002	 1.99411e+003
360	 3.7900000000e+002	 2.07879e+002	 2.02652e+003
361	 3.8000000000e+002	 2.18412e+002	 2.06254e+003
362	 3.8100000000e+002	 2.36440e+002	 2.10310e+003
363	 3.8200000000e+002	 2.65959e+002	 2.14169e+003
364	 3.8300000000e+002	 3.07096e+002	 2.17685e+003
365	 3.8400000000e+002	 3.56498e+002	 2.20061e+003
366	 3.8500000000e+002	 4.10874e+002	 2.21399e+003
367	 3.8600000000e+002	 4.63766e+002	 2.21285e+003
368	 3.8700000000e+002	 5.16037e+002	 2.20220e+003
369	 3.8800000000e+002	 5.63060e+002	 2.18257e+003
370	 3.8900000000e+002	 6.02926e+002	 2.15749e+003
371	 3.9000000000e+002	 6.40546e+002	 2.12587e+003
372	 3.9100000000e+002	 6.72697e+002	 2.08693e+003
373	 3.9200000000e+002	 6.92086e+002	 2.04145e+003
374	 3.9300000000e+002	 6.97430e+002	 1.99433e+003
375	 3.9400000000e+002	 6.94941e+002	 1.94889e+003
376	 3.9500000000e+002	 6.85408e+002	 1.90704e+003
377	 3.9600000000e+002	 6.66493e+002	 1.87083e+003
378	 3.9700000000e+002	 6.44668e+002	 1.84024e+003
379	 3.9800000000e+002	 6.17799e+002	 1.81142e+003
380	 3.9900000000e+002	 5.84532e+002	 1.78790e+003
381	 4.0000000000e+002	 5.54254e+002	 1.77146e+003
382	 4.0100000000e+002	 5.09685e+002	 1.76742e+003
383	 4.0200000000e+002	 4.66497e+002	 1.76948e+003
384	 4.0300000000e+002	 4.27626e+002	 1.77958e+003
385	 4.0400000000e+002	 3.90914e+002	 1.79779e+003
386	 4.0500000000e+002	 3.59722e+002	 1.82174e+003
387	 4.0600000000e+002	 3.35388e+002	 1.85124e+003
388	 4.0700000000e+002	 3.21379e+002	 1.88295e+003
389	 4.0800000000e+002	 3.13061e+002	 1.91756e+003
390	 4.0900000000e+002	 3.10919e+002	 1.95030e+003
391	 4.1000000000e+002	 3.13304e+002	 1.97901e+003
392	 4.1100000000e+002	 3.19071e+002	 2.00720e+003
393	 4.1200000000e+002	 3.33051e+002	 2.02948e+003
394	 4.1300000000e+002	 3.49506e+002	 2.04904e+003
395	 4.1400000000e+002	 3.64999e+002	 2.06269e+003
396	 4.1500000000e+002	 3.84379e+002	 2.07119e+003
397	 4.1600000000e+002	 4.04017e+002	 2.07439e+003
398	 4.1700000000e+002	 4.20005e+002	 2.06668e+003
399	 4.1800000000e+002	 4.27101e+002	 2.05610e+003
400	 4.1900000000e+002	 4.24162e+002	 2.04689e+003
401	 4.2000000000e+002	 4.18158e+002	 2.03951e+003
402	 4.2100000000e+002	 4.08515e+002	 2.03961e+003
403	 4.2200000000e+002	 3.98290e+002	 2.04237e+003
404	 4.2300000000e+002	 3.87947e+002	 2.04724e+003
405	 4.2400000000e+002	 3.76842e+002	 2.05392e+003
406	 4.2500000000e+002	 3.66355e+002	 2.06610e+003
407	 4.2600000000e+002	 3.59613e+002	 2.08302e+003
408	 4.2700000000e+002	 3.59715e+002	 2.10266e+003
409	 4.2800000000e+002	 3.62898e+002	 2.12168e+003
410	 4.2900000000e+002	 3.70274e+002	 2.13919e+003
411	 4.3000000000e+002	 3.80713e+002	 2.15494e+003
412	 4.3100000000e+002	 3.93917e+002	 2.16788e+003
413	 4.3200000000e+002	 4.11241e+002	 2.17417e+003
414	 4.3300000000e+002	 4.30461e+002	 2.17689e+003
415	 4.3400000000e+002	 4.46911e+002	 2.17294e+003
416	 4.3500000000e+002	 4.60721e+002	 2.16169e+003
417	 4.3600000000e+002	 4.69334e+002	 2.15032e+003
418	 4.3700000000e+002	 4.74138e+002	 2.13622e+003
419	 4.3800000000e+002	 4.74044e+002	 2.12037e+003
420	 4.3900000000e+002	 4.64987e+002	 2.10648e+003
421	 4.4000000000e+002	 4.51924e+002	 2.09547e+003
422	 4.4100000000e+002	 4.35371e+002	 2.09100e+003
423	 4.4200000000e+002	 4.20396e+002	 2.09362e+003
424	 4.4300000000e+002	 4.09001e+002	 2.09497e+003
425	 4.4400000000e+002	 3.99469e+002	 2.09750e+003
426	 4.4500000000e+002	 3.89434e+002	 2.10120e+003
427	 4.4600000000e+002	 3.77934e+002	 2.10488e+003
428	 4.4700000000e+002	 3.66237e+002	 2.11292e+003
429	 4.4800000000e+002	 3.58209e+002	 2.12284e+003
430	 4.4900000000e+002	 3.53961e+002	 2.13007e+003
431	 4.5000000000e+002	 3.45615e+002	 2.13523e+003
432	 4.5100000000e+002	 3.44690e+002	 2.14081e+003
433	 4.5200000000e+002	 3.40992e+002	 2.14138e+003
434	 4.5300000000e+002	 3.30568e+002	 2.14153e+003
435	 4.5400000000e+002	 3.20823e+002	 2.14391e+003
436	 4.5500000000e+002	 3.10932e+002	 2.14606e+003
437	 4.5600000000e+002	 2.94128e+002	 2.15020e+003
438	 4.5700000000e+002	 2.78121e+002	 2.15885e+003
439	 4.5800000000e+002	 2.62963e+002	 2.16949e+003
440	 4.5900000000e+002	 2.47857e+002	 2.18026e+003
441	 4.6000000000e+002	 2.34350e+002	 2.19379e+003
442	 4.6100000000e+002	 2.19801e+002	 2.20981e+003
443	 4.6200000000e+002	 2.08601e+002	 2.22238e+003
444	 4.6300000000e+002	 1.96092e+002	 2.23463e+003
445	 4.6400000000e+002	 1.73660e+002	 2.25084e+003
446	 4.6500000000e+002	 1.57297e+002	 2.26858e+003
447	 4.6600000000e+002	 1.28787e+002	 2.29911e+003
448	 4.6700000000e+002	 1.15994e+002	 2.33798e+003
449	 4.6800000000e+002	 1.06566e+002	 2.37146e+003
450	 4.6900000000e+002	 1.04255e+002	 2.42671e+003
451	 4.7000000000e+002	 1.06127e+002	 2.45311e+003
452	 4.7100000000e+002	 1.12050e+002	 2.51617e+003
453	 4.7200000000e+002	 1.18925e+002	 2.54109e+003
454	 4.7300000000e+002	 1.43893e+002	 2.61234e+003
455	 4.7400000000e+002	 1.65095e+002	 2.63540e+003
456	 4.7500000000e+002	 2.30678e+002	 2.69271e+003
457	 4.7600000000e+002	 2.59901e+002	 2.71017e+003
458	 4.7700000000e+002	 3.25541e+002	 2.70925e+003
459	 4.7800000000e+002	 3.55794e+002	 2.71401e+003
460	 4.7900000000e+002	 3.82565e+002	 2.71287e+003
461	 4.8000000000e+002	 4.31743e+002	 2.70600e+003
462	 4.8100000000e+002	 4.49324e+002	 2.70689e+003
463	 4.8200000000e+002	 4.74483e+002	 2.70593e+003
464	 4.8300000000e+002	 5.19822e+002	 2.69924e+003
465	 4.8400000000e+002	 5.49737e+002	 2.69225e+003
466	 4.8500000000e+002	 5.78245e+002	 2.67526e+003
467	 4.8600000000e+002	 6.16756e+002	 2.62585e+003
468	 4.8700000000e+002	 6.52533e+002	 2.58412e+003
469	 4.8800000000e+002	 6.63010e+002	 2.55087e+003
470	 4.8900000000e+002	 6.63722e+002	 2.51692e+003
471	 4.9000000000e+002	 6.66770e+002	 2.48752e+003
472	 4.9100000000e+002	 6.49784e+002	 2.42501e+003
473	 4.9200000000e+002	 6.28408e+002	 2.39927e+003
474	 4.9300000000e+002	 6.15474e+002	 2.38159e+003
475	 4.9400000000e+002	 6.00544e+002	 2.36277e+003
476	 4.9500000000e+002	 5.84995e+002	 2.34398e+003
477	 4.9600000000e+002	 5.70222e+002	 2.32593e+003
478	 4.9700000000e+002	 5.46257e+002	 2.30740e+003
479	 4.9800000000e+002	 5.20653e+002	 2.28892e+003
480	 4.9900000000e+002	 4.92410e+002	 2.28087e+003
481	 5.0000000000e+002	 4.57930e+002	 2.28014e+003
482	 5.0100000000e+002	 4.26249e+002	 2.26651e+003
483	 5.0200000000e+002	 3.97960e+002	 2.26057e+003
484	 5.0300000000e+002	 3.72356e+002	 2.25992e+003
485	 5.0400000000e+002	 3.30796e+002	 2.26667e+003
486	 5.0500000000e+002	 3.02623e+002	 2.27362e+003
487	 5.0600000000e+002	 2.95453e+002	 2.27995e+003
488	 5.0700000000e+002	 2.55432e+002	 2.23165e+003
489	 5.0800000000e+002	 1.60098e+002	 2.23578e+003
490	 5.0900000000e+002	 1.56944e+002	 2.28773e+003
491	 5.1000000000e+002	 2.25564e+002	 2.32418e+003
492	 5.1100000000e+002	 1.54007e+002	 2.33819e+003
493	 5.1200000000e+002	 3.30250e+001	 2.31267e+003
494	 5.1300000000e+002	 5.55153e+001	 2.44181e+003
495	 5.1400000000e+002	 1.90390e+002	 2.41844e+003
496	 5.1500000000e+002	 1.39225e+002	 2.28945e+003
497	 5.1600000000e+002	-1.01314e+002	 2.32390e+003
498	 5.1700000000e+002	-1.86621e+002	 2.29507e+003
499	 5.1800000000e+002	-5.93915e+001	 2.37151e+003
500	 5.1900000000e+002	 1.06127e+002	 2.67689e+003
501	 5.2000000000e+002	 1.98600e+002	 3.17028e+003
502	 5.2100000000e+002	 3.25996e+002	 3.13601e+003
503	 5.2200000000e+002	 2.03474e+002	 3.17972e+003
504	 5.2300000000e+002	 1.98471e+002	 3.30554e+003
505	 5.2400000000e+002	 3.92227e+002	 3.27817e+003
506	 5.2500000000e+002	 3.16052e+002	 3.08554e+003
507	 5.2600000000e+002	 1.50929e+002	 2.99754e+003
508	 5.2700000000e+002	 3.47703e+002	 2.89089e+003
509	 5.2800000000e+002	 3.59024e+002	 2.77170e+003
510	 5.2900000000e+002	 4.77649e+001	 2.50220e+003
511	 5.3000000000e+002	 1.04110e+001	 2.29907e+003
512	 5.3100000000e+002	 3.95638e+000	 2.57092e+003
513	 5.3200000000e+002	-1.22315e+002	 2.63144e+003
514	 5.3300000000e+002	 9.81342e+000	 2.84413e+003
515	 5.3400000000e+002	 8.32752e+001	 2.83191e+003
516	 5.3500000000e+002	-3.71128e+001	 2.75165e+003
517	 5.3600000000e+002	-1.51566e+001	 2.80869e+003
518	 5.3700000000e+002	 2.29067e+002	 2.92596e+003
519	 5.3800000000e+002	 6.45453e+002	 2.74525e+003
520	 5.3900000000e+002	 7.24020e+002	 2.78593e+003
521	 5.4000000000e+002	 3.59533e+002	 2.93713e+003
522	 5.4100000000e+002	 1.80304e+002	 3.13139e+003
523	 5.4200000000e+002	 2.39176e+002	 3.29510e+003
524	 5.4300000000e+002	 5.83724e+001	 3.33779e+003
525	 5.4400000000e+002	 6.33499e+001	 3.31707e+003
526	 5.4500000000e+002	 2.91048e+002	 3.57390e+003
527	 5.4600000000e+002	 2.58788e+002	 3.63334e+003
528	 5.4700000000e+002	-7.35498e+001	 3.58861e+003
529	 5.4800000000e+002	-1.21288e+002	 3.43113e+003
530	 5.4900000000e+002	-8.06564e+001	 3.23345e+003
531	 5.5000000000e+002	-4.47850e+001	 2.29246e+003
532	 5.5100000000e+002	-3.51284e+002	 2.70696e+003
533	 5.5200000000e+002	-4.18604e+002	 3.08585e+003
534	 5.5300000000e+002	-2.21663e+002	 2.36091e+003
535	 5.5400000000e+002	 7.30556e+001	 1.63561e+003
536	 5.5500000000e+002	 1.10809e+002	 1.18766e+003
537	 5.5600000000e+002	-6.39417e+000	 1.16320e+003
538	 5.5700000000e+002	 1.31339e+002	 1.10483e+003
539	 5.5800000000e+002	 2.27152e+001	 9.90900e+002
540	 5.5900000000e+002	-3.45936e+002	 1.19750e+003
541	 5.6000000000e+002	-1.30456e+002	 1.48476e+003
542	 5.6100000000e+002	-8.34040e+001	 1.59800e+003
543	 5.6200000000e+002	-2.60905e+002	 1.75066e+003
544	 5.6300000000e+002	 2.17269e+001	 1.79301e+003
545	 5.6400000000e+002	 5.25998e+001	 1.88639e+003
546	 5.6500000000e+002	-6.93058e+001	 1.96590e+003
547	 5.6600000000e+002	-1.48855e+001	 1.93616e+003
548	 5.6700000000e+002	 5.56599e+001	 1.81605e+003
549	 5.6800000000e+002	-1.53825e+001	 1.93698e+003
550	 5.6900000000e+002	 1.59239e+001	 1.93195e+003
551	 5.7000000000e+002	 5.61562e+001	 1.88465e+003
552	 5.7100000000e+002	 9.54878e+000	 1.85863e+003
553	 5.7200000000e+002	-1.27867e+002	 1.64500e+003
554	 5.7300000000e+002	-1.20919e+002	 1.31201e+003
555	 5.7400000000e+002	-1.41690e+002	 1.27668e+003
556	 5.7500000000e+002	-7.84046e+001	 1.41813e+003
557	 5.7600000000e+002	 1.09496e+002	 1.76758e+003
558	 5.7700000000e+002	-2.27675e+001	 1.37853e+003
559	 5.7800000000e+002	-1.41434e+002	 1.37389e+003
560	 5.7900000000e+002	-1.31289e+002	 1.91454e+003
561	 5.8000000000e+002	-9.67201e+001	 1.99583e+003
562	 5.8100000000e+002	 1.32826e+002	 2.03183e+003
563	 5.8200000000e+002	 1.45975e+002	 1.94966e+003
564	 5.8300000000e+002	 2.11742e+002	 2.18348e+003
565	 5.8400000000e+002	 1.33501e+002	 2.19389e+003
566	 5.8500000000e+002	 1.50809e+002	 2.23344e+003
567	 5.8600000000e+002	 1.48392e+002	 2.01194e+003
568	 5.8700000000e+002	 1.90450e+001	 2.15687e+003
569	 5.8800000000e+002	-1.29391e+002	 2.08212e+003
570	 5.8900000000e+002	-6.35710e+001	 2.25584e+003
571	 5.9000000000e+002	 9.76357e+001	 2.21329e+003
572	 5.9100000000e+002	 1.31550e+002	 2.19133e+003
573	 5.9200000000e+002	 9.78250e+001	 2.20736e+003
574	 5.9300000000e+002	 4.01638e+001	 2.17662e+003
575	 5.9400000000e+002	-1.65509e+001	 2.33131e+003
576	 5.9500000000e+002	 3.64962e+000	 2.39309e+003
577	 5.9600000000e+002	 7.54046e+001	 2.42773e+003
578	 5.9700000000e+002	 1.10352e+002	 2.33520e+003
579	 5.9800000000e+002	 1.09855e+002	 2.22799e+003
580	 5.9900000000e+002	 9.47331e+001	 2.32031e+003
581	 6.0000000000e+002	 6.73106e+001	 2.22994e+003
582	 6.0100000000e+002	 4.98263e+001	 2.31732e+003
583	 6.0200000000e+002	-3.11913e+001	 2.41833e+003
584	 6.0300000000e+002	-2.32717e+002	 2.24695e+003
585	 6.0400000000e+002	-3.50842e+002	 2.09311e+003
586	 6.0500000000e+002	-2.83275e+002	 2.17759e+003
587	 6.0600000000e+002	-1.44418e+002	 2.34139e+003
588	 6.0700000000e+002	-2.03845e+002	 2.23648e+003
589	 6.0800000000e+002	-3.06352e+002	 2.00332e+003
590	 6.0900000000e+002	-3.13727e+002	 1.99450e+003
591	 6.1000000000e+002	-8.87350e+001	 2.16105e+003
592	 6.1100000000e+002	-1.38473e+002	 1.96983e+003
593	 6.1200000000e+002	-3.30052e+002	 1.82709e+003
594	 6.1300000000e+002	-3.31220e+002	 1.63406e+003
595	 6.1400000000e+002	-3.94581e+002	 1.41000e+003
596	 6.1500000000e+002	-5.90691e+001	 1.78748e+003
597	 6.1600000000e+002	-3.27681e+001	 1.88584e+003
598	 6.1700000000e+002	 1.63906e+002	 1.93485e+003
599	 6.1800000000e+002	 1.46219e+002	 1.74180e+003
600	 6.1900000000e+002	-1.44636e+002	 1.91902e+003
601	 6.2000000000e+002	 1.01059e+002	 2.00497e+003
602	 6.2100000000e+002	 1.97432e+002	 1.96883e+003
603	 6.2200000000e+002	 1.13966e+002	 2.70763e+003
604	 6.2300000000e+002	 3.05070e+002	 2.92155e+003
605	 6.2400000000e+002	 3.38742e+002	 2.97131e+003
606	 6.2500000000e+002	 2.04430e+002	 2.91120e+003
607	 6.2600000000e+002	 1.36663e+002	 2.97680e+003
608	 6.2700000000e+002	 6.80505e+001	 2.74643e+003
609	 6.2800000000e+002	 1.50510e+002	 2.60106e+003
610	 6.2900000000e+002	 2.01362e+002	 2.52310e+003
611	 6.3000000000e+002	 2.93151e+002	 2.45465e+003
612	 6.3100000000e+002	 3.30539e+002	 2.32281e+003
613	 6.3200000000e+002	 3.01801e+002	 2.46987e+003
614	 6.3300000000e+002	-1.93968e+002	 2.34465e+003
615	 6.3400000000e+002	-2.76514e+002	 2.24952e+003
616	 6.3500000000e+002	-5.81375e+001	 1.94975e+003
617	 6.3600000000e+002	 8.49285e+001	 2.03235e+003
618	 6.3700000000e+002	 1.79695e+002	 2.10629e+003
619	 6.3800000000e+002	 1.90490e+002	 2.22410e+003
620	 6.3900000000e+002	 1.90519e+002	 2.10122e+003
621	 6.4000000000e+002	 2.04846e+002	 2.20114e+003
622	 6.4100000000e+002	 1.71449e+002	 2.21477e+003
623	 6.4200000000e+002	 1.20301e+001	 2.68353e+003
624	 6.4300000000e+002	 1.82144e+002	 2.67345e+003
625	 6.4400000000e+002	 2.66216e+002	 2.84712e+003
626	 6.4500000000e+002	 2.75723e+002	 2.92010e+003
627	 6.4600000000e+002	 2.49750e+002	 2.95284e+003
628	 6.4700000000e+002	 1.28190e+002	 3.16008e+003
629	 6.4800000000e+002	 2.64947e+002	 3.12566e+003
630	 6.4900000000e+002	 4.94945e+002	 2.88634e+003
631	 6.5000000000e+002	 5.03565e+002	 2.35092e+003
632	 6.5100000000e+002	 4.36538e+002	 2.89984e+003
633	 6.5200000000e+002	 4.65814e+002	 3.08848e+003
634	 6.5300000000e+002	 4.37965e+002	 3.10929e+003
635	 6.5400000000e+002	 3.36612e+002	 3.35853e+003
636	 6.5500000000e+002	 3.77463e+002	 3.14017e+003
637	 6.5600000000e+002	 4.55527e+002	 2.79917e+003
638	 6.5700000000e+002	 5.83464e+002	 3.04032e+003
639	 6.5800000000e+002	 4.40599e+002	 3.00676e+003
640	 6.5900000000e+002	 4.15551e+002	 2.80237e+003
641	 6.6000000000e+002	 4.82848e+002	 2.93191e+003
642	 6.6100000000e+002	 4.39412e+002	 2.65782e+003
643	 6.6200000000e+002	 2.05124e+002	 2.36179e+003
644	 6.6300000000e+002	-8.52108e+001	 2.01369e+003
645	 6.6400000000e+002	 9.20240e+000	 1.98686e+003
646	 6.6500000000e+002	 1.16588e+001	 1.74241e+003
647	 6.6600000000e+002	-3.42033e+000	 1.76395e+003
648	 6.6700000000e+002	 2.03052e+001	 2.03595e+003
649	 6.6800000000e+002	 2.87470e+001	 1.65283e+003
650	 6.6900000000e+002	 5.41565e+001	 1.24702e+003
651	 6.7000000000e+002	-6.01352e+001	 1.34935e+003
652	 6.7100000000e+002	-2.88047e+002	 1.59228e+003
653	 6.7200000000e+002	-4.30445e+002	 1.52910e+003
654	 6.7300000000e+002	-2.30956e+001	 1.62508e+003
655	 6.7400000000e+002	 2.64725e+002	 2.14436e+003
656	 6.7500000000e+002	 1.72615e+002	 2.44377e+003
657	 6.7600000000e+002	 1.64944e+002	 2.19561e+003
658	 6.7700000000e+002	 3.82274e+002	 2.72253e+003
659	 6.7800000000e+002	 2.06927e+002	 2.37199e+003
660	 6.7900000000e+002	 2.28821e+002	 2.06356e+003
661	 6.8000000000e+002	 2.43186e+002	 2.57663e+003
662	 6.8100000000e+002	-8.97286e+001	 2.13773e+003
663	 6.8200000000e+002	 5.97966e+001	 2.05683e+003
664	 6.8300000000e+002	 1.26886e+002	 1.92633e+003
665	 6.8400000000e+002	-6.62012e+001	 1.68897e+003
666	 6.8500000000e+002	 9.40717e+001	 2.28884e+003
667	 6.8600000000e+002	 2.37830e+002	 1.92423e+003
668	 6.8700000000e+002	 4.57116e+001	 1.87641e+003
669	 6.8800000000e+002	-2.95984e+002	 1.66837e+003
670	 6.8900000000e+002	-1.22199e+002	 1.68175e+003
671	 6.9000000000e+002	 9.45466e+001	 1.77977e+003
672	 6.9100000000e+002	-2.76699e+001	 2.33296e+003
673	 6.9200000000e+002	-4.55480e+001	 2.39043e+003
674	 6.9300000000e+002	-4.21568e+001	 2.11900e+003
675	 6.9400000000e+002	 1.78663e+001	 2.21960e+003
676	 6.9500000000e+002	 1.74219e+001	 1.86368e+003
677	 6.9600000000e+002	-2.14498e+002	 2.33911e+003
678	 6.9700000000e+002	-3.00977e+002	 2.12639e+003
679	 6.9800000000e+002	-3.70445e+002	 2.11689e+003
680	 6.9900000000e+002	-4.05704e+002	 1.97697e+003
681	 7.0000000000e+002	 6.67920e+001	 1.98864e+003
682	 7.0100000000e+002	 1.97340e+002	 1.91682e+003
683	 7.0200000000e+002	-2.44860e+002	 1.73937e+003
684	 7.0300000000e+002	-1.75209e+002	 2.21900e+003
685	 7.0400000000e+002	-8.46753e+001	 2.19065e+003
686	 7.0500000000e+002	-8.26039e+001	 2.14923e+003
687	 7.0600000000e+002	 9.53822e+001	 2.01416e+003
688	 7.0700000000e+002	 8.10318e+001	 2.35684e+003
689	 7.0800000000e+002	 3.21506e+002	 2.84822e+003
690	 7.0900000000e+002	 2.97754e+002	 2.58460e+003
691	 7.1000000000e+002	-7.01613e+001	 2.62658e+003
692	 7.1100000000e+002	-1.67681e+002	 2.17344e+003
693	 7.1200000000e+002	-1.41374e+000	 2.29725e+003
694	 7.1300000000e+002	-4.85937e+001	 2.51845e+003
695	 7.1400000000e+002	-1.11914e+002	 2.11614e+003
696	 7.1500000000e+002	-2.19022e+002	 2.47288e+003
697	 7.1600000000e+002	 5.97645e+001	 2.47748e+003
698	 7.1700000000e+002	-2.01760e+001	 2.03714e+003
699	 7.1800000000e+002	-1.35988e+002	 2.12201e+003
700	 7.1900000000e+002	 7.32572e+001	 2.45523e+003
701	 7.2000000000e+002	 5.59515e+001	 2.44426e+003
702	 7.2100000000e+002	 1.48196e+002	 2.42600e+003
703	 7.2200000000e+002	 1.90454e+002	 2.14622e+003
704	 7.2300000000e+002	 9.37286e+001	 1.80107e+003
705	 7.2400000000e+002	 3.97301e+001	 1.72475e+003
706	 7.2500000000e+002	-5.46705e+001	 2.10115e+003
707	 7.2600000000e+002	 4.84334e+001	 1.95748e+003
708	 7.2700000000e+002	 2.16627e+001	 1.63545e+003
709	 7.2800000000e+002	-1.66605e+002	 1.60076e+003
710	 7.2900000000e+002	-3.86364e+001	 1.15110e+003
711	 7.3000000000e+002	 8.91158e+001	 1.96299e+003
712	 7.3100000000e+002	 7.22759e+001	 2.00486e+003
713	 7.3200000000e+002	-6.02757e+001	 1.63267e+003
714	 7.3300000000e+002	-5.97962e+001	 1.90952e+003
715	 7.3400000000e+002	 1.13727e+002	 1.72692e+003
716	 7.3500000000e+002	 1.96501e+002	 1.74861e+003
717	 7.3600000000e+002	-2.11035e+002	 1.23958e+003
718	 7.3700000000e+002	-1.59503e+002	 1.30030e+003
719	 7.3800000000e+002	 2.24765e+002	 1.54703e+003
720	 7.3900000000e+002	 3.27630e+002	 1.74238e+003
721	 7.4000000000e+002	 2.44353e+002	 1.19198e+003
722	 7.4100000000e+002	 9.89447e+001	 8.04675e+002
723	 7.4200000000e+002	 1.07088e+001	 8.29436e+002
724	 7.4300000000e+002	 1.07710e+002	 8.12447e+002
725	 7.4400000000e+002	-1.00701e+002	 1.04937e+003
726	 7.4500000000e+002	-2.92837e+001	 1.33544e+003
727	 7.4600000000e+002	-1.80471e+002	 1.05618e+003
728	 7.4700000000e+002	-3.44247e+002	 1.09730e+003
729	 7.4800000000e+002	-1.54041e+002	 1.08237e+003
730	 7.4900000000e+002	 3.52699e+000	 1.41176e+003
731	 7.5000000000e+002	 1.28397e+002	 1.06520e+003
732	 7.5100000000e+002	 2.52782e+002	 6.49060e+002
733	 7.5200000000e+002	 2.56311e+002	 8.91559e+002
734	 7.5300000000e+002	 1.02664e+002	 1.17277e+003
735	 7.5400000000e+002	-1.49259e+002	 1.36908e+003
736	 7.5500000000e+002	-2.00050e+002	 9.73130e+002
737	 7.5600000000e+002	 1.91812e+002	 8.18377e+002
738	 7.5700000000e+002	 3.19062e+002	 9.13935e+002
739	 7.5800000000e+002	 4.63072e+002	 1.23653e+003
740	 7.5900000000e+002	 2.78883e+002	 1.11246e+003
741	 7.6000000000e+002	 1.84544e+002	 8.16279e+002
742	 7.6100000000e+002	 1.40309e+002	 5.13678e+002
743	 7.6200000000e+002	 5.60939e+000	 6.12102e+002
744	 7.6300000000e+002	 1.67684e+002	 8.65361e+002
745	 7.6400000000e+002	 2.90837e+002	 8.76698e+002
746	 7.6500000000e+002	 1.82625e+002	 7.14361e+002
747	 7.6600000000e+002	 2.48466e+002	 8.79258e+002
748	 7.6700000000e+002	 3.12498e+002	 1.06516e+003
749	 7.6800000000e+002	 2.65313e+002	 1.11032e+003
750	 7.6900000000e+002	 3.35011e+002	 1.37059e+003
751	 7.7000000000e+002	 3.84188e+002	 1.24858e+003
752	 7.7100000000e+002	 5.25766e+002	 1.06360e+003
753	 7.7200000000e+002	 2.95012e+002	 7.90982e+002
754	 7.7300000000e+002	 5.83641e+001	 6.07080e+002
755	 7.7400000000e+002	 2.59904e+001	 3.94702e+002
756	 7.7500000000e+002	 1.53741e+001	 3.35361e+002
757	 7.7600000000e+002	-2.74117e+001	 3.26733e+002
758	 7.7700000000e+002	-4.12296e+001	 3.53834e+002
759	 7.7800000000e+002	 2.17087e+001	 4.80146e+002
760	 7.7900000000e+002	-2.01111e+000	 3.19728e+002
761	 7.8000000000e+002	-5.02532e+001	 3.36199e+002
762	 7.8100000000e+002	-3.00722e+001	 3.81401e+002
763	 7.8200000000e+002	 7.45284e+001	 3.26809e+002
764	 7.8300000000e+002	-1.78707e+002	 2.18479e+002
765	 7.8400000000e+002	 1.82626e+000	 1.84819e+002
766	 7.8500000000e+002	 8.35721e+001	 2.28257e+002
767	 7.8600000000e+002	-4.86766e+001	 2.33082e+002
768	 7.8700000000e+002	 5.34700e+000	 3.73490e+002
769	 7.8800000000e+002	 2.25804e+001	 3.87152e+002
770	 7.8900000000e+002	-2.09694e+002	 3.03541e+002
771	 7.9000000000e+002	-9.17018e+001	 2.33498e+002
772	 7.9100000000e+002	-8.21585e+001	 6.79786e+002
773	 7.9200000000e+002	 2.00637e+001	 7.16242e+002
774	 7.9300000000e+002	 4.14966e+001	 6.66760e+002
775	 7.9400000000e+002	-1.41082e+002	 7.30150e+002
776	 7.9500000000e+002	-2.87995e+001	 4.35982e+002
777	 7.9600000000e+002	-2.51120e+002	 8.65025e+002
778	 7.9700000000e+002	-3.41702e+002	 1.13478e+003
779	 7.9800000000e+002	 6.01329e+001	 5.87597e+002
780	 7.9900000000e+002	 3.30386e+002	 5.35161e+002
781	 8.0000000000e+002	-7.95679e+001	 4.28355e+002
782	 8.0100000000e+002	-4.24742e+001	 7.57853e+002
783	 8.0200000000e+002	-3.19798e+002	 9.79051e+002
784	 8.0300000000e+002	-1.43076e+002	 7.36583e+002
785	 8.0400000000e+002	-1.96899e+002	 8.01993e+002
786	 8.0500000000e+002	-1.57939e+002	 7.59109e+002
787	 8.0600000000e+002	-1.80918e+002	 7.36877e+002
788	 8.0700000000e+002	-2.15299e+002	 1.21163e+003
789	 8.0800000000e+002	-1.37199e+002	 1.15514e+003
790	 8.0900000000e+002	 1.71424e+000	 7.93452e+002
791	 8.1000000000e+002	-6.72420e+001	 6.83711e+002
792	 8.1100000000e+002	-2.53570e+002	 7.41927e+002
793	 8.1200000000e+002	-3.69784e+002	 1.06185e+003
794	 8.1300000000e+002	-1.37835e+002	 1.14191e+003
795	 8.1400000000e+002	-1.05015e+002	 1.37183e+003
796	 8.1500000000e+002	-8.92861e+001	 1.65609e+003
797	 8.1600000000e+002	-2.26565e+002	 1.43107e+003
798	 8.1700000000e+002	 2.95890e+001	 1.13545e+003
799	 8.1800000000e+002	-9.36559e+001	 7.50289e+002
800	 8.1900000000e+002	-9.54668e+001	 9.58674e+002
801	 8.2000000000e+002	 1.08269e+002	 9.79538e+002
802	 8.2100000000e+002	 2.31381e+002	 8.36169e+002
803	 8.2200000000e+002	-2.82144e+001	 5.08011e+002
804	 8.2300000000e+002	-9.71023e+001	 7.04956e+002
805	 8.2400000000e+002	 1.66002e+002	 6.62999e+002
806	 8.2500000000e+002	 6.41719e+001	 4.59747e+002
807	 8.2600000000e+002	 5.91803e+001	 4.30057e+002
808	 8.2700000000e+002	 4.94782e+001	 7.17153e+002
809	 8.2800000000e+002	 4.76228e+001	 1.06405e+003
810	 8.2900000000e+002	 3.37938e+001	 5.77940e+002
811	 8.3000000000e+002	 7.36515e+001	 7.22637e+002
812	 8.3100000000e+002	 1.56570e+000	 6.78131e+002
813	 8.3200000000e+002	 2.15775e+001	 2.73667e+002
814	 8.3300000000e+002	-2.48259e+001	 3.13951e+002
815	 8.3400000000e+002	-2.11223e+002	 3.82488e+002
816	 8.3500000000e+002	-2.93357e+001	 4.83903e+002
817	 8.3600000000e+002	 2.61928e+000	 3.33584e+002
818	 8.3700000000e+002	-3.24115e+001	 4.86319e+002
819	 8.3800000000e+002	-8.77462e+001	 6.76379e+002
820	 8.3900000000e+002	-1.16869e+002	 8.66809e+002
821	 8.4000000000e+002	-1.65949e+001	 1.05006e+003
822	 8.4100000000e+002	 1.71646e+001	 1.01212e+003
823	 8.4200000000e+002	-9.93921e+001	 7.97313e+002
824	 8.4300000000e+002	-4.16721e+001	 9.14621e+002
825	 8.4400000000e+002	-1.20236e+002	 7.39056e+002
826	 8.4500000000e+002	-2.07405e+001	 4.79058e+002
827	 8.4600000000e+002	 1.85167e+001	 5.47419e+002
828	 8.4700000000e+002	-1.49103e+002	 7.22112e+002
829	 8.4800000000e+002	-2.02236e+002	 5.33653e+002
830	 8.4900000000e+002	-4.41052e+001	 3.77784e+002
831	 8.5000000000e+002	-7.75028e+001	 1.77722e+002
832	 8.5100000000e+002	-7.69895e+001	 1.58353e+002
833	 8.5200000000e+002	-7.18781e+001	 1.63768e+002
834	 8.5300000000e+002	-1.43095e+002	 2.12921e+002
835	 8.5400000000e+002	-3.84751e+001	 3.84908e+002
836	 8.5500000000e+002	-9.12363e+001	 2.99840e+002
837	 8.5600000000e+002	-2.19456e+002	 3.71015e+002
838	 8.5700000000e+002	-7.66163e+001	 2.79685e+002
839	 8.5800000000e+002	-1.45107e+002	 2.63494e+002
840	 8.5900000000e+002	 4.32528e+001	 1.73956e+002
841	 8.6000000000e+002	 1.31575e+001	 2.54009e+002
842	 8.6100000000e+002	 3.63176e+001	 4.70447e+002
843	 8.6200000000e+002	 2.16384e+002	 4.19961e+002
844	 8.6300000000e+002	 1.83133e+002	 2.12077e+002
845	 8.6400000000e+002	 7.54317e+001	 1.81312e+002
846	 8.6500000000e+002	-1.26615e+001	 2.83107e+002
847	 8.6600000000e+002	-1.23138e+002	 4.48851e+002
848	 8.6700000000e+002	-7.95318e+001	 4.20771e+002
849	 8.6800000000e+002	 1.00762e+001	 5.11497e+002
850	 8.6900000000e+002	-1.89011e+002	 5.77662e+002
851	 8.7000000000e+002	-5.30004e+001	 4.99672e+002
852	 8.7100000000e+002	-8.03244e+000	 5.21005e+002
853	 8.7200000000e+002	-5.14703e+001	 3.20746e+002
854	 8.7300000000e+002	-5.77178e+001	 4.14703e+002
855	 8.7400000000e+002	 8.90259e+001	 4.45207e+002
856	 8.7500000000e+002	-2.41860e+000	 7.08550e+002
857	 8.7600000000e+002	-9.11790e+001	 1.16891e+003
858	 8.7700000000e+002	 8.93535e+000	 1.06586e+003
859	 8.7800000000e+002	-2.62726e+000	 5.98278e+002
860	 8.7900000000e+002	-8.83314e+001	 4.75194e+002
861	 8.8000000000e+002	-1.53515e+002	 7.96181e+002
862	 8.8100000000e+002	-8.38978e+001	 1.25005e+003
863	 8.8200000000e+002	-2.39824e+002	 1.47453e+003
864	 8.8300000000e+002	-1.18955e+002	 1.41907e+003
865	 8.8400000000e+002	-1.57052e+002	 1.67360e+003
866	 8.8500000000e+002	-5.22231e+002	 1.80951e+003
867	 8.8600000000e+002	-4.44035e+002	 1.47286e+003
868	 8.8700000000e+002	-3.68191e+002	 1.43954e+003
869	 8.8800000000e+002	-3.78305e+002	 1.26573e+003
870	 8.8900000000e+002	-2.29378e+002	 8.85133e+002
871	 8.9000000000e+002	-9.67463e+001	 7.74668e+002
872	 8.9100000000e+002	-2.74906e+002	 8.19851e+002
873	 8.9200000000e+002	 5.82774e+001	 8.47478e+002
874	 8.9300000000e+002	 4.91165e+001	 7.98839e+002
875	 8.9400000000e+002	-2.41586e+002	 7.85756e+002
876	 8.9500000000e+002	-1.87357e+002	 8.12202e+002
877	 8.9600000000e+002	-1.29496e+002	 6.47216e+002
878	 8.9700000000e+002	-5.63370e+001	 5.57390e+002
879	 8.9800000000e+002	 5.94311e+001	 7.58627e+002
880	 8.9900000000e+002	 4.00176e+001	 6.87533e+002
881	 9.0000000000e+002	 1.42412e+002	 3.66511e+002
882	 9.0100000000e+002	 2.81497e+002	 4.40862e+002
883	 9.0200000000e+002	 3.66134e+002	 5.88640e+002
884	 9.0300000000e+002	 8.56467e+001	 4.42132e+002
885	 9.0400000000e+002	-8.62175e+001	 7.81150e+002
886	 9.0500000000e+002	-2.93190e+002	 1.34079e+003
887	 9.0600000000e+002	-4.54177e+001	 8.11271e+002
888	 9.0700000000e+002	 1.36329e+002	 6.98262e+002
889	 9.0800000000e+002	-2.08857e+002	 4.50925e+002
890	 9.0900000000e+002	-2.81113e+002	 2.44868e+002
891	 9.1000000000e+002	-1.50198e+002	 3.88890e+002
892	 9.1100000000e+002	-1.56348e+002	 4.54189e+002
893	 9.1200000000e+002	-9.66902e+001	 3.85765e+002
894	 9.1300000000e+002	-4.26224e+001	 4.50731e+002
895	 9.1400000000e+002	 5.59350e+001	 3.09376e+002
896	 9.1500000000e+002	 1.12026e+001	 4.34720e+002
897	 9.1600000000e+002	 2.69634e+001	 4.30209e+002
898	 9.1700000000e+002	-1.16873e+001	 2.88965e+002
899	 9.1800000000e+002	-1.15611e+002	 1.49793e+002
900	 9.1900000000e+002	-1.19093e+002	 2.12809e+002
901	 9.2000000000e+002	-4.23481e+001	 1.95476e+002
902	 9.2100000000e+002	-8.59053e+001	 1.65889e+002
903	 9.2200000000e+002	-1.79700e+002	 3.09823e+002
904	 9.2300000000e+002	-3.30118e+002	 6.28741e+002
905	 9.2400000000e+002	-1.41531e+002	 3.26506e+002
906	 9.2500000000e+002	-5.17638e+001	 2.48651e+002
907	 9.2600000000e+002	-1.01663e+002	 2.11048e+002
908	 9.2700000000e+002	 1.09984e+001	 3.22036e+002
909	 9.2800000000e+002	 1.27156e+002	 3.36372e+002
910	 9.2900000000e+002	 1.42792e+002	 3.08229e+002
911	 9.3000000000e+002	 9.19224e+001	 2.59259e+002
912	 9.3100000000e+002	 6.72499e+001	 5.04806e+001
913	 9.3200000000e+002	-8.85201e+001	 7.40772e+001
914	 9.3300000000e+002	 2.41530e+002	 2.23524e+002
915	 9.3400000000e+002	 1.37358e+002	 9.06140e+001
916	 9.3500000000e+002	-3.24304e+001	 1.83805e+002
917	 9.3600000000e+002	 7.16051e+001	 2.15365e+002
918	 9.3700000000e+002	 1.72147e+002	 1.96321e+002
919	 9.3800000000e+002	 2.16445e+001	 6.84971e+001
920	 9.3900000000e+002	-7.02623e+001	 1.02018e+002
921	 9.4000000000e+002	-7.07732e+001	 1.61591e+002
922	 9.4100000000e+002	-5.12475e+001	 1.84324e+002
923	 9.4200000000e+002	 6.56387e+001	 2.76828e+002
924	 9.4300000000e+002	 3.65612e+001	 3.53343e+002
925	 9.4400000000e+002	 2.74541e+002	 3.44010e+002
926	 9.4500000000e+002	 1.05878e+001	 1.90421e+002
927	 9.4600000000e+002	-6.51448e+001	 2.97254e+002
928	 9.4700000000e+002	 9.72391e+001	 3.36413e+002
929	 9.4800000000e+002	-3.26344e+000	 4.45145e+002
930	 9.4900000000e+002	-1.56198e+002	 3.57997e+002
931	 9.5000000000e+002	-7.90028e+001	 2.62323e+002
932	 9.5100000000e+002	-4.45385e+001	 4.07495e+002
933	 9.5200000000e+002	-1.04739e+001	 7.09341e+002
934	 9.5300000000e+002	-1.90552e+001	 7.15741e+002
935	 9.5400000000e+002	 8.66814e+001	 5.83782e+002
936	 9.5500000000e+002	 1.17357e+002	 6.19087e+002
937	 9.5600000000e+002	 1.93095e+002	 6.53067e+002
938	 9.5700000000e+002	 1.01598e+002	 6.90994e+002
939	 9.5800000000e+002	-1.14355e+002	 5.98698e+002
940	 9.5900000000e+002	-1.33868e+002	 6.35141e+002
941	 9.6000000000e+002	-1.21844e+002	 1.24431e+003
942	 9.6100000000e+002	-8.32522e+001	 1.16346e+003
943	 9.6200000000e+002	 6.48192e+001	 1.12544e+003
944	 9.6300000000e+002	 2.60321e+002	 1.10863e+003
945	 9.6400000000e+002	 2.25341e+002	 9.02434e+002
946	 9.6500000000e+002	-2.05872e+001	 8.27798e+002
947	 9.6600000000e+002	 1.37885e+002	 7.16497e+002
948	 9.6700000000e+002	 1.50572e+002	 9.31519e+002
949	 9.6800000000e+002	 8.78830e+001	 7.30202e+002
950	 9.6900000000e+002	 1.05241e+002	 7.15056e+002
951	 9.7000000000e+002	 9.26072e+001	 7.83109e+002
952	 9.7100000000e+002	 2.45872e+002	 6.80876e+002
953	 9.7200000000e+002	 5.97582e+001	 6.40129e+002
954	 9.7300000000e+002	-4.10374e+001	 4.47737e+002
955	 9.7400000000e+002	-9.05347e+001	 5.25110e+002
956	 9.7500000000e+002	-2.62084e+002	 5.08680e+002
957	 9.7600000000e+002	 1.67060e+002	 5.15929e+002
958	 9.7700000000e+002	 3.79392e+002	 3.29012e+002
959	 9.7800000000e+002	-7.14834e+001	 3.62933e+002
960	 9.7900000000e+002	-2.11728e+002	 5.86804e+002
961	 9.8000000000e+002	-2.11122e+002	 3.89481e+002
962	 9.8100000000e+002	-8.74923e+001	 4.57082e+002
963	 9.8200000000e+002	-1.26612e+002	 4.60395e+002
964	 9.8300000000e+002	-2.20327e+002	 5.43389e+002
965	 9.8400000000e+002	-1.53031e+001	 4.08942e+002
966	 9.8500000000e+002	 1.81567e+002	 4.32246e+002
967	 9.8600000000e+002	 1.60410e+002	 4.98393e+002
968	 9.8700000000e+002	-6.01955e+001	 2.79155e+002
969	 9.8800000000e+002	-8.66077e+001	 3.62873e+002
970	 9.8900000000e+002	 5.65279e+001	 3.88464e+002
971	 9.9000000000e+002	-9.10263e+001	 2.73493e+002
972	 9.9100000000e+002	-1.32377e+002	 2.40596e+002
973	 9.9200000000e+002	-2.01494e+002	 2.54247e+002
974	 9.9300000000e+002	-3.92026e+001	 3.03936e+002
975	 9.9400000000e+002	 1.50339e+002	 2.73495e+002
976	 9.9500000000e+002	 2.55699e+002	 3.05669e+002
977	 9.9600000000e+002	 2.74374e+001	 5.77910e+002
978	 9.9700000000e+002	 5.95861e+000	 5.53376e+002
979	 9.9800000000e+002	-5.28250e+001	 4.44141e+002
980	 9.9900000000e+002	-5.86878e+001	 7.25874e+002
981	 1.0000000000e+003	 5.47541e+001	 4.97446e+002
982	 1.0010000000e+003	-1.33415e+002	 2.48521e+002
983	 1.0020000000e+003	 1.34128e+002	 2.22939e+002
984	 1.0030000000e+003	 4.34368e+001	 2.63127e+002
985	 1.0040000000e+003	-2.52821e+002	 4.57548e+002
986	 1.0050000000e+003	-9.78903e+001	 4.31132e+002
987	 1.0060000000e+003	 7.33391e+001	 4.65661e+002
988	 1.0070000000e+003	-1.60549e+001	 1.97237e+002
989	 1.0080000000e+003	-1.82078e+002	 3.60715e+002
990	 1.0090000000e+003	-2.21788e+002	 7.57146e+002
991	 1.0100000000e+003	-1.73328e+002	 5.30973e+002
992	 1.0110000000e+003	-1.84738e+002	 7.43459e+002
993	 1.0120000000e+003	-7.32524e+001	 6.84763e+002
994	 1.0130000000e+003	 2.51565e+001	 4.76380e+002
995	 1.0140000000e+003	 8.43157e+001	 1.56848e+002
996	 1.0150000000e+003	 2.50774e+002	 3.67591e+002
997	 1.0160000000e+003	 1.74154e+002	 6.72211e+002
998	 1.0170000000e+003	 1.41607e+002	 7.21467e+002
999	 1.0180000000e+003	-9.70594e+001	 7.96077e+002
1000	 1.0190000000e+003	-7.72952e+000	 6.24233e+002
1001	 1.0200000000e+003	-3.91577e+001	 4.46102e+002
1002	 1.0210000000e+003	-9.37344e+000	 7.39662e+002
1003	 1.0220000000e+003	 1.65464e+002	 6.93827e+002
1004	 1.0230000000e+003	 9.62620e+001	 6.55021e+002
1005	 1.0240000000e+003	-1.12887e+002	 8.78929e+002
1006	 1.0250000000e+003	-2.72964e+002	 4.55984e+002
1007	 1.0260000000e+003	-1.14294e+002	 5.41925e+002
1008	 1.0270000000e+003	 2.54080e+001	 5.62249e+002
1009	 1.0280000000e+003	-8.84675e+001	 4.08742e+002
1010	 1.0290000000e+003	-1.32473e+002	 2.20118e+002
1011	 1.0300000000e+003	-1.17885e+002	 3.42933e+002
1012	 1.0310000000e+003	-1.41489e+002	 3.82296e+002
1013	 1.0320000000e+003	-9.52485e+000	 3.38918e+002
1014	 1.0330000000e+003	-7.58243e+001	 4.42842e+002
1015	 1.0340000000e+003	-2.34716e+002	 4.23148e+002
1016	 1.0350000000e+003	-1.89333e+002	 3.15713e+002
1017	 1.0360000000e+003	-3.98220e+001	 2.68493e+002
1018	 1.0370000000e+003	-3.19408e+001	 6.80892e+002
1019	 1.0380000000e+003	 3.27767e+000	 4.13089e+002
1020	 1.0390000000e+003	-1.56999e+002	 1.04800e+002
1021	 1.0400000000e+003	-1.67637e+002	 4.94586e+002
1022	 1.0410000000e+003	-4.28054e+002	 5.92040e+002
1023	 1.0420000000e+003	-2.78896e+002	 5.24223e+002
1024	 1.0430000000e+003	-1.78076e+002	 3.33035e+002
1025	 1.0440000000e+003	-1.60101e+002	 3.37362e+002
1026	 1.0450000000e+003	-4.33748e+001	 3.50850e+002
1027	 1.0460000000e+003	-2.75631e+001	 3.72932e+002
1028	 1.0470000000e+003	 1.16706e+002	 2.47121e+002
1029	 1.0480000000e+003	 2.24399e+002	 1.31189e+002
1030	 1.0490000000e+003	 1.47881e+002	 3.05191e+002
1031	 1.0500000000e+003	 1.56607e+002	 2.48424e+002
1032	 1.0510000000e+003	 7.55569e+001	 3.68771e+002
1033	 1.0520000000e+003	-1.47055e+002	 1.86908e+002
1034	 1.0530000000e+003	-7.19669e+001	-5.66427e+001
1035	 1.0540000000e+003	 6.61909e+001	 4.44554e+000
1036	 1.0550000000e+003	-6.68390e+001	 2.09411e+002
1037	 1.0560000000e+003	-2.20277e+002	 3.75993e+002
1038	 1.0570000000e+003	-1.08315e+002	 3.72598e+002
1039	 1.0580000000e+003	-4.62326e+001	 3.57882e+002
1040	 1.0590000000e+003	-2.18060e-001	 2.79772e+002
1041	 1.0600000000e+003	 1.06116e+002	 2.54071e+002
1042	 1.0610000000e+003	 5.47602e+001	 2.51353e+002
1043	 1.0620000000e+003	 1.38261e+002	 2.30925e+002
1044	 1.0630000000e+003	 6.24052e+001	 3.59720e+002
1045	 1.0640000000e+003	-8.74094e+001	 3.60752e+002
1046	 1.0650000000e+003	-2.21117e+002	 3.92568e+002
1047	 1.0660000000e+003	-1.47319e+002	 1.70332e+002
1048	 1.0670000000e+003	-4.42531e+001	 8.09878e+001
1049	 1.0680000000e+003	-5.50120e+001	 1.63851e+002
1050	 1.0690000000e+003	-9.87441e+001	 2.74658e+002
1051	 1.0700000000e+003	-1.27148e+002	 1.64443e+002
1052	 1.0710000000e+003	-1.24085e+002	 2.81220e+002
1053	 1.0720000000e+003	-6.38678e+001	 2.28405e+002
1054	 1.0730000000e+003	 1.15182e+002	 1.42128e+002
1055	 1.0740000000e+003	 1.52190e+002	 1.40289e+002
1056	 1.0750000000e+003	 1.33311e+001	 4.33615e+002
1057	 1.0760000000e+003	-2.75914e+002	 1.08494e+003
1058	 1.0770000000e+003	-9.28933e+002	 1.67366e+003
1059	 1.0780000000e+003	-3.33411e+002	 8.95368e+002
1060	 1.0790000000e+003	 6.82673e+001	 1.40092e+002
1061	 1.0800000000e+003	 4.33329e+001	 2.60211e+002
1062	 1.0810000000e+003	-4.48440e+001	 2.68085e+002
1063	 1.0820000000e+003	-2.51563e+002	 2.93449e+002
1064	 1.0830000000e+003	-1.37672e+002	 1.63898e+002
1065	 1.0840000000e+003	-9.86512e+001	 1.64693e+002
1066	 1.0850000000e+003	 3.95922e+001	 3.05387e+002
1067	 1.0860000000e+003	-1.22287e+002	 2.25166e+002
1068	 1.0870000000e+003	-1.28956e+002	 7.31487e+001
1069	 1.0880000000e+003	-8.45504e+001	 1.08523e+002
1070	 1.0890000000e+003	-5.02611e+001	 2.64329e+002
1071	 1.0900000000e+003	 3.55753e+001	 2.09927e+002
1072	 1.0910000000e+003	 9.15498e+000	 2.34588e+002
1073	 1.0920000000e+003	-2.93620e+000	 2.26489e+002
1074	 1.0930000000e+003	 3.85641e+001	 2.22384e+002
1075	 1.0940000000e+003	 1.10073e+002	 2.11168e+002
1076	 1.0950000000e+003	 1.94153e+002	 1.74988e+002
1077	 1.0960000000e+003	 8.95031e+001	 5.45119e+001
1078	 1.0970000000e+003	 6.16001e+001	 4.22429e+001
1079	 1.0980000000e+003	 1.23925e+002	 6.77426e+000
1080	 1.0990000000e+003	 1.32470e+002	 9.43682e+001
1081	 1.1000000000e+003	-1.84191e+001	 2.75941e+001
1082	 1.1010000000e+003	 3.00421e+001	-5.36758e+000
1083	 1.1020000000e+003	-1.19337e+000	-9.66701e+000
1084	 1.1030000000e+003	 1.95768e+001	 4.84926e+001
1085	 1.1040000000e+003	 1.21197e+002	 8.15540e+001
1086	 1.1050000000e+003	 9.67777e+001	 2.11738e+001
1087	 1.1060000000e+003	 3.16220e+001	 8.35231e+000
1088	 1.1070000000e+003	 5.88458e+001	 8.74495e+001
1089	 1.1080000000e+003	-9.98804e+000	 1.44270e+002
1090	 1.1090000000e+003	 5.37429e+001	 1.08413e+002
1091	 1.1100000000e+003	 9.19920e+000	 7.89816e+001
1092	 1.1110000000e+003	 5.84391e+001	 1.40571e+002
1093	 1.1120000000e+003	 1.02678e+002	 1.31708e+002
1094	 1.1130000000e+003	 9.05600e+001	-4.90449e+000
1095	 1.1140000000e+003	 3.63560e+001	 7.80687e+001
1096	 1.1150000000e+003	 7.42969e+001	 8.34619e+001
1097	 1.1160000000e+003	 1.24400e+002	 4.88832e+001
1098	 1.1170000000e+003	 1.50691e+002	 1.13127e+002
1099	 1.1180000000e+003	 1.83599e+002	 1.57995e+001
1100	 1.1190000000e+003	 1.74820e+002	-3.35736e+001
1101	 1.1200000000e+003	 3.71613e+001	 4.98884e+000
1102	 1.1210000000e+003	 1.04715e+002	 6.31470e+001
1103	 1.1220000000e+003	 2.18710e+001	-1.00690e+001
1104	 1.1230000000e+003	 1.31306e+002	-8.73068e+001
1105	 1.1240000000e+003	 2.85201e+002	 2.11821e+001
1106	 1.1250000000e+003	 2.19456e+002	 3.54603e+000
1107	 1.1260000000e+003	 3.94186e+001	-7.72979e+000
1108	 1.1270000000e+003	-1.22990e+002	 2.02916e+002
1109	 1.1280000000e+003	 7.79341e+001	 2.39055e+001
1110	 1.1290000000e+003	 2.34328e+002	 7.44901e+001
1111	 1.1300000000e+003	 2.82232e+002	 2.55734e+002
1112	 1.1310000000e+003	 2.02207e+002	 2.32858e+002
1113	 1.1320000000e+003	-5.93278e+001	 2.02243e+002
1114	 1.1330000000e+003	-1.81006e+001	 1.73733e+002
1115	 1.1340000000e+003	 4.46864e+001	 1.86341e+002
1116	 1.1350000000e+003	 4.55107e+001	 2.93616e+002
1117	 1.1360000000e+003	 1.81764e+002	 2.09165e+002
1118	 1.1370000000e+003	 2.73344e+002	 2.28530e+002
1119	 1.1380000000e+003	 5.68612e+001	 1.34243e+002
1120	 1.1390000000e+003	-5.13357e+001	 1.09442e+002
1121	 1.1400000000e+003	-1.71587e+002	 1.91597e+002
1122	 1.1410000000e+003	-1.31593e+002	 1.90305e+002
1123	 1.1420000000e+003	 6.06160e+000	 2.54690e+002
1124	 1.1430000000e+003	 9.85245e+001	 1.68004e+002
1125	 1.1440000000e+003	-2.18863e+001	 2.70939e+002
1126	 1.1450000000e+003	-1.25178e+002	 4.62164e+002
1127	 1.1460000000e+003	-7.82139e+001	 3.90767e+002
1128	 1.1470000000e+003	 3.71809e+001	 2.73266e+002
1129	 1.1480000000e+003	 5.38398e+000	 2.38809e+002
1130	 1.1490000000e+003	 9.66447e+000	 2.54565e+002
1131	 1.1500000000e+003	 6.04915e+001	 2.60075e+002
1132	 1.1510000000e+003	-2.53675e+001	 4.23635e+001
1133	 1.1520000000e+003	-1.42130e+002	-9.27202e+001
1134	 1.1530000000e+003	 1.65287e+002	 1.43655e+002
1135	 1.1540000000e+003	 2.56593e+002	 3.48512e+002
1136	 1.1550000000e+003	 4.26354e+001	 3.80755e+002
1137	 1.1560000000e+003	-2.93066e+001	 1.40711e+002
1138	 1.1570000000e+003	-1.06562e+002	 1.25584e+002
1139	 1.1580000000e+003	-4.35489e+001	 2.47096e+002
1140	 1.1590000000e+003	-1.14233e+002	 2.89488e+002
1141	 1.1600000000e+003	-2.28330e+002	 2.86814e+002
1142	 1.1610000000e+003	-2.20697e+002	 3.38294e+002
1143	 1.1620000000e+003	-2.26448e+001	 9.71106e+001
1144	 1.1630000000e+003	 1.04854e+001	 1.12761e+002
1145	 1.1640000000e+003	 7.82338e+001	 1.69640e+002
1146	 1.1650000000e+003	 2.36849e+002	 1.76544e+002
1147	 1.1660000000e+003	 1.74774e+002	 5.55436e+001
1148	 1.1670000000e+003	 7.79986e+001	 2.05151e+002
1149	 1.1680000000e+003	 3.59308e-001	 1.42131e+002
1150	 1.1690000000e+003	 9.09944e+001	 9.33836e+000
1151	 1.1700000000e+003	 6.19119e+001	 4.62636e+001
1152	 1.1710000000e+003	 4.54891e+001	-3.20939e+001
1153	 1.1720000000e+003	 5.44429e+001	-7.11366e+001
1154	 1.1730000000e+003	 6.92543e+001	-7.36186e+001
1155	 1.1740000000e+003	 6.71684e+001	 2.48862e+002
1156	 1.1750000000e+003	 1.18605e+002	 3.75259e+002
1157	 1.1760000000e+003	 4.51618e+000	 2.45643e+002
1158	 1.1770000000e+003	-6.25357e+001	 4.89318e+001
1159	 1.1780000000e+003	 1.49270e+001	 1.46167e+001
1160	 1.1790000000e+003	 4.28952e+001	-1.09404e+002
1161	 1.1800000000e+003	 8.64838e+001	-6.87431e+001
1162	 1.1810000000e+003	 7.36549e+001	 3.83403e+001
1163	 1.1820000000e+003	 3.77034e+001	 9.92002e+001
1164	 1.1830000000e+003	-3.29505e+001	 2.46450e+002
1165	 1.1840000000e+003	-1.88491e+001	 1.33369e+002
1166	 1.1850000000e+003	-5.06765e+001	 2.20253e+001
1167	 1.1860000000e+003	-4.53110e+000	 1.17904e+002
1168	 1.1870000000e+003	-1.68297e+001	 3.49535e+001
1169	 1.1880000000e+003	 1.01901e+001	 8.07615e+001
1170	 1.1890000000e+003	-6.15292e+001	 1.72346e+002
1171	 1.1900000000e+003	-2.50375e+002	 2.46383e+002
1172	 1.1910000000e+003	-3.20939e+002	 2.44483e+002
1173	 1.1920000000e+003	-1.73834e+001	 2.40425e+002
1174	 1.1930000000e+003	-3.99347e+001	 2.84407e+002
1175	 1.1940000000e+003	 6.26492e+001	 1.66055e+002
1176	 1.1950000000e+003	-3.40866e+001	 3.00861e+002
1177	 1.1960000000e+003	-1.04037e+002	 4.27057e+002
1178	 1.1970000000e+003	 2.07943e+001	 4.98020e+002
1179	 1.1980000000e+003	 1.93842e+001	 3.78083e+002
1180	 1.1990000000e+003	 6.73895e+001	 2.84202e+001
1181	 1.2000000000e+003	 1.65697e+001	-1.28162e+001
1182	 1.2010000000e+003	 5.54305e+001	-1.72394e+001
1183	 1.2020000000e+003	 1.66988e+002	 1.36792e+002
1184	 1.2030000000e+003	 1.70774e+002	 2.92733e+001
1185	 1.2040000000e+003	 1.64254e+002	 1.56083e+002
1186	 1.2050000000e+003	 1.30350e+002	 3.56848e+002
1187	 1.2060000000e+003	 1.01519e+002	 2.03596e+002
1188	 1.2070000000e+003	 1.68255e+002	-2.53766e+001
1189	 1.2080000000e+003	 8.50449e+001	 1.71523e+002
1190	 1.2090000000e+003	 1.08648e+002	 1.57471e+002
1191	 1.2100000000e+003	 2.34696e+002	 1.95228e+001
1192	 1.2110000000e+003	 5.73247e+001	 1.97310e+002
1193	 1.2120000000e+003	 2.97758e+001	 2.50464e+002
1194	 1.2130000000e+003	 1.49711e+002	 2.18337e+002
1195	 1.2140000000e+003	 1.42659e+002	 7.41290e+001
1196	 1.2150000000e+003	 1.28511e+002	 5.93981e+001
1197	 1.2160000000e+003	 1.40555e+002	 3.23240e+001
1198	 1.2170000000e+003	-1.27704e+001	 1.08186e+002
1199	 1.2180000000e+003	 4.51529e+001	 2.67401e+002
1200	 1.2190000000e+003	 7.14481e+001	 3.30716e+002
1201	 1.2200000000e+003	 5.17162e+000	 3.54625e+002
1202	 1.2210000000e+003	 8.99048e+001	 1.03506e+002
1203	 1.2220000000e+003	 6.78232e+001	 1.69455e+002
1204	 1.2230000000e+003	-9.18777e+001	 3.73187e+002
1205	 1.2240000000e+003	-1.20805e+001	 3.44403e+002
1206	 1.2250000000e+003	 3.63254e+001	 2.27140e+002
1207	 1.2260000000e+003	 1.29750e+002	 1.20755e+002
1208	 1.2270000000e+003	 1.71849e+002	 1.12865e+002
1209	 1.2280000000e+003	 6.83176e+000	 1.50835e+002
1210	 1.2290000000e+003	-1.41315e+002	 3.90840e+002
1211	 1.2300000000e+003	-7.07111e+002	 1.80361e+003
1212	 1.2310000000e+003	-1.20933e+003	 2.19599e+003
1213	 1.2320000000e+003	-4.12793e+002	 7.04137e+002
1214	 1.2330000000e+003	-4.92545e+001	 8.55673e+001
1215	 1.2340000000e+003	-6.98638e+001	 1.56998e+002
1216	 1.2350000000e+003	-7.49712e+000	 1.52038e+002
1217	 1.2360000000e+003	 3.43182e+001	 2.96197e+002
1218	 1.2370000000e+003	-1.62319e+002	 1.82533e+002
1219	 1.2380000000e+003	-3.67178e+002	 6.68802e+001
1220	 1.2390000000e+003	 1.55834e+001	 1.72905e+002
1221	 1.2400000000e+003	-6.64889e+001	 2.73039e+002
1222	 1.2410000000e+003	-6.86567e+001	 3.93454e+002
1223	 1.2420000000e+003	-1.66052e+002	 2.84385e+002
1224	 1.2430000000e+003	-5.68096e+001	 3.49630e+002
1225	 1.2440000000e+003	-4.92407e+001	 3.74791e+002
1226	 1.2450000000e+003	-4.30191e+001	 3.12912e+002
1227	 1.2460000000e+003	-1.59390e+002	 3.06048e+002
1228	 1.2470000000e+003	-2.80078e+002	 2.62109e+002
1229	 1.2480000000e+003	-1.93598e+002	 2.58302e+002
1230	 1.2490000000e+003	-2.09259e+002	 4.48240e+002
1231	 1.2500000000e+003	-1.34869e+002	 4.02707e+002
1232	 1.2510000000e+003	-7.54323e+001	 1.84290e+002
1233	 1.2520000000e+003	-8.13486e+001	 2.88573e+001
1234	 1.2530000000e+003	-6.50176e+001	 1.29398e+002
1235	 1.2540000000e+003	-4.12637e+001	 1.56156e+002
1236	 1.2550000000e+003	-3.92579e+001	 5.29197e+001
1237	 1.2560000000e+003	-8.71209e+001	 1.91011e+002
1238	 1.2570000000e+003	-1.10762e+002	 1.85268e+002
1239	 1.2580000000e+003	 4.22803e+001	 3.21075e+001
1240	 1.2590000000e+003	 3.35020e+001	 7.29954e+001
1241	 1.2600000000e+003	 1.11790e+002	 3.09815e+001
1242	 1.2610000000e+003	 1.19574e+002	 5.39365e+001
1243	 1.2620000000e+003	 1.11353e+002	 1.74472e+002
1244	 1.2630000000e+003	 9.54097e+001	 1.78145e+002
1245	 1.2640000000e+003	-1.17637e+002	 2.11355e+002
1246	 1.2650000000e+003	-3.96444e+002	 2.54599e+002
1247	 1.2660000000e+003	-5.40309e+001	 1.86510e+002
1248	 1.2670000000e+003	 1.55228e+001	 2.47250e+001
1249	 1.2680000000e+003	 2.20417e+001	 3.88167e+001
1250	 1.2690000000e+003	-1.12279e+002	 1.43835e+002
1251	 1.2700000000e+003	 6.17999e+001	 2.66490e+002
1252	 1.2710000000e+003	 2.03573e+002	 8.39672e+001
1253	 1.2720000000e+003	 9.81903e+001	 1.98462e+002
1254	 1.2730000000e+003	 1.93260e+001	 2.46255e+002
1255	 1.2740000000e+003	 6.68858e+001	 2.16554e+002
1256	 1.2750000000e+003	 8.15067e+001	 1.56549e+002
1257	 1.2760000000e+003	 1.07859e+002	 1.66654e+002
1258	 1.2770000000e+003	 7.12028e+001	 1.57999e+002
1259	 1.2780000000e+003	 1.72405e+000	 1.55763e+002
1260	 1.2790000000e+003	 3.17791e+001	-1.85307e+000
1261	 1.2800000000e+003	 1.29287e+002	 6.82293e+001
1262	 1.2810000000e+003	-4.78624e+001	 2.26169e+002
1263	 1.2820000000e+003	 4.66635e+001	 1.57053e+002
1264	 1.2830000000e+003	-7.50115e+000	 3.18624e+001
1265	 1.2840000000e+003	 6.12742e+001	 4.54291e+001
1266	 1.2850000000e+003	 1.77331e+002	 5.31553e+001
1267	 1.2860000000e+003	-4.10554e+000	-1.46442e+001
1268	 1.2870000000e+003	-1.24960e+002	 5.77038e+001
1269	 1.2880000000e+003	-1.21819e+002	 8.61663e+001
1270	 1.2890000000e+003	 1.00042e+002	 3.76559e+001
1271	 1.2900000000e+003	 1.16762e+002	 1.66803e+001
1272	 1.2910000000e+003	-1.78954e+001	 1.25683e+002
1273	 1.2920000000e+003	 3.92673e+001	 2.88170e+001
1274	 1.2930000000e+003	-7.57443e+001	 1.36288e+002
1275	 1.2940000000e+003	-2.75159e+002	 1.17045e+002
1276	 1.2950000000e+003	-7.61258e+001	 1.07436e+002
1277	 1.2960000000e+003	 5.04908e+001	 1.35967e+002
1278	 1.2970000000e+003	 1.42346e+002	 1.87768e+002
1279	 1.2980000000e+003	-2.83794e+000	 1.79142e+002
1280	 1.2990000000e+003	 4.00038e+001	-4.94171e+000
1281	 1.3000000000e+003	 6.96141e+001	 1.50584e+002
1282	 1.3010000000e+003	-1.50591e+001	 1.97577e+002
1283	 1.3020000000e+003	-6.82895e+001	 4.19597e+001
1284	 1.3030000000e+003	-1.67481e+002	 1.43341e+001
1285	 1.3040000000e+003	-1.13752e+002	 1.88730e+002
1286	 1.3050000000e+003	 3.35491e+001	 1.85021e+002
1287	 1.3060000000e+003	 8.85934e+001	 2.04113e+002
1288	 1.3070000000e+003	 2.61921e+002	 1.84842e+002
1289	 1.3080000000e+003	 1.09876e+002	 1.21358e+002
1290	 1.3090000000e+003	-9.29454e+001	-1.27070e+002
1291	 1.3100000000e+003	-3.83489e+002	-3.03954e+001
1292	 1.3110000000e+003	-4.10431e+002	 3.61991e+002
1293	 1.3120000000e+003	-2.34583e+002	 4.60942e+002
1294	 1.3130000000e+003	 1.87938e+002	 3.78301e+002
1295	 1.3140000000e+003	 2.13229e+002	 2.16761e+002
1296	 1.3150000000e+003	-2.54959e+001	 9.50502e+001
1297	 1.3160000000e+003	-9.58970e+001	 1.61511e+002
1298	 1.3170000000e+003	-1.28414e+002	 2.52319e+002
1299	 1.3180000000e+003	-1.58455e+002	 1.85183e+002
1300	 1.3190000000e+003	 3.20211e+001	 2.20406e+002
1301	 1.3200000000e+003	 1.84328e+002	 3.37760e+002
1302	 1.3210000000e+003	 1.58194e+002	 3.91532e+002
1303	 1.3220000000e+003	 8.78906e+001	 2.77230e+002
1304	 1.3230000000e+003	 5.71224e+001	 3.51959e+002
1305	 1.3240000000e+003	-7.03139e+001	 3.76130e+002
1306	 1.3250000000e+003	-1.66662e+002	 1.46087e+002
1307	 1.3260000000e+003	-1.67125e+000	 1.43037e+002
1308	 1.3270000000e+003	 7.53853e+001	 3.26510e+002
1309	 1.3280000000e+003	-3.54805e+001	 1.76463e+002
1310	 1.3290000000e+003	-5.24992e+001	 3.09677e+002
1311	 1.3300000000e+003	-2.67639e+001	 1.94355e+002
1312	 1.3310000000e+003	 9.82142e+001	 1.15008e+002
1313	 1.3320000000e+003	 1.25009e+002	-1.83897e+001
1314	 1.3330000000e+003	 1.24788e+002	 1.47262e+000
1315	 1.3340000000e+003	 5.42082e+001	-6.61933e+001
1316	 1.3350000000e+003	-1.34142e+002	 3.46267e+002
1317	 1.3360000000e+003	-8.85982e+001	 3.86578e+002
1318	 1.3370000000e+003	 2.26027e+001	 2.77957e+002
1319	 1.3380000000e+003	 1.88275e+001	 3.50060e+002
1320	 1.3390000000e+003	 4.31630e+001	 2.09841e+002
1321	 1.3400000000e+003	-2.15059e+002	 2.86879e+002
1322	 1.3410000000e+003	-2.21358e+002	 2.52955e+002
1323	 1.3420000000e+003	-4.37552e+001	 5.26386e+001
1324	 1.3430000000e+003	 3.57880e+001	 3.92879e+002
1325	 1.3440000000e+003	-9.10448e+000	 5.47460e+002
1326	 1.3450000000e+003	 5.68858e+001	 1.93557e+002
1327	 1.3460000000e+003	 9.11972e+001	 1.15785e+002
1328	 1.3470000000e+003	 4.36553e+001	 1.08549e+002
1329	 1.3480000000e+003	 3.54701e+001	 1.56515e+002
1330	 1.3490000000e+003	 2.06449e+002	 2.77004e+002
1331	 1.3500000000e+003	 7.16467e+001	 3.24099e+002
1332	 1.3510000000e+003	 2.44518e+002	 4.19504e+002
1333	 1.3520000000e+003	 1.37784e+002	 4.26580e+002
1334	 1.3530000000e+003	 4.50744e+001	 3.01728e+002
1335	 1.3540000000e+003	 6.75114e+001	 1.05984e+002
1336	 1.3550000000e+003	 1.84978e+002	 8.50780e+000
1337	 1.3560000000e+003	-6.41973e+001	-3.12554e+001
1338	 1.3570000000e+003	-1.59341e+002	 2.51114e+002
1339	 1.3580000000e+003	-1.99942e+002	 1.81439e+002
1340	 1.3590000000e+003	-2.90401e+002	 1.50068e+002
1341	 1.3600000000e+003	-1.48283e+002	 2.47359e+002
1342	 1.3610000000e+003	-4.47745e+001	 2.19560e+002
1343	 1.3620000000e+003	 2.10937e+002	 1.25798e+002
1344	 1.3630000000e+003	 5.62932e+001	-6.12656e+001
1345	 1.3640000000e+003	 1.45309e+002	 1.60492e+002
1346	 1.3650000000e+003	-5.62110e+001	 1.50359e+002
1347	 1.3660000000e+003	-2.06430e+002	 5.06409e+002
1348	 1.3670000000e+003	 1.42160e+002	 4.03232e+002
1349	 1.3680000000e+003	 8.56053e+001	 6.70229e+001
1350	 1.3690000000e+003	 9.32057e+001	 1.54120e+001
1351	 1.3700000000e+003	 5.46249e+002	 1.83862e+002
1352	 1.3710000000e+003	 2.11013e+002	 2.35864e+002
1353	 1.3720000000e+003	 2.06041e+002	 3.24742e+002
1354	 1.3730000000e+003	 2.11184e+002	 6.81527e+001
1355	 1.3740000000e+003	 1.98596e+001	-1.91923e+002
1356	 1.3750000000e+003	-2.55155e+002	 1.52110e+002
1357	 1.3760000000e+003	-8.99725e+001	 5.08778e+002
1358	 1.3770000000e+003	 6.87750e+001	 1.23697e+002
1359	 1.3780000000e+003	-3.89812e+001	 1.75156e+002
1360	 1.3790000000e+003	 7.58264e-001	 2.45187e+002
1361	 1.3800000000e+003	 3.53502e+001	 9.17209e+001
1362	 1.3810000000e+003	-1.07180e+002	 1.06484e+002
1363	 1.3820000000e+003	-3.25063e+001	 1.55783e+002
1364	 1.3830000000e+003	 1.62263e-001	 7.15115e+001
1365	 1.3840000000e+003	-2.04844e+002	 1.45875e+002
1366	 1.3850000000e+003	-5.66017e+001	 1.36958e+002
1367	 1.3860000000e+003	-6.85943e+001	 1.98867e+002
1368	 1.3870000000e+003	-5.64311e+001	 1.04004e+002
1369	 1.3880000000e+003	-8.27874e-001	 8.49035e+001
1370	 1.3890000000e+003	-9.65279e+000	 7.89471e+001
1371	 1.3900000000e+003	 8.04031e+001	 9.06676e+001
1372	 1.3910000000e+003	 4.31069e+001	 1.15109e+002
1373	 1.3920000000e+003	-1.77894e+001	 1.25048e+002
1374	 1.3930000000e+003	 7.12724e+001	 8.74874e+001
1375	 1.3940000000e+003	 6.83234e+001	 2.67317e+001
1376	 1.3950000000e+003	 5.25657e+001	 9.33717e+001
1377	 1.3960000000e+003	 1.03554e+001	-9.00070e-001
1378	 1.3970000000e+003	 1.48976e+001	 9.00961e+000
1379	 1.3980000000e+003	-2.31918e+001	-2.76791e+001
1380	 1.3990000000e+003	-1.67883e+001	-5.16558e+001
1381	 1.4000000000e+003	-2.21572e+001	-4.75714e+001
1382	 1.4010000000e+003	 2.81886e+001	-5.03539e+000
1383	 1.4020000000e+003	-4.80079e+001	-6.19082e+001
1384	 1.4030000000e+003	 1.97994e+001	-6.21341e+001
1385	 1.4040000000e+003	 4.71058e+001	 1.23497e+002
1386	 1.4050000000e+003	 5.40636e+001	 2.02187e+002
1387	 1.4060000000e+003	-3.92691e+001	 1.79196e+002
1388	 1.4070000000e+003	-5.56389e+000	-3.79546e+001
1389	 1.4080000000e+003	 5.15279e+001	 6.07900e+001
1390	 1.4090000000e+003	 1.33348e+002	 2.17622e+002
1391	 1.4100000000e+003	-1.38606e+002	 3.04867e+001
1392	 1.4110000000e+003	-1.81596e+002	 1.25332e+001
1393	 1.4120000000e+003	-9.38559e+001	 1.27321e+002
1394	 1.4130000000e+003	-6.04845e+001	 3.25007e+002
1395	 1.4140000000e+003	-1.48656e+002	 5.25897e+002
1396	 1.4150000000e+003	-2.01629e+002	 4.50313e+002
1397	 1.4160000000e+003	-9.04912e+001	 2.38847e+002
1398	 1.4170000000e+003	-1.17484e+002	 1.00213e+002
1399	 1.4180000000e+003	-1.56126e+002	 1.41515e+002
1400	 1.4190000000e+003	-9.12925e+001	 6.10560e+001
1401	 1.4200000000e+003	-2.12500e+002	 1.30414e+002
1402	 1.4210000000e+003	-1.61979e+002	 1.52106e+002
1403	 1.4220000000e+003	-1.16685e+002	-3.93236e+001
1404	 1.4230000000e+003	-2.02743e+002	 8.55229e+000
1405	 1.4240000000e+003	-1.53409e+002	 1.94184e+002
1406	 1.4250000000e+003	-9.24239e+001	-2.99097e+001
1407	 1.4260000000e+003	-2.26952e+002	-4.19652e+001
1408	 1.4270000000e+003	-1.26451e+002	 2.63407e+001
1409	 1.4280000000e+003	-3.33578e+001	-1.34467e+002
1410	 1.4290000000e+003	-6.08865e+001	 1.03127e+001
1411	 1.4300000000e+003	-1.41667e+002	 7.67922e+000
1412	 1.4310000000e+003	-1.42572e+002	-1.61290e+002
1413	 1.4320000000e+003	-2.26256e+002	 2.05967e+002
1414	 1.4330000000e+003	-2.18118e+002	 3.47560e+002
1415	 1.4340000000e+003	-1.35595e+002	 1.24901e+002
1416	 1.4350000000e+003	-2.94037e+002	-3.75634e+001
1417	 1.4360000000e+003	-2.97302e+002	 6.96898e+001
1418	 1.4370000000e+003	-1.04982e+002	 1.62235e+002
1419	 1.4380000000e+003	-1.78690e+002	 3.53550e+001
1420	 1.4390000000e+003	-1.90021e+002	-2.34422e+001
1421	 1.4400000000e+003	-1.87871e+002	 1.95066e+002
1422	 1.4410000000e+003	-2.45200e+002	 2.67278e+002
1423	 1.4420000000e+003	-5.66306e+001	 1.86911e+002
1424	 1.4430000000e+003	-2.10568e+002	 7.86292e+001
1425	 1.4440000000e+003	-2.78578e+002	 1.60230e+002
1426	 1.4450000000e+003	-7.83479e+001	 2.57409e+002
1427	 1.4460000000e+003	-8.72582e+001	 1.24572e+002
1428	 1.4470000000e+003	-2.06945e+002	 1.45394e+002
1429	 1.4480000000e+003	-5.94079e+001	 2.73381e+002
1430	 1.4490000000e+003	-1.07394e+002	 2.19176e+002
1431	 1.4500000000e+003	-3.52829e+002	 3.18748e+002
1432	 1.4510000000e+003	-3.20627e+002	 3.80667e+002
1433	 1.4520000000e+003	-2.30369e+002	 5.52282e+002
1434	 1.4530000000e+003	-4.37677e+002	 6.15575e+002
1435	 1.4540000000e+003	-2.62049e+002	 4.59401e+002
1436	 1.4550000000e+003	-6.94927e+001	 4.18709e+002
1437	 1.4560000000e+003	 8.63175e+001	 2.36043e+002
1438	 1.4570000000e+003	 4.13375e+001	 1.59167e+002
1439	 1.4580000000e+003	 6.36953e+001	 3.87935e+002
1440	 1.4590000000e+003	 3.39669e+001	 4.09876e+002
1441	 1.4600000000e+003	 3.03042e+001	 3.66919e+002
1442	 1.4610000000e+003	-1.28661e+001	 5.65837e+002
1443	 1.4620000000e+003	-4.50605e+001	 6.97557e+002
1444	 1.4630000000e+003	 1.02401e+002	 4.43835e+002
1445	 1.4640000000e+003	-5.59720e+001	 2.47993e+002
1446	 1.4650000000e+003	-1.20659e+002	 3.83836e+002
1447	 1.4660000000e+003	 4.12096e+001	 5.71212e+002
1448	 1.4670000000e+003	-8.97026e+001	 4.95537e+002
1449	 1.4680000000e+003	-1.20641e+002	 2.37435e+002
1450	 1.4690000000e+003	 1.27313e+002	 1.73502e+002
1451	 1.4700000000e+003	 7.89047e+001	 4.04022e+002
1452	 1.4710000000e+003	-2.47495e+002	 3.95329e+002
1453	 1.4720000000e+003	 5.00996e+001	 2.31796e+002
1454	 1.4730000000e+003	-4.74056e+001	 4.00368e+002
1455	 1.4740000000e+003	-4.36416e+002	 4.44090e+002
1456	 1.4750000000e+003	-8.32325e+001	 2.57066e+002
1457	 1.4760000000e+003	 3.38495e+001	 4.30234e+002
1458	 1.4770000000e+003	-1.01945e+001	 6.73099e+002
1459	 1.4780000000e+003	-9.55874e+001	 2.27332e+002
1460	 1.4790000000e+003	-2.20507e+002	 2.02446e-001
1461	 1.4800000000e+003	-9.50651e+000	 1.31902e+002
1462	 1.4810000000e+003	 1.77787e+002	 4.36311e+002
1463	 1.4820000000e+003	 1.38603e+001	 5.32515e+002
1464	 1.4830000000e+003	-1.69695e+002	 3.05193e+002
1465	 1.4840000000e+003	-2.32457e+002	 2.52599e+002
1466	 1.4850000000e+003	 8.04660e+001	 2.95260e+002
1467	 1.4860000000e+003	 7.71592e+001	 3.30813e+002
1468	 1.4870000000e+003	 8.91560e+001	 1.57176e+002
1469	 1.4880000000e+003	-1.61023e+002	 1.65909e+002
1470	 1.4890000000e+003	-3.60804e+002	 2.14678e+002
1471	 1.4900000000e+003	-1.52304e+002	 1.69261e+002
1472	 1.4910000000e+003	 2.12375e+002	 2.20311e+002
1473	 1.4920000000e+003	 2.03036e+002	 4.03102e+002
1474	 1.4930000000e+003	 1.10567e+002	 4.51308e+002
1475	 1.4940000000e+003	 1.06572e+002	 1.64444e+002
1476	 1.4950000000e+003	-2.25530e+001	 5.39031e+001
1477	 1.4960000000e+003	-9.66049e+001	 1.62489e+002
1478	 1.4970000000e+003	-2.10274e+002	 2.62674e+002
1479	 1.4980000000e+003	-9.09650e+001	 3.27084e+002
1480	 1.4990000000e+003	 3.18785e+002	 3.90684e+002
1481	 1.5000000000e+003	 1.44581e+002	 4.38819e+002
1482	 1.5010000000e+003	 4.35042e+001	 2.96813e+002
1483	 1.5020000000e+003	-3.71329e+001	 2.06285e+001
1484	 1.5030000000e+003	-1.56266e+002	 5.20272e+000
1485	 1.5040000000e+003	-1.72676e+002	 9.53148e+001
1486	 1.5050000000e+003	-1.14839e+002	 1.68782e+002
1487	 1.5060000000e+003	-3.29808e+001	 1.24601e+002
1488	 1.5070000000e+003	-2.42825e+001	 2.63459e+002
1489	 1.5080000000e+003	-1.58032e+002	 2.78736e+002
1490	 1.5090000000e+003	 6.35434e+001	 1.71766e+002
1491	 1.5100000000e+003	 1.52992e+002	 1.87058e+002
1492	 1.5110000000e+003	 4.16497e+001	 8.44739e+000
1493	 1.5120000000e+003	 4.02225e+001	-1.39826e+002
1494	 1.5130000000e+003	 1.02214e+001	 1.73525e+002
1495	 1.5140000000e+003	 4.78509e+001	 4.14730e+001
1496	 1.5150000000e+003	-5.91815e+001	-8.10751e+001
1497	 1.5160000000e+003	-1.41253e+002	 7.74648e+001
1498	 1.5170000000e+003	-1.33943e+002	 1.70688e+002
1499	 1.5180000000e+003	-1.50244e+002	 3.03508e+002
1500	 1.5190000000e+003	-1.65276e+002	 2.47795e+002
1501	 1.5200000000e+003	-1.27564e+002	 4.34626e+001
1502	 1.5210000000e+003	-7.59320e+001	 2.18238e+002
1503	 1.5220000000e+003	-1.53365e+002	 3.09629e+002
1504	 1.5230000000e+003	-1.32278e+002	 2.52870e+002
1505	 1.5240000000e+003	 7.33185e+001	 2.98256e+002
1506	 1.5250000000e+003	 1.19532e+002	 4.24937e+002
1507	 1.5260000000e+003	-2.46417e+002	 2.60112e+002
1508	 1.5270000000e+003	-1.94319e+002	 1.99201e+002
1509	 1.5280000000e+003	 1.36176e+001	 1.70836e+002
1510	 1.5290000000e+003	 1.87063e+002	 2.02572e+002
1511	 1.5300000000e+003	 1.27147e+002	 2.81300e+002
1512	 1.5310000000e+003	-1.70363e+002	 6.75371e+000
1513	 1.5320000000e+003	 2.62141e+001	 2.03272e+002
1514	 1.5330000000e+003	-1.48219e+002	 3.24294e+002
1515	 1.5340000000e+003	-7.36664e+001	 3.21574e+002
1516	 1.5350000000e+003	-2.76364e+001	 2.04386e+002
1517	 1.5360000000e+003	 5.39068e+001	 2.47193e+002
1518	 1.5370000000e+003	-4.74968e+001	 2.72898e+002
1519	 1.5380000000e+003	-3.09060e+002	 4.07012e+002
1520	 1.5390000000e+003	-1.50460e+002	 1.80062e+002
1521	 1.5400000000e+003	 2.27087e+001	 1.63287e+002
1522	 1.5410000000e+003	 1.29620e+002	 2.14330e+002
1523	 1.5420000000e+003	 1.76715e+002	 3.53909e+002
1524	 1.5430000000e+003	 2.07198e+002	 3.64394e+002
1525	 1.5440000000e+003	 4.11949e+001	 2.93786e+002
1526	 1.5450000000e+003	-6.12367e+001	 1.01978e+002
1527	 1.5460000000e+003	-8.07487e+001	 4.61460e+001
1528	 1.5470000000e+003	 1.60916e+001	 9.92420e+001
1529	 1.5480000000e+003	 1.43880e+002	 1.31259e+002
1530	 1.5490000000e+003	 4.95646e+001	 2.89531e+002
1531	 1.5500000000e+003	 9.78978e+001	 9.36089e+001
1532	 1.5510000000e+003	-4.12574e+001	-7.91039e+000
1533	 1.5520000000e+003	-1.05805e+002	 2.10750e+002
1534	 1.5530000000e+003	 2.06832e+002	 3.23846e+002
1535	 1.5540000000e+003	 2.96996e+001	 3.22668e+002
1536	 1.5550000000e+003	 1.04160e+002	 3.25673e+002
1537	 1.5560000000e+003	 4.92794e+001	 1.80259e+002
1538	 1.5570000000e+003	 6.61816e+001	 1.28209e+002
1539	 1.5580000000e+003	 2.33725e+002	-1.18504e+000
1540	 1.5590000000e+003	 1.17280e+002	-2.14889e+000
1541	 1.5600000000e+003	-7.07859e+001	 1.59489e+002
1542	 1.5610000000e+003	-2.01845e+002	 3.03792e+002
1543	 1.5620000000e+003	-1.70768e+002	 3.53205e+002
1544	 1.5630000000e+003	 1.16468e+002	 4.32920e+002
1545	 1.5640000000e+003	 3.19052e+001	 3.90692e+002
1546	 1.5650000000e+003	-3.55668e+001	 1.95982e+002
1547	 1.5660000000e+003	-8.92969e+001	-9.26082e+000
1548	 1.5670000000e+003	-6.86896e+001	 1.19988e+002
1549	 1.5680000000e+003	-2.21785e+002	 1.55943e+002
1550	 1.5690000000e+003	-1.10389e+002	 1.93019e+002
1551	 1.5700000000e+003	-2.68806e+001	 5.62157e+002
1552	 1.5710000000e+003	-8.13605e+000	 4.10971e+002
1553	 1.5720000000e+003	-2.09350e+002	 2.44812e+002
1554	 1.5730000000e+003	-6.63145e+001	 3.77427e+002
1555	 1.5740000000e+003	-5.01009e+001	 5.40056e+002
1556	 1.5750000000e+003	-7.35222e+001	 2.90702e+002
1557	 1.5760000000e+003	-2.03835e+002	 1.20370e+002
1558	 1.5770000000e+003	-3.59731e+001	 2.29982e+002
1559	 1.5780000000e+003	 2.57655e+002	 2.08192e+002
1560	 1.5790000000e+003	 7.77577e+001	 8.70914e+001
1561	 1.5800000000e+003	-1.23081e+002	 1.63971e+002
1562	 1.5810000000e+003	-1.22721e+002	 2.83934e+002
1563	 1.5820000000e+003	 6.35524e+000	 2.14217e+002
1564	 1.5830000000e+003	-9.26878e+001	 1.63870e+002
1565	 1.5840000000e+003	-8.17309e+001	 3.17344e+001
1566	 1.5850000000e+003	 5.54053e+001	 1.58335e+002
1567	 1.5860000000e+003	 5.45617e+001	 2.82861e+002
1568	 1.5870000000e+003	 4.76081e+001	 1.73688e+002
1569	 1.5880000000e+003	 1.94629e+002	 3.79163e+002
1570	 1.5890000000e+003	 2.35435e+002	 2.03962e+002
1571	 1.5900000000e+003	 9.88588e+001	 8.25566e+001
1572	 1.5910000000e+003	 4.48365e+001	 6.01626e+001
1573	 1.5920000000e+003	-2.32073e+002	-1.09627e+002
1574	 1.5930000000e+003	-1.67471e+002	 3.88977e+001
1575	 1.5940000000e+003	 6.95437e+001	 9.59450e+001
1576	 1.5950000000e+003	 1.00852e+002	 2.35284e+002
1577	 1.5960000000e+003	-1.46624e+002	 1.69975e+002
1578	 1.5970000000e+003	-7.92191e+001	 7.14667e+001
1579	 1.5980000000e+003	-4.58406e+001	 9.41792e+001
1580	 1.5990000000e+003	 2.68527e+001	 5.76233e+000
1581	 1.6000000000e+003	 7.36568e+001	 2.15136e+002
1582	 1.6010000000e+003	 2.46721e+001	 2.58286e+002
1583	 1.6020000000e+003	-1.63300e+002	 1.98134e+002
1584	 1.6030000000e+003	-7.44617e+001	-1.58504e+001
1585	 1.6040000000e+003	-9.78114e+001	-3.76599e+001
1586	 1.6050000000e+003	-9.82454e+000	 1.80682e+002
1587	 1.6060000000e+003	 1.47408e+001	 6.39020e+001
1588	 1.6070000000e+003	-6.84280e+000	 3.70499e+001
1589	 1.6080000000e+003	-1.10128e+002	 3.53954e+001
1590	 1.6090000000e+003	-3.70362e+000	 7.93810e+001
1591	 1.6100000000e+003	 1.60840e+002	 1.03034e+002
1592	 1.6110000000e+003	 2.56098e+001	 1.93778e+002
1593	 1.6120000000e+003	 8.62061e+001	 1.31062e+002
1594	 1.6130000000e+003	 1.37968e+001	 7.82103e+001
1595	 1.6140000000e+003	 1.57679e+002	-3.62128e+000
1596	 1.6150000000e+003	 1.49159e+002	 2.70682e+002
1597	 1.6160000000e+003	-7.32502e+000	 3.28773e+002
1598	 1.6170000000e+003	-1.25409e+002	 1.88556e+002
1599	 1.6180000000e+003	-1.21560e+002	 1.30318e+002
1600	 1.6190000000e+003	 3.72982e+001	 1.19962e+002
1601	 1.6200000000e+003	 2.74317e+001	 3.54399e+000
TagsBegin:	 	 	 
OverLoad:	 	False	 
AverageNumber: []	 	 7.20000e+001	 
OverLoadRatio: []	 	 1.19209e-007	 
TagsEnd:	 	 	 
TagScalesBegin:	 	 	 
TagScalesEnd:	 	 	 
