Header Size:	 79	 	 
Pulse Version:	 80	 	 
Running Pulse Version:	PULSE LabShop Fast Track Version 18.1.1.9 - 2014-01-16	 	 
Decimal Symbol:	.	 	 
Date Format:	M/d/yyyy	 	 
Time Format:	HH:mm:ss:mmm	 	 
Data Type:	Complex	 	 
Slice:	False	 	 
Z-Axis type:	Linear	 	 
Z-Axis size:	1	 	 
Z-Axis unit:	 	 	 
Z-Axis first value:	 0.0000000000e+000	 	 
Z-Axis delta:	 1.0000000000e+000	 	 
X-Axis type:	Linear	 	 
X-Axis size:	1601	 	 
X-Axis unit:	Hz	 	 
X-Axis first value:	 2.0000000000e+001	 	 
X-Axis delta:	 1.0000000000e+000	 	 
	 	 	 
AmplitudeUnit:	Pa/(m/s)	 	 
Analyzer:	FFT_Spectrum_Averaging	 	 
AnalyzerName:	FFT Analyzer	 	 
	 	 	 
	 	 	 
Bipolar:	True	 	 
CenterFrequency:	 8.2000000000e+002	 	 
	 	 	 
	 	 	 
	 	 	 
	 	 	 
	 	 	 
	 	 	 
	 	 	 
	 	 	 
Domain:	1	 	 
Function:	Frequency Response	 	 
	 	 	 
InputRange:	 1.0000000000e-001	 	 
	 	 	 
	 	 	 
MultiBufferName:	Input	 	 
NBW:	 1.5000000000e+000	 	 
	 	 	 
OverlapFailed:	False	 	 
Overrun:	False	 	 
Power:	False	 	 
	 	 	 
Ratio:	True	 	 
RecordLength:	 1.0000000000e+000	 	 
ReducedSize:	True	 	 
Ref_Signal:	v	 	 
	 	 	 
	 	 	 
RefSignalUnit:	m/s	 	 
	 	 	 
	 	 	 
Signal:	p	 	 
	 	 	 
SignalUnit:	Pa	 	 
	 	 	 
	 	 	 
	 	 	 
Title:	impedance	 	 
Title1:	Working : Input : Input : FFT Analyzer	 	 
	 	 	 
	 	 	 
	 	 	 
ZoomOn:	True	 	 
	 	 	 
TemplateName:	Working	 	 
MeasurementName:	Input	 	 
MeasurementSlice:	False	 	 
	 	 	 
	 	 	 
	 	 	 
EnvelopeOn:	False	 	 
	 	 	 
	 	 	 
	 	 	 
Z-index:	 	1	 
Date:	 	5/19/2022	 
Time:	 	11:41:35:874	 
Relative time:	 	 0.00000e+000	 
Z-axis:	 	 0.0000000000e+000	 
1	 2.0000000000e+001	 4.55605e+002	-2.42716e+003
2	 2.1000000000e+001	 5.69262e+002	-1.91482e+003
3	 2.2000000000e+001	 7.90045e+002	-1.18173e+003
4	 2.3000000000e+001	 1.35805e+003	-3.95495e+002
5	 2.4000000000e+001	 2.26993e+003	 1.95410e+002
6	 2.5000000000e+001	 2.03177e+003	-1.59029e+003
7	 2.6000000000e+001	 1.66032e+003	-3.77393e+003
8	 2.7000000000e+001	 1.72011e+003	-4.53927e+003
9	 2.8000000000e+001	 1.36262e+003	-4.85907e+003
10	 2.9000000000e+001	 1.13304e+003	-4.40652e+003
11	 3.0000000000e+001	 9.00968e+002	-4.07045e+003
12	 3.1000000000e+001	 8.72306e+002	-3.80861e+003
13	 3.2000000000e+001	 8.13213e+002	-3.69892e+003
14	 3.3000000000e+001	 6.65954e+002	-3.54991e+003
15	 3.4000000000e+001	 6.12385e+002	-3.34477e+003
16	 3.5000000000e+001	 5.60583e+002	-3.21213e+003
17	 3.6000000000e+001	 5.40052e+002	-3.08275e+003
18	 3.7000000000e+001	 5.14873e+002	-2.96928e+003
19	 3.8000000000e+001	 4.81743e+002	-2.87303e+003
20	 3.9000000000e+001	 4.64315e+002	-2.77601e+003
21	 4.0000000000e+001	 4.47162e+002	-2.68920e+003
22	 4.1000000000e+001	 4.22405e+002	-2.61670e+003
23	 4.2000000000e+001	 4.08146e+002	-2.53875e+003
24	 4.3000000000e+001	 3.96178e+002	-2.46639e+003
25	 4.4000000000e+001	 3.77828e+002	-2.40347e+003
26	 4.5000000000e+001	 3.64510e+002	-2.33694e+003
27	 4.6000000000e+001	 3.53981e+002	-2.27149e+003
28	 4.7000000000e+001	 3.45448e+002	-2.21466e+003
29	 4.8000000000e+001	 3.33683e+002	-2.16158e+003
30	 4.9000000000e+001	 3.22618e+002	-2.11110e+003
31	 5.0000000000e+001	 3.07246e+002	-2.06305e+003
32	 5.1000000000e+001	 3.08814e+002	-2.01707e+003
33	 5.2000000000e+001	 3.01999e+002	-1.97192e+003
34	 5.3000000000e+001	 2.95786e+002	-1.92903e+003
35	 5.4000000000e+001	 2.87780e+002	-1.88721e+003
36	 5.5000000000e+001	 2.79564e+002	-1.84937e+003
37	 5.6000000000e+001	 2.68353e+002	-1.81381e+003
38	 5.7000000000e+001	 2.57035e+002	-1.77648e+003
39	 5.8000000000e+001	 2.41768e+002	-1.73484e+003
40	 5.9000000000e+001	 2.30618e+002	-1.68799e+003
41	 6.0000000000e+001	 2.29544e+002	-1.64240e+003
42	 6.1000000000e+001	 2.32642e+002	-1.60274e+003
43	 6.2000000000e+001	 2.36103e+002	-1.56856e+003
44	 6.3000000000e+001	 2.36786e+002	-1.53598e+003
45	 6.4000000000e+001	 2.39169e+002	-1.50641e+003
46	 6.5000000000e+001	 2.40369e+002	-1.48154e+003
47	 6.6000000000e+001	 2.36340e+002	-1.45670e+003
48	 6.7000000000e+001	 2.32017e+002	-1.42792e+003
49	 6.8000000000e+001	 2.29586e+002	-1.39893e+003
50	 6.9000000000e+001	 2.29922e+002	-1.37101e+003
51	 7.0000000000e+001	 2.31220e+002	-1.34435e+003
52	 7.1000000000e+001	 2.34219e+002	-1.31941e+003
53	 7.2000000000e+001	 2.38290e+002	-1.29602e+003
54	 7.3000000000e+001	 2.42252e+002	-1.27613e+003
55	 7.4000000000e+001	 2.45630e+002	-1.25932e+003
56	 7.5000000000e+001	 2.47683e+002	-1.24485e+003
57	 7.6000000000e+001	 2.46445e+002	-1.23271e+003
58	 7.7000000000e+001	 2.42676e+002	-1.22054e+003
59	 7.8000000000e+001	 2.35856e+002	-1.20697e+003
60	 7.9000000000e+001	 2.28215e+002	-1.19215e+003
61	 8.0000000000e+001	 2.19943e+002	-1.17578e+003
62	 8.1000000000e+001	 2.12030e+002	-1.15750e+003
63	 8.2000000000e+001	 2.04717e+002	-1.13909e+003
64	 8.3000000000e+001	 1.98481e+002	-1.11966e+003
65	 8.4000000000e+001	 1.92710e+002	-1.10035e+003
66	 8.5000000000e+001	 1.88072e+002	-1.08112e+003
67	 8.6000000000e+001	 1.83846e+002	-1.06258e+003
68	 8.7000000000e+001	 1.80026e+002	-1.04376e+003
69	 8.8000000000e+001	 1.76751e+002	-1.02563e+003
70	 8.9000000000e+001	 1.73898e+002	-1.00813e+003
71	 9.0000000000e+001	 1.71055e+002	-9.90502e+002
72	 9.1000000000e+001	 1.68578e+002	-9.73607e+002
73	 9.2000000000e+001	 1.66223e+002	-9.56947e+002
74	 9.3000000000e+001	 1.64299e+002	-9.41036e+002
75	 9.4000000000e+001	 1.61748e+002	-9.25276e+002
76	 9.5000000000e+001	 1.59344e+002	-9.09781e+002
77	 9.6000000000e+001	 1.57499e+002	-8.94481e+002
78	 9.7000000000e+001	 1.55399e+002	-8.79350e+002
79	 9.8000000000e+001	 1.53491e+002	-8.64480e+002
80	 9.9000000000e+001	 1.51214e+002	-8.49935e+002
81	 1.0000000000e+002	 1.49474e+002	-8.35335e+002
82	 1.0100000000e+002	 1.47663e+002	-8.21200e+002
83	 1.0200000000e+002	 1.45744e+002	-8.07074e+002
84	 1.0300000000e+002	 1.44555e+002	-7.93222e+002
85	 1.0400000000e+002	 1.43367e+002	-7.79465e+002
86	 1.0500000000e+002	 1.42079e+002	-7.66138e+002
87	 1.0600000000e+002	 1.40808e+002	-7.52813e+002
88	 1.0700000000e+002	 1.39435e+002	-7.39936e+002
89	 1.0800000000e+002	 1.38002e+002	-7.27273e+002
90	 1.0900000000e+002	 1.36466e+002	-7.15015e+002
91	 1.1000000000e+002	 1.34812e+002	-7.02930e+002
92	 1.1100000000e+002	 1.33779e+002	-6.90706e+002
93	 1.1200000000e+002	 1.32901e+002	-6.78747e+002
94	 1.1300000000e+002	 1.31957e+002	-6.67110e+002
95	 1.1400000000e+002	 1.30862e+002	-6.55214e+002
96	 1.1500000000e+002	 1.29922e+002	-6.43549e+002
97	 1.1600000000e+002	 1.28956e+002	-6.32206e+002
98	 1.1700000000e+002	 1.28107e+002	-6.20831e+002
99	 1.1800000000e+002	 1.27037e+002	-6.09793e+002
100	 1.1900000000e+002	 1.26003e+002	-5.98874e+002
101	 1.2000000000e+002	 1.25160e+002	-5.88050e+002
102	 1.2100000000e+002	 1.24397e+002	-5.77553e+002
103	 1.2200000000e+002	 1.23501e+002	-5.67115e+002
104	 1.2300000000e+002	 1.22555e+002	-5.56823e+002
105	 1.2400000000e+002	 1.21553e+002	-5.46623e+002
106	 1.2500000000e+002	 1.20679e+002	-5.36619e+002
107	 1.2600000000e+002	 1.19642e+002	-5.26565e+002
108	 1.2700000000e+002	 1.18447e+002	-5.16439e+002
109	 1.2800000000e+002	 1.17186e+002	-5.06408e+002
110	 1.2900000000e+002	 1.16265e+002	-4.95826e+002
111	 1.3000000000e+002	 1.16187e+002	-4.85385e+002
112	 1.3100000000e+002	 1.16806e+002	-4.75807e+002
113	 1.3200000000e+002	 1.16702e+002	-4.67299e+002
114	 1.3300000000e+002	 1.15942e+002	-4.58976e+002
115	 1.3400000000e+002	 1.14720e+002	-4.50322e+002
116	 1.3500000000e+002	 1.13796e+002	-4.41308e+002
117	 1.3600000000e+002	 1.12676e+002	-4.32391e+002
118	 1.3700000000e+002	 1.11613e+002	-4.23292e+002
119	 1.3800000000e+002	 1.10773e+002	-4.14499e+002
120	 1.3900000000e+002	 1.09724e+002	-4.05723e+002
121	 1.4000000000e+002	 1.08818e+002	-3.96784e+002
122	 1.4100000000e+002	 1.08074e+002	-3.88004e+002
123	 1.4200000000e+002	 1.07356e+002	-3.79233e+002
124	 1.4300000000e+002	 1.06629e+002	-3.70604e+002
125	 1.4400000000e+002	 1.05966e+002	-3.62072e+002
126	 1.4500000000e+002	 1.05412e+002	-3.53725e+002
127	 1.4600000000e+002	 1.04944e+002	-3.45337e+002
128	 1.4700000000e+002	 1.04412e+002	-3.37135e+002
129	 1.4800000000e+002	 1.03735e+002	-3.29070e+002
130	 1.4900000000e+002	 1.03166e+002	-3.21174e+002
131	 1.5000000000e+002	 1.02496e+002	-3.13491e+002
132	 1.5100000000e+002	 1.01635e+002	-3.05358e+002
133	 1.5200000000e+002	 1.00938e+002	-2.97268e+002
134	 1.5300000000e+002	 1.00261e+002	-2.89380e+002
135	 1.5400000000e+002	 9.96421e+001	-2.81503e+002
136	 1.5500000000e+002	 9.89243e+001	-2.73691e+002
137	 1.5600000000e+002	 9.84847e+001	-2.65786e+002
138	 1.5700000000e+002	 9.80642e+001	-2.57967e+002
139	 1.5800000000e+002	 9.77870e+001	-2.50037e+002
140	 1.5900000000e+002	 9.74689e+001	-2.42340e+002
141	 1.6000000000e+002	 9.70477e+001	-2.34598e+002
142	 1.6100000000e+002	 9.66532e+001	-2.26821e+002
143	 1.6200000000e+002	 9.61880e+001	-2.19208e+002
144	 1.6300000000e+002	 9.56307e+001	-2.11585e+002
145	 1.6400000000e+002	 9.50227e+001	-2.03955e+002
146	 1.6500000000e+002	 9.44353e+001	-1.96397e+002
147	 1.6600000000e+002	 9.36860e+001	-1.88923e+002
148	 1.6700000000e+002	 9.29266e+001	-1.81478e+002
149	 1.6800000000e+002	 9.21646e+001	-1.74065e+002
150	 1.6900000000e+002	 9.14580e+001	-1.66666e+002
151	 1.7000000000e+002	 9.07420e+001	-1.59357e+002
152	 1.7100000000e+002	 9.00616e+001	-1.52079e+002
153	 1.7200000000e+002	 8.94043e+001	-1.44919e+002
154	 1.7300000000e+002	 8.87386e+001	-1.37769e+002
155	 1.7400000000e+002	 8.81230e+001	-1.30700e+002
156	 1.7500000000e+002	 8.75731e+001	-1.23700e+002
157	 1.7600000000e+002	 8.70058e+001	-1.16762e+002
158	 1.7700000000e+002	 8.64661e+001	-1.09888e+002
159	 1.7800000000e+002	 8.59488e+001	-1.03068e+002
160	 1.7900000000e+002	 8.54018e+001	-9.63599e+001
161	 1.8000000000e+002	 8.48574e+001	-8.97278e+001
162	 1.8100000000e+002	 8.43340e+001	-8.31438e+001
163	 1.8200000000e+002	 8.37956e+001	-7.65910e+001
164	 1.8300000000e+002	 8.32888e+001	-7.01044e+001
165	 1.8400000000e+002	 8.27839e+001	-6.37104e+001
166	 1.8500000000e+002	 8.22912e+001	-5.73621e+001
167	 1.8600000000e+002	 8.17973e+001	-5.10494e+001
168	 1.8700000000e+002	 8.12888e+001	-4.47488e+001
169	 1.8800000000e+002	 8.07988e+001	-3.85094e+001
170	 1.8900000000e+002	 8.03394e+001	-3.23087e+001
171	 1.9000000000e+002	 7.98649e+001	-2.61429e+001
172	 1.9100000000e+002	 7.94200e+001	-2.00159e+001
173	 1.9200000000e+002	 7.89764e+001	-1.39172e+001
174	 1.9300000000e+002	 7.85182e+001	-7.86666e+000
175	 1.9400000000e+002	 7.80765e+001	-1.84947e+000
176	 1.9500000000e+002	 7.76529e+001	 4.11034e+000
177	 1.9600000000e+002	 7.72218e+001	 1.00747e+001
178	 1.9700000000e+002	 7.68126e+001	 1.59973e+001
179	 1.9800000000e+002	 7.63938e+001	 2.18660e+001
180	 1.9900000000e+002	 7.60124e+001	 2.76814e+001
181	 2.0000000000e+002	 7.56109e+001	 3.34737e+001
182	 2.0100000000e+002	 7.51905e+001	 3.92659e+001
183	 2.0200000000e+002	 7.47924e+001	 4.50110e+001
184	 2.0300000000e+002	 7.44177e+001	 5.07187e+001
185	 2.0400000000e+002	 7.40409e+001	 5.64094e+001
186	 2.0500000000e+002	 7.37085e+001	 6.20453e+001
187	 2.0600000000e+002	 7.34048e+001	 6.76764e+001
188	 2.0700000000e+002	 7.30952e+001	 7.32262e+001
189	 2.0800000000e+002	 7.28573e+001	 7.87626e+001
190	 2.0900000000e+002	 7.26395e+001	 8.42319e+001
191	 2.1000000000e+002	 7.24458e+001	 8.96071e+001
192	 2.1100000000e+002	 7.22825e+001	 9.48933e+001
193	 2.1200000000e+002	 7.20976e+001	 1.00061e+002
194	 2.1300000000e+002	 7.18139e+001	 1.05176e+002
195	 2.1400000000e+002	 7.14231e+001	 1.10224e+002
196	 2.1500000000e+002	 7.09332e+001	 1.15247e+002
197	 2.1600000000e+002	 7.02870e+001	 1.20304e+002
198	 2.1700000000e+002	 6.95393e+001	 1.25442e+002
199	 2.1800000000e+002	 6.87498e+001	 1.30639e+002
200	 2.1900000000e+002	 6.79761e+001	 1.35915e+002
201	 2.2000000000e+002	 6.71696e+001	 1.41257e+002
202	 2.2100000000e+002	 6.64097e+001	 1.46615e+002
203	 2.2200000000e+002	 6.56932e+001	 1.52010e+002
204	 2.2300000000e+002	 6.49801e+001	 1.57361e+002
205	 2.2400000000e+002	 6.43217e+001	 1.62677e+002
206	 2.2500000000e+002	 6.36671e+001	 1.67952e+002
207	 2.2600000000e+002	 6.30186e+001	 1.73180e+002
208	 2.2700000000e+002	 6.23819e+001	 1.78355e+002
209	 2.2800000000e+002	 6.17661e+001	 1.83476e+002
210	 2.2900000000e+002	 6.11255e+001	 1.88552e+002
211	 2.3000000000e+002	 6.04703e+001	 1.93590e+002
212	 2.3100000000e+002	 5.98026e+001	 1.98591e+002
213	 2.3200000000e+002	 5.91354e+001	 2.03581e+002
214	 2.3300000000e+002	 5.84552e+001	 2.08581e+002
215	 2.3400000000e+002	 5.77294e+001	 2.13562e+002
216	 2.3500000000e+002	 5.70295e+001	 2.18551e+002
217	 2.3600000000e+002	 5.63764e+001	 2.23526e+002
218	 2.3700000000e+002	 5.57222e+001	 2.28511e+002
219	 2.3800000000e+002	 5.50828e+001	 2.33500e+002
220	 2.3900000000e+002	 5.44666e+001	 2.38440e+002
221	 2.4000000000e+002	 5.38802e+001	 2.43364e+002
222	 2.4100000000e+002	 5.32574e+001	 2.48350e+002
223	 2.4200000000e+002	 5.26179e+001	 2.53282e+002
224	 2.4300000000e+002	 5.19964e+001	 2.58209e+002
225	 2.4400000000e+002	 5.13615e+001	 2.63114e+002
226	 2.4500000000e+002	 5.07561e+001	 2.68036e+002
227	 2.4600000000e+002	 5.01106e+001	 2.73019e+002
228	 2.4700000000e+002	 4.94420e+001	 2.78003e+002
229	 2.4800000000e+002	 4.87957e+001	 2.82931e+002
230	 2.4900000000e+002	 4.82475e+001	 2.87868e+002
231	 2.5000000000e+002	 4.76458e+001	 2.92840e+002
232	 2.5100000000e+002	 4.70887e+001	 2.97831e+002
233	 2.5200000000e+002	 4.64941e+001	 3.02738e+002
234	 2.5300000000e+002	 4.59371e+001	 3.07654e+002
235	 2.5400000000e+002	 4.54205e+001	 3.12474e+002
236	 2.5500000000e+002	 4.48584e+001	 3.17330e+002
237	 2.5600000000e+002	 4.43172e+001	 3.22205e+002
238	 2.5700000000e+002	 4.37833e+001	 3.26950e+002
239	 2.5800000000e+002	 4.31731e+001	 3.31663e+002
240	 2.5900000000e+002	 4.25119e+001	 3.36405e+002
241	 2.6000000000e+002	 4.19139e+001	 3.41155e+002
242	 2.6100000000e+002	 4.12780e+001	 3.45870e+002
243	 2.6200000000e+002	 4.05939e+001	 3.50631e+002
244	 2.6300000000e+002	 3.99142e+001	 3.55368e+002
245	 2.6400000000e+002	 3.92714e+001	 3.60115e+002
246	 2.6500000000e+002	 3.86077e+001	 3.64739e+002
247	 2.6600000000e+002	 3.79191e+001	 3.69538e+002
248	 2.6700000000e+002	 3.72933e+001	 3.74287e+002
249	 2.6800000000e+002	 3.66297e+001	 3.79054e+002
250	 2.6900000000e+002	 3.58718e+001	 3.83726e+002
251	 2.7000000000e+002	 3.51899e+001	 3.88405e+002
252	 2.7100000000e+002	 3.45373e+001	 3.92999e+002
253	 2.7200000000e+002	 3.38200e+001	 3.97672e+002
254	 2.7300000000e+002	 3.31262e+001	 4.02386e+002
255	 2.7400000000e+002	 3.23875e+001	 4.06990e+002
256	 2.7500000000e+002	 3.16834e+001	 4.11583e+002
257	 2.7600000000e+002	 3.09180e+001	 4.16256e+002
258	 2.7700000000e+002	 3.01097e+001	 4.20855e+002
259	 2.7800000000e+002	 2.92783e+001	 4.25364e+002
260	 2.7900000000e+002	 2.83862e+001	 4.29982e+002
261	 2.8000000000e+002	 2.74454e+001	 4.34716e+002
262	 2.8100000000e+002	 2.64130e+001	 4.39405e+002
263	 2.8200000000e+002	 2.53699e+001	 4.44046e+002
264	 2.8300000000e+002	 2.42931e+001	 4.48813e+002
265	 2.8400000000e+002	 2.31746e+001	 4.53798e+002
266	 2.8500000000e+002	 2.20950e+001	 4.58938e+002
267	 2.8600000000e+002	 2.11642e+001	 4.64158e+002
268	 2.8700000000e+002	 2.03212e+001	 4.69413e+002
269	 2.8800000000e+002	 1.95820e+001	 4.74742e+002
270	 2.8900000000e+002	 1.89693e+001	 4.80121e+002
271	 2.9000000000e+002	 1.85559e+001	 4.85522e+002
272	 2.9100000000e+002	 1.82701e+001	 4.90864e+002
273	 2.9200000000e+002	 1.80217e+001	 4.95989e+002
274	 2.9300000000e+002	 1.78069e+001	 5.01111e+002
275	 2.9400000000e+002	 1.76566e+001	 5.06108e+002
276	 2.9500000000e+002	 1.76445e+001	 5.11115e+002
277	 2.9600000000e+002	 1.76508e+001	 5.16104e+002
278	 2.9700000000e+002	 1.74574e+001	 5.21080e+002
279	 2.9800000000e+002	 1.73772e+001	 5.25874e+002
280	 2.9900000000e+002	 1.73828e+001	 5.30497e+002
281	 3.0000000000e+002	 1.72697e+001	 5.35263e+002
282	 3.0100000000e+002	 1.72061e+001	 5.40000e+002
283	 3.0200000000e+002	 1.71854e+001	 5.44869e+002
284	 3.0300000000e+002	 1.70324e+001	 5.49640e+002
285	 3.0400000000e+002	 1.68719e+001	 5.54383e+002
286	 3.0500000000e+002	 1.67040e+001	 5.59288e+002
287	 3.0600000000e+002	 1.64103e+001	 5.64150e+002
288	 3.0700000000e+002	 1.60811e+001	 5.69339e+002
289	 3.0800000000e+002	 1.58032e+001	 5.75128e+002
290	 3.0900000000e+002	 1.59002e+001	 5.81496e+002
291	 3.1000000000e+002	 1.68676e+001	 5.88512e+002
292	 3.1100000000e+002	 1.94635e+001	 5.95749e+002
293	 3.1200000000e+002	 2.36124e+001	 6.02205e+002
294	 3.1300000000e+002	 2.89852e+001	 6.07261e+002
295	 3.1400000000e+002	 3.51396e+001	 6.10263e+002
296	 3.1500000000e+002	 4.09805e+001	 6.10943e+002
297	 3.1600000000e+002	 4.58467e+001	 6.09419e+002
298	 3.1700000000e+002	 4.85075e+001	 6.06394e+002
299	 3.1800000000e+002	 4.89385e+001	 6.02850e+002
300	 3.1900000000e+002	 4.68646e+001	 5.99650e+002
301	 3.2000000000e+002	 4.33312e+001	 5.97860e+002
302	 3.2100000000e+002	 3.83953e+001	 5.97308e+002
303	 3.2200000000e+002	 3.32110e+001	 5.98802e+002
304	 3.2300000000e+002	 2.82100e+001	 6.01527e+002
305	 3.2400000000e+002	 2.38567e+001	 6.05406e+002
306	 3.2500000000e+002	 2.03437e+001	 6.09936e+002
307	 3.2600000000e+002	 1.78087e+001	 6.14708e+002
308	 3.2700000000e+002	 1.58600e+001	 6.19143e+002
309	 3.2800000000e+002	 1.42723e+001	 6.23156e+002
310	 3.2900000000e+002	 1.22523e+001	 6.27174e+002
311	 3.3000000000e+002	 1.04346e+001	 6.31050e+002
312	 3.3100000000e+002	 8.61558e+000	 6.34924e+002
313	 3.3200000000e+002	 6.86218e+000	 6.39075e+002
314	 3.3300000000e+002	 4.87487e+000	 6.43177e+002
315	 3.3400000000e+002	 3.37109e+000	 6.47208e+002
316	 3.3500000000e+002	 2.06096e+000	 6.51635e+002
317	 3.3600000000e+002	 4.49671e-001	 6.55625e+002
318	 3.3700000000e+002	-7.79228e-001	 6.59498e+002
319	 3.3800000000e+002	-1.89516e+000	 6.63298e+002
320	 3.3900000000e+002	-3.57147e+000	 6.66991e+002
321	 3.4000000000e+002	-5.34604e+000	 6.71077e+002
322	 3.4100000000e+002	-6.94208e+000	 6.75103e+002
323	 3.4200000000e+002	-8.48435e+000	 6.79047e+002
324	 3.4300000000e+002	-1.00135e+001	 6.83305e+002
325	 3.4400000000e+002	-1.15600e+001	 6.87573e+002
326	 3.4500000000e+002	-1.29039e+001	 6.91622e+002
327	 3.4600000000e+002	-1.40646e+001	 6.95796e+002
328	 3.4700000000e+002	-1.52553e+001	 6.99934e+002
329	 3.4800000000e+002	-1.65466e+001	 7.04075e+002
330	 3.4900000000e+002	-1.78759e+001	 7.08166e+002
331	 3.5000000000e+002	-1.90588e+001	 7.12202e+002
332	 3.5100000000e+002	-1.99862e+001	 7.16225e+002
333	 3.5200000000e+002	-2.11780e+001	 7.20388e+002
334	 3.5300000000e+002	-2.23813e+001	 7.24548e+002
335	 3.5400000000e+002	-2.34484e+001	 7.28447e+002
336	 3.5500000000e+002	-2.44966e+001	 7.32431e+002
337	 3.5600000000e+002	-2.56315e+001	 7.36454e+002
338	 3.5700000000e+002	-2.68057e+001	 7.40455e+002
339	 3.5800000000e+002	-2.79235e+001	 7.44475e+002
340	 3.5900000000e+002	-2.90673e+001	 7.48480e+002
341	 3.6000000000e+002	-3.01893e+001	 7.52394e+002
342	 3.6100000000e+002	-3.12158e+001	 7.56291e+002
343	 3.6200000000e+002	-3.22352e+001	 7.60085e+002
344	 3.6300000000e+002	-3.32497e+001	 7.63888e+002
345	 3.6400000000e+002	-3.43303e+001	 7.67644e+002
346	 3.6500000000e+002	-3.53546e+001	 7.71407e+002
347	 3.6600000000e+002	-3.63813e+001	 7.75143e+002
348	 3.6700000000e+002	-3.74247e+001	 7.78780e+002
349	 3.6800000000e+002	-3.84516e+001	 7.82308e+002
350	 3.6900000000e+002	-3.95287e+001	 7.85778e+002
351	 3.7000000000e+002	-4.07072e+001	 7.89292e+002
352	 3.7100000000e+002	-4.19114e+001	 7.92903e+002
353	 3.7200000000e+002	-4.31511e+001	 7.96499e+002
354	 3.7300000000e+002	-4.44542e+001	 7.99927e+002
355	 3.7400000000e+002	-4.58838e+001	 8.03315e+002
356	 3.7500000000e+002	-4.73231e+001	 8.06929e+002
357	 3.7600000000e+002	-4.86433e+001	 8.10604e+002
358	 3.7700000000e+002	-4.99703e+001	 8.14191e+002
359	 3.7800000000e+002	-5.13398e+001	 8.17757e+002
360	 3.7900000000e+002	-5.27675e+001	 8.21547e+002
361	 3.8000000000e+002	-5.41566e+001	 8.25126e+002
362	 3.8100000000e+002	-5.55174e+001	 8.28674e+002
363	 3.8200000000e+002	-5.67734e+001	 8.32537e+002
364	 3.8300000000e+002	-5.79883e+001	 8.36310e+002
365	 3.8400000000e+002	-5.94181e+001	 8.39796e+002
366	 3.8500000000e+002	-6.10884e+001	 8.43497e+002
367	 3.8600000000e+002	-6.26013e+001	 8.47372e+002
368	 3.8700000000e+002	-6.40668e+001	 8.50969e+002
369	 3.8800000000e+002	-6.55271e+001	 8.54415e+002
370	 3.8900000000e+002	-6.66861e+001	 8.58032e+002
371	 3.9000000000e+002	-6.80675e+001	 8.61795e+002
372	 3.9100000000e+002	-6.98174e+001	 8.65274e+002
373	 3.9200000000e+002	-7.13847e+001	 8.68768e+002
374	 3.9300000000e+002	-7.26496e+001	 8.72294e+002
375	 3.9400000000e+002	-7.42718e+001	 8.76013e+002
376	 3.9500000000e+002	-7.56703e+001	 8.79889e+002
377	 3.9600000000e+002	-7.73405e+001	 8.83046e+002
378	 3.9700000000e+002	-7.90445e+001	 8.86743e+002
379	 3.9800000000e+002	-8.04630e+001	 8.90587e+002
380	 3.9900000000e+002	-8.20409e+001	 8.93559e+002
381	 4.0000000000e+002	-8.34794e+001	 8.97185e+002
382	 4.0100000000e+002	-8.49184e+001	 9.00687e+002
383	 4.0200000000e+002	-8.66544e+001	 9.04203e+002
384	 4.0300000000e+002	-8.83024e+001	 9.07985e+002
385	 4.0400000000e+002	-8.98155e+001	 9.11091e+002
386	 4.0500000000e+002	-9.15507e+001	 9.14342e+002
387	 4.0600000000e+002	-9.27854e+001	 9.17850e+002
388	 4.0700000000e+002	-9.47502e+001	 9.21259e+002
389	 4.0800000000e+002	-9.65629e+001	 9.24744e+002
390	 4.0900000000e+002	-9.83406e+001	 9.28273e+002
391	 4.1000000000e+002	-9.98113e+001	 9.31151e+002
392	 4.1100000000e+002	-1.01822e+002	 9.33862e+002
393	 4.1200000000e+002	-1.03923e+002	 9.37514e+002
394	 4.1300000000e+002	-1.05705e+002	 9.40863e+002
395	 4.1400000000e+002	-1.08082e+002	 9.44197e+002
396	 4.1500000000e+002	-1.10245e+002	 9.47402e+002
397	 4.1600000000e+002	-1.12608e+002	 9.50383e+002
398	 4.1700000000e+002	-1.15011e+002	 9.53594e+002
399	 4.1800000000e+002	-1.17767e+002	 9.56909e+002
400	 4.1900000000e+002	-1.20239e+002	 9.60320e+002
401	 4.2000000000e+002	-1.23040e+002	 9.63884e+002
402	 4.2100000000e+002	-1.25489e+002	 9.67686e+002
403	 4.2200000000e+002	-1.28037e+002	 9.71393e+002
404	 4.2300000000e+002	-1.31194e+002	 9.75115e+002
405	 4.2400000000e+002	-1.33605e+002	 9.79190e+002
406	 4.2500000000e+002	-1.36325e+002	 9.83352e+002
407	 4.2600000000e+002	-1.38910e+002	 9.87318e+002
408	 4.2700000000e+002	-1.41596e+002	 9.91941e+002
409	 4.2800000000e+002	-1.43405e+002	 9.96116e+002
410	 4.2900000000e+002	-1.45456e+002	 1.00053e+003
411	 4.3000000000e+002	-1.47795e+002	 1.00472e+003
412	 4.3100000000e+002	-1.50192e+002	 1.00911e+003
413	 4.3200000000e+002	-1.51815e+002	 1.01299e+003
414	 4.3300000000e+002	-1.54059e+002	 1.01712e+003
415	 4.3400000000e+002	-1.55802e+002	 1.02109e+003
416	 4.3500000000e+002	-1.57723e+002	 1.02482e+003
417	 4.3600000000e+002	-1.59762e+002	 1.02894e+003
418	 4.3700000000e+002	-1.61445e+002	 1.03282e+003
419	 4.3800000000e+002	-1.63984e+002	 1.03628e+003
420	 4.3900000000e+002	-1.66115e+002	 1.04016e+003
421	 4.4000000000e+002	-1.68224e+002	 1.04392e+003
422	 4.4100000000e+002	-1.70556e+002	 1.04760e+003
423	 4.4200000000e+002	-1.72940e+002	 1.05096e+003
424	 4.4300000000e+002	-1.75545e+002	 1.05484e+003
425	 4.4400000000e+002	-1.77614e+002	 1.05877e+003
426	 4.4500000000e+002	-1.79832e+002	 1.06218e+003
427	 4.4600000000e+002	-1.82633e+002	 1.06609e+003
428	 4.4700000000e+002	-1.85353e+002	 1.06996e+003
429	 4.4800000000e+002	-1.88351e+002	 1.07405e+003
430	 4.4900000000e+002	-1.91519e+002	 1.07807e+003
431	 4.5000000000e+002	-1.95021e+002	 1.08204e+003
432	 4.5100000000e+002	-1.96876e+002	 1.08530e+003
433	 4.5200000000e+002	-1.99799e+002	 1.08900e+003
434	 4.5300000000e+002	-2.02592e+002	 1.09280e+003
435	 4.5400000000e+002	-2.05890e+002	 1.09707e+003
436	 4.5500000000e+002	-2.08362e+002	 1.10138e+003
437	 4.5600000000e+002	-2.11871e+002	 1.10582e+003
438	 4.5700000000e+002	-2.14561e+002	 1.10961e+003
439	 4.5800000000e+002	-2.17729e+002	 1.11362e+003
440	 4.5900000000e+002	-2.20847e+002	 1.11796e+003
441	 4.6000000000e+002	-2.24496e+002	 1.12218e+003
442	 4.6100000000e+002	-2.27621e+002	 1.12677e+003
443	 4.6200000000e+002	-2.29973e+002	 1.13109e+003
444	 4.6300000000e+002	-2.33791e+002	 1.13594e+003
445	 4.6400000000e+002	-2.36807e+002	 1.13962e+003
446	 4.6500000000e+002	-2.39235e+002	 1.14419e+003
447	 4.6600000000e+002	-2.43216e+002	 1.14913e+003
448	 4.6700000000e+002	-2.46848e+002	 1.15342e+003
449	 4.6800000000e+002	-2.49381e+002	 1.15789e+003
450	 4.6900000000e+002	-2.53280e+002	 1.16308e+003
451	 4.7000000000e+002	-2.56639e+002	 1.16763e+003
452	 4.7100000000e+002	-2.59767e+002	 1.17216e+003
453	 4.7200000000e+002	-2.63152e+002	 1.17762e+003
454	 4.7300000000e+002	-2.67106e+002	 1.18247e+003
455	 4.7400000000e+002	-2.71161e+002	 1.18693e+003
456	 4.7500000000e+002	-2.74389e+002	 1.19254e+003
457	 4.7600000000e+002	-2.77186e+002	 1.19783e+003
458	 4.7700000000e+002	-2.80773e+002	 1.20280e+003
459	 4.7800000000e+002	-2.84759e+002	 1.20829e+003
460	 4.7900000000e+002	-2.88219e+002	 1.21307e+003
461	 4.8000000000e+002	-2.91824e+002	 1.21785e+003
462	 4.8100000000e+002	-2.95624e+002	 1.22384e+003
463	 4.8200000000e+002	-2.99534e+002	 1.22992e+003
464	 4.8300000000e+002	-3.03097e+002	 1.23566e+003
465	 4.8400000000e+002	-3.06551e+002	 1.24154e+003
466	 4.8500000000e+002	-3.09981e+002	 1.24772e+003
467	 4.8600000000e+002	-3.13266e+002	 1.25382e+003
468	 4.8700000000e+002	-3.16753e+002	 1.26058e+003
469	 4.8800000000e+002	-3.19837e+002	 1.26743e+003
470	 4.8900000000e+002	-3.22359e+002	 1.27410e+003
471	 4.9000000000e+002	-3.24638e+002	 1.28027e+003
472	 4.9100000000e+002	-3.27014e+002	 1.28625e+003
473	 4.9200000000e+002	-3.29297e+002	 1.29241e+003
474	 4.9300000000e+002	-3.31810e+002	 1.29825e+003
475	 4.9400000000e+002	-3.34537e+002	 1.30397e+003
476	 4.9500000000e+002	-3.37248e+002	 1.30955e+003
477	 4.9600000000e+002	-3.39997e+002	 1.31515e+003
478	 4.9700000000e+002	-3.42869e+002	 1.32099e+003
479	 4.9800000000e+002	-3.45766e+002	 1.32693e+003
480	 4.9900000000e+002	-3.48745e+002	 1.33299e+003
481	 5.0000000000e+002	-3.51665e+002	 1.33906e+003
482	 5.0100000000e+002	-3.54616e+002	 1.34559e+003
483	 5.0200000000e+002	-3.57600e+002	 1.35207e+003
484	 5.0300000000e+002	-3.60568e+002	 1.35852e+003
485	 5.0400000000e+002	-3.63430e+002	 1.36496e+003
486	 5.0500000000e+002	-3.66124e+002	 1.37153e+003
487	 5.0600000000e+002	-3.68817e+002	 1.37819e+003
488	 5.0700000000e+002	-3.71579e+002	 1.38488e+003
489	 5.0800000000e+002	-3.74351e+002	 1.39176e+003
490	 5.0900000000e+002	-3.77008e+002	 1.39868e+003
491	 5.1000000000e+002	-3.79482e+002	 1.40586e+003
492	 5.1100000000e+002	-3.81942e+002	 1.41304e+003
493	 5.1200000000e+002	-3.84197e+002	 1.42048e+003
494	 5.1300000000e+002	-3.86197e+002	 1.42753e+003
495	 5.1400000000e+002	-3.88170e+002	 1.43465e+003
496	 5.1500000000e+002	-3.90362e+002	 1.44172e+003
497	 5.1600000000e+002	-3.92560e+002	 1.44895e+003
498	 5.1700000000e+002	-3.94323e+002	 1.45641e+003
499	 5.1800000000e+002	-3.96171e+002	 1.46365e+003
500	 5.1900000000e+002	-3.97825e+002	 1.47035e+003
501	 5.2000000000e+002	-3.99221e+002	 1.47715e+003
502	 5.2100000000e+002	-4.00087e+002	 1.48382e+003
503	 5.2200000000e+002	-4.01423e+002	 1.49075e+003
504	 5.2300000000e+002	-4.03448e+002	 1.49820e+003
505	 5.2400000000e+002	-4.05978e+002	 1.50575e+003
506	 5.2500000000e+002	-4.07813e+002	 1.51229e+003
507	 5.2600000000e+002	-4.09600e+002	 1.51826e+003
508	 5.2700000000e+002	-4.11433e+002	 1.52482e+003
509	 5.2800000000e+002	-4.13378e+002	 1.53180e+003
510	 5.2900000000e+002	-4.15426e+002	 1.53926e+003
511	 5.3000000000e+002	-4.16802e+002	 1.54641e+003
512	 5.3100000000e+002	-4.17944e+002	 1.55339e+003
513	 5.3200000000e+002	-4.19343e+002	 1.56023e+003
514	 5.3300000000e+002	-4.20597e+002	 1.56719e+003
515	 5.3400000000e+002	-4.21813e+002	 1.57423e+003
516	 5.3500000000e+002	-4.23576e+002	 1.58269e+003
517	 5.3600000000e+002	-4.24968e+002	 1.59050e+003
518	 5.3700000000e+002	-4.26725e+002	 1.59638e+003
519	 5.3800000000e+002	-4.28674e+002	 1.60298e+003
520	 5.3900000000e+002	-4.29106e+002	 1.61193e+003
521	 5.4000000000e+002	-4.29812e+002	 1.61952e+003
522	 5.4100000000e+002	-4.30885e+002	 1.62543e+003
523	 5.4200000000e+002	-4.30924e+002	 1.63370e+003
524	 5.4300000000e+002	-4.32039e+002	 1.64128e+003
525	 5.4400000000e+002	-4.33857e+002	 1.64750e+003
526	 5.4500000000e+002	-4.34518e+002	 1.65385e+003
527	 5.4600000000e+002	-4.34805e+002	 1.66168e+003
528	 5.4700000000e+002	-4.35692e+002	 1.66989e+003
529	 5.4800000000e+002	-4.37056e+002	 1.67729e+003
530	 5.4900000000e+002	-4.38654e+002	 1.68381e+003
531	 5.5000000000e+002	-4.40964e+002	 1.69175e+003
532	 5.5100000000e+002	-4.40254e+002	 1.69880e+003
533	 5.5200000000e+002	-4.39231e+002	 1.70600e+003
534	 5.5300000000e+002	-4.38213e+002	 1.71337e+003
535	 5.5400000000e+002	-4.40054e+002	 1.71939e+003
536	 5.5500000000e+002	-4.41391e+002	 1.72578e+003
537	 5.5600000000e+002	-4.42076e+002	 1.73468e+003
538	 5.5700000000e+002	-4.41507e+002	 1.74149e+003
539	 5.5800000000e+002	-4.41172e+002	 1.74748e+003
540	 5.5900000000e+002	-4.43348e+002	 1.75454e+003
541	 5.6000000000e+002	-4.43361e+002	 1.76142e+003
542	 5.6100000000e+002	-4.43437e+002	 1.76871e+003
543	 5.6200000000e+002	-4.43727e+002	 1.77612e+003
544	 5.6300000000e+002	-4.43727e+002	 1.78123e+003
545	 5.6400000000e+002	-4.44558e+002	 1.78918e+003
546	 5.6500000000e+002	-4.44011e+002	 1.79729e+003
547	 5.6600000000e+002	-4.43126e+002	 1.80357e+003
548	 5.6700000000e+002	-4.44084e+002	 1.81076e+003
549	 5.6800000000e+002	-4.43915e+002	 1.81730e+003
550	 5.6900000000e+002	-4.44239e+002	 1.82477e+003
551	 5.7000000000e+002	-4.44987e+002	 1.83178e+003
552	 5.7100000000e+002	-4.44312e+002	 1.83866e+003
553	 5.7200000000e+002	-4.42803e+002	 1.84572e+003
554	 5.7300000000e+002	-4.45168e+002	 1.85200e+003
555	 5.7400000000e+002	-4.44484e+002	 1.85968e+003
556	 5.7500000000e+002	-4.43327e+002	 1.86665e+003
557	 5.7600000000e+002	-4.42958e+002	 1.87242e+003
558	 5.7700000000e+002	-4.42233e+002	 1.87988e+003
559	 5.7800000000e+002	-4.41343e+002	 1.88550e+003
560	 5.7900000000e+002	-4.40930e+002	 1.89388e+003
561	 5.8000000000e+002	-4.39792e+002	 1.90053e+003
562	 5.8100000000e+002	-4.39145e+002	 1.90661e+003
563	 5.8200000000e+002	-4.38885e+002	 1.91306e+003
564	 5.8300000000e+002	-4.37596e+002	 1.92000e+003
565	 5.8400000000e+002	-4.36919e+002	 1.92571e+003
566	 5.8500000000e+002	-4.37052e+002	 1.93278e+003
567	 5.8600000000e+002	-4.35730e+002	 1.93883e+003
568	 5.8700000000e+002	-4.35006e+002	 1.94531e+003
569	 5.8800000000e+002	-4.33309e+002	 1.95241e+003
570	 5.8900000000e+002	-4.32106e+002	 1.95916e+003
571	 5.9000000000e+002	-4.31587e+002	 1.96527e+003
572	 5.9100000000e+002	-4.30915e+002	 1.97035e+003
573	 5.9200000000e+002	-4.29066e+002	 1.97640e+003
574	 5.9300000000e+002	-4.27268e+002	 1.98253e+003
575	 5.9400000000e+002	-4.27030e+002	 1.98818e+003
576	 5.9500000000e+002	-4.25802e+002	 1.99495e+003
577	 5.9600000000e+002	-4.23979e+002	 1.99991e+003
578	 5.9700000000e+002	-4.22504e+002	 2.00419e+003
579	 5.9800000000e+002	-4.22339e+002	 2.00990e+003
580	 5.9900000000e+002	-4.21426e+002	 2.01402e+003
581	 6.0000000000e+002	-4.17578e+002	 2.01989e+003
582	 6.0100000000e+002	-4.17333e+002	 2.02389e+003
583	 6.0200000000e+002	-4.17538e+002	 2.02805e+003
584	 6.0300000000e+002	-4.18289e+002	 2.03306e+003
585	 6.0400000000e+002	-4.17525e+002	 2.03647e+003
586	 6.0500000000e+002	-4.17236e+002	 2.03955e+003
587	 6.0600000000e+002	-4.17088e+002	 2.04560e+003
588	 6.0700000000e+002	-4.16800e+002	 2.05005e+003
589	 6.0800000000e+002	-4.16871e+002	 2.05325e+003
590	 6.0900000000e+002	-4.18327e+002	 2.05739e+003
591	 6.1000000000e+002	-4.18649e+002	 2.06236e+003
592	 6.1100000000e+002	-4.18421e+002	 2.06640e+003
593	 6.1200000000e+002	-4.19292e+002	 2.06999e+003
594	 6.1300000000e+002	-4.19916e+002	 2.07544e+003
595	 6.1400000000e+002	-4.19932e+002	 2.08126e+003
596	 6.1500000000e+002	-4.21019e+002	 2.08555e+003
597	 6.1600000000e+002	-4.23890e+002	 2.09033e+003
598	 6.1700000000e+002	-4.24606e+002	 2.09488e+003
599	 6.1800000000e+002	-4.24600e+002	 2.10008e+003
600	 6.1900000000e+002	-4.25973e+002	 2.10504e+003
601	 6.2000000000e+002	-4.26431e+002	 2.11040e+003
602	 6.2100000000e+002	-4.27616e+002	 2.11650e+003
603	 6.2200000000e+002	-4.28904e+002	 2.12238e+003
604	 6.2300000000e+002	-4.30146e+002	 2.12813e+003
605	 6.2400000000e+002	-4.31361e+002	 2.13258e+003
606	 6.2500000000e+002	-4.31634e+002	 2.13686e+003
607	 6.2600000000e+002	-4.32840e+002	 2.14224e+003
608	 6.2700000000e+002	-4.34354e+002	 2.14877e+003
609	 6.2800000000e+002	-4.35515e+002	 2.15470e+003
610	 6.2900000000e+002	-4.35703e+002	 2.16030e+003
611	 6.3000000000e+002	-4.36296e+002	 2.16584e+003
612	 6.3100000000e+002	-4.36856e+002	 2.17157e+003
613	 6.3200000000e+002	-4.37910e+002	 2.17737e+003
614	 6.3300000000e+002	-4.38555e+002	 2.18334e+003
615	 6.3400000000e+002	-4.39188e+002	 2.18955e+003
616	 6.3500000000e+002	-4.39633e+002	 2.19601e+003
617	 6.3600000000e+002	-4.40117e+002	 2.20172e+003
618	 6.3700000000e+002	-4.40843e+002	 2.20676e+003
619	 6.3800000000e+002	-4.41345e+002	 2.21264e+003
620	 6.3900000000e+002	-4.42526e+002	 2.21845e+003
621	 6.4000000000e+002	-4.43323e+002	 2.22438e+003
622	 6.4100000000e+002	-4.43714e+002	 2.23050e+003
623	 6.4200000000e+002	-4.44214e+002	 2.23643e+003
624	 6.4300000000e+002	-4.44514e+002	 2.24253e+003
625	 6.4400000000e+002	-4.44921e+002	 2.24871e+003
626	 6.4500000000e+002	-4.45230e+002	 2.25484e+003
627	 6.4600000000e+002	-4.45921e+002	 2.26101e+003
628	 6.4700000000e+002	-4.46242e+002	 2.26701e+003
629	 6.4800000000e+002	-4.46276e+002	 2.27327e+003
630	 6.4900000000e+002	-4.46657e+002	 2.27931e+003
631	 6.5000000000e+002	-4.47158e+002	 2.28608e+003
632	 6.5100000000e+002	-4.48041e+002	 2.29163e+003
633	 6.5200000000e+002	-4.49012e+002	 2.29730e+003
634	 6.5300000000e+002	-4.49686e+002	 2.30306e+003
635	 6.5400000000e+002	-4.49894e+002	 2.30912e+003
636	 6.5500000000e+002	-4.50503e+002	 2.31582e+003
637	 6.5600000000e+002	-4.50507e+002	 2.32197e+003
638	 6.5700000000e+002	-4.49859e+002	 2.32819e+003
639	 6.5800000000e+002	-4.50054e+002	 2.33427e+003
640	 6.5900000000e+002	-4.51065e+002	 2.33986e+003
641	 6.6000000000e+002	-4.51214e+002	 2.34578e+003
642	 6.6100000000e+002	-4.51479e+002	 2.35270e+003
643	 6.6200000000e+002	-4.50972e+002	 2.35893e+003
644	 6.6300000000e+002	-4.50106e+002	 2.36446e+003
645	 6.6400000000e+002	-4.50910e+002	 2.37072e+003
646	 6.6500000000e+002	-4.51866e+002	 2.37779e+003
647	 6.6600000000e+002	-4.53601e+002	 2.38411e+003
648	 6.6700000000e+002	-4.54031e+002	 2.38878e+003
649	 6.6800000000e+002	-4.53274e+002	 2.39419e+003
650	 6.6900000000e+002	-4.53413e+002	 2.40001e+003
651	 6.7000000000e+002	-4.54258e+002	 2.40638e+003
652	 6.7100000000e+002	-4.54132e+002	 2.41368e+003
653	 6.7200000000e+002	-4.54738e+002	 2.41965e+003
654	 6.7300000000e+002	-4.54889e+002	 2.42395e+003
655	 6.7400000000e+002	-4.54842e+002	 2.43027e+003
656	 6.7500000000e+002	-4.53166e+002	 2.43682e+003
657	 6.7600000000e+002	-4.52490e+002	 2.44320e+003
658	 6.7700000000e+002	-4.52443e+002	 2.45052e+003
659	 6.7800000000e+002	-4.54592e+002	 2.45754e+003
660	 6.7900000000e+002	-4.55651e+002	 2.46289e+003
661	 6.8000000000e+002	-4.53996e+002	 2.46730e+003
662	 6.8100000000e+002	-4.53604e+002	 2.47439e+003
663	 6.8200000000e+002	-4.55279e+002	 2.48174e+003
664	 6.8300000000e+002	-4.55336e+002	 2.48775e+003
665	 6.8400000000e+002	-4.57467e+002	 2.49140e+003
666	 6.8500000000e+002	-4.54327e+002	 2.49873e+003
667	 6.8600000000e+002	-4.52468e+002	 2.50483e+003
668	 6.8700000000e+002	-4.54462e+002	 2.50981e+003
669	 6.8800000000e+002	-4.56160e+002	 2.51604e+003
670	 6.8900000000e+002	-4.53153e+002	 2.52283e+003
671	 6.9000000000e+002	-4.55181e+002	 2.52939e+003
672	 6.9100000000e+002	-4.53500e+002	 2.53720e+003
673	 6.9200000000e+002	-4.55285e+002	 2.54404e+003
674	 6.9300000000e+002	-4.56187e+002	 2.54867e+003
675	 6.9400000000e+002	-4.55776e+002	 2.55586e+003
676	 6.9500000000e+002	-4.53058e+002	 2.56068e+003
677	 6.9600000000e+002	-4.51363e+002	 2.56654e+003
678	 6.9700000000e+002	-4.49066e+002	 2.57154e+003
679	 6.9800000000e+002	-4.52135e+002	 2.57922e+003
680	 6.9900000000e+002	-4.54589e+002	 2.58464e+003
681	 7.0000000000e+002	-4.50030e+002	 2.59143e+003
682	 7.0100000000e+002	-4.50961e+002	 2.59717e+003
683	 7.0200000000e+002	-4.50487e+002	 2.60223e+003
684	 7.0300000000e+002	-4.52894e+002	 2.61108e+003
685	 7.0400000000e+002	-4.52751e+002	 2.61586e+003
686	 7.0500000000e+002	-4.49068e+002	 2.62152e+003
687	 7.0600000000e+002	-4.51760e+002	 2.62852e+003
688	 7.0700000000e+002	-4.52202e+002	 2.63612e+003
689	 7.0800000000e+002	-4.50426e+002	 2.64179e+003
690	 7.0900000000e+002	-4.49897e+002	 2.64582e+003
691	 7.1000000000e+002	-4.50254e+002	 2.65231e+003
692	 7.1100000000e+002	-4.48412e+002	 2.65891e+003
693	 7.1200000000e+002	-4.50553e+002	 2.66453e+003
694	 7.1300000000e+002	-4.51604e+002	 2.67394e+003
695	 7.1400000000e+002	-4.47101e+002	 2.67700e+003
696	 7.1500000000e+002	-4.47542e+002	 2.68453e+003
697	 7.1600000000e+002	-4.44626e+002	 2.69174e+003
698	 7.1700000000e+002	-4.48763e+002	 2.69785e+003
699	 7.1800000000e+002	-4.44936e+002	 2.70220e+003
700	 7.1900000000e+002	-4.45016e+002	 2.70569e+003
701	 7.2000000000e+002	-4.45241e+002	 2.71397e+003
702	 7.2100000000e+002	-4.43900e+002	 2.71940e+003
703	 7.2200000000e+002	-4.44051e+002	 2.72890e+003
704	 7.2300000000e+002	-4.45017e+002	 2.73367e+003
705	 7.2400000000e+002	-4.42686e+002	 2.74127e+003
706	 7.2500000000e+002	-4.41345e+002	 2.74494e+003
707	 7.2600000000e+002	-4.42671e+002	 2.75324e+003
708	 7.2700000000e+002	-4.41016e+002	 2.75809e+003
709	 7.2800000000e+002	-4.39582e+002	 2.76424e+003
710	 7.2900000000e+002	-4.38292e+002	 2.77199e+003
711	 7.3000000000e+002	-4.36890e+002	 2.77802e+003
712	 7.3100000000e+002	-4.36118e+002	 2.78344e+003
713	 7.3200000000e+002	-4.36739e+002	 2.79062e+003
714	 7.3300000000e+002	-4.37231e+002	 2.79893e+003
715	 7.3400000000e+002	-4.35236e+002	 2.80707e+003
716	 7.3500000000e+002	-4.34164e+002	 2.81113e+003
717	 7.3600000000e+002	-4.33962e+002	 2.81706e+003
718	 7.3700000000e+002	-4.35192e+002	 2.82515e+003
719	 7.3800000000e+002	-4.32845e+002	 2.83277e+003
720	 7.3900000000e+002	-4.30438e+002	 2.83826e+003
721	 7.4000000000e+002	-4.30446e+002	 2.84389e+003
722	 7.4100000000e+002	-4.29698e+002	 2.85429e+003
723	 7.4200000000e+002	-4.28142e+002	 2.86289e+003
724	 7.4300000000e+002	-4.27393e+002	 2.86873e+003
725	 7.4400000000e+002	-4.26641e+002	 2.87598e+003
726	 7.4500000000e+002	-4.23752e+002	 2.88124e+003
727	 7.4600000000e+002	-4.23513e+002	 2.88923e+003
728	 7.4700000000e+002	-4.24272e+002	 2.89724e+003
729	 7.4800000000e+002	-4.23190e+002	 2.90241e+003
730	 7.4900000000e+002	-4.18251e+002	 2.90994e+003
731	 7.5000000000e+002	-4.15676e+002	 2.91826e+003
732	 7.5100000000e+002	-4.14247e+002	 2.92787e+003
733	 7.5200000000e+002	-4.13131e+002	 2.93499e+003
734	 7.5300000000e+002	-4.09921e+002	 2.94079e+003
735	 7.5400000000e+002	-4.07740e+002	 2.94727e+003
736	 7.5500000000e+002	-4.06638e+002	 2.95295e+003
737	 7.5600000000e+002	-4.04457e+002	 2.96164e+003
738	 7.5700000000e+002	-4.00997e+002	 2.97069e+003
739	 7.5800000000e+002	-3.98021e+002	 2.97774e+003
740	 7.5900000000e+002	-3.95692e+002	 2.98520e+003
741	 7.6000000000e+002	-3.94097e+002	 2.99237e+003
742	 7.6100000000e+002	-3.90301e+002	 2.99989e+003
743	 7.6200000000e+002	-3.86334e+002	 3.00597e+003
744	 7.6300000000e+002	-3.82365e+002	 3.01151e+003
745	 7.6400000000e+002	-3.77832e+002	 3.01768e+003
746	 7.6500000000e+002	-3.73818e+002	 3.02519e+003
747	 7.6600000000e+002	-3.69023e+002	 3.03283e+003
748	 7.6700000000e+002	-3.65064e+002	 3.04042e+003
749	 7.6800000000e+002	-3.60662e+002	 3.04650e+003
750	 7.6900000000e+002	-3.55005e+002	 3.05211e+003
751	 7.7000000000e+002	-3.48989e+002	 3.05725e+003
752	 7.7100000000e+002	-3.41928e+002	 3.06273e+003
753	 7.7200000000e+002	-3.37067e+002	 3.06780e+003
754	 7.7300000000e+002	-3.31630e+002	 3.07190e+003
755	 7.7400000000e+002	-3.26163e+002	 3.07669e+003
756	 7.7500000000e+002	-3.19762e+002	 3.08111e+003
757	 7.7600000000e+002	-3.12797e+002	 3.08453e+003
758	 7.7700000000e+002	-3.07517e+002	 3.08793e+003
759	 7.7800000000e+002	-3.01978e+002	 3.09088e+003
760	 7.7900000000e+002	-2.95959e+002	 3.09326e+003
761	 7.8000000000e+002	-2.90268e+002	 3.09548e+003
762	 7.8100000000e+002	-2.84387e+002	 3.09692e+003
763	 7.8200000000e+002	-2.79115e+002	 3.09847e+003
764	 7.8300000000e+002	-2.73298e+002	 3.09982e+003
765	 7.8400000000e+002	-2.70387e+002	 3.09904e+003
766	 7.8500000000e+002	-2.67857e+002	 3.10004e+003
767	 7.8600000000e+002	-2.64682e+002	 3.09827e+003
768	 7.8700000000e+002	-2.62758e+002	 3.09899e+003
769	 7.8800000000e+002	-2.60551e+002	 3.09852e+003
770	 7.8900000000e+002	-2.58254e+002	 3.09812e+003
771	 7.9000000000e+002	-2.55144e+002	 3.10107e+003
772	 7.9100000000e+002	-2.53768e+002	 3.09924e+003
773	 7.9200000000e+002	-2.52159e+002	 3.10045e+003
774	 7.9300000000e+002	-2.51338e+002	 3.10111e+003
775	 7.9400000000e+002	-2.51281e+002	 3.09902e+003
776	 7.9500000000e+002	-2.52281e+002	 3.10170e+003
777	 7.9600000000e+002	-2.53420e+002	 3.10352e+003
778	 7.9700000000e+002	-2.53260e+002	 3.10246e+003
779	 7.9800000000e+002	-2.54912e+002	 3.10481e+003
780	 7.9900000000e+002	-2.57883e+002	 3.10914e+003
781	 8.0000000000e+002	-2.59324e+002	 3.10973e+003
782	 8.0100000000e+002	-2.59699e+002	 3.10981e+003
783	 8.0200000000e+002	-2.61850e+002	 3.11630e+003
784	 8.0300000000e+002	-2.63295e+002	 3.12453e+003
785	 8.0400000000e+002	-2.62955e+002	 3.12670e+003
786	 8.0500000000e+002	-2.61780e+002	 3.12483e+003
787	 8.0600000000e+002	-2.65718e+002	 3.12860e+003
788	 8.0700000000e+002	-2.72614e+002	 3.13729e+003
789	 8.0800000000e+002	-2.73476e+002	 3.14422e+003
790	 8.0900000000e+002	-2.70105e+002	 3.14793e+003
791	 8.1000000000e+002	-2.68107e+002	 3.14807e+003
792	 8.1100000000e+002	-2.67489e+002	 3.15096e+003
793	 8.1200000000e+002	-2.69298e+002	 3.15730e+003
794	 8.1300000000e+002	-2.71928e+002	 3.16741e+003
795	 8.1400000000e+002	-2.72733e+002	 3.17779e+003
796	 8.1500000000e+002	-2.73748e+002	 3.18324e+003
797	 8.1600000000e+002	-2.72173e+002	 3.18820e+003
798	 8.1700000000e+002	-2.67145e+002	 3.19392e+003
799	 8.1800000000e+002	-2.62466e+002	 3.19806e+003
800	 8.1900000000e+002	-2.58283e+002	 3.19997e+003
801	 8.2000000000e+002	-2.56733e+002	 3.20454e+003
802	 8.2100000000e+002	-2.55570e+002	 3.21049e+003
803	 8.2200000000e+002	-2.54384e+002	 3.21549e+003
804	 8.2300000000e+002	-2.51418e+002	 3.21854e+003
805	 8.2400000000e+002	-2.50507e+002	 3.22486e+003
806	 8.2500000000e+002	-2.48375e+002	 3.23311e+003
807	 8.2600000000e+002	-2.41939e+002	 3.23671e+003
808	 8.2700000000e+002	-2.38004e+002	 3.23801e+003
809	 8.2800000000e+002	-2.36851e+002	 3.24230e+003
810	 8.2900000000e+002	-2.31488e+002	 3.24372e+003
811	 8.3000000000e+002	-2.28670e+002	 3.24561e+003
812	 8.3100000000e+002	-2.26163e+002	 3.24895e+003
813	 8.3200000000e+002	-2.24397e+002	 3.25462e+003
814	 8.3300000000e+002	-2.21597e+002	 3.26171e+003
815	 8.3400000000e+002	-2.24455e+002	 3.26577e+003
816	 8.3500000000e+002	-2.28450e+002	 3.27038e+003
817	 8.3600000000e+002	-2.23772e+002	 3.27726e+003
818	 8.3700000000e+002	-2.22883e+002	 3.27696e+003
819	 8.3800000000e+002	-2.19297e+002	 3.27178e+003
820	 8.3900000000e+002	-2.12179e+002	 3.26721e+003
821	 8.4000000000e+002	-2.13800e+002	 3.26849e+003
822	 8.4100000000e+002	-2.18541e+002	 3.27979e+003
823	 8.4200000000e+002	-2.25742e+002	 3.29331e+003
824	 8.4300000000e+002	-2.28418e+002	 3.29768e+003
825	 8.4400000000e+002	-2.23833e+002	 3.29472e+003
826	 8.4500000000e+002	-2.18997e+002	 3.29255e+003
827	 8.4600000000e+002	-2.24210e+002	 3.30204e+003
828	 8.4700000000e+002	-2.28391e+002	 3.31544e+003
829	 8.4800000000e+002	-2.26947e+002	 3.32218e+003
830	 8.4900000000e+002	-2.19367e+002	 3.32229e+003
831	 8.5000000000e+002	-2.18796e+002	 3.31708e+003
832	 8.5100000000e+002	-2.22905e+002	 3.33806e+003
833	 8.5200000000e+002	-2.25019e+002	 3.34659e+003
834	 8.5300000000e+002	-2.17332e+002	 3.33578e+003
835	 8.5400000000e+002	-2.07712e+002	 3.35473e+003
836	 8.5500000000e+002	-2.11923e+002	 3.37769e+003
837	 8.5600000000e+002	-2.06347e+002	 3.36459e+003
838	 8.5700000000e+002	-2.01992e+002	 3.37022e+003
839	 8.5800000000e+002	-2.01672e+002	 3.39537e+003
840	 8.5900000000e+002	-1.95772e+002	 3.37967e+003
841	 8.6000000000e+002	-1.90703e+002	 3.39125e+003
842	 8.6100000000e+002	-1.88013e+002	 3.40913e+003
843	 8.6200000000e+002	-1.83647e+002	 3.39148e+003
844	 8.6300000000e+002	-1.77611e+002	 3.41463e+003
845	 8.6400000000e+002	-1.72214e+002	 3.41171e+003
846	 8.6500000000e+002	-1.63428e+002	 3.41032e+003
847	 8.6600000000e+002	-1.61364e+002	 3.42459e+003
848	 8.6700000000e+002	-1.56797e+002	 3.41245e+003
849	 8.6800000000e+002	-1.46240e+002	 3.42780e+003
850	 8.6900000000e+002	-1.44705e+002	 3.41480e+003
851	 8.7000000000e+002	-1.33081e+002	 3.41953e+003
852	 8.7100000000e+002	-1.37800e+002	 3.41242e+003
853	 8.7200000000e+002	-1.30423e+002	 3.41751e+003
854	 8.7300000000e+002	-1.35161e+002	 3.41310e+003
855	 8.7400000000e+002	-1.27380e+002	 3.41038e+003
856	 8.7500000000e+002	-1.34413e+002	 3.40815e+003
857	 8.7600000000e+002	-1.36282e+002	 3.40871e+003
858	 8.7700000000e+002	-1.45485e+002	 3.40884e+003
859	 8.7800000000e+002	-1.47424e+002	 3.41251e+003
860	 8.7900000000e+002	-1.54241e+002	 3.41232e+003
861	 8.8000000000e+002	-1.60013e+002	 3.41973e+003
862	 8.8100000000e+002	-1.70070e+002	 3.42326e+003
863	 8.8200000000e+002	-1.71586e+002	 3.43251e+003
864	 8.8300000000e+002	-1.74225e+002	 3.44514e+003
865	 8.8400000000e+002	-1.79281e+002	 3.45666e+003
866	 8.8500000000e+002	-1.78812e+002	 3.47075e+003
867	 8.8600000000e+002	-1.80082e+002	 3.48026e+003
868	 8.8700000000e+002	-1.77125e+002	 3.48928e+003
869	 8.8800000000e+002	-1.70899e+002	 3.50102e+003
870	 8.8900000000e+002	-1.67591e+002	 3.51297e+003
871	 8.9000000000e+002	-1.61026e+002	 3.52648e+003
872	 8.9100000000e+002	-1.53988e+002	 3.53776e+003
873	 8.9200000000e+002	-1.45962e+002	 3.54541e+003
874	 8.9300000000e+002	-1.36691e+002	 3.55189e+003
875	 8.9400000000e+002	-1.27205e+002	 3.55978e+003
876	 8.9500000000e+002	-1.20081e+002	 3.56761e+003
877	 8.9600000000e+002	-1.10452e+002	 3.57384e+003
878	 8.9700000000e+002	-9.81483e+001	 3.58268e+003
879	 8.9800000000e+002	-8.81532e+001	 3.58654e+003
880	 8.9900000000e+002	-8.19799e+001	 3.59117e+003
881	 9.0000000000e+002	-7.33923e+001	 3.59612e+003
882	 9.0100000000e+002	-6.25377e+001	 3.60197e+003
883	 9.0200000000e+002	-5.16438e+001	 3.60414e+003
884	 9.0300000000e+002	-4.11778e+001	 3.60551e+003
885	 9.0400000000e+002	-3.21926e+001	 3.60699e+003
886	 9.0500000000e+002	-2.34470e+001	 3.61018e+003
887	 9.0600000000e+002	-1.55781e+001	 3.61145e+003
888	 9.0700000000e+002	-5.32099e+000	 3.61301e+003
889	 9.0800000000e+002	 3.72214e+000	 3.61604e+003
890	 9.0900000000e+002	 1.39956e+001	 3.61971e+003
891	 9.1000000000e+002	 2.40158e+001	 3.61850e+003
892	 9.1100000000e+002	 3.53401e+001	 3.61721e+003
893	 9.1200000000e+002	 4.40991e+001	 3.61506e+003
894	 9.1300000000e+002	 5.49782e+001	 3.61402e+003
895	 9.1400000000e+002	 6.43590e+001	 3.61038e+003
896	 9.1500000000e+002	 7.62680e+001	 3.60754e+003
897	 9.1600000000e+002	 8.41620e+001	 3.60451e+003
898	 9.1700000000e+002	 9.54385e+001	 3.60256e+003
899	 9.1800000000e+002	 1.05888e+002	 3.59710e+003
900	 9.1900000000e+002	 1.17484e+002	 3.59040e+003
901	 9.2000000000e+002	 1.27518e+002	 3.58402e+003
902	 9.2100000000e+002	 1.35850e+002	 3.57824e+003
903	 9.2200000000e+002	 1.45479e+002	 3.57161e+003
904	 9.2300000000e+002	 1.53288e+002	 3.56125e+003
905	 9.2400000000e+002	 1.63733e+002	 3.55313e+003
906	 9.2500000000e+002	 1.71889e+002	 3.54215e+003
907	 9.2600000000e+002	 1.77471e+002	 3.52900e+003
908	 9.2700000000e+002	 1.85431e+002	 3.51780e+003
909	 9.2800000000e+002	 1.88603e+002	 3.50196e+003
910	 9.2900000000e+002	 1.92671e+002	 3.48738e+003
911	 9.3000000000e+002	 1.96415e+002	 3.47234e+003
912	 9.3100000000e+002	 1.95887e+002	 3.45507e+003
913	 9.3200000000e+002	 1.93216e+002	 3.43954e+003
914	 9.3300000000e+002	 1.90638e+002	 3.42482e+003
915	 9.3400000000e+002	 1.86296e+002	 3.40578e+003
916	 9.3500000000e+002	 1.80353e+002	 3.38936e+003
917	 9.3600000000e+002	 1.74970e+002	 3.37603e+003
918	 9.3700000000e+002	 1.66479e+002	 3.36027e+003
919	 9.3800000000e+002	 1.52779e+002	 3.34294e+003
920	 9.3900000000e+002	 1.37565e+002	 3.32818e+003
921	 9.4000000000e+002	 1.20910e+002	 3.31656e+003
922	 9.4100000000e+002	 1.02565e+002	 3.30285e+003
923	 9.4200000000e+002	 8.41989e+001	 3.29181e+003
924	 9.4300000000e+002	 6.70494e+001	 3.28653e+003
925	 9.4400000000e+002	 4.87913e+001	 3.28271e+003
926	 9.4500000000e+002	 2.79095e+001	 3.27807e+003
927	 9.4600000000e+002	 6.85438e+000	 3.27268e+003
928	 9.4700000000e+002	-1.58471e+001	 3.27421e+003
929	 9.4800000000e+002	-3.44674e+001	 3.28316e+003
930	 9.4900000000e+002	-5.54172e+001	 3.29312e+003
931	 9.5000000000e+002	-7.77750e+001	 3.29829e+003
932	 9.5100000000e+002	-9.74541e+001	 3.29893e+003
933	 9.5200000000e+002	-1.15450e+002	 3.30073e+003
934	 9.5300000000e+002	-1.30916e+002	 3.31295e+003
935	 9.5400000000e+002	-1.44842e+002	 3.32970e+003
936	 9.5500000000e+002	-1.59046e+002	 3.34877e+003
937	 9.5600000000e+002	-1.72139e+002	 3.36767e+003
938	 9.5700000000e+002	-1.89312e+002	 3.38509e+003
939	 9.5800000000e+002	-2.01242e+002	 3.39353e+003
940	 9.5900000000e+002	-2.06443e+002	 3.40301e+003
941	 9.6000000000e+002	-2.14164e+002	 3.41543e+003
942	 9.6100000000e+002	-2.24136e+002	 3.43111e+003
943	 9.6200000000e+002	-2.34961e+002	 3.44302e+003
944	 9.6300000000e+002	-2.39892e+002	 3.45025e+003
945	 9.6400000000e+002	-2.40794e+002	 3.46374e+003
946	 9.6500000000e+002	-2.45143e+002	 3.47973e+003
947	 9.6600000000e+002	-2.54636e+002	 3.49735e+003
948	 9.6700000000e+002	-2.61510e+002	 3.51487e+003
949	 9.6800000000e+002	-2.67148e+002	 3.52631e+003
950	 9.6900000000e+002	-2.75336e+002	 3.53629e+003
951	 9.7000000000e+002	-2.70785e+002	 3.55272e+003
952	 9.7100000000e+002	-2.71361e+002	 3.58039e+003
953	 9.7200000000e+002	-2.80610e+002	 3.60137e+003
954	 9.7300000000e+002	-2.84359e+002	 3.61393e+003
955	 9.7400000000e+002	-2.83074e+002	 3.62688e+003
956	 9.7500000000e+002	-2.78916e+002	 3.65281e+003
957	 9.7600000000e+002	-2.78968e+002	 3.66727e+003
958	 9.7700000000e+002	-2.79278e+002	 3.69652e+003
959	 9.7800000000e+002	-2.77495e+002	 3.72585e+003
960	 9.7900000000e+002	-2.83273e+002	 3.74078e+003
961	 9.8000000000e+002	-2.82156e+002	 3.75401e+003
962	 9.8100000000e+002	-2.63018e+002	 3.76243e+003
963	 9.8200000000e+002	-2.52270e+002	 3.76771e+003
964	 9.8300000000e+002	-2.46973e+002	 3.77014e+003
965	 9.8400000000e+002	-2.36641e+002	 3.78551e+003
966	 9.8500000000e+002	-2.27976e+002	 3.81286e+003
967	 9.8600000000e+002	-2.16010e+002	 3.84189e+003
968	 9.8700000000e+002	-2.08367e+002	 3.85454e+003
969	 9.8800000000e+002	-1.95668e+002	 3.85313e+003
970	 9.8900000000e+002	-1.80740e+002	 3.83807e+003
971	 9.9000000000e+002	-1.70345e+002	 3.85379e+003
972	 9.9100000000e+002	-1.60141e+002	 3.88049e+003
973	 9.9200000000e+002	-1.48426e+002	 3.89732e+003
974	 9.9300000000e+002	-1.36839e+002	 3.88708e+003
975	 9.9400000000e+002	-1.37681e+002	 3.87966e+003
976	 9.9500000000e+002	-1.24918e+002	 3.89244e+003
977	 9.9600000000e+002	-1.08997e+002	 3.91266e+003
978	 9.9700000000e+002	-1.17161e+002	 3.90934e+003
979	 9.9800000000e+002	-1.07223e+002	 3.90446e+003
980	 9.9900000000e+002	-8.70348e+001	 3.92373e+003
981	 1.0000000000e+003	-8.92338e+001	 3.94118e+003
982	 1.0010000000e+003	-9.26618e+001	 3.92024e+003
983	 1.0020000000e+003	-7.58650e+001	 3.94066e+003
984	 1.0030000000e+003	-5.04712e+001	 3.96733e+003
985	 1.0040000000e+003	-4.73133e+001	 3.95198e+003
986	 1.0050000000e+003	-4.53264e+001	 3.94610e+003
987	 1.0060000000e+003	-1.89402e+001	 3.97958e+003
988	 1.0070000000e+003	-1.18706e+000	 3.97447e+003
989	 1.0080000000e+003	 7.82055e+000	 3.96232e+003
990	 1.0090000000e+003	 3.49085e+001	 3.99319e+003
991	 1.0100000000e+003	 3.32380e+001	 3.96929e+003
992	 1.0110000000e+003	 5.08506e+001	 3.97186e+003
993	 1.0120000000e+003	 7.11832e+001	 3.98690e+003
994	 1.0130000000e+003	 6.04039e+001	 3.96235e+003
995	 1.0140000000e+003	 8.23825e+001	 3.97253e+003
996	 1.0150000000e+003	 7.66792e+001	 3.96951e+003
997	 1.0160000000e+003	 8.37419e+001	 3.96644e+003
998	 1.0170000000e+003	 7.66060e+001	 3.97185e+003
999	 1.0180000000e+003	 8.85115e+001	 3.97198e+003
1000	 1.0190000000e+003	 1.01549e+002	 3.96682e+003
1001	 1.0200000000e+003	 8.93475e+001	 3.95353e+003
1002	 1.0210000000e+003	 1.05859e+002	 3.95915e+003
1003	 1.0220000000e+003	 1.03579e+002	 3.96019e+003
1004	 1.0230000000e+003	 1.12702e+002	 3.95576e+003
1005	 1.0240000000e+003	 1.04072e+002	 3.94467e+003
1006	 1.0250000000e+003	 1.28766e+002	 3.95776e+003
1007	 1.0260000000e+003	 1.15843e+002	 3.95390e+003
1008	 1.0270000000e+003	 1.17513e+002	 3.94744e+003
1009	 1.0280000000e+003	 1.06724e+002	 3.94128e+003
1010	 1.0290000000e+003	 1.15782e+002	 3.95068e+003
1011	 1.0300000000e+003	 1.16230e+002	 3.96248e+003
1012	 1.0310000000e+003	 1.16381e+002	 3.96614e+003
1013	 1.0320000000e+003	 1.13386e+002	 3.95952e+003
1014	 1.0330000000e+003	 1.15932e+002	 3.95895e+003
1015	 1.0340000000e+003	 1.33611e+002	 3.97580e+003
1016	 1.0350000000e+003	 1.40029e+002	 3.99064e+003
1017	 1.0360000000e+003	 1.49427e+002	 3.99658e+003
1018	 1.0370000000e+003	 1.45407e+002	 3.99046e+003
1019	 1.0380000000e+003	 1.41347e+002	 3.98311e+003
1020	 1.0390000000e+003	 1.49749e+002	 3.98088e+003
1021	 1.0400000000e+003	 1.61131e+002	 3.98382e+003
1022	 1.0410000000e+003	 1.80888e+002	 3.99321e+003
1023	 1.0420000000e+003	 1.93056e+002	 3.99953e+003
1024	 1.0430000000e+003	 1.94514e+002	 4.00072e+003
1025	 1.0440000000e+003	 1.99867e+002	 3.99985e+003
1026	 1.0450000000e+003	 1.95381e+002	 3.99618e+003
1027	 1.0460000000e+003	 1.95957e+002	 3.98993e+003
1028	 1.0470000000e+003	 1.99258e+002	 3.98592e+003
1029	 1.0480000000e+003	 2.04275e+002	 3.98476e+003
1030	 1.0490000000e+003	 2.07090e+002	 3.98507e+003
1031	 1.0500000000e+003	 2.11883e+002	 3.98664e+003
1032	 1.0510000000e+003	 2.21697e+002	 3.98075e+003
1033	 1.0520000000e+003	 2.29157e+002	 3.97707e+003
1034	 1.0530000000e+003	 2.31806e+002	 3.97759e+003
1035	 1.0540000000e+003	 2.39677e+002	 3.97601e+003
1036	 1.0550000000e+003	 2.41626e+002	 3.97688e+003
1037	 1.0560000000e+003	 2.48580e+002	 3.97687e+003
1038	 1.0570000000e+003	 2.49017e+002	 3.97747e+003
1039	 1.0580000000e+003	 2.53184e+002	 3.97359e+003
1040	 1.0590000000e+003	 2.58324e+002	 3.96909e+003
1041	 1.0600000000e+003	 2.63501e+002	 3.96895e+003
1042	 1.0610000000e+003	 2.65005e+002	 3.96786e+003
1043	 1.0620000000e+003	 2.68788e+002	 3.96342e+003
1044	 1.0630000000e+003	 2.74134e+002	 3.96149e+003
1045	 1.0640000000e+003	 2.80954e+002	 3.95690e+003
1046	 1.0650000000e+003	 2.86683e+002	 3.95432e+003
1047	 1.0660000000e+003	 2.91708e+002	 3.95480e+003
1048	 1.0670000000e+003	 2.98170e+002	 3.95530e+003
1049	 1.0680000000e+003	 3.03057e+002	 3.95230e+003
1050	 1.0690000000e+003	 3.05871e+002	 3.95133e+003
1051	 1.0700000000e+003	 3.05857e+002	 3.94548e+003
1052	 1.0710000000e+003	 3.02505e+002	 3.93877e+003
1053	 1.0720000000e+003	 3.01774e+002	 3.93454e+003
1054	 1.0730000000e+003	 3.04376e+002	 3.93569e+003
1055	 1.0740000000e+003	 3.08623e+002	 3.93731e+003
1056	 1.0750000000e+003	 3.14701e+002	 3.93739e+003
1057	 1.0760000000e+003	 3.17622e+002	 3.93388e+003
1058	 1.0770000000e+003	 3.17961e+002	 3.92706e+003
1059	 1.0780000000e+003	 3.18748e+002	 3.91814e+003
1060	 1.0790000000e+003	 3.20598e+002	 3.91385e+003
1061	 1.0800000000e+003	 3.26985e+002	 3.92100e+003
1062	 1.0810000000e+003	 3.30113e+002	 3.92360e+003
1063	 1.0820000000e+003	 3.29103e+002	 3.91373e+003
1064	 1.0830000000e+003	 3.25727e+002	 3.90279e+003
1065	 1.0840000000e+003	 3.31695e+002	 3.90276e+003
1066	 1.0850000000e+003	 3.40552e+002	 3.90303e+003
1067	 1.0860000000e+003	 3.37686e+002	 3.89196e+003
1068	 1.0870000000e+003	 3.34764e+002	 3.87753e+003
1069	 1.0880000000e+003	 3.34098e+002	 3.87765e+003
1070	 1.0890000000e+003	 3.37723e+002	 3.88019e+003
1071	 1.0900000000e+003	 3.41319e+002	 3.86939e+003
1072	 1.0910000000e+003	 3.39843e+002	 3.86224e+003
1073	 1.0920000000e+003	 3.40756e+002	 3.86285e+003
1074	 1.0930000000e+003	 3.33247e+002	 3.85732e+003
1075	 1.0940000000e+003	 3.26800e+002	 3.84472e+003
1076	 1.0950000000e+003	 3.24968e+002	 3.84737e+003
1077	 1.0960000000e+003	 3.23457e+002	 3.84007e+003
1078	 1.0970000000e+003	 3.27865e+002	 3.83182e+003
1079	 1.0980000000e+003	 3.31750e+002	 3.83666e+003
1080	 1.0990000000e+003	 3.24306e+002	 3.82403e+003
1081	 1.1000000000e+003	 3.21527e+002	 3.81342e+003
1082	 1.1010000000e+003	 3.10470e+002	 3.82213e+003
1083	 1.1020000000e+003	 3.05540e+002	 3.81660e+003
1084	 1.1030000000e+003	 3.00903e+002	 3.81278e+003
1085	 1.1040000000e+003	 2.97497e+002	 3.81381e+003
1086	 1.1050000000e+003	 2.98918e+002	 3.80423e+003
1087	 1.1060000000e+003	 3.04196e+002	 3.80736e+003
1088	 1.1070000000e+003	 3.01499e+002	 3.79839e+003
1089	 1.1080000000e+003	 2.98975e+002	 3.79884e+003
1090	 1.1090000000e+003	 2.92062e+002	 3.79294e+003
1091	 1.1100000000e+003	 2.82680e+002	 3.78924e+003
1092	 1.1110000000e+003	 2.78594e+002	 3.78989e+003
1093	 1.1120000000e+003	 2.83644e+002	 3.78743e+003
1094	 1.1130000000e+003	 2.81909e+002	 3.78625e+003
1095	 1.1140000000e+003	 2.69110e+002	 3.78682e+003
1096	 1.1150000000e+003	 2.69336e+002	 3.79079e+003
1097	 1.1160000000e+003	 2.66849e+002	 3.78503e+003
1098	 1.1170000000e+003	 2.60009e+002	 3.78952e+003
1099	 1.1180000000e+003	 2.47900e+002	 3.78895e+003
1100	 1.1190000000e+003	 2.47748e+002	 3.78738e+003
1101	 1.1200000000e+003	 2.46235e+002	 3.79753e+003
1102	 1.1210000000e+003	 2.44651e+002	 3.79679e+003
1103	 1.1220000000e+003	 2.36402e+002	 3.78566e+003
1104	 1.1230000000e+003	 2.33192e+002	 3.79331e+003
1105	 1.1240000000e+003	 2.27797e+002	 3.80434e+003
1106	 1.1250000000e+003	 2.17808e+002	 3.79605e+003
1107	 1.1260000000e+003	 2.07259e+002	 3.78252e+003
1108	 1.1270000000e+003	 2.01171e+002	 3.78336e+003
1109	 1.1280000000e+003	 2.03823e+002	 3.78545e+003
1110	 1.1290000000e+003	 1.97472e+002	 3.77327e+003
1111	 1.1300000000e+003	 1.97323e+002	 3.77940e+003
1112	 1.1310000000e+003	 2.03981e+002	 3.78276e+003
1113	 1.1320000000e+003	 1.90348e+002	 3.78292e+003
1114	 1.1330000000e+003	 1.78674e+002	 3.78089e+003
1115	 1.1340000000e+003	 1.82849e+002	 3.77025e+003
1116	 1.1350000000e+003	 1.77456e+002	 3.77017e+003
1117	 1.1360000000e+003	 1.86642e+002	 3.78962e+003
1118	 1.1370000000e+003	 1.91722e+002	 3.78444e+003
1119	 1.1380000000e+003	 1.86963e+002	 3.76692e+003
1120	 1.1390000000e+003	 1.82295e+002	 3.76717e+003
1121	 1.1400000000e+003	 1.82598e+002	 3.77401e+003
1122	 1.1410000000e+003	 1.82800e+002	 3.77140e+003
1123	 1.1420000000e+003	 1.65886e+002	 3.76345e+003
1124	 1.1430000000e+003	 1.53519e+002	 3.76909e+003
1125	 1.1440000000e+003	 1.60169e+002	 3.77497e+003
1126	 1.1450000000e+003	 1.56937e+002	 3.78603e+003
1127	 1.1460000000e+003	 1.37969e+002	 3.78824e+003
1128	 1.1470000000e+003	 1.46421e+002	 3.77985e+003
1129	 1.1480000000e+003	 1.56424e+002	 3.79193e+003
1130	 1.1490000000e+003	 1.40133e+002	 3.79586e+003
1131	 1.1500000000e+003	 1.22865e+002	 3.78508e+003
1132	 1.1510000000e+003	 1.19790e+002	 3.79566e+003
1133	 1.1520000000e+003	 1.04132e+002	 3.80027e+003
1134	 1.1530000000e+003	 9.57173e+001	 3.79985e+003
1135	 1.1540000000e+003	 9.54530e+001	 3.79576e+003
1136	 1.1550000000e+003	 9.55468e+001	 3.78941e+003
1137	 1.1560000000e+003	 8.09564e+001	 3.79813e+003
1138	 1.1570000000e+003	 7.29361e+001	 3.80357e+003
1139	 1.1580000000e+003	 7.28352e+001	 3.80452e+003
1140	 1.1590000000e+003	 6.97796e+001	 3.80032e+003
1141	 1.1600000000e+003	 7.36883e+001	 3.78693e+003
1142	 1.1610000000e+003	 6.96366e+001	 3.79163e+003
1143	 1.1620000000e+003	 5.82138e+001	 3.78730e+003
1144	 1.1630000000e+003	 5.64549e+001	 3.78889e+003
1145	 1.1640000000e+003	 5.40727e+001	 3.79196e+003
1146	 1.1650000000e+003	 5.84575e+001	 3.78558e+003
1147	 1.1660000000e+003	 4.01815e+001	 3.78697e+003
1148	 1.1670000000e+003	 3.54011e+001	 3.78776e+003
1149	 1.1680000000e+003	 2.77696e+001	 3.77946e+003
1150	 1.1690000000e+003	 2.38977e+001	 3.77509e+003
1151	 1.1700000000e+003	 1.33523e+001	 3.77461e+003
1152	 1.1710000000e+003	 1.14597e+001	 3.77063e+003
1153	 1.1720000000e+003	 4.67309e+000	 3.76473e+003
1154	 1.1730000000e+003	 4.90310e-001	 3.77420e+003
1155	 1.1740000000e+003	 4.93980e+000	 3.76939e+003
1156	 1.1750000000e+003	-1.52038e+000	 3.76347e+003
1157	 1.1760000000e+003	-1.50371e+001	 3.75203e+003
1158	 1.1770000000e+003	-2.61161e+001	 3.76529e+003
1159	 1.1780000000e+003	-3.59092e+001	 3.75929e+003
1160	 1.1790000000e+003	-4.38449e+001	 3.75620e+003
1161	 1.1800000000e+003	-4.98423e+001	 3.75686e+003
1162	 1.1810000000e+003	-5.47893e+001	 3.75774e+003
1163	 1.1820000000e+003	-5.94073e+001	 3.75374e+003
1164	 1.1830000000e+003	-6.01616e+001	 3.75045e+003
1165	 1.1840000000e+003	-6.82637e+001	 3.75306e+003
1166	 1.1850000000e+003	-7.68271e+001	 3.75786e+003
1167	 1.1860000000e+003	-8.63021e+001	 3.76380e+003
1168	 1.1870000000e+003	-9.73230e+001	 3.76012e+003
1169	 1.1880000000e+003	-1.05451e+002	 3.76320e+003
1170	 1.1890000000e+003	-1.19238e+002	 3.76051e+003
1171	 1.1900000000e+003	-1.21392e+002	 3.75764e+003
1172	 1.1910000000e+003	-1.37615e+002	 3.76054e+003
1173	 1.1920000000e+003	-1.50681e+002	 3.75135e+003
1174	 1.1930000000e+003	-1.60512e+002	 3.75599e+003
1175	 1.1940000000e+003	-1.67530e+002	 3.75413e+003
1176	 1.1950000000e+003	-1.81853e+002	 3.75562e+003
1177	 1.1960000000e+003	-1.91198e+002	 3.75680e+003
1178	 1.1970000000e+003	-2.06165e+002	 3.75650e+003
1179	 1.1980000000e+003	-2.22609e+002	 3.75378e+003
1180	 1.1990000000e+003	-2.32279e+002	 3.75445e+003
1181	 1.2000000000e+003	-2.42255e+002	 3.74829e+003
1182	 1.2010000000e+003	-2.57640e+002	 3.74597e+003
1183	 1.2020000000e+003	-2.78327e+002	 3.74954e+003
1184	 1.2030000000e+003	-2.93590e+002	 3.74627e+003
1185	 1.2040000000e+003	-3.10639e+002	 3.75112e+003
1186	 1.2050000000e+003	-3.24490e+002	 3.75317e+003
1187	 1.2060000000e+003	-3.43005e+002	 3.75723e+003
1188	 1.2070000000e+003	-3.61853e+002	 3.75724e+003
1189	 1.2080000000e+003	-3.82178e+002	 3.75674e+003
1190	 1.2090000000e+003	-4.03313e+002	 3.75859e+003
1191	 1.2100000000e+003	-4.22704e+002	 3.76484e+003
1192	 1.2110000000e+003	-4.47768e+002	 3.77391e+003
1193	 1.2120000000e+003	-4.67246e+002	 3.77830e+003
1194	 1.2130000000e+003	-4.92112e+002	 3.78561e+003
1195	 1.2140000000e+003	-5.15619e+002	 3.79484e+003
1196	 1.2150000000e+003	-5.44533e+002	 3.80423e+003
1197	 1.2160000000e+003	-5.71100e+002	 3.81673e+003
1198	 1.2170000000e+003	-5.96581e+002	 3.82545e+003
1199	 1.2180000000e+003	-6.22828e+002	 3.83987e+003
1200	 1.2190000000e+003	-6.48011e+002	 3.85205e+003
1201	 1.2200000000e+003	-6.77245e+002	 3.87089e+003
1202	 1.2210000000e+003	-7.04511e+002	 3.88930e+003
1203	 1.2220000000e+003	-7.25419e+002	 3.91025e+003
1204	 1.2230000000e+003	-7.48022e+002	 3.94235e+003
1205	 1.2240000000e+003	-7.72461e+002	 3.97297e+003
1206	 1.2250000000e+003	-7.98545e+002	 3.99665e+003
1207	 1.2260000000e+003	-8.22016e+002	 4.02691e+003
1208	 1.2270000000e+003	-8.39368e+002	 4.05795e+003
1209	 1.2280000000e+003	-8.55313e+002	 4.09757e+003
1210	 1.2290000000e+003	-8.75419e+002	 4.13781e+003
1211	 1.2300000000e+003	-8.89267e+002	 4.17394e+003
1212	 1.2310000000e+003	-9.03169e+002	 4.22026e+003
1213	 1.2320000000e+003	-9.17115e+002	 4.26402e+003
1214	 1.2330000000e+003	-9.27801e+002	 4.31496e+003
1215	 1.2340000000e+003	-9.30793e+002	 4.36182e+003
1216	 1.2350000000e+003	-9.34375e+002	 4.40454e+003
1217	 1.2360000000e+003	-9.35094e+002	 4.44872e+003
1218	 1.2370000000e+003	-9.33652e+002	 4.49589e+003
1219	 1.2380000000e+003	-9.25405e+002	 4.54182e+003
1220	 1.2390000000e+003	-9.25561e+002	 4.59813e+003
1221	 1.2400000000e+003	-9.20968e+002	 4.65062e+003
1222	 1.2410000000e+003	-9.14281e+002	 4.70591e+003
1223	 1.2420000000e+003	-8.88652e+002	 4.75293e+003
1224	 1.2430000000e+003	-8.66258e+002	 4.78546e+003
1225	 1.2440000000e+003	-8.35427e+002	 4.83715e+003
1226	 1.2450000000e+003	-8.08303e+002	 4.89542e+003
1227	 1.2460000000e+003	-7.78254e+002	 4.95051e+003
1228	 1.2470000000e+003	-7.41554e+002	 4.97584e+003
1229	 1.2480000000e+003	-7.00991e+002	 5.00760e+003
1230	 1.2490000000e+003	-6.45303e+002	 5.05593e+003
1231	 1.2500000000e+003	-6.09817e+002	 5.05347e+003
1232	 1.2510000000e+003	-5.47419e+002	 5.09942e+003
1233	 1.2520000000e+003	-4.84835e+002	 5.13490e+003
1234	 1.2530000000e+003	-4.51599e+002	 5.16526e+003
1235	 1.2540000000e+003	-3.82378e+002	 5.18560e+003
1236	 1.2550000000e+003	-3.22053e+002	 5.19640e+003
1237	 1.2560000000e+003	-2.67896e+002	 5.20535e+003
1238	 1.2570000000e+003	-1.85923e+002	 5.20469e+003
1239	 1.2580000000e+003	-1.20772e+002	 5.18755e+003
1240	 1.2590000000e+003	-6.24563e+001	 5.16512e+003
1241	 1.2600000000e+003	-3.76037e+000	 5.15233e+003
1242	 1.2610000000e+003	 6.72459e+001	 5.12526e+003
1243	 1.2620000000e+003	 1.20093e+002	 5.09483e+003
1244	 1.2630000000e+003	 1.65136e+002	 5.06099e+003
1245	 1.2640000000e+003	 1.98992e+002	 5.02631e+003
1246	 1.2650000000e+003	 2.52085e+002	 4.97808e+003
1247	 1.2660000000e+003	 2.99770e+002	 4.92048e+003
1248	 1.2670000000e+003	 3.30011e+002	 4.86890e+003
1249	 1.2680000000e+003	 3.50651e+002	 4.84304e+003
1250	 1.2690000000e+003	 3.61968e+002	 4.79151e+003
1251	 1.2700000000e+003	 3.78626e+002	 4.72430e+003
1252	 1.2710000000e+003	 3.95458e+002	 4.69147e+003
1253	 1.2720000000e+003	 3.74755e+002	 4.62331e+003
1254	 1.2730000000e+003	 3.67143e+002	 4.56104e+003
1255	 1.2740000000e+003	 3.58268e+002	 4.52130e+003
1256	 1.2750000000e+003	 3.69326e+002	 4.48885e+003
1257	 1.2760000000e+003	 3.71867e+002	 4.45643e+003
1258	 1.2770000000e+003	 3.45228e+002	 4.40931e+003
1259	 1.2780000000e+003	 3.23212e+002	 4.37094e+003
1260	 1.2790000000e+003	 3.11861e+002	 4.32266e+003
1261	 1.2800000000e+003	 2.86850e+002	 4.27362e+003
1262	 1.2810000000e+003	 2.68988e+002	 4.25384e+003
1263	 1.2820000000e+003	 2.51480e+002	 4.23456e+003
1264	 1.2830000000e+003	 2.39546e+002	 4.19775e+003
1265	 1.2840000000e+003	 2.06169e+002	 4.17279e+003
1266	 1.2850000000e+003	 1.69304e+002	 4.15515e+003
1267	 1.2860000000e+003	 1.33631e+002	 4.11719e+003
1268	 1.2870000000e+003	 1.23223e+002	 4.10605e+003
1269	 1.2880000000e+003	 9.93809e+001	 4.10658e+003
1270	 1.2890000000e+003	 5.36727e+001	 4.09499e+003
1271	 1.2900000000e+003	 3.02425e+001	 4.06942e+003
1272	 1.2910000000e+003	 1.39543e+001	 4.05523e+003
1273	 1.2920000000e+003	-3.58016e+000	 4.05381e+003
1274	 1.2930000000e+003	-3.03127e+001	 4.05890e+003
1275	 1.2940000000e+003	-5.64457e+001	 4.04304e+003
1276	 1.2950000000e+003	-7.24015e+001	 4.04408e+003
1277	 1.2960000000e+003	-1.12793e+002	 4.03186e+003
1278	 1.2970000000e+003	-1.51189e+002	 4.02277e+003
1279	 1.2980000000e+003	-1.67644e+002	 4.02151e+003
1280	 1.2990000000e+003	-1.90997e+002	 4.02136e+003
1281	 1.3000000000e+003	-2.24371e+002	 4.02354e+003
1282	 1.3010000000e+003	-2.45003e+002	 4.02670e+003
1283	 1.3020000000e+003	-2.45601e+002	 4.01817e+003
1284	 1.3030000000e+003	-2.72709e+002	 4.02689e+003
1285	 1.3040000000e+003	-3.01448e+002	 4.01615e+003
1286	 1.3050000000e+003	-3.22520e+002	 4.01644e+003
1287	 1.3060000000e+003	-3.63184e+002	 4.02760e+003
1288	 1.3070000000e+003	-3.90387e+002	 4.04646e+003
1289	 1.3080000000e+003	-3.92926e+002	 4.05978e+003
1290	 1.3090000000e+003	-4.27610e+002	 4.06460e+003
1291	 1.3100000000e+003	-4.61824e+002	 4.06243e+003
1292	 1.3110000000e+003	-4.75825e+002	 4.06651e+003
1293	 1.3120000000e+003	-4.96262e+002	 4.07062e+003
1294	 1.3130000000e+003	-5.30736e+002	 4.09132e+003
1295	 1.3140000000e+003	-5.52341e+002	 4.09215e+003
1296	 1.3150000000e+003	-5.50597e+002	 4.08336e+003
1297	 1.3160000000e+003	-5.43740e+002	 4.10108e+003
1298	 1.3170000000e+003	-5.65282e+002	 4.11693e+003
1299	 1.3180000000e+003	-5.95810e+002	 4.14578e+003
1300	 1.3190000000e+003	-6.06936e+002	 4.16070e+003
1301	 1.3200000000e+003	-6.30687e+002	 4.17138e+003
1302	 1.3210000000e+003	-6.44607e+002	 4.18721e+003
1303	 1.3220000000e+003	-6.57178e+002	 4.18784e+003
1304	 1.3230000000e+003	-6.75925e+002	 4.19371e+003
1305	 1.3240000000e+003	-6.87290e+002	 4.20122e+003
1306	 1.3250000000e+003	-7.21575e+002	 4.21046e+003
1307	 1.3260000000e+003	-7.21986e+002	 4.23686e+003
1308	 1.3270000000e+003	-7.38160e+002	 4.23792e+003
1309	 1.3280000000e+003	-7.35775e+002	 4.25215e+003
1310	 1.3290000000e+003	-7.32579e+002	 4.25587e+003
1311	 1.3300000000e+003	-7.34212e+002	 4.28116e+003
1312	 1.3310000000e+003	-7.43241e+002	 4.29228e+003
1313	 1.3320000000e+003	-7.72284e+002	 4.31262e+003
1314	 1.3330000000e+003	-7.98832e+002	 4.33477e+003
1315	 1.3340000000e+003	-8.03223e+002	 4.34306e+003
1316	 1.3350000000e+003	-8.29665e+002	 4.36567e+003
1317	 1.3360000000e+003	-8.44249e+002	 4.37890e+003
1318	 1.3370000000e+003	-8.46103e+002	 4.38053e+003
1319	 1.3380000000e+003	-8.59185e+002	 4.37966e+003
1320	 1.3390000000e+003	-8.61801e+002	 4.38728e+003
1321	 1.3400000000e+003	-8.65550e+002	 4.40643e+003
1322	 1.3410000000e+003	-8.67291e+002	 4.41265e+003
1323	 1.3420000000e+003	-8.77616e+002	 4.44033e+003
1324	 1.3430000000e+003	-8.99490e+002	 4.46491e+003
1325	 1.3440000000e+003	-9.08222e+002	 4.47871e+003
1326	 1.3450000000e+003	-9.12981e+002	 4.50168e+003
1327	 1.3460000000e+003	-9.03600e+002	 4.51825e+003
1328	 1.3470000000e+003	-9.07829e+002	 4.52745e+003
1329	 1.3480000000e+003	-9.22483e+002	 4.53774e+003
1330	 1.3490000000e+003	-9.18585e+002	 4.56419e+003
1331	 1.3500000000e+003	-9.16411e+002	 4.57212e+003
1332	 1.3510000000e+003	-9.34884e+002	 4.58881e+003
1333	 1.3520000000e+003	-9.53875e+002	 4.59910e+003
1334	 1.3530000000e+003	-9.56449e+002	 4.61881e+003
1335	 1.3540000000e+003	-9.80723e+002	 4.63514e+003
1336	 1.3550000000e+003	-9.80991e+002	 4.65396e+003
1337	 1.3560000000e+003	-9.75263e+002	 4.67355e+003
1338	 1.3570000000e+003	-9.89482e+002	 4.68769e+003
1339	 1.3580000000e+003	-9.78853e+002	 4.69835e+003
1340	 1.3590000000e+003	-9.86652e+002	 4.72224e+003
1341	 1.3600000000e+003	-9.85061e+002	 4.72935e+003
1342	 1.3610000000e+003	-9.91971e+002	 4.73624e+003
1343	 1.3620000000e+003	-1.00496e+003	 4.75712e+003
1344	 1.3630000000e+003	-1.00811e+003	 4.77453e+003
1345	 1.3640000000e+003	-1.02111e+003	 4.79036e+003
1346	 1.3650000000e+003	-1.02988e+003	 4.81184e+003
1347	 1.3660000000e+003	-1.02809e+003	 4.82584e+003
1348	 1.3670000000e+003	-1.03701e+003	 4.84822e+003
1349	 1.3680000000e+003	-1.04046e+003	 4.87098e+003
1350	 1.3690000000e+003	-1.02884e+003	 4.89108e+003
1351	 1.3700000000e+003	-1.03186e+003	 4.90724e+003
1352	 1.3710000000e+003	-1.04471e+003	 4.93986e+003
1353	 1.3720000000e+003	-1.04365e+003	 4.94436e+003
1354	 1.3730000000e+003	-1.04282e+003	 4.97575e+003
1355	 1.3740000000e+003	-1.03692e+003	 4.99147e+003
1356	 1.3750000000e+003	-1.03966e+003	 4.99725e+003
1357	 1.3760000000e+003	-1.02876e+003	 5.00312e+003
1358	 1.3770000000e+003	-1.03656e+003	 5.01866e+003
1359	 1.3780000000e+003	-1.05229e+003	 5.04256e+003
1360	 1.3790000000e+003	-1.04612e+003	 5.05915e+003
1361	 1.3800000000e+003	-1.05232e+003	 5.05840e+003
1362	 1.3810000000e+003	-1.03588e+003	 5.06884e+003
1363	 1.3820000000e+003	-1.03131e+003	 5.10116e+003
1364	 1.3830000000e+003	-1.02323e+003	 5.12764e+003
1365	 1.3840000000e+003	-1.00911e+003	 5.13837e+003
1366	 1.3850000000e+003	-9.98647e+002	 5.16647e+003
1367	 1.3860000000e+003	-9.82767e+002	 5.20829e+003
1368	 1.3870000000e+003	-9.96919e+002	 5.22799e+003
1369	 1.3880000000e+003	-1.00940e+003	 5.23634e+003
1370	 1.3890000000e+003	-1.00612e+003	 5.25036e+003
1371	 1.3900000000e+003	-9.99143e+002	 5.25007e+003
1372	 1.3910000000e+003	-9.98834e+002	 5.27426e+003
1373	 1.3920000000e+003	-9.80136e+002	 5.28994e+003
1374	 1.3930000000e+003	-9.78887e+002	 5.29371e+003
1375	 1.3940000000e+003	-9.81166e+002	 5.31194e+003
1376	 1.3950000000e+003	-9.64029e+002	 5.33108e+003
1377	 1.3960000000e+003	-9.35429e+002	 5.34017e+003
1378	 1.3970000000e+003	-9.33515e+002	 5.34652e+003
1379	 1.3980000000e+003	-9.12495e+002	 5.38378e+003
1380	 1.3990000000e+003	-9.23244e+002	 5.38590e+003
1381	 1.4000000000e+003	-9.12780e+002	 5.42720e+003
1382	 1.4010000000e+003	-8.88993e+002	 5.42322e+003
1383	 1.4020000000e+003	-8.94496e+002	 5.43817e+003
1384	 1.4030000000e+003	-9.14208e+002	 5.47322e+003
1385	 1.4040000000e+003	-8.99393e+002	 5.46911e+003
1386	 1.4050000000e+003	-8.88130e+002	 5.46700e+003
1387	 1.4060000000e+003	-8.64575e+002	 5.50516e+003
1388	 1.4070000000e+003	-8.32304e+002	 5.48927e+003
1389	 1.4080000000e+003	-7.90704e+002	 5.50679e+003
1390	 1.4090000000e+003	-7.81793e+002	 5.54124e+003
1391	 1.4100000000e+003	-7.87222e+002	 5.54110e+003
1392	 1.4110000000e+003	-7.78696e+002	 5.56630e+003
1393	 1.4120000000e+003	-7.60324e+002	 5.59968e+003
1394	 1.4130000000e+003	-7.38409e+002	 5.55648e+003
1395	 1.4140000000e+003	-7.31072e+002	 5.56686e+003
1396	 1.4150000000e+003	-6.97415e+002	 5.56180e+003
1397	 1.4160000000e+003	-7.00359e+002	 5.58179e+003
1398	 1.4170000000e+003	-7.07359e+002	 5.59271e+003
1399	 1.4180000000e+003	-6.97782e+002	 5.59338e+003
1400	 1.4190000000e+003	-6.53784e+002	 5.62024e+003
1401	 1.4200000000e+003	-6.32209e+002	 5.59752e+003
1402	 1.4210000000e+003	-6.12972e+002	 5.60893e+003
1403	 1.4220000000e+003	-6.10843e+002	 5.63767e+003
1404	 1.4230000000e+003	-5.80604e+002	 5.65364e+003
1405	 1.4240000000e+003	-5.59433e+002	 5.64024e+003
1406	 1.4250000000e+003	-5.37928e+002	 5.64790e+003
1407	 1.4260000000e+003	-5.03591e+002	 5.61720e+003
1408	 1.4270000000e+003	-4.92644e+002	 5.66013e+003
1409	 1.4280000000e+003	-4.77832e+002	 5.66408e+003
1410	 1.4290000000e+003	-4.52362e+002	 5.63650e+003
1411	 1.4300000000e+003	-4.50421e+002	 5.62497e+003
1412	 1.4310000000e+003	-4.40238e+002	 5.65700e+003
1413	 1.4320000000e+003	-4.13116e+002	 5.66836e+003
1414	 1.4330000000e+003	-3.88364e+002	 5.63689e+003
1415	 1.4340000000e+003	-3.53182e+002	 5.62996e+003
1416	 1.4350000000e+003	-3.23820e+002	 5.62809e+003
1417	 1.4360000000e+003	-3.11978e+002	 5.61159e+003
1418	 1.4370000000e+003	-2.89469e+002	 5.60779e+003
1419	 1.4380000000e+003	-2.76067e+002	 5.58489e+003
1420	 1.4390000000e+003	-2.38538e+002	 5.62725e+003
1421	 1.4400000000e+003	-2.03326e+002	 5.61520e+003
1422	 1.4410000000e+003	-1.93309e+002	 5.58459e+003
1423	 1.4420000000e+003	-1.69971e+002	 5.58551e+003
1424	 1.4430000000e+003	-1.56419e+002	 5.59052e+003
1425	 1.4440000000e+003	-1.23976e+002	 5.57272e+003
1426	 1.4450000000e+003	-1.14831e+002	 5.56574e+003
1427	 1.4460000000e+003	-1.28756e+002	 5.55570e+003
1428	 1.4470000000e+003	-1.04841e+002	 5.54255e+003
1429	 1.4480000000e+003	-8.36786e+001	 5.51197e+003
1430	 1.4490000000e+003	-6.72698e+001	 5.52121e+003
1431	 1.4500000000e+003	-5.59528e+001	 5.51932e+003
1432	 1.4510000000e+003	 1.57977e+001	 5.49026e+003
1433	 1.4520000000e+003	 4.44950e+001	 5.45884e+003
1434	 1.4530000000e+003	 5.48144e+001	 5.43116e+003
1435	 1.4540000000e+003	 6.48205e+001	 5.42975e+003
1436	 1.4550000000e+003	 7.73555e+001	 5.43449e+003
1437	 1.4560000000e+003	 8.72669e+001	 5.41282e+003
1438	 1.4570000000e+003	 1.10642e+002	 5.36752e+003
1439	 1.4580000000e+003	 1.11577e+002	 5.31298e+003
1440	 1.4590000000e+003	 1.25946e+002	 5.27363e+003
1441	 1.4600000000e+003	 1.24259e+002	 5.27096e+003
1442	 1.4610000000e+003	 1.14915e+002	 5.25927e+003
1443	 1.4620000000e+003	 1.07008e+002	 5.22750e+003
1444	 1.4630000000e+003	 1.22270e+002	 5.17721e+003
1445	 1.4640000000e+003	 1.30086e+002	 5.17364e+003
1446	 1.4650000000e+003	 1.10183e+002	 5.13510e+003
1447	 1.4660000000e+003	 1.28154e+002	 5.11785e+003
1448	 1.4670000000e+003	 1.64093e+002	 5.11016e+003
1449	 1.4680000000e+003	 1.57764e+002	 5.06602e+003
1450	 1.4690000000e+003	 1.62463e+002	 5.03540e+003
1451	 1.4700000000e+003	 1.64587e+002	 5.01076e+003
1452	 1.4710000000e+003	 1.54819e+002	 4.98514e+003
1453	 1.4720000000e+003	 1.45895e+002	 4.94444e+003
1454	 1.4730000000e+003	 1.34166e+002	 4.91886e+003
1455	 1.4740000000e+003	 1.17960e+002	 4.88218e+003
1456	 1.4750000000e+003	 1.05738e+002	 4.85847e+003
1457	 1.4760000000e+003	 1.03620e+002	 4.84199e+003
1458	 1.4770000000e+003	 8.43672e+001	 4.82847e+003
1459	 1.4780000000e+003	 8.66544e+001	 4.82175e+003
1460	 1.4790000000e+003	 7.49178e+001	 4.80556e+003
1461	 1.4800000000e+003	 6.62115e+001	 4.77857e+003
1462	 1.4810000000e+003	 5.75746e+001	 4.73435e+003
1463	 1.4820000000e+003	 5.61486e+001	 4.73022e+003
1464	 1.4830000000e+003	 3.92228e+001	 4.70071e+003
1465	 1.4840000000e+003	 2.64716e+001	 4.66377e+003
1466	 1.4850000000e+003	 7.97091e+000	 4.65475e+003
1467	 1.4860000000e+003	-4.15486e+000	 4.63125e+003
1468	 1.4870000000e+003	-2.60962e+001	 4.61905e+003
1469	 1.4880000000e+003	-6.21624e+001	 4.60351e+003
1470	 1.4890000000e+003	-8.96826e+001	 4.57038e+003
1471	 1.4900000000e+003	-1.15143e+002	 4.56489e+003
1472	 1.4910000000e+003	-1.31400e+002	 4.54018e+003
1473	 1.4920000000e+003	-1.45808e+002	 4.52168e+003
1474	 1.4930000000e+003	-1.65640e+002	 4.51991e+003
1475	 1.4940000000e+003	-1.72123e+002	 4.49764e+003
1476	 1.4950000000e+003	-1.85593e+002	 4.48119e+003
1477	 1.4960000000e+003	-2.04029e+002	 4.47849e+003
1478	 1.4970000000e+003	-2.30064e+002	 4.47496e+003
1479	 1.4980000000e+003	-2.42477e+002	 4.45955e+003
1480	 1.4990000000e+003	-2.67600e+002	 4.44597e+003
1481	 1.5000000000e+003	-2.85543e+002	 4.42627e+003
1482	 1.5010000000e+003	-2.96356e+002	 4.42384e+003
1483	 1.5020000000e+003	-3.29634e+002	 4.41565e+003
1484	 1.5030000000e+003	-3.55387e+002	 4.41825e+003
1485	 1.5040000000e+003	-3.82065e+002	 4.41471e+003
1486	 1.5050000000e+003	-4.24203e+002	 4.39981e+003
1487	 1.5060000000e+003	-4.49137e+002	 4.39573e+003
1488	 1.5070000000e+003	-4.62879e+002	 4.39166e+003
1489	 1.5080000000e+003	-4.77385e+002	 4.39848e+003
1490	 1.5090000000e+003	-4.96879e+002	 4.38565e+003
1491	 1.5100000000e+003	-5.16490e+002	 4.37628e+003
1492	 1.5110000000e+003	-5.26381e+002	 4.37972e+003
1493	 1.5120000000e+003	-5.33055e+002	 4.38481e+003
1494	 1.5130000000e+003	-5.56047e+002	 4.37104e+003
1495	 1.5140000000e+003	-5.68740e+002	 4.36238e+003
1496	 1.5150000000e+003	-5.91909e+002	 4.34604e+003
1497	 1.5160000000e+003	-6.16746e+002	 4.33838e+003
1498	 1.5170000000e+003	-6.33999e+002	 4.32858e+003
1499	 1.5180000000e+003	-6.55670e+002	 4.33592e+003
1500	 1.5190000000e+003	-6.78150e+002	 4.34517e+003
1501	 1.5200000000e+003	-6.89612e+002	 4.35221e+003
1502	 1.5210000000e+003	-7.12256e+002	 4.35524e+003
1503	 1.5220000000e+003	-7.51579e+002	 4.34745e+003
1504	 1.5230000000e+003	-7.79731e+002	 4.36578e+003
1505	 1.5240000000e+003	-8.08608e+002	 4.35993e+003
1506	 1.5250000000e+003	-8.12743e+002	 4.33376e+003
1507	 1.5260000000e+003	-8.10844e+002	 4.32820e+003
1508	 1.5270000000e+003	-8.30145e+002	 4.32268e+003
1509	 1.5280000000e+003	-8.38158e+002	 4.33128e+003
1510	 1.5290000000e+003	-8.49568e+002	 4.31606e+003
1511	 1.5300000000e+003	-8.61076e+002	 4.31556e+003
1512	 1.5310000000e+003	-8.93599e+002	 4.34307e+003
1513	 1.5320000000e+003	-9.01483e+002	 4.35651e+003
1514	 1.5330000000e+003	-9.20443e+002	 4.39117e+003
1515	 1.5340000000e+003	-9.28423e+002	 4.38557e+003
1516	 1.5350000000e+003	-9.55435e+002	 4.37116e+003
1517	 1.5360000000e+003	-9.86934e+002	 4.36137e+003
1518	 1.5370000000e+003	-1.00999e+003	 4.37407e+003
1519	 1.5380000000e+003	-1.01013e+003	 4.38068e+003
1520	 1.5390000000e+003	-1.03021e+003	 4.37309e+003
1521	 1.5400000000e+003	-1.02291e+003	 4.38317e+003
1522	 1.5410000000e+003	-1.02806e+003	 4.37817e+003
1523	 1.5420000000e+003	-1.04356e+003	 4.37476e+003
1524	 1.5430000000e+003	-1.06939e+003	 4.37751e+003
1525	 1.5440000000e+003	-1.07807e+003	 4.38425e+003
1526	 1.5450000000e+003	-1.08667e+003	 4.39012e+003
1527	 1.5460000000e+003	-1.08539e+003	 4.40105e+003
1528	 1.5470000000e+003	-1.08693e+003	 4.41778e+003
1529	 1.5480000000e+003	-1.12435e+003	 4.40269e+003
1530	 1.5490000000e+003	-1.14846e+003	 4.42811e+003
1531	 1.5500000000e+003	-1.16634e+003	 4.43001e+003
1532	 1.5510000000e+003	-1.19305e+003	 4.41181e+003
1533	 1.5520000000e+003	-1.23032e+003	 4.41934e+003
1534	 1.5530000000e+003	-1.24914e+003	 4.43084e+003
1535	 1.5540000000e+003	-1.24496e+003	 4.43083e+003
1536	 1.5550000000e+003	-1.24242e+003	 4.40550e+003
1537	 1.5560000000e+003	-1.26575e+003	 4.39651e+003
1538	 1.5570000000e+003	-1.28390e+003	 4.39854e+003
1539	 1.5580000000e+003	-1.30702e+003	 4.42750e+003
1540	 1.5590000000e+003	-1.27905e+003	 4.43275e+003
1541	 1.5600000000e+003	-1.30088e+003	 4.42009e+003
1542	 1.5610000000e+003	-1.32535e+003	 4.44265e+003
1543	 1.5620000000e+003	-1.31884e+003	 4.44432e+003
1544	 1.5630000000e+003	-1.33305e+003	 4.44259e+003
1545	 1.5640000000e+003	-1.38161e+003	 4.46558e+003
1546	 1.5650000000e+003	-1.39559e+003	 4.46645e+003
1547	 1.5660000000e+003	-1.38525e+003	 4.45197e+003
1548	 1.5670000000e+003	-1.44199e+003	 4.47379e+003
1549	 1.5680000000e+003	-1.43757e+003	 4.48511e+003
1550	 1.5690000000e+003	-1.41102e+003	 4.48486e+003
1551	 1.5700000000e+003	-1.40180e+003	 4.46392e+003
1552	 1.5710000000e+003	-1.46454e+003	 4.50272e+003
1553	 1.5720000000e+003	-1.46661e+003	 4.53704e+003
1554	 1.5730000000e+003	-1.45665e+003	 4.53278e+003
1555	 1.5740000000e+003	-1.52790e+003	 4.44330e+003
1556	 1.5750000000e+003	-1.54007e+003	 4.50099e+003
1557	 1.5760000000e+003	-1.51803e+003	 4.53422e+003
1558	 1.5770000000e+003	-1.51636e+003	 4.53600e+003
1559	 1.5780000000e+003	-1.52166e+003	 4.52906e+003
1560	 1.5790000000e+003	-1.57640e+003	 4.57068e+003
1561	 1.5800000000e+003	-1.56413e+003	 4.56253e+003
1562	 1.5810000000e+003	-1.56251e+003	 4.55398e+003
1563	 1.5820000000e+003	-1.56399e+003	 4.57426e+003
1564	 1.5830000000e+003	-1.62097e+003	 4.54592e+003
1565	 1.5840000000e+003	-1.62059e+003	 4.57313e+003
1566	 1.5850000000e+003	-1.61374e+003	 4.59131e+003
1567	 1.5860000000e+003	-1.62042e+003	 4.60620e+003
1568	 1.5870000000e+003	-1.59795e+003	 4.60705e+003
1569	 1.5880000000e+003	-1.62226e+003	 4.58982e+003
1570	 1.5890000000e+003	-1.74952e+003	 4.56055e+003
1571	 1.5900000000e+003	-1.72822e+003	 4.58630e+003
1572	 1.5910000000e+003	-1.70946e+003	 4.61966e+003
1573	 1.5920000000e+003	-1.68538e+003	 4.64194e+003
1574	 1.5930000000e+003	-1.66334e+003	 4.63673e+003
1575	 1.5940000000e+003	-1.65177e+003	 4.59182e+003
1576	 1.5950000000e+003	-1.74721e+003	 4.62898e+003
1577	 1.5960000000e+003	-1.75654e+003	 4.68947e+003
1578	 1.5970000000e+003	-1.77461e+003	 4.69090e+003
1579	 1.5980000000e+003	-1.79390e+003	 4.67030e+003
1580	 1.5990000000e+003	-1.79561e+003	 4.66391e+003
1581	 1.6000000000e+003	-1.79441e+003	 4.68167e+003
1582	 1.6010000000e+003	-1.79688e+003	 4.70576e+003
1583	 1.6020000000e+003	-1.80775e+003	 4.70337e+003
1584	 1.6030000000e+003	-1.75809e+003	 4.64335e+003
1585	 1.6040000000e+003	-1.76532e+003	 4.58488e+003
1586	 1.6050000000e+003	-1.81638e+003	 4.68415e+003
1587	 1.6060000000e+003	-1.84446e+003	 4.74501e+003
1588	 1.6070000000e+003	-1.85600e+003	 4.75008e+003
1589	 1.6080000000e+003	-1.86686e+003	 4.76385e+003
1590	 1.6090000000e+003	-1.89521e+003	 4.76280e+003
1591	 1.6100000000e+003	-1.90796e+003	 4.76349e+003
1592	 1.6110000000e+003	-1.92758e+003	 4.76865e+003
1593	 1.6120000000e+003	-1.91319e+003	 4.75882e+003
1594	 1.6130000000e+003	-1.91102e+003	 4.77707e+003
1595	 1.6140000000e+003	-1.93683e+003	 4.79643e+003
1596	 1.6150000000e+003	-1.90935e+003	 4.80877e+003
1597	 1.6160000000e+003	-1.92262e+003	 4.84660e+003
1598	 1.6170000000e+003	-1.94622e+003	 4.84698e+003
1599	 1.6180000000e+003	-1.95712e+003	 4.83812e+003
1600	 1.6190000000e+003	-1.99970e+003	 4.81246e+003
1601	 1.6200000000e+003	-1.97534e+003	 4.81713e+003
TagsBegin:	 	 	 
OverLoad:	 	False	 
AverageNumber: []	 	 8.80000e+001	 
OverLoadRatio: []	 	 1.19209e-007	 
TagsEnd:	 	 	 
TagScalesBegin:	 	 	 
TagScalesEnd:	 	 	 
