Header Size:	 79	 	 
Pulse Version:	 80	 	 
Running Pulse Version:	PULSE LabShop Fast Track Version 18.1.1.9 - 2014-01-16	 	 
Decimal Symbol:	.	 	 
Date Format:	M/d/yyyy	 	 
Time Format:	HH:mm:ss:mmm	 	 
Data Type:	Complex	 	 
Slice:	False	 	 
Z-Axis type:	Linear	 	 
Z-Axis size:	1	 	 
Z-Axis unit:	 	 	 
Z-Axis first value:	 0.0000000000e+000	 	 
Z-Axis delta:	 1.0000000000e+000	 	 
X-Axis type:	Linear	 	 
X-Axis size:	1601	 	 
X-Axis unit:	Hz	 	 
X-Axis first value:	 2.0000000000e+001	 	 
X-Axis delta:	 1.0000000000e+000	 	 
	 	 	 
AmplitudeUnit:	Pa/(m/s)	 	 
Analyzer:	FFT_Spectrum_Averaging	 	 
AnalyzerName:	FFT Analyzer	 	 
	 	 	 
	 	 	 
Bipolar:	True	 	 
CenterFrequency:	 8.2000000000e+002	 	 
	 	 	 
	 	 	 
	 	 	 
	 	 	 
	 	 	 
	 	 	 
	 	 	 
	 	 	 
Domain:	1	 	 
Function:	Frequency Response	 	 
	 	 	 
InputRange:	 1.0000000000e-001	 	 
	 	 	 
	 	 	 
MultiBufferName:	Input	 	 
NBW:	 1.5000000000e+000	 	 
	 	 	 
OverlapFailed:	False	 	 
Overrun:	False	 	 
Power:	False	 	 
	 	 	 
Ratio:	True	 	 
RecordLength:	 1.0000000000e+000	 	 
ReducedSize:	True	 	 
Ref_Signal:	v	 	 
	 	 	 
	 	 	 
RefSignalUnit:	m/s	 	 
	 	 	 
	 	 	 
Signal:	p	 	 
	 	 	 
SignalUnit:	Pa	 	 
	 	 	 
	 	 	 
	 	 	 
Title:	impedance	 	 
Title1:	Working : Input : Input : FFT Analyzer	 	 
	 	 	 
	 	 	 
	 	 	 
ZoomOn:	True	 	 
	 	 	 
TemplateName:	Working	 	 
MeasurementName:	Input	 	 
MeasurementSlice:	False	 	 
	 	 	 
	 	 	 
	 	 	 
EnvelopeOn:	False	 	 
	 	 	 
	 	 	 
	 	 	 
Z-index:	 	1	 
Date:	 	5/19/2022	 
Time:	 	11:38:22:749	 
Relative time:	 	 0.00000e+000	 
Z-axis:	 	 0.0000000000e+000	 
1	 2.0000000000e+001	 3.27398e+002	-3.09116e+003
2	 2.1000000000e+001	 6.27842e+002	-2.20805e+003
3	 2.2000000000e+001	 1.00301e+003	-1.18576e+003
4	 2.3000000000e+001	 1.61832e+003	 1.65166e+001
5	 2.4000000000e+001	 2.01166e+003	 1.77845e+003
6	 2.5000000000e+001	-4.74284e+002	 2.52368e+003
7	 2.6000000000e+001	-1.23164e+003	 3.45152e+003
8	 2.7000000000e+001	 5.31001e+003	-5.27152e+003
9	 2.8000000000e+001	 1.15780e+003	-1.02139e+004
10	 2.9000000000e+001	-6.16676e+002	-1.00803e+004
11	 3.0000000000e+001	-1.97308e+002	-9.50081e+003
12	 3.1000000000e+001	 3.23131e+002	-8.45563e+003
13	 3.2000000000e+001	 1.86862e+002	-8.01355e+003
14	 3.3000000000e+001	-1.29333e+002	-7.44789e+003
15	 3.4000000000e+001	-7.82236e+001	-6.77857e+003
16	 3.5000000000e+001	-8.33097e+001	-6.37297e+003
17	 3.6000000000e+001	-2.58824e+001	-6.04415e+003
18	 3.7000000000e+001	-1.49266e+001	-5.77513e+003
19	 3.8000000000e+001	-3.88076e+001	-5.55736e+003
20	 3.9000000000e+001	-2.17731e+000	-5.32909e+003
21	 4.0000000000e+001	 3.72415e+001	-5.13258e+003
22	 4.1000000000e+001	 2.48430e+001	-4.95519e+003
23	 4.2000000000e+001	 3.24509e+001	-4.77605e+003
24	 4.3000000000e+001	 5.48220e+001	-4.61756e+003
25	 4.4000000000e+001	 4.06174e+001	-4.47464e+003
26	 4.5000000000e+001	 5.49334e+001	-4.33810e+003
27	 4.6000000000e+001	 6.36351e+001	-4.20174e+003
28	 4.7000000000e+001	 7.22237e+001	-4.07863e+003
29	 4.8000000000e+001	 8.47810e+001	-3.96772e+003
30	 4.9000000000e+001	 8.62777e+001	-3.87233e+003
31	 5.0000000000e+001	 6.96857e+001	-3.78068e+003
32	 5.1000000000e+001	 1.06084e+002	-3.69124e+003
33	 5.2000000000e+001	 1.12919e+002	-3.60310e+003
34	 5.3000000000e+001	 1.13191e+002	-3.52131e+003
35	 5.4000000000e+001	 1.07344e+002	-3.44339e+003
36	 5.5000000000e+001	 9.90808e+001	-3.36906e+003
37	 5.6000000000e+001	 8.24454e+001	-3.29480e+003
38	 5.7000000000e+001	 6.40455e+001	-3.20953e+003
39	 5.8000000000e+001	 4.79521e+001	-3.10550e+003
40	 5.9000000000e+001	 5.43747e+001	-2.99811e+003
41	 6.0000000000e+001	 8.20002e+001	-2.91085e+003
42	 6.1000000000e+001	 1.08789e+002	-2.84026e+003
43	 6.2000000000e+001	 1.32143e+002	-2.78077e+003
44	 6.3000000000e+001	 1.50663e+002	-2.72282e+003
45	 6.4000000000e+001	 1.72761e+002	-2.67321e+003
46	 6.5000000000e+001	 1.85604e+002	-2.63702e+003
47	 6.6000000000e+001	 1.82873e+002	-2.59295e+003
48	 6.7000000000e+001	 1.84730e+002	-2.53554e+003
49	 6.8000000000e+001	 1.94974e+002	-2.47891e+003
50	 6.9000000000e+001	 2.12228e+002	-2.42787e+003
51	 7.0000000000e+001	 2.32802e+002	-2.38214e+003
52	 7.1000000000e+001	 2.56560e+002	-2.34398e+003
53	 7.2000000000e+001	 2.80483e+002	-2.31359e+003
54	 7.3000000000e+001	 2.99985e+002	-2.29325e+003
55	 7.4000000000e+001	 3.11917e+002	-2.28049e+003
56	 7.5000000000e+001	 3.14812e+002	-2.27080e+003
57	 7.6000000000e+001	 3.06189e+002	-2.26107e+003
58	 7.7000000000e+001	 2.90420e+002	-2.24601e+003
59	 7.8000000000e+001	 2.69535e+002	-2.22363e+003
60	 7.9000000000e+001	 2.48953e+002	-2.19575e+003
61	 8.0000000000e+001	 2.29494e+002	-2.16295e+003
62	 8.1000000000e+001	 2.12450e+002	-2.12575e+003
63	 8.2000000000e+001	 1.98405e+002	-2.08812e+003
64	 8.3000000000e+001	 1.87219e+002	-2.04897e+003
65	 8.4000000000e+001	 1.77918e+002	-2.01025e+003
66	 8.5000000000e+001	 1.71036e+002	-1.97198e+003
67	 8.6000000000e+001	 1.65430e+002	-1.93574e+003
68	 8.7000000000e+001	 1.60873e+002	-1.89922e+003
69	 8.8000000000e+001	 1.57389e+002	-1.86442e+003
70	 8.9000000000e+001	 1.55174e+002	-1.83106e+003
71	 9.0000000000e+001	 1.52727e+002	-1.79755e+003
72	 9.1000000000e+001	 1.50735e+002	-1.76569e+003
73	 9.2000000000e+001	 1.49160e+002	-1.73434e+003
74	 9.3000000000e+001	 1.48067e+002	-1.70467e+003
75	 9.4000000000e+001	 1.46308e+002	-1.67522e+003
76	 9.5000000000e+001	 1.44708e+002	-1.64634e+003
77	 9.6000000000e+001	 1.43770e+002	-1.61780e+003
78	 9.7000000000e+001	 1.42141e+002	-1.58978e+003
79	 9.8000000000e+001	 1.41302e+002	-1.56212e+003
80	 9.9000000000e+001	 1.39897e+002	-1.53482e+003
81	 1.0000000000e+002	 1.39184e+002	-1.50798e+003
82	 1.0100000000e+002	 1.38443e+002	-1.48198e+003
83	 1.0200000000e+002	 1.37546e+002	-1.45578e+003
84	 1.0300000000e+002	 1.37798e+002	-1.43080e+003
85	 1.0400000000e+002	 1.37835e+002	-1.40602e+003
86	 1.0500000000e+002	 1.37599e+002	-1.38176e+003
87	 1.0600000000e+002	 1.37567e+002	-1.35748e+003
88	 1.0700000000e+002	 1.37267e+002	-1.33394e+003
89	 1.0800000000e+002	 1.37365e+002	-1.31076e+003
90	 1.0900000000e+002	 1.37382e+002	-1.28831e+003
91	 1.1000000000e+002	 1.37023e+002	-1.26613e+003
92	 1.1100000000e+002	 1.37354e+002	-1.24422e+003
93	 1.1200000000e+002	 1.37547e+002	-1.22244e+003
94	 1.1300000000e+002	 1.37698e+002	-1.20112e+003
95	 1.1400000000e+002	 1.37589e+002	-1.17995e+003
96	 1.1500000000e+002	 1.37971e+002	-1.15913e+003
97	 1.1600000000e+002	 1.38221e+002	-1.13859e+003
98	 1.1700000000e+002	 1.38541e+002	-1.11835e+003
99	 1.1800000000e+002	 1.38747e+002	-1.09872e+003
100	 1.1900000000e+002	 1.38875e+002	-1.07932e+003
101	 1.2000000000e+002	 1.39230e+002	-1.06001e+003
102	 1.2100000000e+002	 1.39768e+002	-1.04140e+003
103	 1.2200000000e+002	 1.39860e+002	-1.02305e+003
104	 1.2300000000e+002	 1.39566e+002	-1.00492e+003
105	 1.2400000000e+002	 1.39218e+002	-9.86836e+002
106	 1.2500000000e+002	 1.38749e+002	-9.69014e+002
107	 1.2600000000e+002	 1.38075e+002	-9.50979e+002
108	 1.2700000000e+002	 1.37179e+002	-9.32557e+002
109	 1.2800000000e+002	 1.36463e+002	-9.13814e+002
110	 1.2900000000e+002	 1.36867e+002	-8.94182e+002
111	 1.3000000000e+002	 1.39484e+002	-8.75011e+002
112	 1.3100000000e+002	 1.43691e+002	-8.58850e+002
113	 1.3200000000e+002	 1.45503e+002	-8.45514e+002
114	 1.3300000000e+002	 1.44744e+002	-8.31840e+002
115	 1.3400000000e+002	 1.43099e+002	-8.16826e+002
116	 1.3500000000e+002	 1.41908e+002	-8.01173e+002
117	 1.3600000000e+002	 1.40861e+002	-7.85112e+002
118	 1.3700000000e+002	 1.39977e+002	-7.68982e+002
119	 1.3800000000e+002	 1.39354e+002	-7.53098e+002
120	 1.3900000000e+002	 1.38779e+002	-7.37213e+002
121	 1.4000000000e+002	 1.38376e+002	-7.21263e+002
122	 1.4100000000e+002	 1.38418e+002	-7.05549e+002
123	 1.4200000000e+002	 1.38449e+002	-6.89880e+002
124	 1.4300000000e+002	 1.38434e+002	-6.74635e+002
125	 1.4400000000e+002	 1.38593e+002	-6.59521e+002
126	 1.4500000000e+002	 1.38902e+002	-6.44694e+002
127	 1.4600000000e+002	 1.39373e+002	-6.29974e+002
128	 1.4700000000e+002	 1.39556e+002	-6.15812e+002
129	 1.4800000000e+002	 1.39413e+002	-6.01826e+002
130	 1.4900000000e+002	 1.39675e+002	-5.87550e+002
131	 1.5000000000e+002	 1.40419e+002	-5.72791e+002
132	 1.5100000000e+002	 1.38966e+002	-5.59815e+002
133	 1.5200000000e+002	 1.38322e+002	-5.45996e+002
134	 1.5300000000e+002	 1.38006e+002	-5.32181e+002
135	 1.5400000000e+002	 1.37807e+002	-5.18342e+002
136	 1.5500000000e+002	 1.37456e+002	-5.04602e+002
137	 1.5600000000e+002	 1.37521e+002	-4.90725e+002
138	 1.5700000000e+002	 1.37685e+002	-4.77021e+002
139	 1.5800000000e+002	 1.38006e+002	-4.63283e+002
140	 1.5900000000e+002	 1.38323e+002	-4.49900e+002
141	 1.6000000000e+002	 1.38459e+002	-4.36445e+002
142	 1.6100000000e+002	 1.38642e+002	-4.22996e+002
143	 1.6200000000e+002	 1.38710e+002	-4.09797e+002
144	 1.6300000000e+002	 1.38610e+002	-3.96574e+002
145	 1.6400000000e+002	 1.38409e+002	-3.83309e+002
146	 1.6500000000e+002	 1.38252e+002	-3.70166e+002
147	 1.6600000000e+002	 1.37850e+002	-3.57117e+002
148	 1.6700000000e+002	 1.37492e+002	-3.44101e+002
149	 1.6800000000e+002	 1.37071e+002	-3.31117e+002
150	 1.6900000000e+002	 1.36799e+002	-3.18108e+002
151	 1.7000000000e+002	 1.36542e+002	-3.05214e+002
152	 1.7100000000e+002	 1.36339e+002	-2.92296e+002
153	 1.7200000000e+002	 1.36202e+002	-2.79563e+002
154	 1.7300000000e+002	 1.36085e+002	-2.66796e+002
155	 1.7400000000e+002	 1.36066e+002	-2.54138e+002
156	 1.7500000000e+002	 1.36137e+002	-2.41590e+002
157	 1.7600000000e+002	 1.36172e+002	-2.29111e+002
158	 1.7700000000e+002	 1.36294e+002	-2.16697e+002
159	 1.7800000000e+002	 1.36455e+002	-2.04363e+002
160	 1.7900000000e+002	 1.36546e+002	-1.92188e+002
161	 1.8000000000e+002	 1.36622e+002	-1.80118e+002
162	 1.8100000000e+002	 1.36747e+002	-1.68125e+002
163	 1.8200000000e+002	 1.36844e+002	-1.56191e+002
164	 1.8300000000e+002	 1.36974e+002	-1.44362e+002
165	 1.8400000000e+002	 1.37083e+002	-1.32695e+002
166	 1.8500000000e+002	 1.37232e+002	-1.21113e+002
167	 1.8600000000e+002	 1.37359e+002	-1.09617e+002
168	 1.8700000000e+002	 1.37454e+002	-9.81877e+001
169	 1.8800000000e+002	 1.37575e+002	-8.68509e+001
170	 1.8900000000e+002	 1.37756e+002	-7.56239e+001
171	 1.9000000000e+002	 1.37897e+002	-6.44758e+001
172	 1.9100000000e+002	 1.38082e+002	-5.33972e+001
173	 1.9200000000e+002	 1.38298e+002	-4.23932e+001
174	 1.9300000000e+002	 1.38496e+002	-3.15013e+001
175	 1.9400000000e+002	 1.38696e+002	-2.06781e+001
176	 1.9500000000e+002	 1.38940e+002	-9.97192e+000
177	 1.9600000000e+002	 1.39183e+002	 7.27985e-001
178	 1.9700000000e+002	 1.39462e+002	 1.13446e+001
179	 1.9800000000e+002	 1.39720e+002	 2.18663e+001
180	 1.9900000000e+002	 1.40039e+002	 3.22762e+001
181	 2.0000000000e+002	 1.40335e+002	 4.26296e+001
182	 2.0100000000e+002	 1.40630e+002	 5.29783e+001
183	 2.0200000000e+002	 1.40953e+002	 6.32258e+001
184	 2.0300000000e+002	 1.41329e+002	 7.34083e+001
185	 2.0400000000e+002	 1.41693e+002	 8.35390e+001
186	 2.0500000000e+002	 1.42141e+002	 9.35922e+001
187	 2.0600000000e+002	 1.42677e+002	 1.03602e+002
188	 2.0700000000e+002	 1.43255e+002	 1.13471e+002
189	 2.0800000000e+002	 1.43930e+002	 1.23266e+002
190	 2.0900000000e+002	 1.44673e+002	 1.32873e+002
191	 2.1000000000e+002	 1.45465e+002	 1.42231e+002
192	 2.1100000000e+002	 1.46270e+002	 1.51370e+002
193	 2.1200000000e+002	 1.46968e+002	 1.60239e+002
194	 2.1300000000e+002	 1.47373e+002	 1.68909e+002
195	 2.1400000000e+002	 1.47471e+002	 1.77402e+002
196	 2.1500000000e+002	 1.47214e+002	 1.85918e+002
197	 2.1600000000e+002	 1.46656e+002	 1.94588e+002
198	 2.1700000000e+002	 1.45874e+002	 2.03504e+002
199	 2.1800000000e+002	 1.45019e+002	 2.12584e+002
200	 2.1900000000e+002	 1.44158e+002	 2.21884e+002
201	 2.2000000000e+002	 1.43304e+002	 2.31346e+002
202	 2.2100000000e+002	 1.42596e+002	 2.40893e+002
203	 2.2200000000e+002	 1.41992e+002	 2.50490e+002
204	 2.2300000000e+002	 1.41447e+002	 2.60050e+002
205	 2.2400000000e+002	 1.41004e+002	 2.69585e+002
206	 2.2500000000e+002	 1.40605e+002	 2.79017e+002
207	 2.2600000000e+002	 1.40227e+002	 2.88369e+002
208	 2.2700000000e+002	 1.39863e+002	 2.97655e+002
209	 2.2800000000e+002	 1.39528e+002	 3.06853e+002
210	 2.2900000000e+002	 1.39139e+002	 3.15999e+002
211	 2.3000000000e+002	 1.38736e+002	 3.25068e+002
212	 2.3100000000e+002	 1.38278e+002	 3.34083e+002
213	 2.3200000000e+002	 1.37801e+002	 3.43112e+002
214	 2.3300000000e+002	 1.37270e+002	 3.52196e+002
215	 2.3400000000e+002	 1.36759e+002	 3.61319e+002
216	 2.3500000000e+002	 1.36332e+002	 3.70487e+002
217	 2.3600000000e+002	 1.35958e+002	 3.79646e+002
218	 2.3700000000e+002	 1.35608e+002	 3.88768e+002
219	 2.3800000000e+002	 1.35363e+002	 3.97896e+002
220	 2.3900000000e+002	 1.35194e+002	 4.06943e+002
221	 2.4000000000e+002	 1.34996e+002	 4.15867e+002
222	 2.4100000000e+002	 1.34711e+002	 4.24818e+002
223	 2.4200000000e+002	 1.34370e+002	 4.33755e+002
224	 2.4300000000e+002	 1.34086e+002	 4.42693e+002
225	 2.4400000000e+002	 1.33737e+002	 4.51672e+002
226	 2.4500000000e+002	 1.33465e+002	 4.60616e+002
227	 2.4600000000e+002	 1.33109e+002	 4.69568e+002
228	 2.4700000000e+002	 1.32859e+002	 4.78573e+002
229	 2.4800000000e+002	 1.32508e+002	 4.87547e+002
230	 2.4900000000e+002	 1.32351e+002	 4.96582e+002
231	 2.5000000000e+002	 1.32504e+002	 5.05627e+002
232	 2.5100000000e+002	 1.32126e+002	 5.14527e+002
233	 2.5200000000e+002	 1.31844e+002	 5.23372e+002
234	 2.5300000000e+002	 1.31752e+002	 5.32156e+002
235	 2.5400000000e+002	 1.31686e+002	 5.40876e+002
236	 2.5500000000e+002	 1.31563e+002	 5.49544e+002
237	 2.5600000000e+002	 1.31391e+002	 5.58154e+002
238	 2.5700000000e+002	 1.31242e+002	 5.66696e+002
239	 2.5800000000e+002	 1.31037e+002	 5.75143e+002
240	 2.5900000000e+002	 1.30737e+002	 5.83598e+002
241	 2.6000000000e+002	 1.30298e+002	 5.92065e+002
242	 2.6100000000e+002	 1.29876e+002	 6.00569e+002
243	 2.6200000000e+002	 1.29406e+002	 6.09131e+002
244	 2.6300000000e+002	 1.28992e+002	 6.17586e+002
245	 2.6400000000e+002	 1.28571e+002	 6.26157e+002
246	 2.6500000000e+002	 1.28103e+002	 6.34751e+002
247	 2.6600000000e+002	 1.27713e+002	 6.43277e+002
248	 2.6700000000e+002	 1.27290e+002	 6.51773e+002
249	 2.6800000000e+002	 1.26899e+002	 6.60304e+002
250	 2.6900000000e+002	 1.26456e+002	 6.68739e+002
251	 2.7000000000e+002	 1.25894e+002	 6.77255e+002
252	 2.7100000000e+002	 1.25436e+002	 6.85726e+002
253	 2.7200000000e+002	 1.24980e+002	 6.94072e+002
254	 2.7300000000e+002	 1.24420e+002	 7.02416e+002
255	 2.7400000000e+002	 1.23781e+002	 7.10778e+002
256	 2.7500000000e+002	 1.23071e+002	 7.19206e+002
257	 2.7600000000e+002	 1.22399e+002	 7.27556e+002
258	 2.7700000000e+002	 1.21617e+002	 7.35953e+002
259	 2.7800000000e+002	 1.20561e+002	 7.44328e+002
260	 2.7900000000e+002	 1.19430e+002	 7.52830e+002
261	 2.8000000000e+002	 1.18325e+002	 7.61496e+002
262	 2.8100000000e+002	 1.16934e+002	 7.70225e+002
263	 2.8200000000e+002	 1.15393e+002	 7.79291e+002
264	 2.8300000000e+002	 1.14070e+002	 7.88657e+002
265	 2.8400000000e+002	 1.12638e+002	 7.98377e+002
266	 2.8500000000e+002	 1.11431e+002	 8.08516e+002
267	 2.8600000000e+002	 1.10614e+002	 8.18789e+002
268	 2.8700000000e+002	 1.10151e+002	 8.29425e+002
269	 2.8800000000e+002	 1.10179e+002	 8.40178e+002
270	 2.8900000000e+002	 1.10667e+002	 8.50749e+002
271	 2.9000000000e+002	 1.11593e+002	 8.61179e+002
272	 2.9100000000e+002	 1.12761e+002	 8.71505e+002
273	 2.9200000000e+002	 1.14268e+002	 8.81460e+002
274	 2.9300000000e+002	 1.15833e+002	 8.91125e+002
275	 2.9400000000e+002	 1.17569e+002	 9.00529e+002
276	 2.9500000000e+002	 1.19207e+002	 9.09766e+002
277	 2.9600000000e+002	 1.20861e+002	 9.18792e+002
278	 2.9700000000e+002	 1.22558e+002	 9.27629e+002
279	 2.9800000000e+002	 1.24285e+002	 9.36279e+002
280	 2.9900000000e+002	 1.25856e+002	 9.44844e+002
281	 3.0000000000e+002	 1.27482e+002	 9.53461e+002
282	 3.0100000000e+002	 1.29047e+002	 9.61944e+002
283	 3.0200000000e+002	 1.30550e+002	 9.70352e+002
284	 3.0300000000e+002	 1.31940e+002	 9.78833e+002
285	 3.0400000000e+002	 1.33216e+002	 9.87611e+002
286	 3.0500000000e+002	 1.34447e+002	 9.96502e+002
287	 3.0600000000e+002	 1.35395e+002	 1.00589e+003
288	 3.0700000000e+002	 1.36257e+002	 1.01632e+003
289	 3.0800000000e+002	 1.37872e+002	 1.02825e+003
290	 3.0900000000e+002	 1.41078e+002	 1.04202e+003
291	 3.1000000000e+002	 1.47643e+002	 1.05690e+003
292	 3.1100000000e+002	 1.58765e+002	 1.07109e+003
293	 3.1200000000e+002	 1.74254e+002	 1.08182e+003
294	 3.1300000000e+002	 1.92295e+002	 1.08703e+003
295	 3.1400000000e+002	 2.10320e+002	 1.08556e+003
296	 3.1500000000e+002	 2.25635e+002	 1.07785e+003
297	 3.1600000000e+002	 2.35569e+002	 1.06539e+003
298	 3.1700000000e+002	 2.38827e+002	 1.05070e+003
299	 3.1800000000e+002	 2.35084e+002	 1.03689e+003
300	 3.1900000000e+002	 2.25798e+002	 1.02639e+003
301	 3.2000000000e+002	 2.12999e+002	 1.02050e+003
302	 3.2100000000e+002	 1.99084e+002	 1.01971e+003
303	 3.2200000000e+002	 1.85609e+002	 1.02332e+003
304	 3.2300000000e+002	 1.73897e+002	 1.03008e+003
305	 3.2400000000e+002	 1.64626e+002	 1.03921e+003
306	 3.2500000000e+002	 1.58016e+002	 1.04927e+003
307	 3.2600000000e+002	 1.53739e+002	 1.05879e+003
308	 3.2700000000e+002	 1.50785e+002	 1.06707e+003
309	 3.2800000000e+002	 1.48023e+002	 1.07445e+003
310	 3.2900000000e+002	 1.44625e+002	 1.08126e+003
311	 3.3000000000e+002	 1.40784e+002	 1.08806e+003
312	 3.3100000000e+002	 1.36888e+002	 1.09531e+003
313	 3.3200000000e+002	 1.33214e+002	 1.10295e+003
314	 3.3300000000e+002	 1.29695e+002	 1.11090e+003
315	 3.3400000000e+002	 1.26504e+002	 1.11920e+003
316	 3.3500000000e+002	 1.23745e+002	 1.12741e+003
317	 3.3600000000e+002	 1.21408e+002	 1.13559e+003
318	 3.3700000000e+002	 1.19086e+002	 1.14352e+003
319	 3.3800000000e+002	 1.16923e+002	 1.15133e+003
320	 3.3900000000e+002	 1.14925e+002	 1.15899e+003
321	 3.4000000000e+002	 1.12826e+002	 1.16674e+003
322	 3.4100000000e+002	 1.10744e+002	 1.17464e+003
323	 3.4200000000e+002	 1.08838e+002	 1.18246e+003
324	 3.4300000000e+002	 1.06972e+002	 1.19022e+003
325	 3.4400000000e+002	 1.05106e+002	 1.19808e+003
326	 3.4500000000e+002	 1.03474e+002	 1.20583e+003
327	 3.4600000000e+002	 1.01937e+002	 1.21349e+003
328	 3.4700000000e+002	 1.00325e+002	 1.22114e+003
329	 3.4800000000e+002	 9.88957e+001	 1.22882e+003
330	 3.4900000000e+002	 9.75928e+001	 1.23645e+003
331	 3.5000000000e+002	 9.60958e+001	 1.24394e+003
332	 3.5100000000e+002	 9.47986e+001	 1.25136e+003
333	 3.5200000000e+002	 9.36468e+001	 1.25888e+003
334	 3.5300000000e+002	 9.24026e+001	 1.26630e+003
335	 3.5400000000e+002	 9.10993e+001	 1.27371e+003
336	 3.5500000000e+002	 8.99316e+001	 1.28106e+003
337	 3.5600000000e+002	 8.87932e+001	 1.28837e+003
338	 3.5700000000e+002	 8.76722e+001	 1.29559e+003
339	 3.5800000000e+002	 8.65191e+001	 1.30277e+003
340	 3.5900000000e+002	 8.53872e+001	 1.30996e+003
341	 3.6000000000e+002	 8.42900e+001	 1.31710e+003
342	 3.6100000000e+002	 8.31825e+001	 1.32408e+003
343	 3.6200000000e+002	 8.21136e+001	 1.33100e+003
344	 3.6300000000e+002	 8.10855e+001	 1.33791e+003
345	 3.6400000000e+002	 8.00390e+001	 1.34474e+003
346	 3.6500000000e+002	 7.90170e+001	 1.35150e+003
347	 3.6600000000e+002	 7.79607e+001	 1.35817e+003
348	 3.6700000000e+002	 7.69227e+001	 1.36475e+003
349	 3.6800000000e+002	 7.57928e+001	 1.37119e+003
350	 3.6900000000e+002	 7.45678e+001	 1.37752e+003
351	 3.7000000000e+002	 7.33360e+001	 1.38386e+003
352	 3.7100000000e+002	 7.19598e+001	 1.39012e+003
353	 3.7200000000e+002	 7.02799e+001	 1.39645e+003
354	 3.7300000000e+002	 6.86108e+001	 1.40290e+003
355	 3.7400000000e+002	 6.69973e+001	 1.40926e+003
356	 3.7500000000e+002	 6.52734e+001	 1.41572e+003
357	 3.7600000000e+002	 6.34417e+001	 1.42235e+003
358	 3.7700000000e+002	 6.16579e+001	 1.42893e+003
359	 3.7800000000e+002	 5.99669e+001	 1.43544e+003
360	 3.7900000000e+002	 5.81889e+001	 1.44202e+003
361	 3.8000000000e+002	 5.64128e+001	 1.44873e+003
362	 3.8100000000e+002	 5.45322e+001	 1.45523e+003
363	 3.8200000000e+002	 5.28249e+001	 1.46172e+003
364	 3.8300000000e+002	 5.09960e+001	 1.46841e+003
365	 3.8400000000e+002	 4.89942e+001	 1.47501e+003
366	 3.8500000000e+002	 4.71973e+001	 1.48139e+003
367	 3.8600000000e+002	 4.56098e+001	 1.48792e+003
368	 3.8700000000e+002	 4.36217e+001	 1.49465e+003
369	 3.8800000000e+002	 4.14543e+001	 1.50102e+003
370	 3.8900000000e+002	 3.96509e+001	 1.50732e+003
371	 3.9000000000e+002	 3.77725e+001	 1.51389e+003
372	 3.9100000000e+002	 3.56548e+001	 1.52031e+003
373	 3.9200000000e+002	 3.36523e+001	 1.52669e+003
374	 3.9300000000e+002	 3.16844e+001	 1.53299e+003
375	 3.9400000000e+002	 2.99475e+001	 1.53947e+003
376	 3.9500000000e+002	 2.78167e+001	 1.54583e+003
377	 3.9600000000e+002	 2.54788e+001	 1.55194e+003
378	 3.9700000000e+002	 2.33759e+001	 1.55830e+003
379	 3.9800000000e+002	 2.12732e+001	 1.56481e+003
380	 3.9900000000e+002	 1.88817e+001	 1.57121e+003
381	 4.0000000000e+002	 1.66163e+001	 1.57714e+003
382	 4.0100000000e+002	 1.42406e+001	 1.58347e+003
383	 4.0200000000e+002	 1.22706e+001	 1.58978e+003
384	 4.0300000000e+002	 9.74202e+000	 1.59599e+003
385	 4.0400000000e+002	 7.02320e+000	 1.60182e+003
386	 4.0500000000e+002	 4.66226e+000	 1.60795e+003
387	 4.0600000000e+002	 1.84745e+000	 1.61432e+003
388	 4.0700000000e+002	-9.16938e-001	 1.62012e+003
389	 4.0800000000e+002	-3.80050e+000	 1.62626e+003
390	 4.0900000000e+002	-6.68920e+000	 1.63250e+003
391	 4.1000000000e+002	-9.58162e+000	 1.63835e+003
392	 4.1100000000e+002	-1.33067e+001	 1.64416e+003
393	 4.1200000000e+002	-1.70421e+001	 1.64990e+003
394	 4.1300000000e+002	-2.10683e+001	 1.65601e+003
395	 4.1400000000e+002	-2.47051e+001	 1.66207e+003
396	 4.1500000000e+002	-2.90184e+001	 1.66803e+003
397	 4.1600000000e+002	-3.35952e+001	 1.67428e+003
398	 4.1700000000e+002	-3.79510e+001	 1.68114e+003
399	 4.1800000000e+002	-4.29416e+001	 1.68821e+003
400	 4.1900000000e+002	-4.84466e+001	 1.69568e+003
401	 4.2000000000e+002	-5.34932e+001	 1.70352e+003
402	 4.2100000000e+002	-5.84141e+001	 1.71182e+003
403	 4.2200000000e+002	-6.35185e+001	 1.72080e+003
404	 4.2300000000e+002	-6.80102e+001	 1.72973e+003
405	 4.2400000000e+002	-7.17246e+001	 1.73911e+003
406	 4.2500000000e+002	-7.57776e+001	 1.74884e+003
407	 4.2600000000e+002	-7.94360e+001	 1.75889e+003
408	 4.2700000000e+002	-8.26147e+001	 1.76871e+003
409	 4.2800000000e+002	-8.49922e+001	 1.77864e+003
410	 4.2900000000e+002	-8.67517e+001	 1.78840e+003
411	 4.3000000000e+002	-8.86310e+001	 1.79812e+003
412	 4.3100000000e+002	-9.03393e+001	 1.80737e+003
413	 4.3200000000e+002	-9.15986e+001	 1.81576e+003
414	 4.3300000000e+002	-9.20791e+001	 1.82390e+003
415	 4.3400000000e+002	-9.30957e+001	 1.83227e+003
416	 4.3500000000e+002	-9.49424e+001	 1.83963e+003
417	 4.3600000000e+002	-9.64659e+001	 1.84657e+003
418	 4.3700000000e+002	-9.80123e+001	 1.85377e+003
419	 4.3800000000e+002	-1.00434e+002	 1.86097e+003
420	 4.3900000000e+002	-1.02419e+002	 1.86776e+003
421	 4.4000000000e+002	-1.04260e+002	 1.87450e+003
422	 4.4100000000e+002	-1.06591e+002	 1.88073e+003
423	 4.4200000000e+002	-1.09212e+002	 1.88799e+003
424	 4.4300000000e+002	-1.12575e+002	 1.89475e+003
425	 4.4400000000e+002	-1.16177e+002	 1.90137e+003
426	 4.4500000000e+002	-1.19555e+002	 1.90823e+003
427	 4.4600000000e+002	-1.23149e+002	 1.91453e+003
428	 4.4700000000e+002	-1.26491e+002	 1.92160e+003
429	 4.4800000000e+002	-1.30590e+002	 1.92897e+003
430	 4.4900000000e+002	-1.33973e+002	 1.93600e+003
431	 4.5000000000e+002	-1.35806e+002	 1.93952e+003
432	 4.5100000000e+002	-1.40145e+002	 1.94941e+003
433	 4.5200000000e+002	-1.45279e+002	 1.95868e+003
434	 4.5300000000e+002	-1.50192e+002	 1.96579e+003
435	 4.5400000000e+002	-1.54182e+002	 1.97317e+003
436	 4.5500000000e+002	-1.58375e+002	 1.98079e+003
437	 4.5600000000e+002	-1.62898e+002	 1.98940e+003
438	 4.5700000000e+002	-1.67863e+002	 1.99691e+003
439	 4.5800000000e+002	-1.72830e+002	 2.00540e+003
440	 4.5900000000e+002	-1.77179e+002	 2.01387e+003
441	 4.6000000000e+002	-1.81484e+002	 2.02178e+003
442	 4.6100000000e+002	-1.86057e+002	 2.03006e+003
443	 4.6200000000e+002	-1.90719e+002	 2.03887e+003
444	 4.6300000000e+002	-1.94934e+002	 2.04783e+003
445	 4.6400000000e+002	-1.99841e+002	 2.05645e+003
446	 4.6500000000e+002	-2.04861e+002	 2.06561e+003
447	 4.6600000000e+002	-2.10009e+002	 2.07449e+003
448	 4.6700000000e+002	-2.14845e+002	 2.08341e+003
449	 4.6800000000e+002	-2.19603e+002	 2.09238e+003
450	 4.6900000000e+002	-2.25407e+002	 2.10232e+003
451	 4.7000000000e+002	-2.31198e+002	 2.11236e+003
452	 4.7100000000e+002	-2.36684e+002	 2.12137e+003
453	 4.7200000000e+002	-2.41657e+002	 2.13099e+003
454	 4.7300000000e+002	-2.46378e+002	 2.14101e+003
455	 4.7400000000e+002	-2.51674e+002	 2.15078e+003
456	 4.7500000000e+002	-2.57231e+002	 2.16093e+003
457	 4.7600000000e+002	-2.62092e+002	 2.17169e+003
458	 4.7700000000e+002	-2.67010e+002	 2.18230e+003
459	 4.7800000000e+002	-2.72505e+002	 2.19336e+003
460	 4.7900000000e+002	-2.78435e+002	 2.20447e+003
461	 4.8000000000e+002	-2.83473e+002	 2.21587e+003
462	 4.8100000000e+002	-2.88194e+002	 2.22717e+003
463	 4.8200000000e+002	-2.93427e+002	 2.23909e+003
464	 4.8300000000e+002	-2.99409e+002	 2.25126e+003
465	 4.8400000000e+002	-3.04681e+002	 2.26358e+003
466	 4.8500000000e+002	-3.09139e+002	 2.27675e+003
467	 4.8600000000e+002	-3.13421e+002	 2.29053e+003
468	 4.8700000000e+002	-3.17367e+002	 2.30428e+003
469	 4.8800000000e+002	-3.21291e+002	 2.31815e+003
470	 4.8900000000e+002	-3.23682e+002	 2.33195e+003
471	 4.9000000000e+002	-3.25392e+002	 2.34539e+003
472	 4.9100000000e+002	-3.27052e+002	 2.35796e+003
473	 4.9200000000e+002	-3.28917e+002	 2.36942e+003
474	 4.9300000000e+002	-3.31287e+002	 2.38105e+003
475	 4.9400000000e+002	-3.34171e+002	 2.39290e+003
476	 4.9500000000e+002	-3.37493e+002	 2.40436e+003
477	 4.9600000000e+002	-3.40946e+002	 2.41629e+003
478	 4.9700000000e+002	-3.44395e+002	 2.42881e+003
479	 4.9800000000e+002	-3.47951e+002	 2.44150e+003
480	 4.9900000000e+002	-3.51425e+002	 2.45461e+003
481	 5.0000000000e+002	-3.54958e+002	 2.46823e+003
482	 5.0100000000e+002	-3.58079e+002	 2.48165e+003
483	 5.0200000000e+002	-3.60685e+002	 2.49506e+003
484	 5.0300000000e+002	-3.63247e+002	 2.50901e+003
485	 5.0400000000e+002	-3.65652e+002	 2.52305e+003
486	 5.0500000000e+002	-3.67800e+002	 2.53713e+003
487	 5.0600000000e+002	-3.69692e+002	 2.55133e+003
488	 5.0700000000e+002	-3.71370e+002	 2.56581e+003
489	 5.0800000000e+002	-3.72665e+002	 2.58052e+003
490	 5.0900000000e+002	-3.73623e+002	 2.59510e+003
491	 5.1000000000e+002	-3.73839e+002	 2.60994e+003
492	 5.1100000000e+002	-3.74010e+002	 2.62511e+003
493	 5.1200000000e+002	-3.73847e+002	 2.63957e+003
494	 5.1300000000e+002	-3.72947e+002	 2.65388e+003
495	 5.1400000000e+002	-3.72090e+002	 2.66815e+003
496	 5.1500000000e+002	-3.70875e+002	 2.68172e+003
497	 5.1600000000e+002	-3.69000e+002	 2.69530e+003
498	 5.1700000000e+002	-3.67568e+002	 2.70831e+003
499	 5.1800000000e+002	-3.66273e+002	 2.71951e+003
500	 5.1900000000e+002	-3.64835e+002	 2.73070e+003
501	 5.2000000000e+002	-3.64027e+002	 2.74237e+003
502	 5.2100000000e+002	-3.64109e+002	 2.75361e+003
503	 5.2200000000e+002	-3.64547e+002	 2.76484e+003
504	 5.2300000000e+002	-3.65030e+002	 2.77663e+003
505	 5.2400000000e+002	-3.65616e+002	 2.78896e+003
506	 5.2500000000e+002	-3.66517e+002	 2.80125e+003
507	 5.2600000000e+002	-3.67339e+002	 2.81336e+003
508	 5.2700000000e+002	-3.68319e+002	 2.82641e+003
509	 5.2800000000e+002	-3.69162e+002	 2.83950e+003
510	 5.2900000000e+002	-3.70563e+002	 2.85315e+003
511	 5.3000000000e+002	-3.71624e+002	 2.86655e+003
512	 5.3100000000e+002	-3.71929e+002	 2.87992e+003
513	 5.3200000000e+002	-3.70846e+002	 2.89405e+003
514	 5.3300000000e+002	-3.70698e+002	 2.90969e+003
515	 5.3400000000e+002	-3.71391e+002	 2.92436e+003
516	 5.3500000000e+002	-3.69601e+002	 2.93724e+003
517	 5.3600000000e+002	-3.68344e+002	 2.95076e+003
518	 5.3700000000e+002	-3.67128e+002	 2.96511e+003
519	 5.3800000000e+002	-3.65788e+002	 2.97947e+003
520	 5.3900000000e+002	-3.64589e+002	 2.99420e+003
521	 5.4000000000e+002	-3.62651e+002	 3.00767e+003
522	 5.4100000000e+002	-3.60892e+002	 3.02166e+003
523	 5.4200000000e+002	-3.60075e+002	 3.03617e+003
524	 5.4300000000e+002	-3.56442e+002	 3.05046e+003
525	 5.4400000000e+002	-3.52285e+002	 3.06368e+003
526	 5.4500000000e+002	-3.49760e+002	 3.07584e+003
527	 5.4600000000e+002	-3.47183e+002	 3.08887e+003
528	 5.4700000000e+002	-3.44232e+002	 3.10279e+003
529	 5.4800000000e+002	-3.40855e+002	 3.11680e+003
530	 5.4900000000e+002	-3.37914e+002	 3.13014e+003
531	 5.5000000000e+002	-3.30973e+002	 3.14547e+003
532	 5.5100000000e+002	-3.29190e+002	 3.15576e+003
533	 5.5200000000e+002	-3.29668e+002	 3.16540e+003
534	 5.5300000000e+002	-3.26179e+002	 3.17816e+003
535	 5.5400000000e+002	-3.21753e+002	 3.19263e+003
536	 5.5500000000e+002	-3.18529e+002	 3.20535e+003
537	 5.5600000000e+002	-3.14417e+002	 3.21810e+003
538	 5.5700000000e+002	-3.11255e+002	 3.23090e+003
539	 5.5800000000e+002	-3.07373e+002	 3.24235e+003
540	 5.5900000000e+002	-3.02565e+002	 3.25425e+003
541	 5.6000000000e+002	-2.96389e+002	 3.26454e+003
542	 5.6100000000e+002	-2.91740e+002	 3.27526e+003
543	 5.6200000000e+002	-2.87237e+002	 3.28966e+003
544	 5.6300000000e+002	-2.83147e+002	 3.30319e+003
545	 5.6400000000e+002	-2.75748e+002	 3.31527e+003
546	 5.6500000000e+002	-2.71480e+002	 3.32711e+003
547	 5.6600000000e+002	-2.68097e+002	 3.33823e+003
548	 5.6700000000e+002	-2.65509e+002	 3.34877e+003
549	 5.6800000000e+002	-2.63459e+002	 3.35929e+003
550	 5.6900000000e+002	-2.58247e+002	 3.36930e+003
551	 5.7000000000e+002	-2.51481e+002	 3.38174e+003
552	 5.7100000000e+002	-2.47725e+002	 3.39243e+003
553	 5.7200000000e+002	-2.45345e+002	 3.40215e+003
554	 5.7300000000e+002	-2.38389e+002	 3.41432e+003
555	 5.7400000000e+002	-2.30704e+002	 3.42389e+003
556	 5.7500000000e+002	-2.27082e+002	 3.43035e+003
557	 5.7600000000e+002	-2.22149e+002	 3.44098e+003
558	 5.7700000000e+002	-2.15381e+002	 3.45276e+003
559	 5.7800000000e+002	-2.10799e+002	 3.46475e+003
560	 5.7900000000e+002	-2.04240e+002	 3.47221e+003
561	 5.8000000000e+002	-2.00042e+002	 3.48223e+003
562	 5.8100000000e+002	-1.95598e+002	 3.49391e+003
563	 5.8200000000e+002	-1.87186e+002	 3.50245e+003
564	 5.8300000000e+002	-1.82866e+002	 3.51254e+003
565	 5.8400000000e+002	-1.78388e+002	 3.52220e+003
566	 5.8500000000e+002	-1.70723e+002	 3.52857e+003
567	 5.8600000000e+002	-1.61727e+002	 3.53693e+003
568	 5.8700000000e+002	-1.55926e+002	 3.54271e+003
569	 5.8800000000e+002	-1.52737e+002	 3.54973e+003
570	 5.8900000000e+002	-1.48030e+002	 3.56120e+003
571	 5.9000000000e+002	-1.39921e+002	 3.56919e+003
572	 5.9100000000e+002	-1.34747e+002	 3.57446e+003
573	 5.9200000000e+002	-1.29294e+002	 3.58110e+003
574	 5.9300000000e+002	-1.21946e+002	 3.58796e+003
575	 5.9400000000e+002	-1.17112e+002	 3.59243e+003
576	 5.9500000000e+002	-1.11526e+002	 3.59489e+003
577	 5.9600000000e+002	-1.05487e+002	 3.60028e+003
578	 5.9700000000e+002	-1.00324e+002	 3.60591e+003
579	 5.9800000000e+002	-9.92215e+001	 3.61164e+003
580	 5.9900000000e+002	-9.48407e+001	 3.61802e+003
581	 6.0000000000e+002	-9.05826e+001	 3.62052e+003
582	 6.0100000000e+002	-9.04010e+001	 3.62623e+003
583	 6.0200000000e+002	-8.84610e+001	 3.63056e+003
584	 6.0300000000e+002	-8.62863e+001	 3.63209e+003
585	 6.0400000000e+002	-8.37112e+001	 3.63615e+003
586	 6.0500000000e+002	-8.24124e+001	 3.63928e+003
587	 6.0600000000e+002	-8.43647e+001	 3.64303e+003
588	 6.0700000000e+002	-8.56617e+001	 3.64853e+003
589	 6.0800000000e+002	-8.42702e+001	 3.65314e+003
590	 6.0900000000e+002	-8.10072e+001	 3.65722e+003
591	 6.1000000000e+002	-8.28702e+001	 3.66167e+003
592	 6.1100000000e+002	-8.34937e+001	 3.66606e+003
593	 6.1200000000e+002	-8.39445e+001	 3.67090e+003
594	 6.1300000000e+002	-8.59006e+001	 3.67758e+003
595	 6.1400000000e+002	-8.51232e+001	 3.68341e+003
596	 6.1500000000e+002	-8.57907e+001	 3.69001e+003
597	 6.1600000000e+002	-8.83499e+001	 3.69725e+003
598	 6.1700000000e+002	-9.05130e+001	 3.70322e+003
599	 6.1800000000e+002	-9.13744e+001	 3.71056e+003
600	 6.1900000000e+002	-9.32185e+001	 3.71737e+003
601	 6.2000000000e+002	-9.64422e+001	 3.72452e+003
602	 6.2100000000e+002	-9.76410e+001	 3.73363e+003
603	 6.2200000000e+002	-9.70102e+001	 3.74188e+003
604	 6.2300000000e+002	-9.81571e+001	 3.75098e+003
605	 6.2400000000e+002	-9.95035e+001	 3.75933e+003
606	 6.2500000000e+002	-1.00371e+002	 3.76783e+003
607	 6.2600000000e+002	-1.01093e+002	 3.77708e+003
608	 6.2700000000e+002	-1.01508e+002	 3.78519e+003
609	 6.2800000000e+002	-1.02370e+002	 3.79293e+003
610	 6.2900000000e+002	-1.02350e+002	 3.80115e+003
611	 6.3000000000e+002	-1.03057e+002	 3.81025e+003
612	 6.3100000000e+002	-1.04066e+002	 3.81888e+003
613	 6.3200000000e+002	-1.04364e+002	 3.82727e+003
614	 6.3300000000e+002	-1.03886e+002	 3.83722e+003
615	 6.3400000000e+002	-1.03611e+002	 3.84698e+003
616	 6.3500000000e+002	-1.04460e+002	 3.85567e+003
617	 6.3600000000e+002	-1.05358e+002	 3.86420e+003
618	 6.3700000000e+002	-1.04569e+002	 3.87312e+003
619	 6.3800000000e+002	-1.03942e+002	 3.88119e+003
620	 6.3900000000e+002	-1.03890e+002	 3.88972e+003
621	 6.4000000000e+002	-1.04239e+002	 3.89864e+003
622	 6.4100000000e+002	-1.04023e+002	 3.90737e+003
623	 6.4200000000e+002	-1.04096e+002	 3.91674e+003
624	 6.4300000000e+002	-1.04283e+002	 3.92563e+003
625	 6.4400000000e+002	-1.04261e+002	 3.93440e+003
626	 6.4500000000e+002	-1.03182e+002	 3.94355e+003
627	 6.4600000000e+002	-1.02053e+002	 3.95261e+003
628	 6.4700000000e+002	-1.01479e+002	 3.96186e+003
629	 6.4800000000e+002	-1.01407e+002	 3.97112e+003
630	 6.4900000000e+002	-1.00842e+002	 3.97978e+003
631	 6.5000000000e+002	-1.01677e+002	 3.99000e+003
632	 6.5100000000e+002	-1.03730e+002	 3.99872e+003
633	 6.5200000000e+002	-1.03815e+002	 4.00620e+003
634	 6.5300000000e+002	-1.00498e+002	 4.01263e+003
635	 6.5400000000e+002	-9.83555e+001	 4.02102e+003
636	 6.5500000000e+002	-9.92544e+001	 4.03125e+003
637	 6.5600000000e+002	-1.00492e+002	 4.04081e+003
638	 6.5700000000e+002	-1.00832e+002	 4.05052e+003
639	 6.5800000000e+002	-9.84324e+001	 4.05896e+003
640	 6.5900000000e+002	-9.65388e+001	 4.06520e+003
641	 6.6000000000e+002	-9.88100e+001	 4.07389e+003
642	 6.6100000000e+002	-9.91633e+001	 4.08517e+003
643	 6.6200000000e+002	-9.87734e+001	 4.09540e+003
644	 6.6300000000e+002	-1.00371e+002	 4.10460e+003
645	 6.6400000000e+002	-1.02046e+002	 4.11101e+003
646	 6.6500000000e+002	-1.03289e+002	 4.11778e+003
647	 6.6600000000e+002	-1.04451e+002	 4.12564e+003
648	 6.6700000000e+002	-1.04170e+002	 4.13438e+003
649	 6.6800000000e+002	-1.02656e+002	 4.14250e+003
650	 6.6900000000e+002	-1.02536e+002	 4.15224e+003
651	 6.7000000000e+002	-1.02035e+002	 4.16152e+003
652	 6.7100000000e+002	-9.98267e+001	 4.16993e+003
653	 6.7200000000e+002	-9.99670e+001	 4.17909e+003
654	 6.7300000000e+002	-1.01520e+002	 4.18965e+003
655	 6.7400000000e+002	-1.03411e+002	 4.20343e+003
656	 6.7500000000e+002	-9.99115e+001	 4.21323e+003
657	 6.7600000000e+002	-9.78132e+001	 4.22087e+003
658	 6.7700000000e+002	-9.90549e+001	 4.23023e+003
659	 6.7800000000e+002	-1.00076e+002	 4.24038e+003
660	 6.7900000000e+002	-9.85720e+001	 4.24928e+003
661	 6.8000000000e+002	-9.72507e+001	 4.25932e+003
662	 6.8100000000e+002	-9.90934e+001	 4.26965e+003
663	 6.8200000000e+002	-1.00776e+002	 4.28175e+003
664	 6.8300000000e+002	-1.04807e+002	 4.29272e+003
665	 6.8400000000e+002	-1.07517e+002	 4.30617e+003
666	 6.8500000000e+002	-1.05598e+002	 4.31899e+003
667	 6.8600000000e+002	-1.04531e+002	 4.32853e+003
668	 6.8700000000e+002	-1.01663e+002	 4.33639e+003
669	 6.8800000000e+002	-1.00491e+002	 4.34398e+003
670	 6.8900000000e+002	-9.94418e+001	 4.35477e+003
671	 6.9000000000e+002	-8.91104e+001	 4.36574e+003
672	 6.9100000000e+002	-8.56312e+001	 4.37809e+003
673	 6.9200000000e+002	-8.34136e+001	 4.38812e+003
674	 6.9300000000e+002	-8.03315e+001	 4.39702e+003
675	 6.9400000000e+002	-8.21707e+001	 4.40235e+003
676	 6.9500000000e+002	-7.92454e+001	 4.40760e+003
677	 6.9600000000e+002	-7.80530e+001	 4.41856e+003
678	 6.9700000000e+002	-8.30678e+001	 4.42803e+003
679	 6.9800000000e+002	-8.67469e+001	 4.43472e+003
680	 6.9900000000e+002	-8.16553e+001	 4.43965e+003
681	 7.0000000000e+002	-7.53543e+001	 4.44782e+003
682	 7.0100000000e+002	-6.95191e+001	 4.46057e+003
683	 7.0200000000e+002	-6.59932e+001	 4.46865e+003
684	 7.0300000000e+002	-6.99032e+001	 4.47308e+003
685	 7.0400000000e+002	-7.65741e+001	 4.47914e+003
686	 7.0500000000e+002	-7.79397e+001	 4.48985e+003
687	 7.0600000000e+002	-7.81719e+001	 4.50131e+003
688	 7.0700000000e+002	-7.86642e+001	 4.51154e+003
689	 7.0800000000e+002	-7.57041e+001	 4.52280e+003
690	 7.0900000000e+002	-7.51148e+001	 4.52940e+003
691	 7.1000000000e+002	-7.58467e+001	 4.53608e+003
692	 7.1100000000e+002	-7.28662e+001	 4.54821e+003
693	 7.1200000000e+002	-6.32262e+001	 4.56013e+003
694	 7.1300000000e+002	-5.92650e+001	 4.57075e+003
695	 7.1400000000e+002	-6.32188e+001	 4.57780e+003
696	 7.1500000000e+002	-7.03623e+001	 4.58218e+003
697	 7.1600000000e+002	-6.83225e+001	 4.58721e+003
698	 7.1700000000e+002	-6.45523e+001	 4.59632e+003
699	 7.1800000000e+002	-6.21808e+001	 4.61161e+003
700	 7.1900000000e+002	-5.43378e+001	 4.62730e+003
701	 7.2000000000e+002	-5.17355e+001	 4.63895e+003
702	 7.2100000000e+002	-6.30470e+001	 4.63825e+003
703	 7.2200000000e+002	-6.49058e+001	 4.63604e+003
704	 7.2300000000e+002	-5.43780e+001	 4.64749e+003
705	 7.2400000000e+002	-4.35445e+001	 4.67051e+003
706	 7.2500000000e+002	-4.69044e+001	 4.67944e+003
707	 7.2600000000e+002	-5.34129e+001	 4.68131e+003
708	 7.2700000000e+002	-4.90268e+001	 4.68698e+003
709	 7.2800000000e+002	-4.46134e+001	 4.69677e+003
710	 7.2900000000e+002	-5.11451e+001	 4.71332e+003
711	 7.3000000000e+002	-5.63031e+001	 4.72088e+003
712	 7.3100000000e+002	-4.58784e+001	 4.71661e+003
713	 7.3200000000e+002	-3.80415e+001	 4.72216e+003
714	 7.3300000000e+002	-4.06152e+001	 4.73918e+003
715	 7.3400000000e+002	-4.55483e+001	 4.75659e+003
716	 7.3500000000e+002	-4.58185e+001	 4.76634e+003
717	 7.3600000000e+002	-4.01700e+001	 4.77323e+003
718	 7.3700000000e+002	-4.10364e+001	 4.78423e+003
719	 7.3800000000e+002	-4.26794e+001	 4.79335e+003
720	 7.3900000000e+002	-4.04244e+001	 4.79943e+003
721	 7.4000000000e+002	-3.32579e+001	 4.80708e+003
722	 7.4100000000e+002	-2.44940e+001	 4.81159e+003
723	 7.4200000000e+002	-2.00094e+001	 4.81856e+003
724	 7.4300000000e+002	-1.69947e+001	 4.82931e+003
725	 7.4400000000e+002	-1.55328e+001	 4.84404e+003
726	 7.4500000000e+002	-1.81513e+001	 4.85968e+003
727	 7.4600000000e+002	-1.87222e+001	 4.86727e+003
728	 7.4700000000e+002	-1.90985e+001	 4.87709e+003
729	 7.4800000000e+002	-2.49024e+001	 4.89267e+003
730	 7.4900000000e+002	-2.22809e+001	 4.90615e+003
731	 7.5000000000e+002	-1.54628e+001	 4.91927e+003
732	 7.5100000000e+002	-1.21628e+001	 4.92716e+003
733	 7.5200000000e+002	-6.71290e+000	 4.93643e+003
734	 7.5300000000e+002	-3.27980e+000	 4.94534e+003
735	 7.5400000000e+002	-5.01592e+000	 4.95230e+003
736	 7.5500000000e+002	-2.26053e+000	 4.96077e+003
737	 7.5600000000e+002	 1.20867e+000	 4.96806e+003
738	 7.5700000000e+002	 4.19107e+000	 4.97875e+003
739	 7.5800000000e+002	 1.21928e+001	 4.99337e+003
740	 7.5900000000e+002	 2.09254e+001	 5.00068e+003
741	 7.6000000000e+002	 3.00907e+001	 5.00984e+003
742	 7.6100000000e+002	 3.66471e+001	 5.01931e+003
743	 7.6200000000e+002	 4.19783e+001	 5.02943e+003
744	 7.6300000000e+002	 4.62931e+001	 5.04095e+003
745	 7.6400000000e+002	 5.02283e+001	 5.05030e+003
746	 7.6500000000e+002	 5.68994e+001	 5.05680e+003
747	 7.6600000000e+002	 6.63943e+001	 5.06357e+003
748	 7.6700000000e+002	 7.39838e+001	 5.07096e+003
749	 7.6800000000e+002	 7.70615e+001	 5.07343e+003
750	 7.6900000000e+002	 8.04635e+001	 5.07586e+003
751	 7.7000000000e+002	 8.63328e+001	 5.08256e+003
752	 7.7100000000e+002	 9.42005e+001	 5.09037e+003
753	 7.7200000000e+002	 1.04070e+002	 5.10134e+003
754	 7.7300000000e+002	 1.14547e+002	 5.10765e+003
755	 7.7400000000e+002	 1.24160e+002	 5.11025e+003
756	 7.7500000000e+002	 1.33763e+002	 5.11170e+003
757	 7.7600000000e+002	 1.42519e+002	 5.11132e+003
758	 7.7700000000e+002	 1.49073e+002	 5.11390e+003
759	 7.7800000000e+002	 1.53615e+002	 5.11743e+003
760	 7.7900000000e+002	 1.59911e+002	 5.11799e+003
761	 7.8000000000e+002	 1.64161e+002	 5.11831e+003
762	 7.8100000000e+002	 1.69664e+002	 5.11656e+003
763	 7.8200000000e+002	 1.76036e+002	 5.10987e+003
764	 7.8300000000e+002	 1.79054e+002	 5.10534e+003
765	 7.8400000000e+002	 1.81554e+002	 5.10476e+003
766	 7.8500000000e+002	 1.85400e+002	 5.10270e+003
767	 7.8600000000e+002	 1.90053e+002	 5.10220e+003
768	 7.8700000000e+002	 1.93181e+002	 5.10414e+003
769	 7.8800000000e+002	 1.89153e+002	 5.10437e+003
770	 7.8900000000e+002	 1.81524e+002	 5.10087e+003
771	 7.9000000000e+002	 1.78133e+002	 5.09842e+003
772	 7.9100000000e+002	 1.82121e+002	 5.09612e+003
773	 7.9200000000e+002	 1.85200e+002	 5.09398e+003
774	 7.9300000000e+002	 1.82896e+002	 5.09211e+003
775	 7.9400000000e+002	 1.77717e+002	 5.08761e+003
776	 7.9500000000e+002	 1.72236e+002	 5.08546e+003
777	 7.9600000000e+002	 1.67265e+002	 5.08711e+003
778	 7.9700000000e+002	 1.68354e+002	 5.08935e+003
779	 7.9800000000e+002	 1.66031e+002	 5.09042e+003
780	 7.9900000000e+002	 1.54580e+002	 5.09738e+003
781	 8.0000000000e+002	 1.42093e+002	 5.10401e+003
782	 8.0100000000e+002	 1.30913e+002	 5.10623e+003
783	 8.0200000000e+002	 1.23515e+002	 5.10563e+003
784	 8.0300000000e+002	 1.16822e+002	 5.10768e+003
785	 8.0400000000e+002	 1.10980e+002	 5.11275e+003
786	 8.0500000000e+002	 1.08084e+002	 5.12070e+003
787	 8.0600000000e+002	 1.02162e+002	 5.13808e+003
788	 8.0700000000e+002	 8.97322e+001	 5.13824e+003
789	 8.0800000000e+002	 7.92858e+001	 5.12942e+003
790	 8.0900000000e+002	 7.46332e+001	 5.14780e+003
791	 8.1000000000e+002	 7.33635e+001	 5.17229e+003
792	 8.1100000000e+002	 7.52482e+001	 5.17917e+003
793	 8.1200000000e+002	 7.39925e+001	 5.18202e+003
794	 8.1300000000e+002	 6.39951e+001	 5.18152e+003
795	 8.1400000000e+002	 6.21776e+001	 5.17996e+003
796	 8.1500000000e+002	 6.59966e+001	 5.19094e+003
797	 8.1600000000e+002	 6.97049e+001	 5.21234e+003
798	 8.1700000000e+002	 7.21867e+001	 5.23765e+003
799	 8.1800000000e+002	 7.51256e+001	 5.26149e+003
800	 8.1900000000e+002	 7.40236e+001	 5.26559e+003
801	 8.2000000000e+002	 6.80156e+001	 5.25997e+003
802	 8.2100000000e+002	 6.46342e+001	 5.25861e+003
803	 8.2200000000e+002	 6.30494e+001	 5.26005e+003
804	 8.2300000000e+002	 6.03102e+001	 5.26702e+003
805	 8.2400000000e+002	 5.65587e+001	 5.27098e+003
806	 8.2500000000e+002	 5.44990e+001	 5.27629e+003
807	 8.2600000000e+002	 4.95657e+001	 5.29205e+003
808	 8.2700000000e+002	 5.03782e+001	 5.30518e+003
809	 8.2800000000e+002	 5.95893e+001	 5.31519e+003
810	 8.2900000000e+002	 7.18100e+001	 5.32006e+003
811	 8.3000000000e+002	 8.77651e+001	 5.31869e+003
812	 8.3100000000e+002	 9.82148e+001	 5.30228e+003
813	 8.3200000000e+002	 9.63010e+001	 5.28196e+003
814	 8.3300000000e+002	 1.02471e+002	 5.27533e+003
815	 8.3400000000e+002	 1.19333e+002	 5.27073e+003
816	 8.3500000000e+002	 1.24160e+002	 5.26894e+003
817	 8.3600000000e+002	 1.01309e+002	 5.28167e+003
818	 8.3700000000e+002	 7.49668e+001	 5.30133e+003
819	 8.3800000000e+002	 5.34517e+001	 5.31654e+003
820	 8.3900000000e+002	 4.09698e+001	 5.32434e+003
821	 8.4000000000e+002	 3.79337e+001	 5.32154e+003
822	 8.4100000000e+002	 2.90544e+001	 5.30931e+003
823	 8.4200000000e+002	 1.17557e+001	 5.29478e+003
824	 8.4300000000e+002	-3.16203e+000	 5.29968e+003
825	 8.4400000000e+002	-9.62264e+000	 5.32791e+003
826	 8.4500000000e+002	-2.27719e+001	 5.33670e+003
827	 8.4600000000e+002	-4.21368e+001	 5.33744e+003
828	 8.4700000000e+002	-5.68542e+001	 5.35890e+003
829	 8.4800000000e+002	-5.27029e+001	 5.37156e+003
830	 8.4900000000e+002	-3.70790e+001	 5.38055e+003
831	 8.5000000000e+002	-3.49467e+001	 5.37786e+003
832	 8.5100000000e+002	-3.17418e+001	 5.38143e+003
833	 8.5200000000e+002	-2.59431e+001	 5.39118e+003
834	 8.5300000000e+002	-3.14556e+001	 5.40377e+003
835	 8.5400000000e+002	-3.82066e+001	 5.41938e+003
836	 8.5500000000e+002	-3.17317e+001	 5.43950e+003
837	 8.5600000000e+002	-2.27568e+001	 5.45090e+003
838	 8.5700000000e+002	-1.96634e+001	 5.46257e+003
839	 8.5800000000e+002	-2.48253e+001	 5.47562e+003
840	 8.5900000000e+002	-3.57072e+001	 5.49994e+003
841	 8.6000000000e+002	-4.95406e+001	 5.50780e+003
842	 8.6100000000e+002	-5.97567e+001	 5.51037e+003
843	 8.6200000000e+002	-6.45263e+001	 5.49985e+003
844	 8.6300000000e+002	-5.12440e+001	 5.50257e+003
845	 8.6400000000e+002	-4.58361e+001	 5.51029e+003
846	 8.6500000000e+002	-4.16201e+001	 5.51477e+003
847	 8.6600000000e+002	-3.67312e+001	 5.53813e+003
848	 8.6700000000e+002	-2.91488e+001	 5.55908e+003
849	 8.6800000000e+002	-2.52836e+001	 5.55674e+003
850	 8.6900000000e+002	-1.20802e+001	 5.54496e+003
851	 8.7000000000e+002	-4.69273e+000	 5.53366e+003
852	 8.7100000000e+002	-1.46815e+001	 5.52808e+003
853	 8.7200000000e+002	-4.16024e+001	 5.52473e+003
854	 8.7300000000e+002	-4.82424e+001	 5.52222e+003
855	 8.7400000000e+002	-4.14357e+001	 5.51985e+003
856	 8.7500000000e+002	-3.48861e+001	 5.52826e+003
857	 8.7600000000e+002	-4.05253e+001	 5.52386e+003
858	 8.7700000000e+002	-4.83913e+001	 5.50407e+003
859	 8.7800000000e+002	-6.53214e+001	 5.51711e+003
860	 8.7900000000e+002	-9.15569e+001	 5.54888e+003
861	 8.8000000000e+002	-1.23988e+002	 5.57520e+003
862	 8.8100000000e+002	-1.49310e+002	 5.58521e+003
863	 8.8200000000e+002	-1.80936e+002	 5.58876e+003
864	 8.8300000000e+002	-1.99322e+002	 5.60337e+003
865	 8.8400000000e+002	-2.12950e+002	 5.63681e+003
866	 8.8500000000e+002	-2.25448e+002	 5.67558e+003
867	 8.8600000000e+002	-2.39361e+002	 5.71975e+003
868	 8.8700000000e+002	-2.48993e+002	 5.76158e+003
869	 8.8800000000e+002	-2.35625e+002	 5.79054e+003
870	 8.8900000000e+002	-2.30130e+002	 5.81267e+003
871	 8.9000000000e+002	-2.36256e+002	 5.83877e+003
872	 8.9100000000e+002	-2.56363e+002	 5.86095e+003
873	 8.9200000000e+002	-2.61396e+002	 5.88719e+003
874	 8.9300000000e+002	-2.50505e+002	 5.91312e+003
875	 8.9400000000e+002	-2.31269e+002	 5.94265e+003
876	 8.9500000000e+002	-2.03616e+002	 5.96995e+003
877	 8.9600000000e+002	-1.71851e+002	 5.99293e+003
878	 8.9700000000e+002	-1.55601e+002	 6.02112e+003
879	 8.9800000000e+002	-1.38419e+002	 6.04760e+003
880	 8.9900000000e+002	-1.26013e+002	 6.06596e+003
881	 9.0000000000e+002	-1.17805e+002	 6.07711e+003
882	 9.0100000000e+002	-9.82579e+001	 6.09536e+003
883	 9.0200000000e+002	-8.18108e+001	 6.12660e+003
884	 9.0300000000e+002	-7.86394e+001	 6.15095e+003
885	 9.0400000000e+002	-7.52984e+001	 6.15622e+003
886	 9.0500000000e+002	-5.22237e+001	 6.15917e+003
887	 9.0600000000e+002	-1.85580e+001	 6.17921e+003
888	 9.0700000000e+002	 1.07412e+001	 6.19663e+003
889	 9.0800000000e+002	 2.88951e+001	 6.19675e+003
890	 9.0900000000e+002	 6.44048e+001	 6.20454e+003
891	 9.1000000000e+002	 9.84523e+001	 6.21158e+003
892	 9.1100000000e+002	 1.19137e+002	 6.21053e+003
893	 9.1200000000e+002	 1.40173e+002	 6.21285e+003
894	 9.1300000000e+002	 1.72553e+002	 6.20632e+003
895	 9.1400000000e+002	 1.98080e+002	 6.20208e+003
896	 9.1500000000e+002	 2.20803e+002	 6.20727e+003
897	 9.1600000000e+002	 2.39978e+002	 6.18828e+003
898	 9.1700000000e+002	 2.58460e+002	 6.15700e+003
899	 9.1800000000e+002	 2.83537e+002	 6.14535e+003
900	 9.1900000000e+002	 3.02540e+002	 6.13419e+003
901	 9.2000000000e+002	 3.16086e+002	 6.11471e+003
902	 9.2100000000e+002	 3.40711e+002	 6.09323e+003
903	 9.2200000000e+002	 3.60478e+002	 6.06699e+003
904	 9.2300000000e+002	 3.63514e+002	 6.04341e+003
905	 9.2400000000e+002	 3.63800e+002	 6.01845e+003
906	 9.2500000000e+002	 3.74727e+002	 5.98585e+003
907	 9.2600000000e+002	 3.85134e+002	 5.95099e+003
908	 9.2700000000e+002	 3.94076e+002	 5.92142e+003
909	 9.2800000000e+002	 3.88569e+002	 5.88874e+003
910	 9.2900000000e+002	 3.81958e+002	 5.85226e+003
911	 9.3000000000e+002	 3.79754e+002	 5.81452e+003
912	 9.3100000000e+002	 3.74256e+002	 5.77123e+003
913	 9.3200000000e+002	 3.61797e+002	 5.73013e+003
914	 9.3300000000e+002	 3.57254e+002	 5.68959e+003
915	 9.3400000000e+002	 3.44088e+002	 5.65807e+003
916	 9.3500000000e+002	 3.10904e+002	 5.64433e+003
917	 9.3600000000e+002	 2.83377e+002	 5.61847e+003
918	 9.3700000000e+002	 2.60660e+002	 5.56524e+003
919	 9.3800000000e+002	 2.24639e+002	 5.50681e+003
920	 9.3900000000e+002	 1.65394e+002	 5.47352e+003
921	 9.4000000000e+002	 9.97541e+001	 5.45765e+003
922	 9.4100000000e+002	 3.90752e+001	 5.44473e+003
923	 9.4200000000e+002	-2.43843e+000	 5.43182e+003
924	 9.4300000000e+002	-4.45101e+001	 5.41682e+003
925	 9.4400000000e+002	-1.05030e+002	 5.39802e+003
926	 9.4500000000e+002	-1.68633e+002	 5.37786e+003
927	 9.4600000000e+002	-2.28482e+002	 5.37988e+003
928	 9.4700000000e+002	-2.82246e+002	 5.41908e+003
929	 9.4800000000e+002	-3.56726e+002	 5.45365e+003
930	 9.4900000000e+002	-4.24298e+002	 5.45274e+003
931	 9.5000000000e+002	-4.83224e+002	 5.44603e+003
932	 9.5100000000e+002	-5.32239e+002	 5.44844e+003
933	 9.5200000000e+002	-5.83994e+002	 5.47015e+003
934	 9.5300000000e+002	-6.24095e+002	 5.50390e+003
935	 9.5400000000e+002	-6.73017e+002	 5.54393e+003
936	 9.5500000000e+002	-7.19048e+002	 5.59393e+003
937	 9.5600000000e+002	-7.55508e+002	 5.66286e+003
938	 9.5700000000e+002	-8.10142e+002	 5.70618e+003
939	 9.5800000000e+002	-8.81808e+002	 5.70661e+003
940	 9.5900000000e+002	-9.28389e+002	 5.72891e+003
941	 9.6000000000e+002	-9.27729e+002	 5.79857e+003
942	 9.6100000000e+002	-9.03443e+002	 5.87439e+003
943	 9.6200000000e+002	-9.04009e+002	 5.90749e+003
944	 9.6300000000e+002	-9.25401e+002	 5.92898e+003
945	 9.6400000000e+002	-9.56705e+002	 5.97300e+003
946	 9.6500000000e+002	-1.00124e+003	 6.02886e+003
947	 9.6600000000e+002	-1.06337e+003	 6.06695e+003
948	 9.6700000000e+002	-1.13511e+003	 6.10688e+003
949	 9.6800000000e+002	-1.14881e+003	 6.17131e+003
950	 9.6900000000e+002	-1.10727e+003	 6.22086e+003
951	 9.7000000000e+002	-1.10245e+003	 6.25068e+003
952	 9.7100000000e+002	-1.14652e+003	 6.29192e+003
953	 9.7200000000e+002	-1.16966e+003	 6.35167e+003
954	 9.7300000000e+002	-1.17240e+003	 6.37304e+003
955	 9.7400000000e+002	-1.19601e+003	 6.41532e+003
956	 9.7500000000e+002	-1.23284e+003	 6.51667e+003
957	 9.7600000000e+002	-1.25778e+003	 6.64760e+003
958	 9.7700000000e+002	-1.26588e+003	 6.75524e+003
959	 9.7800000000e+002	-1.26782e+003	 6.82950e+003
960	 9.7900000000e+002	-1.25557e+003	 6.87841e+003
961	 9.8000000000e+002	-1.23239e+003	 6.90930e+003
962	 9.8100000000e+002	-1.20807e+003	 6.89852e+003
963	 9.8200000000e+002	-1.20607e+003	 6.86852e+003
964	 9.8300000000e+002	-1.22810e+003	 6.87789e+003
965	 9.8400000000e+002	-1.23445e+003	 6.95649e+003
966	 9.8500000000e+002	-1.19023e+003	 7.07617e+003
967	 9.8600000000e+002	-1.11461e+003	 7.16946e+003
968	 9.8700000000e+002	-1.06553e+003	 7.23766e+003
969	 9.8800000000e+002	-1.03872e+003	 7.31617e+003
970	 9.8900000000e+002	-9.95578e+002	 7.40202e+003
971	 9.9000000000e+002	-9.55295e+002	 7.45258e+003
972	 9.9100000000e+002	-9.47349e+002	 7.43200e+003
973	 9.9200000000e+002	-9.80399e+002	 7.39933e+003
974	 9.9300000000e+002	-9.96817e+002	 7.40383e+003
975	 9.9400000000e+002	-1.00840e+003	 7.42710e+003
976	 9.9500000000e+002	-9.95310e+002	 7.46710e+003
977	 9.9600000000e+002	-9.46396e+002	 7.45384e+003
978	 9.9700000000e+002	-8.86777e+002	 7.42055e+003
979	 9.9800000000e+002	-8.65091e+002	 7.44751e+003
980	 9.9900000000e+002	-8.75244e+002	 7.53665e+003
981	 1.0000000000e+003	-8.33226e+002	 7.65071e+003
982	 1.0010000000e+003	-7.74368e+002	 7.72457e+003
983	 1.0020000000e+003	-7.32376e+002	 7.70173e+003
984	 1.0030000000e+003	-7.30280e+002	 7.65503e+003
985	 1.0040000000e+003	-7.59608e+002	 7.65071e+003
986	 1.0050000000e+003	-7.78641e+002	 7.65300e+003
987	 1.0060000000e+003	-7.79907e+002	 7.61529e+003
988	 1.0070000000e+003	-7.08136e+002	 7.60131e+003
989	 1.0080000000e+003	-6.07030e+002	 7.67122e+003
990	 1.0090000000e+003	-4.63316e+002	 7.79071e+003
991	 1.0100000000e+003	-3.91940e+002	 7.84404e+003
992	 1.0110000000e+003	-4.62720e+002	 7.82414e+003
993	 1.0120000000e+003	-5.49363e+002	 7.75083e+003
994	 1.0130000000e+003	-5.87626e+002	 7.72781e+003
995	 1.0140000000e+003	-5.80580e+002	 7.73301e+003
996	 1.0150000000e+003	-5.80430e+002	 7.73811e+003
997	 1.0160000000e+003	-5.52720e+002	 7.73243e+003
998	 1.0170000000e+003	-4.81597e+002	 7.72679e+003
999	 1.0180000000e+003	-4.07050e+002	 7.72737e+003
1000	 1.0190000000e+003	-3.66241e+002	 7.75219e+003
1001	 1.0200000000e+003	-3.73893e+002	 7.85250e+003
1002	 1.0210000000e+003	-3.74213e+002	 7.98649e+003
1003	 1.0220000000e+003	-3.63283e+002	 8.05386e+003
1004	 1.0230000000e+003	-3.90217e+002	 7.98427e+003
1005	 1.0240000000e+003	-4.37208e+002	 7.83129e+003
1006	 1.0250000000e+003	-3.98971e+002	 7.71080e+003
1007	 1.0260000000e+003	-3.28077e+002	 7.67770e+003
1008	 1.0270000000e+003	-2.82403e+002	 7.69343e+003
1009	 1.0280000000e+003	-3.35873e+002	 7.74449e+003
1010	 1.0290000000e+003	-4.18228e+002	 7.84830e+003
1011	 1.0300000000e+003	-4.93135e+002	 7.95293e+003
1012	 1.0310000000e+003	-5.25062e+002	 7.98856e+003
1013	 1.0320000000e+003	-5.48991e+002	 7.97885e+003
1014	 1.0330000000e+003	-5.92822e+002	 8.00316e+003
1015	 1.0340000000e+003	-6.41555e+002	 8.05116e+003
1016	 1.0350000000e+003	-6.11614e+002	 8.06388e+003
1017	 1.0360000000e+003	-5.49575e+002	 8.05282e+003
1018	 1.0370000000e+003	-5.16722e+002	 8.07916e+003
1019	 1.0380000000e+003	-4.85985e+002	 8.10146e+003
1020	 1.0390000000e+003	-4.42245e+002	 8.11258e+003
1021	 1.0400000000e+003	-4.29404e+002	 8.11933e+003
1022	 1.0410000000e+003	-4.38056e+002	 8.11600e+003
1023	 1.0420000000e+003	-4.91457e+002	 8.11407e+003
1024	 1.0430000000e+003	-5.28980e+002	 8.15890e+003
1025	 1.0440000000e+003	-5.12562e+002	 8.24102e+003
1026	 1.0450000000e+003	-4.54916e+002	 8.26514e+003
1027	 1.0460000000e+003	-3.79659e+002	 8.27318e+003
1028	 1.0470000000e+003	-3.41383e+002	 8.29386e+003
1029	 1.0480000000e+003	-3.28260e+002	 8.32231e+003
1030	 1.0490000000e+003	-2.88781e+002	 8.32102e+003
1031	 1.0500000000e+003	-2.47395e+002	 8.31925e+003
1032	 1.0510000000e+003	-2.79414e+002	 8.32578e+003
1033	 1.0520000000e+003	-3.53497e+002	 8.35113e+003
1034	 1.0530000000e+003	-3.93700e+002	 8.40087e+003
1035	 1.0540000000e+003	-3.93296e+002	 8.41347e+003
1036	 1.0550000000e+003	-3.75032e+002	 8.38152e+003
1037	 1.0560000000e+003	-3.60016e+002	 8.38284e+003
1038	 1.0570000000e+003	-3.54486e+002	 8.45027e+003
1039	 1.0580000000e+003	-3.37652e+002	 8.47512e+003
1040	 1.0590000000e+003	-2.97332e+002	 8.44377e+003
1041	 1.0600000000e+003	-2.71175e+002	 8.44435e+003
1042	 1.0610000000e+003	-2.77242e+002	 8.46216e+003
1043	 1.0620000000e+003	-3.01039e+002	 8.48201e+003
1044	 1.0630000000e+003	-2.85306e+002	 8.54793e+003
1045	 1.0640000000e+003	-2.32447e+002	 8.60849e+003
1046	 1.0650000000e+003	-1.93425e+002	 8.64481e+003
1047	 1.0660000000e+003	-1.94988e+002	 8.67606e+003
1048	 1.0670000000e+003	-1.96727e+002	 8.68740e+003
1049	 1.0680000000e+003	-1.57842e+002	 8.66138e+003
1050	 1.0690000000e+003	-1.19423e+002	 8.65295e+003
1051	 1.0700000000e+003	-1.42716e+002	 8.66801e+003
1052	 1.0710000000e+003	-1.98210e+002	 8.64905e+003
1053	 1.0720000000e+003	-2.21416e+002	 8.64695e+003
1054	 1.0730000000e+003	-2.28835e+002	 8.69068e+003
1055	 1.0740000000e+003	-2.08187e+002	 8.76301e+003
1056	 1.0750000000e+003	-1.86177e+002	 8.84934e+003
1057	 1.0760000000e+003	-1.77733e+002	 8.91385e+003
1058	 1.0770000000e+003	-1.60743e+002	 8.95083e+003
1059	 1.0780000000e+003	-1.65890e+002	 8.97555e+003
1060	 1.0790000000e+003	-1.79955e+002	 8.93141e+003
1061	 1.0800000000e+003	-1.36419e+002	 8.87480e+003
1062	 1.0810000000e+003	-8.80987e+001	 8.90226e+003
1063	 1.0820000000e+003	-9.19536e+001	 8.95362e+003
1064	 1.0830000000e+003	-1.73025e+002	 8.96472e+003
1065	 1.0840000000e+003	-1.47438e+002	 8.95189e+003
1066	 1.0850000000e+003	-1.06226e+002	 8.93380e+003
1067	 1.0860000000e+003	-5.58288e+001	 8.91360e+003
1068	 1.0870000000e+003	-2.98016e+001	 8.86612e+003
1069	 1.0880000000e+003	 1.80471e+001	 8.80507e+003
1070	 1.0890000000e+003	 8.91900e+001	 8.79291e+003
1071	 1.0900000000e+003	 1.16949e+002	 8.82120e+003
1072	 1.0910000000e+003	 7.94255e+001	 8.87051e+003
1073	 1.0920000000e+003	 4.78497e+000	 8.90954e+003
1074	 1.0930000000e+003	-3.20619e+001	 8.93902e+003
1075	 1.0940000000e+003	-5.09980e+001	 8.96216e+003
1076	 1.0950000000e+003	-4.36739e+001	 8.95526e+003
1077	 1.0960000000e+003	 2.13459e+001	 8.95720e+003
1078	 1.0970000000e+003	 3.27938e+001	 8.98850e+003
1079	 1.0980000000e+003	-2.04806e+001	 8.98812e+003
1080	 1.0990000000e+003	-8.38519e+001	 8.98976e+003
1081	 1.1000000000e+003	-1.37579e+002	 8.86387e+003
1082	 1.1010000000e+003	-1.50315e+002	 8.76264e+003
1083	 1.1020000000e+003	-1.87260e+002	 8.79962e+003
1084	 1.1030000000e+003	-1.62481e+002	 8.82674e+003
1085	 1.1040000000e+003	-1.10047e+002	 8.87496e+003
1086	 1.1050000000e+003	-3.45632e+001	 8.91552e+003
1087	 1.1060000000e+003	-9.94014e+000	 8.97541e+003
1088	 1.1070000000e+003	 1.11599e+001	 8.97844e+003
1089	 1.1080000000e+003	 5.41325e+001	 8.98807e+003
1090	 1.1090000000e+003	 1.57901e+001	 9.01861e+003
1091	 1.1100000000e+003	-1.41496e+002	 8.95111e+003
1092	 1.1110000000e+003	-2.52773e+002	 8.84717e+003
1093	 1.1120000000e+003	-3.11699e+002	 8.91528e+003
1094	 1.1130000000e+003	-2.90981e+002	 9.08773e+003
1095	 1.1140000000e+003	-3.14377e+002	 9.15800e+003
1096	 1.1150000000e+003	-2.98540e+002	 9.11930e+003
1097	 1.1160000000e+003	-2.82162e+002	 9.10071e+003
1098	 1.1170000000e+003	-2.81090e+002	 9.10737e+003
1099	 1.1180000000e+003	-2.68923e+002	 9.15076e+003
1100	 1.1190000000e+003	-2.71189e+002	 9.23451e+003
1101	 1.1200000000e+003	-2.57742e+002	 9.28025e+003
1102	 1.1210000000e+003	-2.24008e+002	 9.31735e+003
1103	 1.1220000000e+003	-1.92014e+002	 9.41362e+003
1104	 1.1230000000e+003	-1.50063e+002	 9.46385e+003
1105	 1.1240000000e+003	-2.01621e+002	 9.48520e+003
1106	 1.1250000000e+003	-2.29748e+002	 9.46387e+003
1107	 1.1260000000e+003	-2.45673e+002	 9.48266e+003
1108	 1.1270000000e+003	-2.43787e+002	 9.55608e+003
1109	 1.1280000000e+003	-1.91844e+002	 9.64928e+003
1110	 1.1290000000e+003	-1.87022e+002	 9.71168e+003
1111	 1.1300000000e+003	-2.55636e+002	 9.79626e+003
1112	 1.1310000000e+003	-3.00646e+002	 9.81635e+003
1113	 1.1320000000e+003	-3.39813e+002	 9.92357e+003
1114	 1.1330000000e+003	-3.34123e+002	 9.87334e+003
1115	 1.1340000000e+003	-2.87088e+002	 9.93373e+003
1116	 1.1350000000e+003	-2.85861e+002	 9.99848e+003
1117	 1.1360000000e+003	-2.96598e+002	 1.01381e+004
1118	 1.1370000000e+003	-3.09184e+002	 1.01958e+004
1119	 1.1380000000e+003	-2.97074e+002	 1.01955e+004
1120	 1.1390000000e+003	-2.75455e+002	 1.01331e+004
1121	 1.1400000000e+003	-3.18426e+002	 1.00676e+004
1122	 1.1410000000e+003	-3.11938e+002	 1.00359e+004
1123	 1.1420000000e+003	-3.09521e+002	 1.00583e+004
1124	 1.1430000000e+003	-2.73165e+002	 1.00494e+004
1125	 1.1440000000e+003	-2.02041e+002	 1.00668e+004
1126	 1.1450000000e+003	-1.62730e+002	 1.00431e+004
1127	 1.1460000000e+003	-1.61200e+002	 1.00675e+004
1128	 1.1470000000e+003	-2.44709e+002	 1.01486e+004
1129	 1.1480000000e+003	-2.78632e+002	 1.02027e+004
1130	 1.1490000000e+003	-3.11472e+002	 1.03107e+004
1131	 1.1500000000e+003	-3.70360e+002	 1.03581e+004
1132	 1.1510000000e+003	-3.97429e+002	 1.03962e+004
1133	 1.1520000000e+003	-4.27966e+002	 1.04022e+004
1134	 1.1530000000e+003	-3.45382e+002	 1.04478e+004
1135	 1.1540000000e+003	-2.84776e+002	 1.04653e+004
1136	 1.1550000000e+003	-2.63073e+002	 1.05081e+004
1137	 1.1560000000e+003	-2.84496e+002	 1.05189e+004
1138	 1.1570000000e+003	-3.38464e+002	 1.05532e+004
1139	 1.1580000000e+003	-3.59554e+002	 1.05596e+004
1140	 1.1590000000e+003	-3.51843e+002	 1.05779e+004
1141	 1.1600000000e+003	-3.24380e+002	 1.05235e+004
1142	 1.1610000000e+003	-2.96477e+002	 1.05213e+004
1143	 1.1620000000e+003	-2.35794e+002	 1.05808e+004
1144	 1.1630000000e+003	-1.73545e+002	 1.06240e+004
1145	 1.1640000000e+003	-1.64088e+002	 1.06429e+004
1146	 1.1650000000e+003	-1.99123e+002	 1.06970e+004
1147	 1.1660000000e+003	-2.88305e+002	 1.08105e+004
1148	 1.1670000000e+003	-2.80825e+002	 1.09334e+004
1149	 1.1680000000e+003	-2.60214e+002	 1.10296e+004
1150	 1.1690000000e+003	-1.81939e+002	 1.10382e+004
1151	 1.1700000000e+003	-1.50236e+002	 1.10750e+004
1152	 1.1710000000e+003	-1.75755e+002	 1.10736e+004
1153	 1.1720000000e+003	-1.10924e+002	 1.10789e+004
1154	 1.1730000000e+003	-1.10866e+002	 1.10812e+004
1155	 1.1740000000e+003	-1.73499e+002	 1.11317e+004
1156	 1.1750000000e+003	-2.11611e+002	 1.11158e+004
1157	 1.1760000000e+003	-1.80570e+002	 1.11199e+004
1158	 1.1770000000e+003	-1.49428e+002	 1.11997e+004
1159	 1.1780000000e+003	-7.00698e+001	 1.13040e+004
1160	 1.1790000000e+003	-3.22948e+001	 1.13436e+004
1161	 1.1800000000e+003	 4.07936e+001	 1.14526e+004
1162	 1.1810000000e+003	 3.20890e+001	 1.15756e+004
1163	 1.1820000000e+003	-7.19065e+000	 1.16425e+004
1164	 1.1830000000e+003	 3.76639e+001	 1.16752e+004
1165	 1.1840000000e+003	 1.03021e+002	 1.17501e+004
1166	 1.1850000000e+003	 5.51496e+001	 1.18828e+004
1167	 1.1860000000e+003	-2.80001e+001	 1.19095e+004
1168	 1.1870000000e+003	-8.68965e+001	 1.18310e+004
1169	 1.1880000000e+003	-1.58852e+002	 1.17353e+004
1170	 1.1890000000e+003	-1.89588e+002	 1.17047e+004
1171	 1.1900000000e+003	-2.77264e+002	 1.17070e+004
1172	 1.1910000000e+003	-2.81869e+002	 1.17814e+004
1173	 1.1920000000e+003	-2.85303e+002	 1.19054e+004
1174	 1.1930000000e+003	-2.59245e+002	 1.20587e+004
1175	 1.1940000000e+003	-2.78331e+002	 1.21983e+004
1176	 1.1950000000e+003	-2.86620e+002	 1.22904e+004
1177	 1.1960000000e+003	-2.54449e+002	 1.23306e+004
1178	 1.1970000000e+003	-2.08993e+002	 1.23025e+004
1179	 1.1980000000e+003	-1.37757e+002	 1.22228e+004
1180	 1.1990000000e+003	-6.84001e+001	 1.22082e+004
1181	 1.2000000000e+003	-4.83426e+001	 1.21892e+004
1182	 1.2010000000e+003	-8.16877e+001	 1.21832e+004
1183	 1.2020000000e+003	-9.49585e+001	 1.22227e+004
1184	 1.2030000000e+003	-5.71687e+001	 1.22476e+004
1185	 1.2040000000e+003	-9.29654e+001	 1.23115e+004
1186	 1.2050000000e+003	-9.68478e+001	 1.24249e+004
1187	 1.2060000000e+003	-1.15792e+002	 1.25154e+004
1188	 1.2070000000e+003	-1.26614e+002	 1.25782e+004
1189	 1.2080000000e+003	-1.66064e+002	 1.25641e+004
1190	 1.2090000000e+003	-1.79209e+002	 1.25523e+004
1191	 1.2100000000e+003	-1.86184e+002	 1.25148e+004
1192	 1.2110000000e+003	-2.64359e+002	 1.25488e+004
1193	 1.2120000000e+003	-3.41969e+002	 1.26159e+004
1194	 1.2130000000e+003	-4.09085e+002	 1.27351e+004
1195	 1.2140000000e+003	-4.61512e+002	 1.28250e+004
1196	 1.2150000000e+003	-5.67317e+002	 1.29456e+004
1197	 1.2160000000e+003	-6.78322e+002	 1.30431e+004
1198	 1.2170000000e+003	-8.55961e+002	 1.30918e+004
1199	 1.2180000000e+003	-9.67114e+002	 1.32031e+004
1200	 1.2190000000e+003	-1.00395e+003	 1.31892e+004
1201	 1.2200000000e+003	-1.00907e+003	 1.31762e+004
1202	 1.2210000000e+003	-9.33931e+002	 1.31793e+004
1203	 1.2220000000e+003	-8.92672e+002	 1.33066e+004
1204	 1.2230000000e+003	-8.53984e+002	 1.34383e+004
1205	 1.2240000000e+003	-7.52207e+002	 1.36339e+004
1206	 1.2250000000e+003	-7.68984e+002	 1.38435e+004
1207	 1.2260000000e+003	-7.91665e+002	 1.41920e+004
1208	 1.2270000000e+003	-8.33542e+002	 1.43702e+004
1209	 1.2280000000e+003	-8.83522e+002	 1.45111e+004
1210	 1.2290000000e+003	-7.96387e+002	 1.47770e+004
1211	 1.2300000000e+003	-7.54929e+002	 1.50099e+004
1212	 1.2310000000e+003	-6.12927e+002	 1.51996e+004
1213	 1.2320000000e+003	-5.69302e+002	 1.54321e+004
1214	 1.2330000000e+003	-3.96103e+002	 1.56108e+004
1215	 1.2340000000e+003	-3.04107e+002	 1.58405e+004
1216	 1.2350000000e+003	-2.89071e+002	 1.60130e+004
1217	 1.2360000000e+003	-2.52475e+002	 1.63359e+004
1218	 1.2370000000e+003	-3.76800e+002	 1.65446e+004
1219	 1.2380000000e+003	-2.88171e+002	 1.65927e+004
1220	 1.2390000000e+003	-1.49368e+002	 1.67215e+004
1221	 1.2400000000e+003	 2.72234e+001	 1.71237e+004
1222	 1.2410000000e+003	 2.61249e+002	 1.76437e+004
1223	 1.2420000000e+003	 5.75327e+002	 1.79574e+004
1224	 1.2430000000e+003	 1.07246e+003	 1.81013e+004
1225	 1.2440000000e+003	 1.45925e+003	 1.82726e+004
1226	 1.2450000000e+003	 1.84519e+003	 1.84446e+004
1227	 1.2460000000e+003	 1.74105e+003	 1.84124e+004
1228	 1.2470000000e+003	 1.78674e+003	 1.83936e+004
1229	 1.2480000000e+003	 1.80349e+003	 1.84926e+004
1230	 1.2490000000e+003	 1.75471e+003	 1.86572e+004
1231	 1.2500000000e+003	 2.04256e+003	 1.85626e+004
1232	 1.2510000000e+003	 2.51204e+003	 1.87386e+004
1233	 1.2520000000e+003	 2.98248e+003	 1.90992e+004
1234	 1.2530000000e+003	 3.70143e+003	 1.90331e+004
1235	 1.2540000000e+003	 4.42406e+003	 1.86978e+004
1236	 1.2550000000e+003	 5.02308e+003	 1.82901e+004
1237	 1.2560000000e+003	 5.27311e+003	 1.81411e+004
1238	 1.2570000000e+003	 5.36929e+003	 1.81880e+004
1239	 1.2580000000e+003	 5.51751e+003	 1.79996e+004
1240	 1.2590000000e+003	 5.63849e+003	 1.79592e+004
1241	 1.2600000000e+003	 5.88019e+003	 1.80257e+004
1242	 1.2610000000e+003	 5.99146e+003	 1.79350e+004
1243	 1.2620000000e+003	 6.38027e+003	 1.76156e+004
1244	 1.2630000000e+003	 6.80154e+003	 1.71087e+004
1245	 1.2640000000e+003	 7.23641e+003	 1.65901e+004
1246	 1.2650000000e+003	 7.31128e+003	 1.60004e+004
1247	 1.2660000000e+003	 7.08474e+003	 1.54954e+004
1248	 1.2670000000e+003	 7.10507e+003	 1.50482e+004
1249	 1.2680000000e+003	 7.23809e+003	 1.48515e+004
1250	 1.2690000000e+003	 7.33411e+003	 1.46513e+004
1251	 1.2700000000e+003	 7.16447e+003	 1.45026e+004
1252	 1.2710000000e+003	 6.90551e+003	 1.43353e+004
1253	 1.2720000000e+003	 6.90953e+003	 1.41411e+004
1254	 1.2730000000e+003	 6.90468e+003	 1.40123e+004
1255	 1.2740000000e+003	 6.59583e+003	 1.40327e+004
1256	 1.2750000000e+003	 6.39058e+003	 1.38362e+004
1257	 1.2760000000e+003	 6.39312e+003	 1.36312e+004
1258	 1.2770000000e+003	 6.23885e+003	 1.33997e+004
1259	 1.2780000000e+003	 6.20763e+003	 1.31183e+004
1260	 1.2790000000e+003	 6.08740e+003	 1.27390e+004
1261	 1.2800000000e+003	 5.91848e+003	 1.25861e+004
1262	 1.2810000000e+003	 5.79179e+003	 1.25507e+004
1263	 1.2820000000e+003	 5.70681e+003	 1.24145e+004
1264	 1.2830000000e+003	 5.58950e+003	 1.21917e+004
1265	 1.2840000000e+003	 5.47527e+003	 1.22750e+004
1266	 1.2850000000e+003	 5.18260e+003	 1.21992e+004
1267	 1.2860000000e+003	 5.00786e+003	 1.22077e+004
1268	 1.2870000000e+003	 4.83748e+003	 1.23240e+004
1269	 1.2880000000e+003	 4.81356e+003	 1.22187e+004
1270	 1.2890000000e+003	 4.83630e+003	 1.21069e+004
1271	 1.2900000000e+003	 4.79089e+003	 1.20120e+004
1272	 1.2910000000e+003	 4.73576e+003	 1.19719e+004
1273	 1.2920000000e+003	 4.58812e+003	 1.20901e+004
1274	 1.2930000000e+003	 4.44745e+003	 1.21146e+004
1275	 1.2940000000e+003	 4.24132e+003	 1.21555e+004
1276	 1.2950000000e+003	 4.02243e+003	 1.23617e+004
1277	 1.2960000000e+003	 3.93540e+003	 1.25351e+004
1278	 1.2970000000e+003	 3.86149e+003	 1.26433e+004
1279	 1.2980000000e+003	 3.77187e+003	 1.26438e+004
1280	 1.2990000000e+003	 3.57289e+003	 1.24517e+004
1281	 1.3000000000e+003	 3.52382e+003	 1.22867e+004
1282	 1.3010000000e+003	 3.36100e+003	 1.21940e+004
1283	 1.3020000000e+003	 3.46526e+003	 1.21686e+004
1284	 1.3030000000e+003	 3.43426e+003	 1.22181e+004
1285	 1.3040000000e+003	 3.47804e+003	 1.23922e+004
1286	 1.3050000000e+003	 3.30045e+003	 1.26017e+004
1287	 1.3060000000e+003	 3.02161e+003	 1.27325e+004
1288	 1.3070000000e+003	 2.91021e+003	 1.29235e+004
1289	 1.3080000000e+003	 3.11267e+003	 1.30839e+004
1290	 1.3090000000e+003	 3.08276e+003	 1.32827e+004
1291	 1.3100000000e+003	 3.07479e+003	 1.34155e+004
1292	 1.3110000000e+003	 3.02574e+003	 1.34253e+004
1293	 1.3120000000e+003	 2.87716e+003	 1.34326e+004
1294	 1.3130000000e+003	 2.78831e+003	 1.34272e+004
1295	 1.3140000000e+003	 2.78201e+003	 1.35437e+004
1296	 1.3150000000e+003	 2.85623e+003	 1.35937e+004
1297	 1.3160000000e+003	 2.79204e+003	 1.37054e+004
1298	 1.3170000000e+003	 2.79706e+003	 1.39191e+004
1299	 1.3180000000e+003	 2.59945e+003	 1.40700e+004
1300	 1.3190000000e+003	 2.59360e+003	 1.42989e+004
1301	 1.3200000000e+003	 2.54622e+003	 1.43773e+004
1302	 1.3210000000e+003	 2.53143e+003	 1.43891e+004
1303	 1.3220000000e+003	 2.48681e+003	 1.43959e+004
1304	 1.3230000000e+003	 2.34709e+003	 1.43698e+004
1305	 1.3240000000e+003	 2.33363e+003	 1.45251e+004
1306	 1.3250000000e+003	 2.39201e+003	 1.45635e+004
1307	 1.3260000000e+003	 2.49373e+003	 1.47010e+004
1308	 1.3270000000e+003	 2.53029e+003	 1.47987e+004
1309	 1.3280000000e+003	 2.57937e+003	 1.49915e+004
1310	 1.3290000000e+003	 2.63234e+003	 1.51105e+004
1311	 1.3300000000e+003	 2.73655e+003	 1.54331e+004
1312	 1.3310000000e+003	 2.63291e+003	 1.54890e+004
1313	 1.3320000000e+003	 2.60193e+003	 1.55673e+004
1314	 1.3330000000e+003	 2.64124e+003	 1.55913e+004
1315	 1.3340000000e+003	 2.68498e+003	 1.55363e+004
1316	 1.3350000000e+003	 2.71569e+003	 1.54644e+004
1317	 1.3360000000e+003	 2.74262e+003	 1.55011e+004
1318	 1.3370000000e+003	 2.82959e+003	 1.55735e+004
1319	 1.3380000000e+003	 3.00030e+003	 1.56313e+004
1320	 1.3390000000e+003	 2.96919e+003	 1.56401e+004
1321	 1.3400000000e+003	 3.03135e+003	 1.58787e+004
1322	 1.3410000000e+003	 2.94223e+003	 1.60408e+004
1323	 1.3420000000e+003	 3.11985e+003	 1.60864e+004
1324	 1.3430000000e+003	 3.06836e+003	 1.61296e+004
1325	 1.3440000000e+003	 3.10426e+003	 1.62232e+004
1326	 1.3450000000e+003	 3.04996e+003	 1.63378e+004
1327	 1.3460000000e+003	 3.17043e+003	 1.64190e+004
1328	 1.3470000000e+003	 3.21973e+003	 1.64482e+004
1329	 1.3480000000e+003	 3.32495e+003	 1.64788e+004
1330	 1.3490000000e+003	 3.12586e+003	 1.64119e+004
1331	 1.3500000000e+003	 2.94568e+003	 1.63936e+004
1332	 1.3510000000e+003	 2.84365e+003	 1.63518e+004
1333	 1.3520000000e+003	 2.94784e+003	 1.63579e+004
1334	 1.3530000000e+003	 3.01274e+003	 1.65532e+004
1335	 1.3540000000e+003	 3.16484e+003	 1.66557e+004
1336	 1.3550000000e+003	 3.10654e+003	 1.68012e+004
1337	 1.3560000000e+003	 3.13482e+003	 1.69154e+004
1338	 1.3570000000e+003	 3.39705e+003	 1.71881e+004
1339	 1.3580000000e+003	 3.66173e+003	 1.73573e+004
1340	 1.3590000000e+003	 3.73916e+003	 1.73123e+004
1341	 1.3600000000e+003	 3.70992e+003	 1.72140e+004
1342	 1.3610000000e+003	 3.72090e+003	 1.73553e+004
1343	 1.3620000000e+003	 3.83904e+003	 1.72591e+004
1344	 1.3630000000e+003	 3.89877e+003	 1.73320e+004
1345	 1.3640000000e+003	 3.85563e+003	 1.73178e+004
1346	 1.3650000000e+003	 3.82169e+003	 1.74629e+004
1347	 1.3660000000e+003	 3.81089e+003	 1.77134e+004
1348	 1.3670000000e+003	 3.64399e+003	 1.79254e+004
1349	 1.3680000000e+003	 3.59789e+003	 1.81946e+004
1350	 1.3690000000e+003	 3.70859e+003	 1.84094e+004
1351	 1.3700000000e+003	 3.72564e+003	 1.84632e+004
1352	 1.3710000000e+003	 3.90180e+003	 1.84442e+004
1353	 1.3720000000e+003	 4.04740e+003	 1.84746e+004
1354	 1.3730000000e+003	 4.43160e+003	 1.87086e+004
1355	 1.3740000000e+003	 4.75323e+003	 1.88197e+004
1356	 1.3750000000e+003	 4.50026e+003	 1.88679e+004
1357	 1.3760000000e+003	 4.48166e+003	 1.89183e+004
1358	 1.3770000000e+003	 4.53863e+003	 1.92902e+004
1359	 1.3780000000e+003	 4.47310e+003	 1.93102e+004
1360	 1.3790000000e+003	 4.37601e+003	 1.94602e+004
1361	 1.3800000000e+003	 4.28475e+003	 1.95417e+004
1362	 1.3810000000e+003	 4.22182e+003	 1.98165e+004
1363	 1.3820000000e+003	 4.34380e+003	 1.97261e+004
1364	 1.3830000000e+003	 4.59696e+003	 1.94733e+004
1365	 1.3840000000e+003	 4.66979e+003	 1.94329e+004
1366	 1.3850000000e+003	 5.03382e+003	 1.97534e+004
1367	 1.3860000000e+003	 5.10705e+003	 1.96079e+004
1368	 1.3870000000e+003	 5.19718e+003	 1.94583e+004
1369	 1.3880000000e+003	 5.03273e+003	 1.95547e+004
1370	 1.3890000000e+003	 5.36414e+003	 1.99988e+004
1371	 1.3900000000e+003	 5.50256e+003	 2.04910e+004
1372	 1.3910000000e+003	 5.29650e+003	 2.05860e+004
1373	 1.3920000000e+003	 4.99169e+003	 2.05424e+004
1374	 1.3930000000e+003	 5.24569e+003	 2.07002e+004
1375	 1.3940000000e+003	 5.51990e+003	 2.06913e+004
1376	 1.3950000000e+003	 5.83840e+003	 2.04428e+004
1377	 1.3960000000e+003	 6.04119e+003	 2.04418e+004
1378	 1.3970000000e+003	 6.17638e+003	 2.07666e+004
1379	 1.3980000000e+003	 6.55877e+003	 2.09344e+004
1380	 1.3990000000e+003	 6.59535e+003	 2.08066e+004
1381	 1.4000000000e+003	 6.72305e+003	 2.07043e+004
1382	 1.4010000000e+003	 6.98510e+003	 2.06507e+004
1383	 1.4020000000e+003	 7.07680e+003	 2.07209e+004
1384	 1.4030000000e+003	 6.72251e+003	 2.11890e+004
1385	 1.4040000000e+003	 6.79518e+003	 2.16012e+004
1386	 1.4050000000e+003	 7.14344e+003	 2.16263e+004
1387	 1.4060000000e+003	 7.99729e+003	 2.13928e+004
1388	 1.4070000000e+003	 8.12623e+003	 2.10737e+004
1389	 1.4080000000e+003	 8.02096e+003	 2.09446e+004
1390	 1.4090000000e+003	 8.20609e+003	 2.12491e+004
1391	 1.4100000000e+003	 8.70352e+003	 2.16012e+004
1392	 1.4110000000e+003	 9.24310e+003	 2.15762e+004
1393	 1.4120000000e+003	 9.05891e+003	 2.11903e+004
1394	 1.4130000000e+003	 8.69892e+003	 2.11173e+004
1395	 1.4140000000e+003	 8.75241e+003	 2.15142e+004
1396	 1.4150000000e+003	 9.19012e+003	 2.18905e+004
1397	 1.4160000000e+003	 8.96583e+003	 2.19349e+004
1398	 1.4170000000e+003	 9.53230e+003	 2.20577e+004
1399	 1.4180000000e+003	 9.60212e+003	 2.19326e+004
1400	 1.4190000000e+003	 9.76583e+003	 2.15844e+004
1401	 1.4200000000e+003	 1.04238e+004	 2.14398e+004
1402	 1.4210000000e+003	 1.04608e+004	 2.18843e+004
1403	 1.4220000000e+003	 1.09262e+004	 2.20731e+004
1404	 1.4230000000e+003	 1.11413e+004	 2.18229e+004
1405	 1.4240000000e+003	 1.12650e+004	 2.14080e+004
1406	 1.4250000000e+003	 1.16091e+004	 2.11700e+004
1407	 1.4260000000e+003	 1.15943e+004	 2.15611e+004
1408	 1.4270000000e+003	 1.16555e+004	 2.16526e+004
1409	 1.4280000000e+003	 1.18399e+004	 2.17329e+004
1410	 1.4290000000e+003	 1.17705e+004	 2.12545e+004
1411	 1.4300000000e+003	 1.19229e+004	 2.08883e+004
1412	 1.4310000000e+003	 1.24289e+004	 2.06217e+004
1413	 1.4320000000e+003	 1.26033e+004	 2.04414e+004
1414	 1.4330000000e+003	 1.31267e+004	 2.03638e+004
1415	 1.4340000000e+003	 1.38205e+004	 2.03443e+004
1416	 1.4350000000e+003	 1.39053e+004	 2.07002e+004
1417	 1.4360000000e+003	 1.44942e+004	 2.07339e+004
1418	 1.4370000000e+003	 1.44379e+004	 2.06996e+004
1419	 1.4380000000e+003	 1.45022e+004	 2.10620e+004
1420	 1.4390000000e+003	 1.52489e+004	 2.06580e+004
1421	 1.4400000000e+003	 1.49994e+004	 2.02347e+004
1422	 1.4410000000e+003	 1.50831e+004	 1.97010e+004
1423	 1.4420000000e+003	 1.50789e+004	 1.95916e+004
1424	 1.4430000000e+003	 1.49118e+004	 1.95684e+004
1425	 1.4440000000e+003	 1.49854e+004	 1.94364e+004
1426	 1.4450000000e+003	 1.54001e+004	 1.91882e+004
1427	 1.4460000000e+003	 1.57722e+004	 1.87183e+004
1428	 1.4470000000e+003	 1.60286e+004	 1.84671e+004
1429	 1.4480000000e+003	 1.60072e+004	 1.81166e+004
1430	 1.4490000000e+003	 1.66724e+004	 1.79291e+004
1431	 1.4500000000e+003	 1.68394e+004	 1.77916e+004
1432	 1.4510000000e+003	 1.66344e+004	 1.78500e+004
1433	 1.4520000000e+003	 1.66134e+004	 1.75909e+004
1434	 1.4530000000e+003	 1.65985e+004	 1.67547e+004
1435	 1.4540000000e+003	 1.66826e+004	 1.65266e+004
1436	 1.4550000000e+003	 1.68196e+004	 1.62356e+004
1437	 1.4560000000e+003	 1.68756e+004	 1.58258e+004
1438	 1.4570000000e+003	 1.66805e+004	 1.55696e+004
1439	 1.4580000000e+003	 1.64143e+004	 1.52991e+004
1440	 1.4590000000e+003	 1.62408e+004	 1.46492e+004
1441	 1.4600000000e+003	 1.60889e+004	 1.46211e+004
1442	 1.4610000000e+003	 1.60925e+004	 1.41034e+004
1443	 1.4620000000e+003	 1.61369e+004	 1.40857e+004
1444	 1.4630000000e+003	 1.60076e+004	 1.40446e+004
1445	 1.4640000000e+003	 1.59363e+004	 1.39947e+004
1446	 1.4650000000e+003	 1.57880e+004	 1.37416e+004
1447	 1.4660000000e+003	 1.58097e+004	 1.35527e+004
1448	 1.4670000000e+003	 1.57381e+004	 1.33502e+004
1449	 1.4680000000e+003	 1.57748e+004	 1.31978e+004
1450	 1.4690000000e+003	 1.56864e+004	 1.32495e+004
1451	 1.4700000000e+003	 1.55966e+004	 1.29999e+004
1452	 1.4710000000e+003	 1.56942e+004	 1.29326e+004
1453	 1.4720000000e+003	 1.56075e+004	 1.27165e+004
1454	 1.4730000000e+003	 1.53140e+004	 1.25500e+004
1455	 1.4740000000e+003	 1.51149e+004	 1.22940e+004
1456	 1.4750000000e+003	 1.51522e+004	 1.19753e+004
1457	 1.4760000000e+003	 1.48695e+004	 1.19731e+004
1458	 1.4770000000e+003	 1.45216e+004	 1.17134e+004
1459	 1.4780000000e+003	 1.43816e+004	 1.17612e+004
1460	 1.4790000000e+003	 1.42421e+004	 1.16870e+004
1461	 1.4800000000e+003	 1.40482e+004	 1.13745e+004
1462	 1.4810000000e+003	 1.40153e+004	 1.14690e+004
1463	 1.4820000000e+003	 1.39435e+004	 1.14386e+004
1464	 1.4830000000e+003	 1.38231e+004	 1.12861e+004
1465	 1.4840000000e+003	 1.37194e+004	 1.11166e+004
1466	 1.4850000000e+003	 1.33998e+004	 1.09369e+004
1467	 1.4860000000e+003	 1.31319e+004	 1.09391e+004
1468	 1.4870000000e+003	 1.29741e+004	 1.09028e+004
1469	 1.4880000000e+003	 1.28108e+004	 1.08253e+004
1470	 1.4890000000e+003	 1.27492e+004	 1.09168e+004
1471	 1.4900000000e+003	 1.26118e+004	 1.09804e+004
1472	 1.4910000000e+003	 1.25347e+004	 1.11176e+004
1473	 1.4920000000e+003	 1.24308e+004	 1.11284e+004
1474	 1.4930000000e+003	 1.20710e+004	 1.11111e+004
1475	 1.4940000000e+003	 1.19050e+004	 1.11201e+004
1476	 1.4950000000e+003	 1.18438e+004	 1.09946e+004
1477	 1.4960000000e+003	 1.15612e+004	 1.08627e+004
1478	 1.4970000000e+003	 1.13559e+004	 1.08665e+004
1479	 1.4980000000e+003	 1.12688e+004	 1.08504e+004
1480	 1.4990000000e+003	 1.11122e+004	 1.08315e+004
1481	 1.5000000000e+003	 1.11443e+004	 1.09266e+004
1482	 1.5010000000e+003	 1.11257e+004	 1.09304e+004
1483	 1.5020000000e+003	 1.10712e+004	 1.09049e+004
1484	 1.5030000000e+003	 1.11255e+004	 1.10131e+004
1485	 1.5040000000e+003	 1.11614e+004	 1.09974e+004
1486	 1.5050000000e+003	 1.11086e+004	 1.10571e+004
1487	 1.5060000000e+003	 1.10497e+004	 1.11371e+004
1488	 1.5070000000e+003	 1.10076e+004	 1.11825e+004
1489	 1.5080000000e+003	 1.07771e+004	 1.12747e+004
1490	 1.5090000000e+003	 1.06620e+004	 1.13035e+004
1491	 1.5100000000e+003	 1.04905e+004	 1.12933e+004
1492	 1.5110000000e+003	 1.04994e+004	 1.14461e+004
1493	 1.5120000000e+003	 1.04623e+004	 1.15542e+004
1494	 1.5130000000e+003	 1.03520e+004	 1.15530e+004
1495	 1.5140000000e+003	 1.02885e+004	 1.15760e+004
1496	 1.5150000000e+003	 1.02282e+004	 1.15593e+004
1497	 1.5160000000e+003	 1.02456e+004	 1.15404e+004
1498	 1.5170000000e+003	 1.02452e+004	 1.16081e+004
1499	 1.5180000000e+003	 1.04144e+004	 1.17447e+004
1500	 1.5190000000e+003	 1.03740e+004	 1.17889e+004
1501	 1.5200000000e+003	 1.02523e+004	 1.20533e+004
1502	 1.5210000000e+003	 1.01583e+004	 1.21287e+004
1503	 1.5220000000e+003	 9.89491e+003	 1.21518e+004
1504	 1.5230000000e+003	 9.76167e+003	 1.22763e+004
1505	 1.5240000000e+003	 9.64290e+003	 1.23219e+004
1506	 1.5250000000e+003	 9.58163e+003	 1.22020e+004
1507	 1.5260000000e+003	 9.51465e+003	 1.21455e+004
1508	 1.5270000000e+003	 9.64392e+003	 1.22155e+004
1509	 1.5280000000e+003	 9.64067e+003	 1.22124e+004
1510	 1.5290000000e+003	 9.52786e+003	 1.21623e+004
1511	 1.5300000000e+003	 9.36944e+003	 1.20989e+004
1512	 1.5310000000e+003	 9.29796e+003	 1.22201e+004
1513	 1.5320000000e+003	 9.29255e+003	 1.21727e+004
1514	 1.5330000000e+003	 9.40614e+003	 1.21364e+004
1515	 1.5340000000e+003	 9.40792e+003	 1.21813e+004
1516	 1.5350000000e+003	 9.37422e+003	 1.23300e+004
1517	 1.5360000000e+003	 9.34668e+003	 1.24448e+004
1518	 1.5370000000e+003	 9.29312e+003	 1.24372e+004
1519	 1.5380000000e+003	 9.21132e+003	 1.26595e+004
1520	 1.5390000000e+003	 8.94341e+003	 1.25843e+004
1521	 1.5400000000e+003	 8.83735e+003	 1.27508e+004
1522	 1.5410000000e+003	 8.88553e+003	 1.27812e+004
1523	 1.5420000000e+003	 8.87596e+003	 1.29936e+004
1524	 1.5430000000e+003	 9.03956e+003	 1.28916e+004
1525	 1.5440000000e+003	 8.94981e+003	 1.27677e+004
1526	 1.5450000000e+003	 8.87279e+003	 1.29558e+004
1527	 1.5460000000e+003	 8.72268e+003	 1.29750e+004
1528	 1.5470000000e+003	 8.65682e+003	 1.33258e+004
1529	 1.5480000000e+003	 8.97213e+003	 1.32601e+004
1530	 1.5490000000e+003	 9.13372e+003	 1.33080e+004
1531	 1.5500000000e+003	 9.07985e+003	 1.32136e+004
1532	 1.5510000000e+003	 8.72685e+003	 1.31187e+004
1533	 1.5520000000e+003	 8.71605e+003	 1.31642e+004
1534	 1.5530000000e+003	 8.82744e+003	 1.34353e+004
1535	 1.5540000000e+003	 8.89246e+003	 1.35919e+004
1536	 1.5550000000e+003	 8.83130e+003	 1.37832e+004
1537	 1.5560000000e+003	 9.24025e+003	 1.40874e+004
1538	 1.5570000000e+003	 9.07989e+003	 1.39425e+004
1539	 1.5580000000e+003	 8.86563e+003	 1.40548e+004
1540	 1.5590000000e+003	 8.98768e+003	 1.42380e+004
1541	 1.5600000000e+003	 9.10418e+003	 1.41923e+004
1542	 1.5610000000e+003	 9.16387e+003	 1.42753e+004
1543	 1.5620000000e+003	 9.11757e+003	 1.42226e+004
1544	 1.5630000000e+003	 8.93330e+003	 1.41303e+004
1545	 1.5640000000e+003	 8.84351e+003	 1.40521e+004
1546	 1.5650000000e+003	 8.72810e+003	 1.38412e+004
1547	 1.5660000000e+003	 8.55192e+003	 1.36822e+004
1548	 1.5670000000e+003	 8.66476e+003	 1.40622e+004
1549	 1.5680000000e+003	 8.82390e+003	 1.44711e+004
1550	 1.5690000000e+003	 8.88459e+003	 1.46641e+004
1551	 1.5700000000e+003	 8.68702e+003	 1.44813e+004
1552	 1.5710000000e+003	 8.49513e+003	 1.46779e+004
1553	 1.5720000000e+003	 8.60081e+003	 1.48865e+004
1554	 1.5730000000e+003	 8.67008e+003	 1.48408e+004
1555	 1.5740000000e+003	 8.63210e+003	 1.52653e+004
1556	 1.5750000000e+003	 8.87101e+003	 1.54222e+004
1557	 1.5760000000e+003	 8.78700e+003	 1.50803e+004
1558	 1.5770000000e+003	 8.66158e+003	 1.44737e+004
1559	 1.5780000000e+003	 8.36552e+003	 1.43256e+004
1560	 1.5790000000e+003	 8.51819e+003	 1.51373e+004
1561	 1.5800000000e+003	 8.74364e+003	 1.49996e+004
1562	 1.5810000000e+003	 8.84313e+003	 1.48830e+004
1563	 1.5820000000e+003	 8.74274e+003	 1.45459e+004
1564	 1.5830000000e+003	 8.64123e+003	 1.47228e+004
1565	 1.5840000000e+003	 9.00738e+003	 1.52046e+004
1566	 1.5850000000e+003	 9.08054e+003	 1.54029e+004
1567	 1.5860000000e+003	 9.07845e+003	 1.52911e+004
1568	 1.5870000000e+003	 9.04348e+003	 1.49252e+004
1569	 1.5880000000e+003	 8.17950e+003	 1.47872e+004
1570	 1.5890000000e+003	 8.62406e+003	 1.56633e+004
1571	 1.5900000000e+003	 9.02363e+003	 1.61225e+004
1572	 1.5910000000e+003	 9.18360e+003	 1.62266e+004
1573	 1.5920000000e+003	 9.25060e+003	 1.61407e+004
1574	 1.5930000000e+003	 9.07234e+003	 1.61151e+004
1575	 1.5940000000e+003	 8.77623e+003	 1.57435e+004
1576	 1.5950000000e+003	 8.39161e+003	 1.55922e+004
1577	 1.5960000000e+003	 9.23464e+003	 1.62893e+004
1578	 1.5970000000e+003	 9.47390e+003	 1.64163e+004
1579	 1.5980000000e+003	 9.54769e+003	 1.65227e+004
1580	 1.5990000000e+003	 9.41950e+003	 1.63748e+004
1581	 1.6000000000e+003	 9.25291e+003	 1.62246e+004
1582	 1.6010000000e+003	 9.07281e+003	 1.60649e+004
1583	 1.6020000000e+003	 9.09901e+003	 1.59716e+004
1584	 1.6030000000e+003	 8.94841e+003	 1.43463e+004
1585	 1.6040000000e+003	 9.12609e+003	 1.41422e+004
1586	 1.6050000000e+003	 9.56109e+003	 1.58513e+004
1587	 1.6060000000e+003	 9.47729e+003	 1.66140e+004
1588	 1.6070000000e+003	 9.67760e+003	 1.68473e+004
1589	 1.6080000000e+003	 9.71070e+003	 1.69094e+004
1590	 1.6090000000e+003	 9.63602e+003	 1.72160e+004
1591	 1.6100000000e+003	 9.95021e+003	 1.71285e+004
1592	 1.6110000000e+003	 9.99862e+003	 1.70367e+004
1593	 1.6120000000e+003	 1.00108e+004	 1.67753e+004
1594	 1.6130000000e+003	 9.68726e+003	 1.65482e+004
1595	 1.6140000000e+003	 9.74559e+003	 1.68006e+004
1596	 1.6150000000e+003	 1.00646e+004	 1.70363e+004
1597	 1.6160000000e+003	 9.66954e+003	 1.70685e+004
1598	 1.6170000000e+003	 9.88302e+003	 1.70961e+004
1599	 1.6180000000e+003	 9.38267e+003	 1.70699e+004
1600	 1.6190000000e+003	 9.10102e+003	 1.63592e+004
1601	 1.6200000000e+003	 9.35526e+003	 1.64724e+004
TagsBegin:	 	 	 
OverLoad:	 	False	 
AverageNumber: []	 	 8.80000e+001	 
OverLoadRatio: []	 	 1.19209e-007	 
TagsEnd:	 	 	 
TagScalesBegin:	 	 	 
TagScalesEnd:	 	 	 
