Header Size:	 79	 	 
Pulse Version:	 80	 	 
Running Pulse Version:	PULSE LabShop Fast Track Version 18.1.1.9 - 2014-01-16	 	 
Decimal Symbol:	.	 	 
Date Format:	M/d/yyyy	 	 
Time Format:	HH:mm:ss:mmm	 	 
Data Type:	Complex	 	 
Slice:	False	 	 
Z-Axis type:	Linear	 	 
Z-Axis size:	1	 	 
Z-Axis unit:	 	 	 
Z-Axis first value:	 0.0000000000e+000	 	 
Z-Axis delta:	 1.0000000000e+000	 	 
X-Axis type:	Linear	 	 
X-Axis size:	1601	 	 
X-Axis unit:	Hz	 	 
X-Axis first value:	 2.0000000000e+001	 	 
X-Axis delta:	 1.0000000000e+000	 	 
	 	 	 
AmplitudeUnit:	Pa/(m/s)	 	 
Analyzer:	FFT_Spectrum_Averaging	 	 
AnalyzerName:	FFT Analyzer	 	 
	 	 	 
	 	 	 
Bipolar:	True	 	 
CenterFrequency:	 8.2000000000e+002	 	 
	 	 	 
	 	 	 
	 	 	 
	 	 	 
	 	 	 
	 	 	 
	 	 	 
	 	 	 
Domain:	1	 	 
Function:	Frequency Response	 	 
	 	 	 
InputRange:	 1.0000000000e-001	 	 
	 	 	 
	 	 	 
MultiBufferName:	Input	 	 
NBW:	 1.5000000000e+000	 	 
	 	 	 
OverlapFailed:	False	 	 
Overrun:	False	 	 
Power:	False	 	 
	 	 	 
Ratio:	True	 	 
RecordLength:	 1.0000000000e+000	 	 
ReducedSize:	True	 	 
Ref_Signal:	v	 	 
	 	 	 
	 	 	 
RefSignalUnit:	m/s	 	 
	 	 	 
	 	 	 
Signal:	p	 	 
	 	 	 
SignalUnit:	Pa	 	 
	 	 	 
	 	 	 
	 	 	 
Title:	impedance	 	 
Title1:	Working : Input : Input : FFT Analyzer	 	 
	 	 	 
	 	 	 
	 	 	 
ZoomOn:	True	 	 
	 	 	 
TemplateName:	Working	 	 
MeasurementName:	Input	 	 
MeasurementSlice:	False	 	 
	 	 	 
	 	 	 
	 	 	 
EnvelopeOn:	False	 	 
	 	 	 
	 	 	 
	 	 	 
Z-index:	 	1	 
Date:	 	5/19/2022	 
Time:	 	10:14:07:250	 
Relative time:	 	 0.00000e+000	 
Z-axis:	 	 0.0000000000e+000	 
1	 2.0000000000e+001	 2.45713e+003	-5.37942e+003
2	 2.1000000000e+001	 1.71067e+003	-5.09842e+003
3	 2.2000000000e+001	 1.53680e+003	-4.53017e+003
4	 2.3000000000e+001	 1.42352e+003	-4.20773e+003
5	 2.4000000000e+001	 5.52006e+002	-2.47756e+003
6	 2.5000000000e+001	 1.79363e+002	-1.61241e+003
7	 2.6000000000e+001	 3.35502e+002	-2.06116e+003
8	 2.7000000000e+001	 7.98379e+002	-3.04028e+003
9	 2.8000000000e+001	 9.41523e+002	-3.29649e+003
10	 2.9000000000e+001	 1.07231e+003	-2.99081e+003
11	 3.0000000000e+001	 1.45826e+003	-2.97404e+003
12	 3.1000000000e+001	 1.72987e+003	-3.41451e+003
13	 3.2000000000e+001	 1.25505e+003	-3.69985e+003
14	 3.3000000000e+001	 9.26205e+002	-3.52498e+003
15	 3.4000000000e+001	 7.94834e+002	-3.24818e+003
16	 3.5000000000e+001	 9.05828e+002	-3.05311e+003
17	 3.6000000000e+001	 9.64058e+002	-3.17291e+003
18	 3.7000000000e+001	 7.32731e+002	-3.14394e+003
19	 3.8000000000e+001	 6.37129e+002	-2.96431e+003
20	 3.9000000000e+001	 5.90594e+002	-2.84677e+003
21	 4.0000000000e+001	 5.71912e+002	-2.74153e+003
22	 4.1000000000e+001	 5.59145e+002	-2.64851e+003
23	 4.2000000000e+001	 5.36060e+002	-2.57537e+003
24	 4.3000000000e+001	 5.25342e+002	-2.50066e+003
25	 4.4000000000e+001	 5.14468e+002	-2.42593e+003
26	 4.5000000000e+001	 5.04703e+002	-2.36280e+003
27	 4.6000000000e+001	 4.95117e+002	-2.30502e+003
28	 4.7000000000e+001	 4.88821e+002	-2.24726e+003
29	 4.8000000000e+001	 4.79986e+002	-2.19166e+003
30	 4.9000000000e+001	 4.71631e+002	-2.14711e+003
31	 5.0000000000e+001	 4.67242e+002	-2.10253e+003
32	 5.1000000000e+001	 4.48948e+002	-2.04104e+003
33	 5.2000000000e+001	 4.43450e+002	-1.98552e+003
34	 5.3000000000e+001	 4.43533e+002	-1.94312e+003
35	 5.4000000000e+001	 4.40415e+002	-1.90233e+003
36	 5.5000000000e+001	 4.37992e+002	-1.86403e+003
37	 5.6000000000e+001	 4.34325e+002	-1.82618e+003
38	 5.7000000000e+001	 4.30403e+002	-1.79069e+003
39	 5.8000000000e+001	 4.25569e+002	-1.75624e+003
40	 5.9000000000e+001	 4.22737e+002	-1.72066e+003
41	 6.0000000000e+001	 4.19694e+002	-1.68617e+003
42	 6.1000000000e+001	 4.17541e+002	-1.65331e+003
43	 6.2000000000e+001	 4.16147e+002	-1.62227e+003
44	 6.3000000000e+001	 4.15610e+002	-1.59168e+003
45	 6.4000000000e+001	 4.18964e+002	-1.56427e+003
46	 6.5000000000e+001	 4.19617e+002	-1.54261e+003
47	 6.6000000000e+001	 4.15931e+002	-1.52428e+003
48	 6.7000000000e+001	 4.07373e+002	-1.50438e+003
49	 6.8000000000e+001	 3.98069e+002	-1.48053e+003
50	 6.9000000000e+001	 3.91696e+002	-1.45426e+003
51	 7.0000000000e+001	 3.86468e+002	-1.42948e+003
52	 7.1000000000e+001	 3.82121e+002	-1.40566e+003
53	 7.2000000000e+001	 3.78437e+002	-1.38231e+003
54	 7.3000000000e+001	 3.74585e+002	-1.35968e+003
55	 7.4000000000e+001	 3.71866e+002	-1.33707e+003
56	 7.5000000000e+001	 3.68840e+002	-1.31482e+003
57	 7.6000000000e+001	 3.65905e+002	-1.29397e+003
58	 7.7000000000e+001	 3.63092e+002	-1.27338e+003
59	 7.8000000000e+001	 3.60501e+002	-1.25278e+003
60	 7.9000000000e+001	 3.57429e+002	-1.23331e+003
61	 8.0000000000e+001	 3.55093e+002	-1.21365e+003
62	 8.1000000000e+001	 3.52407e+002	-1.19442e+003
63	 8.2000000000e+001	 3.50321e+002	-1.17590e+003
64	 8.3000000000e+001	 3.48242e+002	-1.15818e+003
65	 8.4000000000e+001	 3.46088e+002	-1.14028e+003
66	 8.5000000000e+001	 3.44280e+002	-1.12344e+003
67	 8.6000000000e+001	 3.42882e+002	-1.10650e+003
68	 8.7000000000e+001	 3.41125e+002	-1.09022e+003
69	 8.8000000000e+001	 3.39428e+002	-1.07461e+003
70	 8.9000000000e+001	 3.37577e+002	-1.06002e+003
71	 9.0000000000e+001	 3.35143e+002	-1.04545e+003
72	 9.1000000000e+001	 3.32211e+002	-1.03097e+003
73	 9.2000000000e+001	 3.29201e+002	-1.01674e+003
74	 9.3000000000e+001	 3.26000e+002	-1.00230e+003
75	 9.4000000000e+001	 3.23090e+002	-9.87769e+002
76	 9.5000000000e+001	 3.20081e+002	-9.73194e+002
77	 9.6000000000e+001	 3.17564e+002	-9.58939e+002
78	 9.7000000000e+001	 3.14922e+002	-9.44693e+002
79	 9.8000000000e+001	 3.12324e+002	-9.30595e+002
80	 9.9000000000e+001	 3.10243e+002	-9.17086e+002
81	 1.0000000000e+002	 3.08193e+002	-9.03345e+002
82	 1.0100000000e+002	 3.06018e+002	-8.89726e+002
83	 1.0200000000e+002	 3.04236e+002	-8.76210e+002
84	 1.0300000000e+002	 3.02680e+002	-8.63158e+002
85	 1.0400000000e+002	 3.01479e+002	-8.50650e+002
86	 1.0500000000e+002	 3.00227e+002	-8.38677e+002
87	 1.0600000000e+002	 2.98920e+002	-8.27174e+002
88	 1.0700000000e+002	 2.97553e+002	-8.16156e+002
89	 1.0800000000e+002	 2.95578e+002	-8.05402e+002
90	 1.0900000000e+002	 2.93203e+002	-7.94853e+002
91	 1.1000000000e+002	 2.90416e+002	-7.83906e+002
92	 1.1100000000e+002	 2.87692e+002	-7.73032e+002
93	 1.1200000000e+002	 2.84919e+002	-7.61984e+002
94	 1.1300000000e+002	 2.82527e+002	-7.51002e+002
95	 1.1400000000e+002	 2.79934e+002	-7.40275e+002
96	 1.1500000000e+002	 2.77433e+002	-7.29516e+002
97	 1.1600000000e+002	 2.74979e+002	-7.18914e+002
98	 1.1700000000e+002	 2.72427e+002	-7.08362e+002
99	 1.1800000000e+002	 2.69742e+002	-6.97784e+002
100	 1.1900000000e+002	 2.66989e+002	-6.87251e+002
101	 1.2000000000e+002	 2.64397e+002	-6.76754e+002
102	 1.2100000000e+002	 2.61671e+002	-6.66182e+002
103	 1.2200000000e+002	 2.58930e+002	-6.55463e+002
104	 1.2300000000e+002	 2.56303e+002	-6.44800e+002
105	 1.2400000000e+002	 2.53942e+002	-6.33758e+002
106	 1.2500000000e+002	 2.51964e+002	-6.22706e+002
107	 1.2600000000e+002	 2.50291e+002	-6.11925e+002
108	 1.2700000000e+002	 2.48751e+002	-6.01194e+002
109	 1.2800000000e+002	 2.47373e+002	-5.90866e+002
110	 1.2900000000e+002	 2.46080e+002	-5.80751e+002
111	 1.3000000000e+002	 2.44788e+002	-5.70925e+002
112	 1.3100000000e+002	 2.43386e+002	-5.60951e+002
113	 1.3200000000e+002	 2.42420e+002	-5.51055e+002
114	 1.3300000000e+002	 2.41659e+002	-5.41770e+002
115	 1.3400000000e+002	 2.40578e+002	-5.32648e+002
116	 1.3500000000e+002	 2.39443e+002	-5.23689e+002
117	 1.3600000000e+002	 2.38332e+002	-5.14703e+002
118	 1.3700000000e+002	 2.36992e+002	-5.06017e+002
119	 1.3800000000e+002	 2.35587e+002	-4.97236e+002
120	 1.3900000000e+002	 2.34265e+002	-4.88615e+002
121	 1.4000000000e+002	 2.33078e+002	-4.80025e+002
122	 1.4100000000e+002	 2.31702e+002	-4.71660e+002
123	 1.4200000000e+002	 2.30144e+002	-4.63254e+002
124	 1.4300000000e+002	 2.28704e+002	-4.54932e+002
125	 1.4400000000e+002	 2.27099e+002	-4.46591e+002
126	 1.4500000000e+002	 2.25405e+002	-4.38150e+002
127	 1.4600000000e+002	 2.23825e+002	-4.29524e+002
128	 1.4700000000e+002	 2.22246e+002	-4.21061e+002
129	 1.4800000000e+002	 2.20899e+002	-4.12682e+002
130	 1.4900000000e+002	 2.19673e+002	-4.04239e+002
131	 1.5000000000e+002	 2.18824e+002	-3.96052e+002
132	 1.5100000000e+002	 2.17500e+002	-3.87551e+002
133	 1.5200000000e+002	 2.16467e+002	-3.79091e+002
134	 1.5300000000e+002	 2.15524e+002	-3.71033e+002
135	 1.5400000000e+002	 2.14583e+002	-3.62861e+002
136	 1.5500000000e+002	 2.13672e+002	-3.54786e+002
137	 1.5600000000e+002	 2.12612e+002	-3.46742e+002
138	 1.5700000000e+002	 2.11532e+002	-3.38761e+002
139	 1.5800000000e+002	 2.10434e+002	-3.30855e+002
140	 1.5900000000e+002	 2.09247e+002	-3.23094e+002
141	 1.6000000000e+002	 2.07990e+002	-3.15416e+002
142	 1.6100000000e+002	 2.06625e+002	-3.07843e+002
143	 1.6200000000e+002	 2.05335e+002	-3.00242e+002
144	 1.6300000000e+002	 2.04016e+002	-2.92684e+002
145	 1.6400000000e+002	 2.02693e+002	-2.85083e+002
146	 1.6500000000e+002	 2.01406e+002	-2.77573e+002
147	 1.6600000000e+002	 2.00131e+002	-2.70028e+002
148	 1.6700000000e+002	 1.98886e+002	-2.62459e+002
149	 1.6800000000e+002	 1.97772e+002	-2.54944e+002
150	 1.6900000000e+002	 1.96618e+002	-2.47406e+002
151	 1.7000000000e+002	 1.95495e+002	-2.39904e+002
152	 1.7100000000e+002	 1.94438e+002	-2.32405e+002
153	 1.7200000000e+002	 1.93364e+002	-2.24957e+002
154	 1.7300000000e+002	 1.92268e+002	-2.17562e+002
155	 1.7400000000e+002	 1.91215e+002	-2.10191e+002
156	 1.7500000000e+002	 1.90172e+002	-2.02866e+002
157	 1.7600000000e+002	 1.89138e+002	-1.95602e+002
158	 1.7700000000e+002	 1.88116e+002	-1.88462e+002
159	 1.7800000000e+002	 1.87140e+002	-1.81414e+002
160	 1.7900000000e+002	 1.86155e+002	-1.74479e+002
161	 1.8000000000e+002	 1.85124e+002	-1.67605e+002
162	 1.8100000000e+002	 1.84130e+002	-1.60858e+002
163	 1.8200000000e+002	 1.83165e+002	-1.54228e+002
164	 1.8300000000e+002	 1.82155e+002	-1.47717e+002
165	 1.8400000000e+002	 1.81164e+002	-1.41301e+002
166	 1.8500000000e+002	 1.80182e+002	-1.34970e+002
167	 1.8600000000e+002	 1.79163e+002	-1.28748e+002
168	 1.8700000000e+002	 1.78145e+002	-1.22599e+002
169	 1.8800000000e+002	 1.77126e+002	-1.16480e+002
170	 1.8900000000e+002	 1.76041e+002	-1.10365e+002
171	 1.9000000000e+002	 1.74945e+002	-1.04287e+002
172	 1.9100000000e+002	 1.73849e+002	-9.82559e+001
173	 1.9200000000e+002	 1.72764e+002	-9.21977e+001
174	 1.9300000000e+002	 1.71647e+002	-8.60926e+001
175	 1.9400000000e+002	 1.70491e+002	-7.99897e+001
176	 1.9500000000e+002	 1.69319e+002	-7.38249e+001
177	 1.9600000000e+002	 1.68187e+002	-6.76176e+001
178	 1.9700000000e+002	 1.67062e+002	-6.13863e+001
179	 1.9800000000e+002	 1.65934e+002	-5.50978e+001
180	 1.9900000000e+002	 1.64797e+002	-4.87908e+001
181	 2.0000000000e+002	 1.63714e+002	-4.24459e+001
182	 2.0100000000e+002	 1.62578e+002	-3.60893e+001
183	 2.0200000000e+002	 1.61470e+002	-2.97904e+001
184	 2.0300000000e+002	 1.60367e+002	-2.34679e+001
185	 2.0400000000e+002	 1.59283e+002	-1.71228e+001
186	 2.0500000000e+002	 1.58146e+002	-1.07828e+001
187	 2.0600000000e+002	 1.57044e+002	-4.44228e+000
188	 2.0700000000e+002	 1.55969e+002	 1.89194e+000
189	 2.0800000000e+002	 1.54920e+002	 8.29243e+000
190	 2.0900000000e+002	 1.53995e+002	 1.47563e+001
191	 2.1000000000e+002	 1.53266e+002	 2.12460e+001
192	 2.1100000000e+002	 1.52756e+002	 2.76248e+001
193	 2.1200000000e+002	 1.52394e+002	 3.37986e+001
194	 2.1300000000e+002	 1.52080e+002	 3.97245e+001
195	 2.1400000000e+002	 1.51669e+002	 4.54352e+001
196	 2.1500000000e+002	 1.51088e+002	 5.09865e+001
197	 2.1600000000e+002	 1.50263e+002	 5.64873e+001
198	 2.1700000000e+002	 1.49240e+002	 6.20199e+001
199	 2.1800000000e+002	 1.48042e+002	 6.76621e+001
200	 2.1900000000e+002	 1.46799e+002	 7.34510e+001
201	 2.2000000000e+002	 1.45586e+002	 7.93656e+001
202	 2.2100000000e+002	 1.44420e+002	 8.53672e+001
203	 2.2200000000e+002	 1.43327e+002	 9.13443e+001
204	 2.2300000000e+002	 1.42327e+002	 9.72714e+001
205	 2.2400000000e+002	 1.41395e+002	 1.03124e+002
206	 2.2500000000e+002	 1.40479e+002	 1.08869e+002
207	 2.2600000000e+002	 1.39605e+002	 1.14520e+002
208	 2.2700000000e+002	 1.38725e+002	 1.20064e+002
209	 2.2800000000e+002	 1.37828e+002	 1.25459e+002
210	 2.2900000000e+002	 1.36940e+002	 1.30775e+002
211	 2.3000000000e+002	 1.36043e+002	 1.36010e+002
212	 2.3100000000e+002	 1.35140e+002	 1.41167e+002
213	 2.3200000000e+002	 1.34193e+002	 1.46266e+002
214	 2.3300000000e+002	 1.33242e+002	 1.51314e+002
215	 2.3400000000e+002	 1.32311e+002	 1.56329e+002
216	 2.3500000000e+002	 1.31345e+002	 1.61330e+002
217	 2.3600000000e+002	 1.30357e+002	 1.66334e+002
218	 2.3700000000e+002	 1.29381e+002	 1.71336e+002
219	 2.3800000000e+002	 1.28390e+002	 1.76375e+002
220	 2.3900000000e+002	 1.27401e+002	 1.81380e+002
221	 2.4000000000e+002	 1.26451e+002	 1.86399e+002
222	 2.4100000000e+002	 1.25518e+002	 1.91451e+002
223	 2.4200000000e+002	 1.24533e+002	 1.96519e+002
224	 2.4300000000e+002	 1.23567e+002	 2.01610e+002
225	 2.4400000000e+002	 1.22582e+002	 2.06736e+002
226	 2.4500000000e+002	 1.21595e+002	 2.11909e+002
227	 2.4600000000e+002	 1.20604e+002	 2.17094e+002
228	 2.4700000000e+002	 1.19618e+002	 2.22352e+002
229	 2.4800000000e+002	 1.18673e+002	 2.27657e+002
230	 2.4900000000e+002	 1.17846e+002	 2.33033e+002
231	 2.5000000000e+002	 1.17112e+002	 2.38624e+002
232	 2.5100000000e+002	 1.16205e+002	 2.43803e+002
233	 2.5200000000e+002	 1.15365e+002	 2.49007e+002
234	 2.5300000000e+002	 1.14602e+002	 2.54272e+002
235	 2.5400000000e+002	 1.13925e+002	 2.59595e+002
236	 2.5500000000e+002	 1.13189e+002	 2.64859e+002
237	 2.5600000000e+002	 1.12451e+002	 2.70131e+002
238	 2.5700000000e+002	 1.11746e+002	 2.75361e+002
239	 2.5800000000e+002	 1.10992e+002	 2.80589e+002
240	 2.5900000000e+002	 1.10293e+002	 2.85849e+002
241	 2.6000000000e+002	 1.09610e+002	 2.91126e+002
242	 2.6100000000e+002	 1.08995e+002	 2.96393e+002
243	 2.6200000000e+002	 1.08357e+002	 3.01552e+002
244	 2.6300000000e+002	 1.07827e+002	 3.06728e+002
245	 2.6400000000e+002	 1.07252e+002	 3.11823e+002
246	 2.6500000000e+002	 1.06639e+002	 3.16885e+002
247	 2.6600000000e+002	 1.06044e+002	 3.21960e+002
248	 2.6700000000e+002	 1.05457e+002	 3.26941e+002
249	 2.6800000000e+002	 1.04912e+002	 3.31898e+002
250	 2.6900000000e+002	 1.04310e+002	 3.36804e+002
251	 2.7000000000e+002	 1.03599e+002	 3.41671e+002
252	 2.7100000000e+002	 1.02903e+002	 3.46540e+002
253	 2.7200000000e+002	 1.02092e+002	 3.51439e+002
254	 2.7300000000e+002	 1.01260e+002	 3.56335e+002
255	 2.7400000000e+002	 1.00402e+002	 3.61180e+002
256	 2.7500000000e+002	 9.95473e+001	 3.66147e+002
257	 2.7600000000e+002	 9.86397e+001	 3.71068e+002
258	 2.7700000000e+002	 9.76953e+001	 3.76004e+002
259	 2.7800000000e+002	 9.67998e+001	 3.81116e+002
260	 2.7900000000e+002	 9.59244e+001	 3.86086e+002
261	 2.8000000000e+002	 9.50648e+001	 3.91155e+002
262	 2.8100000000e+002	 9.41358e+001	 3.96265e+002
263	 2.8200000000e+002	 9.32876e+001	 4.01286e+002
264	 2.8300000000e+002	 9.24802e+001	 4.06296e+002
265	 2.8400000000e+002	 9.16675e+001	 4.11422e+002
266	 2.8500000000e+002	 9.09214e+001	 4.16526e+002
267	 2.8600000000e+002	 9.01636e+001	 4.21635e+002
268	 2.8700000000e+002	 8.92920e+001	 4.26663e+002
269	 2.8800000000e+002	 8.85598e+001	 4.31795e+002
270	 2.8900000000e+002	 8.78073e+001	 4.36930e+002
271	 2.9000000000e+002	 8.69635e+001	 4.42040e+002
272	 2.9100000000e+002	 8.62688e+001	 4.47252e+002
273	 2.9200000000e+002	 8.55555e+001	 4.52520e+002
274	 2.9300000000e+002	 8.47655e+001	 4.57611e+002
275	 2.9400000000e+002	 8.41086e+001	 4.62816e+002
276	 2.9500000000e+002	 8.34559e+001	 4.68083e+002
277	 2.9600000000e+002	 8.27732e+001	 4.73268e+002
278	 2.9700000000e+002	 8.21278e+001	 4.78443e+002
279	 2.9800000000e+002	 8.15669e+001	 4.83918e+002
280	 2.9900000000e+002	 8.11508e+001	 4.89143e+002
281	 3.0000000000e+002	 8.05570e+001	 4.94464e+002
282	 3.0100000000e+002	 7.99192e+001	 4.99989e+002
283	 3.0200000000e+002	 7.95013e+001	 5.05664e+002
284	 3.0300000000e+002	 7.94616e+001	 5.11611e+002
285	 3.0400000000e+002	 7.95244e+001	 5.17401e+002
286	 3.0500000000e+002	 7.99302e+001	 5.23001e+002
287	 3.0600000000e+002	 8.04513e+001	 5.28427e+002
288	 3.0700000000e+002	 8.10712e+001	 5.33972e+002
289	 3.0800000000e+002	 8.20288e+001	 5.39495e+002
290	 3.0900000000e+002	 8.32337e+001	 5.44820e+002
291	 3.1000000000e+002	 8.45797e+001	 5.49928e+002
292	 3.1100000000e+002	 8.65837e+001	 5.54862e+002
293	 3.1200000000e+002	 8.88538e+001	 5.59468e+002
294	 3.1300000000e+002	 9.17263e+001	 5.63458e+002
295	 3.1400000000e+002	 9.45655e+001	 5.66460e+002
296	 3.1500000000e+002	 9.75664e+001	 5.68359e+002
297	 3.1600000000e+002	 9.98928e+001	 5.69114e+002
298	 3.1700000000e+002	 1.01245e+002	 5.68779e+002
299	 3.1800000000e+002	 1.01018e+002	 5.67962e+002
300	 3.1900000000e+002	 9.93008e+001	 5.67105e+002
301	 3.2000000000e+002	 9.64866e+001	 5.67080e+002
302	 3.2100000000e+002	 9.25165e+001	 5.68029e+002
303	 3.2200000000e+002	 8.84541e+001	 5.70064e+002
304	 3.2300000000e+002	 8.40745e+001	 5.73136e+002
305	 3.2400000000e+002	 8.00568e+001	 5.77103e+002
306	 3.2500000000e+002	 7.64532e+001	 5.81491e+002
307	 3.2600000000e+002	 7.31549e+001	 5.86178e+002
308	 3.2700000000e+002	 7.00797e+001	 5.91407e+002
309	 3.2800000000e+002	 6.76202e+001	 5.96534e+002
310	 3.2900000000e+002	 6.53349e+001	 6.01630e+002
311	 3.3000000000e+002	 6.33625e+001	 6.07089e+002
312	 3.3100000000e+002	 6.15545e+001	 6.12579e+002
313	 3.3200000000e+002	 5.97182e+001	 6.17819e+002
314	 3.3300000000e+002	 5.84991e+001	 6.22847e+002
315	 3.3400000000e+002	 5.71036e+001	 6.28180e+002
316	 3.3500000000e+002	 5.59260e+001	 6.33181e+002
317	 3.3600000000e+002	 5.48917e+001	 6.38153e+002
318	 3.3700000000e+002	 5.37771e+001	 6.43097e+002
319	 3.3800000000e+002	 5.26484e+001	 6.47850e+002
320	 3.3900000000e+002	 5.16466e+001	 6.52508e+002
321	 3.4000000000e+002	 5.04011e+001	 6.56994e+002
322	 3.4100000000e+002	 4.91106e+001	 6.61472e+002
323	 3.4200000000e+002	 4.80852e+001	 6.66352e+002
324	 3.4300000000e+002	 4.65967e+001	 6.71178e+002
325	 3.4400000000e+002	 4.52109e+001	 6.75735e+002
326	 3.4500000000e+002	 4.44376e+001	 6.80641e+002
327	 3.4600000000e+002	 4.33308e+001	 6.85562e+002
328	 3.4700000000e+002	 4.20657e+001	 6.90549e+002
329	 3.4800000000e+002	 4.12110e+001	 6.95482e+002
330	 3.4900000000e+002	 4.05000e+001	 7.00107e+002
331	 3.5000000000e+002	 4.00037e+001	 7.04820e+002
332	 3.5100000000e+002	 3.87773e+001	 7.09535e+002
333	 3.5200000000e+002	 3.77481e+001	 7.14454e+002
334	 3.5300000000e+002	 3.69254e+001	 7.19350e+002
335	 3.5400000000e+002	 3.60748e+001	 7.24132e+002
336	 3.5500000000e+002	 3.50628e+001	 7.28814e+002
337	 3.5600000000e+002	 3.40698e+001	 7.33518e+002
338	 3.5700000000e+002	 3.33240e+001	 7.38283e+002
339	 3.5800000000e+002	 3.26097e+001	 7.42973e+002
340	 3.5900000000e+002	 3.17768e+001	 7.47635e+002
341	 3.6000000000e+002	 3.09611e+001	 7.52304e+002
342	 3.6100000000e+002	 3.00897e+001	 7.56852e+002
343	 3.6200000000e+002	 2.92919e+001	 7.61460e+002
344	 3.6300000000e+002	 2.85209e+001	 7.66067e+002
345	 3.6400000000e+002	 2.77727e+001	 7.70517e+002
346	 3.6500000000e+002	 2.70196e+001	 7.74969e+002
347	 3.6600000000e+002	 2.62163e+001	 7.79393e+002
348	 3.6700000000e+002	 2.53501e+001	 7.83753e+002
349	 3.6800000000e+002	 2.43839e+001	 7.88078e+002
350	 3.6900000000e+002	 2.34657e+001	 7.92441e+002
351	 3.7000000000e+002	 2.26217e+001	 7.96791e+002
352	 3.7100000000e+002	 2.17378e+001	 8.01079e+002
353	 3.7200000000e+002	 2.09060e+001	 8.05451e+002
354	 3.7300000000e+002	 2.00075e+001	 8.09850e+002
355	 3.7400000000e+002	 1.90366e+001	 8.14206e+002
356	 3.7500000000e+002	 1.82052e+001	 8.18633e+002
357	 3.7600000000e+002	 1.74818e+001	 8.23015e+002
358	 3.7700000000e+002	 1.66661e+001	 8.27359e+002
359	 3.7800000000e+002	 1.59517e+001	 8.31700e+002
360	 3.7900000000e+002	 1.51585e+001	 8.36043e+002
361	 3.8000000000e+002	 1.42026e+001	 8.40420e+002
362	 3.8100000000e+002	 1.33569e+001	 8.44767e+002
363	 3.8200000000e+002	 1.25143e+001	 8.49193e+002
364	 3.8300000000e+002	 1.18799e+001	 8.53580e+002
365	 3.8400000000e+002	 1.11771e+001	 8.57904e+002
366	 3.8500000000e+002	 1.04552e+001	 8.62269e+002
367	 3.8600000000e+002	 9.60699e+000	 8.66694e+002
368	 3.8700000000e+002	 8.89077e+000	 8.71067e+002
369	 3.8800000000e+002	 8.16240e+000	 8.75506e+002
370	 3.8900000000e+002	 7.02563e+000	 8.79978e+002
371	 3.9000000000e+002	 6.24953e+000	 8.84585e+002
372	 3.9100000000e+002	 5.36706e+000	 8.88694e+002
373	 3.9200000000e+002	 4.34119e+000	 8.92713e+002
374	 3.9300000000e+002	 3.73001e+000	 8.97326e+002
375	 3.9400000000e+002	 3.10991e+000	 9.01503e+002
376	 3.9500000000e+002	 1.92601e+000	 9.05925e+002
377	 3.9600000000e+002	 1.22342e+000	 9.10760e+002
378	 3.9700000000e+002	 4.47200e-001	 9.14853e+002
379	 3.9800000000e+002	-5.05964e-001	 9.18675e+002
380	 3.9900000000e+002	-1.31460e+000	 9.23269e+002
381	 4.0000000000e+002	-2.13701e+000	 9.27754e+002
382	 4.0100000000e+002	-3.05561e+000	 9.31803e+002
383	 4.0200000000e+002	-3.73319e+000	 9.36529e+002
384	 4.0300000000e+002	-4.42530e+000	 9.40631e+002
385	 4.0400000000e+002	-4.88677e+000	 9.44743e+002
386	 4.0500000000e+002	-5.98565e+000	 9.49096e+002
387	 4.0600000000e+002	-6.71546e+000	 9.53492e+002
388	 4.0700000000e+002	-7.13739e+000	 9.57714e+002
389	 4.0800000000e+002	-8.05145e+000	 9.62222e+002
390	 4.0900000000e+002	-8.91108e+000	 9.66502e+002
391	 4.1000000000e+002	-9.64687e+000	 9.70582e+002
392	 4.1100000000e+002	-1.00392e+001	 9.74827e+002
393	 4.1200000000e+002	-1.10582e+001	 9.79135e+002
394	 4.1300000000e+002	-1.16697e+001	 9.83274e+002
395	 4.1400000000e+002	-1.24164e+001	 9.87270e+002
396	 4.1500000000e+002	-1.33012e+001	 9.91664e+002
397	 4.1600000000e+002	-1.39387e+001	 9.95602e+002
398	 4.1700000000e+002	-1.47964e+001	 1.00025e+003
399	 4.1800000000e+002	-1.55876e+001	 1.00404e+003
400	 4.1900000000e+002	-1.59760e+001	 1.00815e+003
401	 4.2000000000e+002	-1.69491e+001	 1.01251e+003
402	 4.2100000000e+002	-1.77359e+001	 1.01669e+003
403	 4.2200000000e+002	-1.82059e+001	 1.02056e+003
404	 4.2300000000e+002	-1.90365e+001	 1.02483e+003
405	 4.2400000000e+002	-1.97028e+001	 1.02860e+003
406	 4.2500000000e+002	-2.05290e+001	 1.03263e+003
407	 4.2600000000e+002	-2.17606e+001	 1.03657e+003
408	 4.2700000000e+002	-2.24701e+001	 1.04034e+003
409	 4.2800000000e+002	-2.33867e+001	 1.04445e+003
410	 4.2900000000e+002	-2.43028e+001	 1.04824e+003
411	 4.3000000000e+002	-2.51829e+001	 1.05216e+003
412	 4.3100000000e+002	-2.60919e+001	 1.05606e+003
413	 4.3200000000e+002	-2.68196e+001	 1.05969e+003
414	 4.3300000000e+002	-2.74702e+001	 1.06411e+003
415	 4.3400000000e+002	-2.87376e+001	 1.06838e+003
416	 4.3500000000e+002	-2.97368e+001	 1.07187e+003
417	 4.3600000000e+002	-3.08008e+001	 1.07566e+003
418	 4.3700000000e+002	-3.17710e+001	 1.07949e+003
419	 4.3800000000e+002	-3.27456e+001	 1.08340e+003
420	 4.3900000000e+002	-3.38502e+001	 1.08758e+003
421	 4.4000000000e+002	-3.54540e+001	 1.09132e+003
422	 4.4100000000e+002	-3.70530e+001	 1.09577e+003
423	 4.4200000000e+002	-3.78010e+001	 1.09985e+003
424	 4.4300000000e+002	-3.86653e+001	 1.10353e+003
425	 4.4400000000e+002	-4.03591e+001	 1.10792e+003
426	 4.4500000000e+002	-4.16406e+001	 1.11237e+003
427	 4.4600000000e+002	-4.28588e+001	 1.11589e+003
428	 4.4700000000e+002	-4.35019e+001	 1.12006e+003
429	 4.4800000000e+002	-4.53313e+001	 1.12478e+003
430	 4.4900000000e+002	-4.69855e+001	 1.12871e+003
431	 4.5000000000e+002	-4.82275e+001	 1.13408e+003
432	 4.5100000000e+002	-4.92725e+001	 1.13786e+003
433	 4.5200000000e+002	-4.97880e+001	 1.14141e+003
434	 4.5300000000e+002	-5.16604e+001	 1.14536e+003
435	 4.5400000000e+002	-5.26316e+001	 1.15048e+003
436	 4.5500000000e+002	-5.36065e+001	 1.15485e+003
437	 4.5600000000e+002	-5.49422e+001	 1.15909e+003
438	 4.5700000000e+002	-5.60608e+001	 1.16344e+003
439	 4.5800000000e+002	-5.70499e+001	 1.16827e+003
440	 4.5900000000e+002	-5.84164e+001	 1.17226e+003
441	 4.6000000000e+002	-6.00126e+001	 1.17669e+003
442	 4.6100000000e+002	-6.08156e+001	 1.18160e+003
443	 4.6200000000e+002	-6.14783e+001	 1.18596e+003
444	 4.6300000000e+002	-6.20523e+001	 1.19090e+003
445	 4.6400000000e+002	-6.42957e+001	 1.19501e+003
446	 4.6500000000e+002	-6.40452e+001	 1.19927e+003
447	 4.6600000000e+002	-6.45195e+001	 1.20375e+003
448	 4.6700000000e+002	-6.58127e+001	 1.20880e+003
449	 4.6800000000e+002	-6.65782e+001	 1.21254e+003
450	 4.6900000000e+002	-6.73676e+001	 1.21632e+003
451	 4.7000000000e+002	-6.75243e+001	 1.22098e+003
452	 4.7100000000e+002	-6.82969e+001	 1.22515e+003
453	 4.7200000000e+002	-6.95186e+001	 1.22903e+003
454	 4.7300000000e+002	-7.02143e+001	 1.23347e+003
455	 4.7400000000e+002	-7.08226e+001	 1.23741e+003
456	 4.7500000000e+002	-7.20629e+001	 1.24119e+003
457	 4.7600000000e+002	-7.32336e+001	 1.24530e+003
458	 4.7700000000e+002	-7.39597e+001	 1.24914e+003
459	 4.7800000000e+002	-7.46525e+001	 1.25327e+003
460	 4.7900000000e+002	-7.56501e+001	 1.25776e+003
461	 4.8000000000e+002	-7.68869e+001	 1.26170e+003
462	 4.8100000000e+002	-7.87681e+001	 1.26612e+003
463	 4.8200000000e+002	-8.00900e+001	 1.26985e+003
464	 4.8300000000e+002	-8.08245e+001	 1.27346e+003
465	 4.8400000000e+002	-8.16287e+001	 1.27763e+003
466	 4.8500000000e+002	-8.24785e+001	 1.28206e+003
467	 4.8600000000e+002	-8.38431e+001	 1.28664e+003
468	 4.8700000000e+002	-8.52592e+001	 1.29063e+003
469	 4.8800000000e+002	-8.64786e+001	 1.29437e+003
470	 4.8900000000e+002	-8.77123e+001	 1.29859e+003
471	 4.9000000000e+002	-8.92152e+001	 1.30263e+003
472	 4.9100000000e+002	-8.99058e+001	 1.30667e+003
473	 4.9200000000e+002	-9.08759e+001	 1.31096e+003
474	 4.9300000000e+002	-9.22264e+001	 1.31544e+003
475	 4.9400000000e+002	-9.32885e+001	 1.31981e+003
476	 4.9500000000e+002	-9.43638e+001	 1.32378e+003
477	 4.9600000000e+002	-9.57222e+001	 1.32797e+003
478	 4.9700000000e+002	-9.71021e+001	 1.33231e+003
479	 4.9800000000e+002	-9.81423e+001	 1.33669e+003
480	 4.9900000000e+002	-9.91928e+001	 1.34088e+003
481	 5.0000000000e+002	-1.00253e+002	 1.34512e+003
482	 5.0100000000e+002	-1.01338e+002	 1.34937e+003
483	 5.0200000000e+002	-1.02424e+002	 1.35381e+003
484	 5.0300000000e+002	-1.03548e+002	 1.35833e+003
485	 5.0400000000e+002	-1.04624e+002	 1.36282e+003
486	 5.0500000000e+002	-1.05493e+002	 1.36726e+003
487	 5.0600000000e+002	-1.06309e+002	 1.37151e+003
488	 5.0700000000e+002	-1.07099e+002	 1.37580e+003
489	 5.0800000000e+002	-1.07606e+002	 1.37994e+003
490	 5.0900000000e+002	-1.08210e+002	 1.38396e+003
491	 5.1000000000e+002	-1.08953e+002	 1.38810e+003
492	 5.1100000000e+002	-1.09953e+002	 1.39217e+003
493	 5.1200000000e+002	-1.10967e+002	 1.39621e+003
494	 5.1300000000e+002	-1.11886e+002	 1.40008e+003
495	 5.1400000000e+002	-1.12518e+002	 1.40374e+003
496	 5.1500000000e+002	-1.13147e+002	 1.40750e+003
497	 5.1600000000e+002	-1.14527e+002	 1.41120e+003
498	 5.1700000000e+002	-1.16038e+002	 1.41463e+003
499	 5.1800000000e+002	-1.17870e+002	 1.41821e+003
500	 5.1900000000e+002	-1.19926e+002	 1.42206e+003
501	 5.2000000000e+002	-1.21399e+002	 1.42576e+003
502	 5.2100000000e+002	-1.22839e+002	 1.42956e+003
503	 5.2200000000e+002	-1.24210e+002	 1.43325e+003
504	 5.2300000000e+002	-1.25475e+002	 1.43727e+003
505	 5.2400000000e+002	-1.27204e+002	 1.44184e+003
506	 5.2500000000e+002	-1.29162e+002	 1.44649e+003
507	 5.2600000000e+002	-1.31213e+002	 1.45076e+003
508	 5.2700000000e+002	-1.32820e+002	 1.45481e+003
509	 5.2800000000e+002	-1.34544e+002	 1.45880e+003
510	 5.2900000000e+002	-1.35872e+002	 1.46341e+003
511	 5.3000000000e+002	-1.38027e+002	 1.46764e+003
512	 5.3100000000e+002	-1.40001e+002	 1.47219e+003
513	 5.3200000000e+002	-1.41269e+002	 1.47705e+003
514	 5.3300000000e+002	-1.42107e+002	 1.48133e+003
515	 5.3400000000e+002	-1.44592e+002	 1.48517e+003
516	 5.3500000000e+002	-1.45771e+002	 1.49035e+003
517	 5.3600000000e+002	-1.46653e+002	 1.49488e+003
518	 5.3700000000e+002	-1.48815e+002	 1.49896e+003
519	 5.3800000000e+002	-1.50640e+002	 1.50366e+003
520	 5.3900000000e+002	-1.51471e+002	 1.50823e+003
521	 5.4000000000e+002	-1.52918e+002	 1.51302e+003
522	 5.4100000000e+002	-1.54964e+002	 1.51748e+003
523	 5.4200000000e+002	-1.56328e+002	 1.52229e+003
524	 5.4300000000e+002	-1.57701e+002	 1.52747e+003
525	 5.4400000000e+002	-1.59845e+002	 1.53195e+003
526	 5.4500000000e+002	-1.61747e+002	 1.53666e+003
527	 5.4600000000e+002	-1.62621e+002	 1.54072e+003
528	 5.4700000000e+002	-1.64844e+002	 1.54649e+003
529	 5.4800000000e+002	-1.65105e+002	 1.55128e+003
530	 5.4900000000e+002	-1.67382e+002	 1.55474e+003
531	 5.5000000000e+002	-1.72977e+002	 1.55868e+003
532	 5.5100000000e+002	-1.72280e+002	 1.56442e+003
533	 5.5200000000e+002	-1.71532e+002	 1.56897e+003
534	 5.5300000000e+002	-1.71821e+002	 1.57428e+003
535	 5.5400000000e+002	-1.74047e+002	 1.57868e+003
536	 5.5500000000e+002	-1.75859e+002	 1.58345e+003
537	 5.5600000000e+002	-1.76776e+002	 1.58870e+003
538	 5.5700000000e+002	-1.78317e+002	 1.59368e+003
539	 5.5800000000e+002	-1.80194e+002	 1.59844e+003
540	 5.5900000000e+002	-1.80603e+002	 1.60294e+003
541	 5.6000000000e+002	-1.82073e+002	 1.60900e+003
542	 5.6100000000e+002	-1.83878e+002	 1.61241e+003
543	 5.6200000000e+002	-1.84494e+002	 1.61722e+003
544	 5.6300000000e+002	-1.86416e+002	 1.62204e+003
545	 5.6400000000e+002	-1.86825e+002	 1.62668e+003
546	 5.6500000000e+002	-1.87674e+002	 1.63011e+003
547	 5.6600000000e+002	-1.89490e+002	 1.63543e+003
548	 5.6700000000e+002	-1.90724e+002	 1.64034e+003
549	 5.6800000000e+002	-1.92096e+002	 1.64378e+003
550	 5.6900000000e+002	-1.92649e+002	 1.64924e+003
551	 5.7000000000e+002	-1.95179e+002	 1.65490e+003
552	 5.7100000000e+002	-1.96065e+002	 1.65915e+003
553	 5.7200000000e+002	-1.96753e+002	 1.66404e+003
554	 5.7300000000e+002	-1.97775e+002	 1.66788e+003
555	 5.7400000000e+002	-2.00144e+002	 1.67277e+003
556	 5.7500000000e+002	-2.00353e+002	 1.67874e+003
557	 5.7600000000e+002	-2.01080e+002	 1.68319e+003
558	 5.7700000000e+002	-2.05610e+002	 1.68696e+003
559	 5.7800000000e+002	-2.04600e+002	 1.69230e+003
560	 5.7900000000e+002	-2.07429e+002	 1.69559e+003
561	 5.8000000000e+002	-2.07443e+002	 1.70101e+003
562	 5.8100000000e+002	-2.08985e+002	 1.70654e+003
563	 5.8200000000e+002	-2.10281e+002	 1.71133e+003
564	 5.8300000000e+002	-2.11209e+002	 1.71688e+003
565	 5.8400000000e+002	-2.13988e+002	 1.72136e+003
566	 5.8500000000e+002	-2.13755e+002	 1.72604e+003
567	 5.8600000000e+002	-2.14797e+002	 1.73163e+003
568	 5.8700000000e+002	-2.17655e+002	 1.73734e+003
569	 5.8800000000e+002	-2.18540e+002	 1.74122e+003
570	 5.8900000000e+002	-2.19774e+002	 1.74742e+003
571	 5.9000000000e+002	-2.21090e+002	 1.75204e+003
572	 5.9100000000e+002	-2.21443e+002	 1.75702e+003
573	 5.9200000000e+002	-2.20849e+002	 1.76280e+003
574	 5.9300000000e+002	-2.22960e+002	 1.76634e+003
575	 5.9400000000e+002	-2.25550e+002	 1.77133e+003
576	 5.9500000000e+002	-2.24940e+002	 1.77631e+003
577	 5.9600000000e+002	-2.24430e+002	 1.78300e+003
578	 5.9700000000e+002	-2.26396e+002	 1.78775e+003
579	 5.9800000000e+002	-2.27770e+002	 1.79130e+003
580	 5.9900000000e+002	-2.28549e+002	 1.79691e+003
581	 6.0000000000e+002	-2.28879e+002	 1.80171e+003
582	 6.0100000000e+002	-2.29204e+002	 1.80462e+003
583	 6.0200000000e+002	-2.29063e+002	 1.80971e+003
584	 6.0300000000e+002	-2.29776e+002	 1.81468e+003
585	 6.0400000000e+002	-2.31395e+002	 1.81760e+003
586	 6.0500000000e+002	-2.31080e+002	 1.82231e+003
587	 6.0600000000e+002	-2.30633e+002	 1.82685e+003
588	 6.0700000000e+002	-2.32863e+002	 1.82996e+003
589	 6.0800000000e+002	-2.32812e+002	 1.83352e+003
590	 6.0900000000e+002	-2.33063e+002	 1.83770e+003
591	 6.1000000000e+002	-2.34362e+002	 1.84049e+003
592	 6.1100000000e+002	-2.35859e+002	 1.84379e+003
593	 6.1200000000e+002	-2.38057e+002	 1.84691e+003
594	 6.1300000000e+002	-2.40687e+002	 1.85047e+003
595	 6.1400000000e+002	-2.41486e+002	 1.85467e+003
596	 6.1500000000e+002	-2.41688e+002	 1.85779e+003
597	 6.1600000000e+002	-2.43596e+002	 1.86032e+003
598	 6.1700000000e+002	-2.46668e+002	 1.86475e+003
599	 6.1800000000e+002	-2.49278e+002	 1.86884e+003
600	 6.1900000000e+002	-2.51146e+002	 1.87301e+003
601	 6.2000000000e+002	-2.53907e+002	 1.87663e+003
602	 6.2100000000e+002	-2.56040e+002	 1.88037e+003
603	 6.2200000000e+002	-2.58403e+002	 1.88458e+003
604	 6.2300000000e+002	-2.60946e+002	 1.88862e+003
605	 6.2400000000e+002	-2.63758e+002	 1.89305e+003
606	 6.2500000000e+002	-2.66518e+002	 1.89802e+003
607	 6.2600000000e+002	-2.69564e+002	 1.90310e+003
608	 6.2700000000e+002	-2.72185e+002	 1.90828e+003
609	 6.2800000000e+002	-2.74328e+002	 1.91227e+003
610	 6.2900000000e+002	-2.76600e+002	 1.91655e+003
611	 6.3000000000e+002	-2.79439e+002	 1.92143e+003
612	 6.3100000000e+002	-2.82296e+002	 1.92637e+003
613	 6.3200000000e+002	-2.84367e+002	 1.93161e+003
614	 6.3300000000e+002	-2.86778e+002	 1.93688e+003
615	 6.3400000000e+002	-2.89724e+002	 1.94200e+003
616	 6.3500000000e+002	-2.92347e+002	 1.94706e+003
617	 6.3600000000e+002	-2.95300e+002	 1.95270e+003
618	 6.3700000000e+002	-2.97601e+002	 1.95813e+003
619	 6.3800000000e+002	-3.00138e+002	 1.96340e+003
620	 6.3900000000e+002	-3.02710e+002	 1.96917e+003
621	 6.4000000000e+002	-3.05453e+002	 1.97516e+003
622	 6.4100000000e+002	-3.07658e+002	 1.98045e+003
623	 6.4200000000e+002	-3.09556e+002	 1.98599e+003
624	 6.4300000000e+002	-3.11446e+002	 1.99169e+003
625	 6.4400000000e+002	-3.13286e+002	 1.99763e+003
626	 6.4500000000e+002	-3.15409e+002	 2.00338e+003
627	 6.4600000000e+002	-3.17804e+002	 2.00949e+003
628	 6.4700000000e+002	-3.19782e+002	 2.01545e+003
629	 6.4800000000e+002	-3.21888e+002	 2.02128e+003
630	 6.4900000000e+002	-3.23652e+002	 2.02723e+003
631	 6.5000000000e+002	-3.25924e+002	 2.03340e+003
632	 6.5100000000e+002	-3.27699e+002	 2.03989e+003
633	 6.5200000000e+002	-3.29412e+002	 2.04558e+003
634	 6.5300000000e+002	-3.31513e+002	 2.05125e+003
635	 6.5400000000e+002	-3.32780e+002	 2.05701e+003
636	 6.5500000000e+002	-3.34453e+002	 2.06301e+003
637	 6.5600000000e+002	-3.36730e+002	 2.06905e+003
638	 6.5700000000e+002	-3.38389e+002	 2.07458e+003
639	 6.5800000000e+002	-3.39828e+002	 2.08037e+003
640	 6.5900000000e+002	-3.41880e+002	 2.08651e+003
641	 6.6000000000e+002	-3.43629e+002	 2.09343e+003
642	 6.6100000000e+002	-3.45606e+002	 2.09940e+003
643	 6.6200000000e+002	-3.47699e+002	 2.10563e+003
644	 6.6300000000e+002	-3.48908e+002	 2.11225e+003
645	 6.6400000000e+002	-3.48970e+002	 2.11845e+003
646	 6.6500000000e+002	-3.50689e+002	 2.12498e+003
647	 6.6600000000e+002	-3.53251e+002	 2.13131e+003
648	 6.6700000000e+002	-3.55418e+002	 2.13700e+003
649	 6.6800000000e+002	-3.55938e+002	 2.14307e+003
650	 6.6900000000e+002	-3.57166e+002	 2.15039e+003
651	 6.7000000000e+002	-3.58626e+002	 2.15608e+003
652	 6.7100000000e+002	-3.59836e+002	 2.16213e+003
653	 6.7200000000e+002	-3.60860e+002	 2.16904e+003
654	 6.7300000000e+002	-3.61692e+002	 2.17515e+003
655	 6.7400000000e+002	-3.61980e+002	 2.18141e+003
656	 6.7500000000e+002	-3.62894e+002	 2.18775e+003
657	 6.7600000000e+002	-3.64972e+002	 2.19598e+003
658	 6.7700000000e+002	-3.67247e+002	 2.20376e+003
659	 6.7800000000e+002	-3.67908e+002	 2.20944e+003
660	 6.7900000000e+002	-3.68190e+002	 2.21506e+003
661	 6.8000000000e+002	-3.67372e+002	 2.22061e+003
662	 6.8100000000e+002	-3.69619e+002	 2.22805e+003
663	 6.8200000000e+002	-3.69903e+002	 2.23465e+003
664	 6.8300000000e+002	-3.70552e+002	 2.23973e+003
665	 6.8400000000e+002	-3.72999e+002	 2.24541e+003
666	 6.8500000000e+002	-3.73136e+002	 2.25282e+003
667	 6.8600000000e+002	-3.72407e+002	 2.26035e+003
668	 6.8700000000e+002	-3.73503e+002	 2.26640e+003
669	 6.8800000000e+002	-3.75600e+002	 2.27169e+003
670	 6.8900000000e+002	-3.75174e+002	 2.27883e+003
671	 6.9000000000e+002	-3.74691e+002	 2.28646e+003
672	 6.9100000000e+002	-3.77286e+002	 2.29043e+003
673	 6.9200000000e+002	-3.76921e+002	 2.29669e+003
674	 6.9300000000e+002	-3.76677e+002	 2.30112e+003
675	 6.9400000000e+002	-3.77327e+002	 2.30840e+003
676	 6.9500000000e+002	-3.77756e+002	 2.31590e+003
677	 6.9600000000e+002	-3.78418e+002	 2.32442e+003
678	 6.9700000000e+002	-3.78449e+002	 2.33221e+003
679	 6.9800000000e+002	-3.79529e+002	 2.33482e+003
680	 6.9900000000e+002	-3.78946e+002	 2.33874e+003
681	 7.0000000000e+002	-3.79703e+002	 2.34895e+003
682	 7.0100000000e+002	-3.79055e+002	 2.35604e+003
683	 7.0200000000e+002	-3.80579e+002	 2.36194e+003
684	 7.0300000000e+002	-3.79910e+002	 2.36764e+003
685	 7.0400000000e+002	-3.81395e+002	 2.37288e+003
686	 7.0500000000e+002	-3.80159e+002	 2.37792e+003
687	 7.0600000000e+002	-3.81258e+002	 2.38479e+003
688	 7.0700000000e+002	-3.82337e+002	 2.38814e+003
689	 7.0800000000e+002	-3.80238e+002	 2.39877e+003
690	 7.0900000000e+002	-3.81668e+002	 2.40323e+003
691	 7.1000000000e+002	-3.83091e+002	 2.40941e+003
692	 7.1100000000e+002	-3.79459e+002	 2.41768e+003
693	 7.1200000000e+002	-3.79856e+002	 2.42312e+003
694	 7.1300000000e+002	-3.80821e+002	 2.42668e+003
695	 7.1400000000e+002	-3.81173e+002	 2.43602e+003
696	 7.1500000000e+002	-3.79632e+002	 2.43945e+003
697	 7.1600000000e+002	-3.80349e+002	 2.44526e+003
698	 7.1700000000e+002	-3.79512e+002	 2.45148e+003
699	 7.1800000000e+002	-3.78262e+002	 2.45914e+003
700	 7.1900000000e+002	-3.75048e+002	 2.46468e+003
701	 7.2000000000e+002	-3.76065e+002	 2.46921e+003
702	 7.2100000000e+002	-3.74799e+002	 2.47784e+003
703	 7.2200000000e+002	-3.76351e+002	 2.47906e+003
704	 7.2300000000e+002	-3.72589e+002	 2.48737e+003
705	 7.2400000000e+002	-3.74327e+002	 2.49298e+003
706	 7.2500000000e+002	-3.72117e+002	 2.49970e+003
707	 7.2600000000e+002	-3.69162e+002	 2.50619e+003
708	 7.2700000000e+002	-3.66462e+002	 2.50947e+003
709	 7.2800000000e+002	-3.67720e+002	 2.51542e+003
710	 7.2900000000e+002	-3.67551e+002	 2.52172e+003
711	 7.3000000000e+002	-3.66585e+002	 2.52772e+003
712	 7.3100000000e+002	-3.65908e+002	 2.53091e+003
713	 7.3200000000e+002	-3.63827e+002	 2.53627e+003
714	 7.3300000000e+002	-3.64613e+002	 2.54025e+003
715	 7.3400000000e+002	-3.64782e+002	 2.54311e+003
716	 7.3500000000e+002	-3.62894e+002	 2.54696e+003
717	 7.3600000000e+002	-3.60878e+002	 2.55473e+003
718	 7.3700000000e+002	-3.60996e+002	 2.55953e+003
719	 7.3800000000e+002	-3.58639e+002	 2.56049e+003
720	 7.3900000000e+002	-3.58648e+002	 2.56536e+003
721	 7.4000000000e+002	-3.58236e+002	 2.56900e+003
722	 7.4100000000e+002	-3.56086e+002	 2.57184e+003
723	 7.4200000000e+002	-3.56659e+002	 2.57601e+003
724	 7.4300000000e+002	-3.57703e+002	 2.58105e+003
725	 7.4400000000e+002	-3.59157e+002	 2.58538e+003
726	 7.4500000000e+002	-3.62046e+002	 2.58903e+003
727	 7.4600000000e+002	-3.63190e+002	 2.59158e+003
728	 7.4700000000e+002	-3.62203e+002	 2.59436e+003
729	 7.4800000000e+002	-3.61744e+002	 2.59969e+003
730	 7.4900000000e+002	-3.62582e+002	 2.60420e+003
731	 7.5000000000e+002	-3.64953e+002	 2.61148e+003
732	 7.5100000000e+002	-3.66612e+002	 2.61694e+003
733	 7.5200000000e+002	-3.69331e+002	 2.62100e+003
734	 7.5300000000e+002	-3.71856e+002	 2.62434e+003
735	 7.5400000000e+002	-3.73441e+002	 2.62836e+003
736	 7.5500000000e+002	-3.75582e+002	 2.63378e+003
737	 7.5600000000e+002	-3.77919e+002	 2.63907e+003
738	 7.5700000000e+002	-3.79658e+002	 2.64486e+003
739	 7.5800000000e+002	-3.81378e+002	 2.65001e+003
740	 7.5900000000e+002	-3.83038e+002	 2.65485e+003
741	 7.6000000000e+002	-3.82913e+002	 2.66161e+003
742	 7.6100000000e+002	-3.83901e+002	 2.66863e+003
743	 7.6200000000e+002	-3.84734e+002	 2.67535e+003
744	 7.6300000000e+002	-3.85192e+002	 2.68076e+003
745	 7.6400000000e+002	-3.86583e+002	 2.68686e+003
746	 7.6500000000e+002	-3.87877e+002	 2.69430e+003
747	 7.6600000000e+002	-3.88469e+002	 2.70023e+003
748	 7.6700000000e+002	-3.88719e+002	 2.70746e+003
749	 7.6800000000e+002	-3.88489e+002	 2.71393e+003
750	 7.6900000000e+002	-3.89160e+002	 2.72000e+003
751	 7.7000000000e+002	-3.90933e+002	 2.72822e+003
752	 7.7100000000e+002	-3.91208e+002	 2.73453e+003
753	 7.7200000000e+002	-3.91220e+002	 2.74070e+003
754	 7.7300000000e+002	-3.90813e+002	 2.74705e+003
755	 7.7400000000e+002	-3.91059e+002	 2.75352e+003
756	 7.7500000000e+002	-3.90175e+002	 2.76099e+003
757	 7.7600000000e+002	-3.90055e+002	 2.76810e+003
758	 7.7700000000e+002	-3.89843e+002	 2.77494e+003
759	 7.7800000000e+002	-3.89469e+002	 2.78069e+003
760	 7.7900000000e+002	-3.89954e+002	 2.78722e+003
761	 7.8000000000e+002	-3.89722e+002	 2.79405e+003
762	 7.8100000000e+002	-3.89163e+002	 2.80053e+003
763	 7.8200000000e+002	-3.88301e+002	 2.80657e+003
764	 7.8300000000e+002	-3.87408e+002	 2.81369e+003
765	 7.8400000000e+002	-3.87384e+002	 2.81961e+003
766	 7.8500000000e+002	-3.85215e+002	 2.82614e+003
767	 7.8600000000e+002	-3.86094e+002	 2.83265e+003
768	 7.8700000000e+002	-3.83744e+002	 2.83942e+003
769	 7.8800000000e+002	-3.83507e+002	 2.84502e+003
770	 7.8900000000e+002	-3.83010e+002	 2.85102e+003
771	 7.9000000000e+002	-3.80574e+002	 2.85827e+003
772	 7.9100000000e+002	-3.81369e+002	 2.86421e+003
773	 7.9200000000e+002	-3.78983e+002	 2.87167e+003
774	 7.9300000000e+002	-3.77981e+002	 2.87928e+003
775	 7.9400000000e+002	-3.79463e+002	 2.88408e+003
776	 7.9500000000e+002	-3.76387e+002	 2.89151e+003
777	 7.9600000000e+002	-3.73091e+002	 2.89811e+003
778	 7.9700000000e+002	-3.74835e+002	 2.90095e+003
779	 7.9800000000e+002	-3.73304e+002	 2.90815e+003
780	 7.9900000000e+002	-3.70114e+002	 2.91744e+003
781	 8.0000000000e+002	-3.70676e+002	 2.92302e+003
782	 8.0100000000e+002	-3.71388e+002	 2.92774e+003
783	 8.0200000000e+002	-3.67044e+002	 2.93513e+003
784	 8.0300000000e+002	-3.64033e+002	 2.94431e+003
785	 8.0400000000e+002	-3.63346e+002	 2.94765e+003
786	 8.0500000000e+002	-3.65174e+002	 2.94981e+003
787	 8.0600000000e+002	-3.63125e+002	 2.95562e+003
788	 8.0700000000e+002	-3.58824e+002	 2.96437e+003
789	 8.0800000000e+002	-3.54256e+002	 2.97273e+003
790	 8.0900000000e+002	-3.51688e+002	 2.97825e+003
791	 8.1000000000e+002	-3.55515e+002	 2.98062e+003
792	 8.1100000000e+002	-3.58438e+002	 2.98640e+003
793	 8.1200000000e+002	-3.53607e+002	 2.99414e+003
794	 8.1300000000e+002	-3.46980e+002	 3.00317e+003
795	 8.1400000000e+002	-3.44588e+002	 3.00762e+003
796	 8.1500000000e+002	-3.45241e+002	 3.01467e+003
797	 8.1600000000e+002	-3.44874e+002	 3.02105e+003
798	 8.1700000000e+002	-3.43105e+002	 3.01940e+003
799	 8.1800000000e+002	-3.42840e+002	 3.02098e+003
800	 8.1900000000e+002	-3.44118e+002	 3.02818e+003
801	 8.2000000000e+002	-3.43233e+002	 3.03481e+003
802	 8.2100000000e+002	-3.37722e+002	 3.04085e+003
803	 8.2200000000e+002	-3.37150e+002	 3.04204e+003
804	 8.2300000000e+002	-3.35235e+002	 3.04943e+003
805	 8.2400000000e+002	-3.33960e+002	 3.05821e+003
806	 8.2500000000e+002	-3.31386e+002	 3.06136e+003
807	 8.2600000000e+002	-3.29492e+002	 3.06875e+003
808	 8.2700000000e+002	-3.28686e+002	 3.07436e+003
809	 8.2800000000e+002	-3.30540e+002	 3.07302e+003
810	 8.2900000000e+002	-3.26662e+002	 3.07920e+003
811	 8.3000000000e+002	-3.23466e+002	 3.08742e+003
812	 8.3100000000e+002	-3.19938e+002	 3.08881e+003
813	 8.3200000000e+002	-3.18082e+002	 3.09276e+003
814	 8.3300000000e+002	-3.09967e+002	 3.10747e+003
815	 8.3400000000e+002	-3.06073e+002	 3.11513e+003
816	 8.3500000000e+002	-3.03963e+002	 3.12221e+003
817	 8.3600000000e+002	-3.03404e+002	 3.13356e+003
818	 8.3700000000e+002	-3.00011e+002	 3.13546e+003
819	 8.3800000000e+002	-3.04366e+002	 3.13351e+003
820	 8.3900000000e+002	-3.04547e+002	 3.13461e+003
821	 8.4000000000e+002	-3.04785e+002	 3.13371e+003
822	 8.4100000000e+002	-3.04361e+002	 3.14357e+003
823	 8.4200000000e+002	-2.91703e+002	 3.16188e+003
824	 8.4300000000e+002	-2.83141e+002	 3.16862e+003
825	 8.4400000000e+002	-2.90982e+002	 3.16326e+003
826	 8.4500000000e+002	-2.96665e+002	 3.16102e+003
827	 8.4600000000e+002	-2.94013e+002	 3.16649e+003
828	 8.4700000000e+002	-2.84440e+002	 3.18277e+003
829	 8.4800000000e+002	-2.81310e+002	 3.18969e+003
830	 8.4900000000e+002	-2.91185e+002	 3.18480e+003
831	 8.5000000000e+002	-2.89727e+002	 3.18370e+003
832	 8.5100000000e+002	-2.78581e+002	 3.20360e+003
833	 8.5200000000e+002	-2.76099e+002	 3.21604e+003
834	 8.5300000000e+002	-2.89697e+002	 3.20655e+003
835	 8.5400000000e+002	-2.81483e+002	 3.21588e+003
836	 8.5500000000e+002	-2.67178e+002	 3.22802e+003
837	 8.5600000000e+002	-2.81330e+002	 3.22553e+003
838	 8.5700000000e+002	-2.75311e+002	 3.23051e+003
839	 8.5800000000e+002	-2.61896e+002	 3.24466e+003
840	 8.5900000000e+002	-2.73759e+002	 3.24237e+003
841	 8.6000000000e+002	-2.69136e+002	 3.25055e+003
842	 8.6100000000e+002	-2.60905e+002	 3.25885e+003
843	 8.6200000000e+002	-2.76587e+002	 3.25658e+003
844	 8.6300000000e+002	-2.56510e+002	 3.27241e+003
845	 8.6400000000e+002	-2.58393e+002	 3.27291e+003
846	 8.6500000000e+002	-2.57595e+002	 3.27763e+003
847	 8.6600000000e+002	-2.42558e+002	 3.28626e+003
848	 8.6700000000e+002	-2.62071e+002	 3.29279e+003
849	 8.6800000000e+002	-2.43884e+002	 3.30099e+003
850	 8.6900000000e+002	-2.53907e+002	 3.30427e+003
851	 8.7000000000e+002	-2.43937e+002	 3.30680e+003
852	 8.7100000000e+002	-2.47089e+002	 3.31914e+003
853	 8.7200000000e+002	-2.32462e+002	 3.32471e+003
854	 8.7300000000e+002	-2.36787e+002	 3.32814e+003
855	 8.7400000000e+002	-2.33980e+002	 3.33135e+003
856	 8.7500000000e+002	-2.34333e+002	 3.33929e+003
857	 8.7600000000e+002	-2.23809e+002	 3.34286e+003
858	 8.7700000000e+002	-2.28078e+002	 3.34849e+003
859	 8.7800000000e+002	-2.19186e+002	 3.35286e+003
860	 8.7900000000e+002	-2.17904e+002	 3.36118e+003
861	 8.8000000000e+002	-2.09886e+002	 3.36297e+003
862	 8.8100000000e+002	-2.09324e+002	 3.37053e+003
863	 8.8200000000e+002	-2.05300e+002	 3.37551e+003
864	 8.8300000000e+002	-2.00958e+002	 3.37956e+003
865	 8.8400000000e+002	-2.01535e+002	 3.38148e+003
866	 8.8500000000e+002	-2.01629e+002	 3.38324e+003
867	 8.8600000000e+002	-1.99069e+002	 3.39072e+003
868	 8.8700000000e+002	-1.94904e+002	 3.39819e+003
869	 8.8800000000e+002	-1.92165e+002	 3.40501e+003
870	 8.8900000000e+002	-1.91740e+002	 3.41110e+003
871	 8.9000000000e+002	-1.91190e+002	 3.41777e+003
872	 8.9100000000e+002	-1.84930e+002	 3.42080e+003
873	 8.9200000000e+002	-1.84068e+002	 3.42502e+003
874	 8.9300000000e+002	-1.84844e+002	 3.43412e+003
875	 8.9400000000e+002	-1.84494e+002	 3.44576e+003
876	 8.9500000000e+002	-1.82755e+002	 3.45073e+003
877	 8.9600000000e+002	-1.75574e+002	 3.44953e+003
878	 8.9700000000e+002	-1.71303e+002	 3.45579e+003
879	 8.9800000000e+002	-1.67595e+002	 3.46481e+003
880	 8.9900000000e+002	-1.67540e+002	 3.47505e+003
881	 9.0000000000e+002	-1.62914e+002	 3.48255e+003
882	 9.0100000000e+002	-1.58808e+002	 3.48795e+003
883	 9.0200000000e+002	-1.55968e+002	 3.49776e+003
884	 9.0300000000e+002	-1.47908e+002	 3.50559e+003
885	 9.0400000000e+002	-1.41902e+002	 3.51248e+003
886	 9.0500000000e+002	-1.37078e+002	 3.51946e+003
887	 9.0600000000e+002	-1.32762e+002	 3.52765e+003
888	 9.0700000000e+002	-1.28070e+002	 3.53273e+003
889	 9.0800000000e+002	-1.22380e+002	 3.53682e+003
890	 9.0900000000e+002	-1.14872e+002	 3.54489e+003
891	 9.1000000000e+002	-1.08848e+002	 3.55194e+003
892	 9.1100000000e+002	-1.04135e+002	 3.56027e+003
893	 9.1200000000e+002	-9.61200e+001	 3.56403e+003
894	 9.1300000000e+002	-9.07917e+001	 3.56968e+003
895	 9.1400000000e+002	-8.28138e+001	 3.57320e+003
896	 9.1500000000e+002	-7.57978e+001	 3.57992e+003
897	 9.1600000000e+002	-6.71328e+001	 3.58612e+003
898	 9.1700000000e+002	-5.99400e+001	 3.59374e+003
899	 9.1800000000e+002	-5.24522e+001	 3.59712e+003
900	 9.1900000000e+002	-4.55544e+001	 3.60151e+003
901	 9.2000000000e+002	-3.96308e+001	 3.60682e+003
902	 9.2100000000e+002	-3.11478e+001	 3.61006e+003
903	 9.2200000000e+002	-2.89246e+001	 3.61599e+003
904	 9.2300000000e+002	-2.10611e+001	 3.62083e+003
905	 9.2400000000e+002	-1.27531e+001	 3.62570e+003
906	 9.2500000000e+002	-4.10213e+000	 3.62862e+003
907	 9.2600000000e+002	 7.07364e+000	 3.63343e+003
908	 9.2700000000e+002	 1.33116e+001	 3.63872e+003
909	 9.2800000000e+002	 2.31445e+001	 3.64374e+003
910	 9.2900000000e+002	 3.24821e+001	 3.64722e+003
911	 9.3000000000e+002	 4.10157e+001	 3.64827e+003
912	 9.3100000000e+002	 5.40088e+001	 3.65132e+003
913	 9.3200000000e+002	 6.21697e+001	 3.65489e+003
914	 9.3300000000e+002	 6.80216e+001	 3.65592e+003
915	 9.3400000000e+002	 7.77376e+001	 3.65880e+003
916	 9.3500000000e+002	 8.96407e+001	 3.66102e+003
917	 9.3600000000e+002	 9.58666e+001	 3.66155e+003
918	 9.3700000000e+002	 1.05597e+002	 3.66177e+003
919	 9.3800000000e+002	 1.17360e+002	 3.66596e+003
920	 9.3900000000e+002	 1.27880e+002	 3.66267e+003
921	 9.4000000000e+002	 1.38208e+002	 3.65983e+003
922	 9.4100000000e+002	 1.52183e+002	 3.66290e+003
923	 9.4200000000e+002	 1.65739e+002	 3.66018e+003
924	 9.4300000000e+002	 1.71042e+002	 3.65231e+003
925	 9.4400000000e+002	 1.76128e+002	 3.65004e+003
926	 9.4500000000e+002	 1.88560e+002	 3.64905e+003
927	 9.4600000000e+002	 1.98794e+002	 3.64556e+003
928	 9.4700000000e+002	 2.05285e+002	 3.64354e+003
929	 9.4800000000e+002	 2.15692e+002	 3.64003e+003
930	 9.4900000000e+002	 2.20125e+002	 3.63447e+003
931	 9.5000000000e+002	 2.25964e+002	 3.62966e+003
932	 9.5100000000e+002	 2.33525e+002	 3.62436e+003
933	 9.5200000000e+002	 2.42656e+002	 3.61805e+003
934	 9.5300000000e+002	 2.50282e+002	 3.61202e+003
935	 9.5400000000e+002	 2.57272e+002	 3.60839e+003
936	 9.5500000000e+002	 2.58944e+002	 3.60216e+003
937	 9.5600000000e+002	 2.57449e+002	 3.59050e+003
938	 9.5700000000e+002	 2.58837e+002	 3.58358e+003
939	 9.5800000000e+002	 2.61960e+002	 3.57771e+003
940	 9.5900000000e+002	 2.62732e+002	 3.57625e+003
941	 9.6000000000e+002	 2.71693e+002	 3.56891e+003
942	 9.6100000000e+002	 2.79378e+002	 3.56760e+003
943	 9.6200000000e+002	 2.88274e+002	 3.56833e+003
944	 9.6300000000e+002	 2.91977e+002	 3.56412e+003
945	 9.6400000000e+002	 2.92160e+002	 3.55358e+003
946	 9.6500000000e+002	 2.96391e+002	 3.54560e+003
947	 9.6600000000e+002	 3.00490e+002	 3.54455e+003
948	 9.6700000000e+002	 2.95802e+002	 3.53585e+003
949	 9.6800000000e+002	 2.99778e+002	 3.52214e+003
950	 9.6900000000e+002	 3.01879e+002	 3.50793e+003
951	 9.7000000000e+002	 3.03154e+002	 3.49899e+003
952	 9.7100000000e+002	 2.98487e+002	 3.49749e+003
953	 9.7200000000e+002	 2.86211e+002	 3.48495e+003
954	 9.7300000000e+002	 2.76123e+002	 3.48048e+003
955	 9.7400000000e+002	 2.62735e+002	 3.47362e+003
956	 9.7500000000e+002	 2.57319e+002	 3.46408e+003
957	 9.7600000000e+002	 2.50488e+002	 3.45689e+003
958	 9.7700000000e+002	 2.37972e+002	 3.45381e+003
959	 9.7800000000e+002	 2.26257e+002	 3.45720e+003
960	 9.7900000000e+002	 2.13907e+002	 3.46077e+003
961	 9.8000000000e+002	 2.14144e+002	 3.45800e+003
962	 9.8100000000e+002	 2.12128e+002	 3.46646e+003
963	 9.8200000000e+002	 2.18381e+002	 3.48073e+003
964	 9.8300000000e+002	 2.16692e+002	 3.48975e+003
965	 9.8400000000e+002	 2.12164e+002	 3.48760e+003
966	 9.8500000000e+002	 2.05470e+002	 3.48277e+003
967	 9.8600000000e+002	 1.98002e+002	 3.48158e+003
968	 9.8700000000e+002	 1.89843e+002	 3.48594e+003
969	 9.8800000000e+002	 1.94136e+002	 3.49811e+003
970	 9.8900000000e+002	 2.07835e+002	 3.51183e+003
971	 9.9000000000e+002	 1.97732e+002	 3.51161e+003
972	 9.9100000000e+002	 1.83938e+002	 3.51411e+003
973	 9.9200000000e+002	 1.87960e+002	 3.51359e+003
974	 9.9300000000e+002	 1.98970e+002	 3.51305e+003
975	 9.9400000000e+002	 2.08337e+002	 3.51902e+003
976	 9.9500000000e+002	 2.09232e+002	 3.51837e+003
977	 9.9600000000e+002	 1.99583e+002	 3.51295e+003
978	 9.9700000000e+002	 2.08535e+002	 3.51104e+003
979	 9.9800000000e+002	 2.24015e+002	 3.51696e+003
980	 9.9900000000e+002	 2.11377e+002	 3.51603e+003
981	 1.0000000000e+003	 1.90921e+002	 3.50982e+003
982	 1.0010000000e+003	 2.12127e+002	 3.51002e+003
983	 1.0020000000e+003	 2.17190e+002	 3.50759e+003
984	 1.0030000000e+003	 1.94121e+002	 3.49132e+003
985	 1.0040000000e+003	 1.97977e+002	 3.48867e+003
986	 1.0050000000e+003	 2.00381e+002	 3.48994e+003
987	 1.0060000000e+003	 1.75343e+002	 3.48399e+003
988	 1.0070000000e+003	 1.74639e+002	 3.48778e+003
989	 1.0080000000e+003	 1.62492e+002	 3.48826e+003
990	 1.0090000000e+003	 1.31765e+002	 3.49279e+003
991	 1.0100000000e+003	 1.43339e+002	 3.50022e+003
992	 1.0110000000e+003	 1.31065e+002	 3.51389e+003
993	 1.0120000000e+003	 1.09983e+002	 3.52781e+003
994	 1.0130000000e+003	 1.19219e+002	 3.53677e+003
995	 1.0140000000e+003	 1.01825e+002	 3.55216e+003
996	 1.0150000000e+003	 1.18013e+002	 3.56265e+003
997	 1.0160000000e+003	 1.21264e+002	 3.56638e+003
998	 1.0170000000e+003	 1.11271e+002	 3.58187e+003
999	 1.0180000000e+003	 1.15976e+002	 3.58693e+003
1000	 1.0190000000e+003	 1.19820e+002	 3.60768e+003
1001	 1.0200000000e+003	 1.35639e+002	 3.60786e+003
1002	 1.0210000000e+003	 1.27881e+002	 3.61419e+003
1003	 1.0220000000e+003	 1.38092e+002	 3.61737e+003
1004	 1.0230000000e+003	 1.34070e+002	 3.63216e+003
1005	 1.0240000000e+003	 1.44264e+002	 3.63184e+003
1006	 1.0250000000e+003	 1.46142e+002	 3.63737e+003
1007	 1.0260000000e+003	 1.55575e+002	 3.63850e+003
1008	 1.0270000000e+003	 1.45358e+002	 3.64736e+003
1009	 1.0280000000e+003	 1.60376e+002	 3.64998e+003
1010	 1.0290000000e+003	 1.66746e+002	 3.66179e+003
1011	 1.0300000000e+003	 1.57012e+002	 3.66923e+003
1012	 1.0310000000e+003	 1.59227e+002	 3.68148e+003
1013	 1.0320000000e+003	 1.69161e+002	 3.68450e+003
1014	 1.0330000000e+003	 1.80270e+002	 3.68863e+003
1015	 1.0340000000e+003	 1.85126e+002	 3.69777e+003
1016	 1.0350000000e+003	 1.94187e+002	 3.69945e+003
1017	 1.0360000000e+003	 1.97257e+002	 3.69991e+003
1018	 1.0370000000e+003	 2.06420e+002	 3.70159e+003
1019	 1.0380000000e+003	 2.19055e+002	 3.70323e+003
1020	 1.0390000000e+003	 2.26468e+002	 3.70396e+003
1021	 1.0400000000e+003	 2.28603e+002	 3.70827e+003
1022	 1.0410000000e+003	 2.38697e+002	 3.70848e+003
1023	 1.0420000000e+003	 2.51341e+002	 3.71253e+003
1024	 1.0430000000e+003	 2.56037e+002	 3.71157e+003
1025	 1.0440000000e+003	 2.62383e+002	 3.70649e+003
1026	 1.0450000000e+003	 2.67940e+002	 3.70918e+003
1027	 1.0460000000e+003	 2.77211e+002	 3.70704e+003
1028	 1.0470000000e+003	 2.84620e+002	 3.70232e+003
1029	 1.0480000000e+003	 2.92062e+002	 3.70020e+003
1030	 1.0490000000e+003	 2.93366e+002	 3.69325e+003
1031	 1.0500000000e+003	 2.96298e+002	 3.68754e+003
1032	 1.0510000000e+003	 3.01090e+002	 3.68639e+003
1033	 1.0520000000e+003	 3.03671e+002	 3.68488e+003
1034	 1.0530000000e+003	 3.03552e+002	 3.67876e+003
1035	 1.0540000000e+003	 3.06680e+002	 3.66890e+003
1036	 1.0550000000e+003	 3.09825e+002	 3.66915e+003
1037	 1.0560000000e+003	 3.11386e+002	 3.66299e+003
1038	 1.0570000000e+003	 3.12335e+002	 3.65914e+003
1039	 1.0580000000e+003	 3.14160e+002	 3.65846e+003
1040	 1.0590000000e+003	 3.15261e+002	 3.65589e+003
1041	 1.0600000000e+003	 3.15301e+002	 3.65370e+003
1042	 1.0610000000e+003	 3.15574e+002	 3.65025e+003
1043	 1.0620000000e+003	 3.17742e+002	 3.64630e+003
1044	 1.0630000000e+003	 3.16767e+002	 3.64338e+003
1045	 1.0640000000e+003	 3.12981e+002	 3.64274e+003
1046	 1.0650000000e+003	 3.09738e+002	 3.64091e+003
1047	 1.0660000000e+003	 3.09679e+002	 3.64015e+003
1048	 1.0670000000e+003	 3.12445e+002	 3.63823e+003
1049	 1.0680000000e+003	 3.13457e+002	 3.63532e+003
1050	 1.0690000000e+003	 3.14411e+002	 3.62991e+003
1051	 1.0700000000e+003	 3.13627e+002	 3.62122e+003
1052	 1.0710000000e+003	 3.10500e+002	 3.61944e+003
1053	 1.0720000000e+003	 3.07005e+002	 3.61535e+003
1054	 1.0730000000e+003	 3.05895e+002	 3.61057e+003
1055	 1.0740000000e+003	 3.04135e+002	 3.60726e+003
1056	 1.0750000000e+003	 3.02378e+002	 3.60282e+003
1057	 1.0760000000e+003	 3.01846e+002	 3.60292e+003
1058	 1.0770000000e+003	 2.95091e+002	 3.60068e+003
1059	 1.0780000000e+003	 2.88579e+002	 3.59537e+003
1060	 1.0790000000e+003	 2.84173e+002	 3.59643e+003
1061	 1.0800000000e+003	 2.83614e+002	 3.60458e+003
1062	 1.0810000000e+003	 2.79202e+002	 3.60207e+003
1063	 1.0820000000e+003	 2.73184e+002	 3.58986e+003
1064	 1.0830000000e+003	 2.69601e+002	 3.59058e+003
1065	 1.0840000000e+003	 2.63870e+002	 3.59182e+003
1066	 1.0850000000e+003	 2.58707e+002	 3.59475e+003
1067	 1.0860000000e+003	 2.52948e+002	 3.60157e+003
1068	 1.0870000000e+003	 2.45821e+002	 3.60467e+003
1069	 1.0880000000e+003	 2.45386e+002	 3.59896e+003
1070	 1.0890000000e+003	 2.48298e+002	 3.59802e+003
1071	 1.0900000000e+003	 2.47670e+002	 3.59855e+003
1072	 1.0910000000e+003	 2.38912e+002	 3.59318e+003
1073	 1.0920000000e+003	 2.36615e+002	 3.58883e+003
1074	 1.0930000000e+003	 2.31121e+002	 3.59706e+003
1075	 1.0940000000e+003	 2.21369e+002	 3.59684e+003
1076	 1.0950000000e+003	 2.13791e+002	 3.60060e+003
1077	 1.0960000000e+003	 2.07151e+002	 3.60601e+003
1078	 1.0970000000e+003	 2.04415e+002	 3.60706e+003
1079	 1.0980000000e+003	 1.96453e+002	 3.60749e+003
1080	 1.0990000000e+003	 1.89878e+002	 3.60977e+003
1081	 1.1000000000e+003	 1.85854e+002	 3.61550e+003
1082	 1.1010000000e+003	 1.80761e+002	 3.62505e+003
1083	 1.1020000000e+003	 1.68424e+002	 3.63242e+003
1084	 1.1030000000e+003	 1.67523e+002	 3.63592e+003
1085	 1.1040000000e+003	 1.52598e+002	 3.64167e+003
1086	 1.1050000000e+003	 1.46589e+002	 3.63956e+003
1087	 1.1060000000e+003	 1.47196e+002	 3.64989e+003
1088	 1.1070000000e+003	 1.47550e+002	 3.67391e+003
1089	 1.1080000000e+003	 1.43993e+002	 3.68324e+003
1090	 1.1090000000e+003	 1.46442e+002	 3.68239e+003
1091	 1.1100000000e+003	 1.52534e+002	 3.68839e+003
1092	 1.1110000000e+003	 1.48270e+002	 3.70047e+003
1093	 1.1120000000e+003	 1.48243e+002	 3.71814e+003
1094	 1.1130000000e+003	 1.51358e+002	 3.72968e+003
1095	 1.1140000000e+003	 1.59276e+002	 3.73673e+003
1096	 1.1150000000e+003	 1.75763e+002	 3.74252e+003
1097	 1.1160000000e+003	 1.85856e+002	 3.74862e+003
1098	 1.1170000000e+003	 1.92533e+002	 3.74640e+003
1099	 1.1180000000e+003	 1.95625e+002	 3.75109e+003
1100	 1.1190000000e+003	 2.09816e+002	 3.76038e+003
1101	 1.1200000000e+003	 2.23498e+002	 3.75106e+003
1102	 1.1210000000e+003	 2.25166e+002	 3.75213e+003
1103	 1.1220000000e+003	 2.34086e+002	 3.77237e+003
1104	 1.1230000000e+003	 2.56798e+002	 3.77456e+003
1105	 1.1240000000e+003	 2.59429e+002	 3.78076e+003
1106	 1.1250000000e+003	 2.67346e+002	 3.77584e+003
1107	 1.1260000000e+003	 2.75389e+002	 3.76107e+003
1108	 1.1270000000e+003	 2.82595e+002	 3.74075e+003
1109	 1.1280000000e+003	 2.95572e+002	 3.72694e+003
1110	 1.1290000000e+003	 3.05857e+002	 3.72257e+003
1111	 1.1300000000e+003	 3.04481e+002	 3.72816e+003
1112	 1.1310000000e+003	 3.08789e+002	 3.71911e+003
1113	 1.1320000000e+003	 3.16851e+002	 3.71024e+003
1114	 1.1330000000e+003	 3.13456e+002	 3.70438e+003
1115	 1.1340000000e+003	 3.08138e+002	 3.69162e+003
1116	 1.1350000000e+003	 3.17450e+002	 3.67262e+003
1117	 1.1360000000e+003	 3.21399e+002	 3.65364e+003
1118	 1.1370000000e+003	 3.08350e+002	 3.63789e+003
1119	 1.1380000000e+003	 2.97684e+002	 3.62381e+003
1120	 1.1390000000e+003	 2.92401e+002	 3.60838e+003
1121	 1.1400000000e+003	 2.94496e+002	 3.59177e+003
1122	 1.1410000000e+003	 2.97652e+002	 3.58565e+003
1123	 1.1420000000e+003	 2.79292e+002	 3.57906e+003
1124	 1.1430000000e+003	 2.58960e+002	 3.57797e+003
1125	 1.1440000000e+003	 2.50835e+002	 3.59008e+003
1126	 1.1450000000e+003	 2.31659e+002	 3.59408e+003
1127	 1.1460000000e+003	 2.09608e+002	 3.57790e+003
1128	 1.1470000000e+003	 1.90213e+002	 3.57052e+003
1129	 1.1480000000e+003	 1.96312e+002	 3.57590e+003
1130	 1.1490000000e+003	 1.96217e+002	 3.56180e+003
1131	 1.1500000000e+003	 1.73025e+002	 3.56258e+003
1132	 1.1510000000e+003	 1.69722e+002	 3.57636e+003
1133	 1.1520000000e+003	 1.82599e+002	 3.58119e+003
1134	 1.1530000000e+003	 1.71952e+002	 3.59813e+003
1135	 1.1540000000e+003	 1.56403e+002	 3.60271e+003
1136	 1.1550000000e+003	 1.52251e+002	 3.59234e+003
1137	 1.1560000000e+003	 1.47425e+002	 3.58787e+003
1138	 1.1570000000e+003	 1.49045e+002	 3.58356e+003
1139	 1.1580000000e+003	 1.35535e+002	 3.59064e+003
1140	 1.1590000000e+003	 1.28651e+002	 3.59026e+003
1141	 1.1600000000e+003	 1.29524e+002	 3.59012e+003
1142	 1.1610000000e+003	 1.14561e+002	 3.58836e+003
1143	 1.1620000000e+003	 1.01884e+002	 3.58552e+003
1144	 1.1630000000e+003	 8.92579e+001	 3.59144e+003
1145	 1.1640000000e+003	 7.94795e+001	 3.59316e+003
1146	 1.1650000000e+003	 8.18576e+001	 3.58706e+003
1147	 1.1660000000e+003	 8.73797e+001	 3.59025e+003
1148	 1.1670000000e+003	 8.28946e+001	 3.59203e+003
1149	 1.1680000000e+003	 7.23992e+001	 3.60188e+003
1150	 1.1690000000e+003	 6.06311e+001	 3.61095e+003
1151	 1.1700000000e+003	 5.36147e+001	 3.61592e+003
1152	 1.1710000000e+003	 4.77211e+001	 3.61932e+003
1153	 1.1720000000e+003	 4.19534e+001	 3.62170e+003
1154	 1.1730000000e+003	 3.52594e+001	 3.63022e+003
1155	 1.1740000000e+003	 2.91621e+001	 3.63817e+003
1156	 1.1750000000e+003	 2.24582e+001	 3.63918e+003
1157	 1.1760000000e+003	 2.43899e+001	 3.63173e+003
1158	 1.1770000000e+003	 1.32329e+001	 3.63411e+003
1159	 1.1780000000e+003	 9.02181e+000	 3.65362e+003
1160	 1.1790000000e+003	-2.62036e+000	 3.65578e+003
1161	 1.1800000000e+003	-1.57464e+001	 3.65339e+003
1162	 1.1810000000e+003	-1.02964e+001	 3.66276e+003
1163	 1.1820000000e+003	-1.30532e+001	 3.66493e+003
1164	 1.1830000000e+003	-1.96479e+001	 3.66952e+003
1165	 1.1840000000e+003	-2.92885e+001	 3.67057e+003
1166	 1.1850000000e+003	-2.70951e+001	 3.67692e+003
1167	 1.1860000000e+003	-3.53073e+001	 3.67773e+003
1168	 1.1870000000e+003	-4.90213e+001	 3.67740e+003
1169	 1.1880000000e+003	-6.17024e+001	 3.69305e+003
1170	 1.1890000000e+003	-6.07108e+001	 3.70033e+003
1171	 1.1900000000e+003	-6.14153e+001	 3.69919e+003
1172	 1.1910000000e+003	-7.04423e+001	 3.70350e+003
1173	 1.1920000000e+003	-8.00485e+001	 3.72053e+003
1174	 1.1930000000e+003	-8.06893e+001	 3.73411e+003
1175	 1.1940000000e+003	-8.23906e+001	 3.73222e+003
1176	 1.1950000000e+003	-8.59100e+001	 3.73067e+003
1177	 1.1960000000e+003	-9.33671e+001	 3.73550e+003
1178	 1.1970000000e+003	-9.87630e+001	 3.73374e+003
1179	 1.1980000000e+003	-1.03490e+002	 3.73230e+003
1180	 1.1990000000e+003	-1.03039e+002	 3.73500e+003
1181	 1.2000000000e+003	-1.06548e+002	 3.73718e+003
1182	 1.2010000000e+003	-1.11952e+002	 3.74763e+003
1183	 1.2020000000e+003	-1.23342e+002	 3.75763e+003
1184	 1.2030000000e+003	-1.28743e+002	 3.76352e+003
1185	 1.2040000000e+003	-1.22171e+002	 3.76317e+003
1186	 1.2050000000e+003	-1.34934e+002	 3.76024e+003
1187	 1.2060000000e+003	-1.46200e+002	 3.76543e+003
1188	 1.2070000000e+003	-1.53384e+002	 3.77257e+003
1189	 1.2080000000e+003	-1.51937e+002	 3.77605e+003
1190	 1.2090000000e+003	-1.55892e+002	 3.78805e+003
1191	 1.2100000000e+003	-1.58609e+002	 3.79379e+003
1192	 1.2110000000e+003	-1.69148e+002	 3.79483e+003
1193	 1.2120000000e+003	-1.75014e+002	 3.80023e+003
1194	 1.2130000000e+003	-1.81649e+002	 3.80639e+003
1195	 1.2140000000e+003	-1.90580e+002	 3.81112e+003
1196	 1.2150000000e+003	-1.95044e+002	 3.81525e+003
1197	 1.2160000000e+003	-2.02139e+002	 3.81891e+003
1198	 1.2170000000e+003	-2.06714e+002	 3.82852e+003
1199	 1.2180000000e+003	-2.09286e+002	 3.83227e+003
1200	 1.2190000000e+003	-2.14566e+002	 3.83392e+003
1201	 1.2200000000e+003	-2.08088e+002	 3.84118e+003
1202	 1.2210000000e+003	-2.12237e+002	 3.84369e+003
1203	 1.2220000000e+003	-2.23567e+002	 3.84965e+003
1204	 1.2230000000e+003	-2.34033e+002	 3.85778e+003
1205	 1.2240000000e+003	-2.44750e+002	 3.86664e+003
1206	 1.2250000000e+003	-2.69410e+002	 3.86764e+003
1207	 1.2260000000e+003	-2.68901e+002	 3.87858e+003
1208	 1.2270000000e+003	-2.67330e+002	 3.88747e+003
1209	 1.2280000000e+003	-2.64170e+002	 3.89154e+003
1210	 1.2290000000e+003	-2.70046e+002	 3.89868e+003
1211	 1.2300000000e+003	-2.74371e+002	 3.90469e+003
1212	 1.2310000000e+003	-2.82526e+002	 3.91742e+003
1213	 1.2320000000e+003	-2.87631e+002	 3.92521e+003
1214	 1.2330000000e+003	-2.89261e+002	 3.93991e+003
1215	 1.2340000000e+003	-2.94768e+002	 3.95554e+003
1216	 1.2350000000e+003	-3.07783e+002	 3.95677e+003
1217	 1.2360000000e+003	-3.28538e+002	 3.97293e+003
1218	 1.2370000000e+003	-3.27213e+002	 3.99971e+003
1219	 1.2380000000e+003	-3.12419e+002	 4.01199e+003
1220	 1.2390000000e+003	-3.09946e+002	 4.01106e+003
1221	 1.2400000000e+003	-3.16773e+002	 4.01803e+003
1222	 1.2410000000e+003	-3.40411e+002	 4.02596e+003
1223	 1.2420000000e+003	-3.41873e+002	 4.03554e+003
1224	 1.2430000000e+003	-3.50602e+002	 4.04642e+003
1225	 1.2440000000e+003	-3.69119e+002	 4.06070e+003
1226	 1.2450000000e+003	-3.54880e+002	 4.06701e+003
1227	 1.2460000000e+003	-3.60366e+002	 4.06706e+003
1228	 1.2470000000e+003	-3.70580e+002	 4.07797e+003
1229	 1.2480000000e+003	-3.67798e+002	 4.13229e+003
1230	 1.2490000000e+003	-3.57913e+002	 4.15948e+003
1231	 1.2500000000e+003	-3.46899e+002	 4.17976e+003
1232	 1.2510000000e+003	-3.47704e+002	 4.18719e+003
1233	 1.2520000000e+003	-3.55319e+002	 4.18674e+003
1234	 1.2530000000e+003	-3.52065e+002	 4.19355e+003
1235	 1.2540000000e+003	-3.44717e+002	 4.20366e+003
1236	 1.2550000000e+003	-3.56556e+002	 4.22121e+003
1237	 1.2560000000e+003	-3.72278e+002	 4.22827e+003
1238	 1.2570000000e+003	-3.81675e+002	 4.25225e+003
1239	 1.2580000000e+003	-3.56913e+002	 4.25728e+003
1240	 1.2590000000e+003	-3.32305e+002	 4.27024e+003
1241	 1.2600000000e+003	-3.05744e+002	 4.32021e+003
1242	 1.2610000000e+003	-2.86359e+002	 4.34976e+003
1243	 1.2620000000e+003	-2.59784e+002	 4.36525e+003
1244	 1.2630000000e+003	-2.63196e+002	 4.39285e+003
1245	 1.2640000000e+003	-2.62738e+002	 4.40450e+003
1246	 1.2650000000e+003	-2.54767e+002	 4.38673e+003
1247	 1.2660000000e+003	-2.33794e+002	 4.39750e+003
1248	 1.2670000000e+003	-2.32640e+002	 4.42712e+003
1249	 1.2680000000e+003	-2.13951e+002	 4.43538e+003
1250	 1.2690000000e+003	-1.72667e+002	 4.41751e+003
1251	 1.2700000000e+003	-1.55944e+002	 4.46365e+003
1252	 1.2710000000e+003	-1.19637e+002	 4.52473e+003
1253	 1.2720000000e+003	-5.86075e+001	 4.51655e+003
1254	 1.2730000000e+003	-3.49006e+001	 4.51720e+003
1255	 1.2740000000e+003	 3.50398e+000	 4.52652e+003
1256	 1.2750000000e+003	 2.56024e+001	 4.50572e+003
1257	 1.2760000000e+003	 2.89175e+001	 4.49747e+003
1258	 1.2770000000e+003	 2.98371e+001	 4.49543e+003
1259	 1.2780000000e+003	 5.39441e+001	 4.47610e+003
1260	 1.2790000000e+003	 1.07684e+002	 4.43786e+003
1261	 1.2800000000e+003	 1.46455e+002	 4.41184e+003
1262	 1.2810000000e+003	 1.39439e+002	 4.40761e+003
1263	 1.2820000000e+003	 1.57437e+002	 4.39475e+003
1264	 1.2830000000e+003	 1.64798e+002	 4.39295e+003
1265	 1.2840000000e+003	 1.76852e+002	 4.39289e+003
1266	 1.2850000000e+003	 1.88766e+002	 4.35760e+003
1267	 1.2860000000e+003	 1.98211e+002	 4.32515e+003
1268	 1.2870000000e+003	 2.03860e+002	 4.29719e+003
1269	 1.2880000000e+003	 1.96139e+002	 4.28992e+003
1270	 1.2890000000e+003	 2.03747e+002	 4.26410e+003
1271	 1.2900000000e+003	 2.21866e+002	 4.24258e+003
1272	 1.2910000000e+003	 2.08387e+002	 4.21386e+003
1273	 1.2920000000e+003	 1.93478e+002	 4.19463e+003
1274	 1.2930000000e+003	 1.89165e+002	 4.18885e+003
1275	 1.2940000000e+003	 1.66195e+002	 4.16554e+003
1276	 1.2950000000e+003	 1.33887e+002	 4.16123e+003
1277	 1.2960000000e+003	 1.15964e+002	 4.13701e+003
1278	 1.2970000000e+003	 1.24794e+002	 4.10677e+003
1279	 1.2980000000e+003	 1.24093e+002	 4.09231e+003
1280	 1.2990000000e+003	 1.17162e+002	 4.12129e+003
1281	 1.3000000000e+003	 1.18184e+002	 4.13686e+003
1282	 1.3010000000e+003	 1.24370e+002	 4.14585e+003
1283	 1.3020000000e+003	 1.13067e+002	 4.11857e+003
1284	 1.3030000000e+003	 1.20206e+002	 4.09175e+003
1285	 1.3040000000e+003	 1.03066e+002	 4.07698e+003
1286	 1.3050000000e+003	 8.80871e+001	 4.06656e+003
1287	 1.3060000000e+003	 6.81114e+001	 4.07455e+003
1288	 1.3070000000e+003	 4.00673e+001	 4.08926e+003
1289	 1.3080000000e+003	 3.30402e+001	 4.09037e+003
1290	 1.3090000000e+003	 4.64131e+001	 4.09694e+003
1291	 1.3100000000e+003	 1.18506e+001	 4.11983e+003
1292	 1.3110000000e+003	 1.03463e+001	 4.13334e+003
1293	 1.3120000000e+003	 2.46591e+001	 4.12882e+003
1294	 1.3130000000e+003	 3.16556e+001	 4.11948e+003
1295	 1.3140000000e+003	 4.61236e+001	 4.09268e+003
1296	 1.3150000000e+003	 5.35765e+001	 4.09894e+003
1297	 1.3160000000e+003	 4.34448e+001	 4.09037e+003
1298	 1.3170000000e+003	 5.47248e+000	 4.09485e+003
1299	 1.3180000000e+003	 7.37494e+000	 4.11601e+003
1300	 1.3190000000e+003	 1.59074e+001	 4.10527e+003
1301	 1.3200000000e+003	 3.19642e+000	 4.11121e+003
1302	 1.3210000000e+003	 4.75007e+000	 4.12400e+003
1303	 1.3220000000e+003	 2.24203e+001	 4.12492e+003
1304	 1.3230000000e+003	 2.32787e+001	 4.13100e+003
1305	 1.3240000000e+003	 2.16518e+001	 4.11683e+003
1306	 1.3250000000e+003	 2.00318e+001	 4.11756e+003
1307	 1.3260000000e+003	 2.98747e+001	 4.10814e+003
1308	 1.3270000000e+003	 3.73989e+001	 4.10592e+003
1309	 1.3280000000e+003	 3.95423e+001	 4.09216e+003
1310	 1.3290000000e+003	 2.91763e+001	 4.08534e+003
1311	 1.3300000000e+003	 2.95812e+001	 4.05993e+003
1312	 1.3310000000e+003	 3.93916e+001	 4.05427e+003
1313	 1.3320000000e+003	 4.18715e+001	 4.05877e+003
1314	 1.3330000000e+003	 4.18056e+001	 4.06881e+003
1315	 1.3340000000e+003	 4.23581e+001	 4.08054e+003
1316	 1.3350000000e+003	 4.43231e+001	 4.06521e+003
1317	 1.3360000000e+003	 2.46155e+001	 4.06119e+003
1318	 1.3370000000e+003	-4.11295e+000	 4.03940e+003
1319	 1.3380000000e+003	-1.23329e+001	 4.03691e+003
1320	 1.3390000000e+003	-8.71850e+000	 4.01356e+003
1321	 1.3400000000e+003	-1.37059e+001	 4.01400e+003
1322	 1.3410000000e+003	-1.95677e+001	 4.00922e+003
1323	 1.3420000000e+003	-9.26379e+000	 4.00006e+003
1324	 1.3430000000e+003	-3.04134e+000	 3.99187e+003
1325	 1.3440000000e+003	 9.29270e+000	 3.97931e+003
1326	 1.3450000000e+003	-8.07230e+000	 3.98204e+003
1327	 1.3460000000e+003	-9.12781e+000	 3.96279e+003
1328	 1.3470000000e+003	-1.69203e+001	 3.94619e+003
1329	 1.3480000000e+003	-5.50902e+001	 3.95544e+003
1330	 1.3490000000e+003	-7.74750e+001	 3.95332e+003
1331	 1.3500000000e+003	-9.62890e+001	 3.94196e+003
1332	 1.3510000000e+003	-9.78294e+001	 3.92100e+003
1333	 1.3520000000e+003	-8.92239e+001	 3.93015e+003
1334	 1.3530000000e+003	-8.10792e+001	 3.92158e+003
1335	 1.3540000000e+003	-1.08824e+002	 3.92219e+003
1336	 1.3550000000e+003	-1.14289e+002	 3.92377e+003
1337	 1.3560000000e+003	-1.22759e+002	 3.92799e+003
1338	 1.3570000000e+003	-1.35270e+002	 3.91529e+003
1339	 1.3580000000e+003	-1.42366e+002	 3.92887e+003
1340	 1.3590000000e+003	-1.50390e+002	 3.92188e+003
1341	 1.3600000000e+003	-1.67318e+002	 3.92725e+003
1342	 1.3610000000e+003	-1.72999e+002	 3.92955e+003
1343	 1.3620000000e+003	-2.10690e+002	 3.91069e+003
1344	 1.3630000000e+003	-2.07347e+002	 3.90119e+003
1345	 1.3640000000e+003	-2.04398e+002	 3.89372e+003
1346	 1.3650000000e+003	-2.23958e+002	 3.90192e+003
1347	 1.3660000000e+003	-2.17807e+002	 3.90111e+003
1348	 1.3670000000e+003	-2.32412e+002	 3.90480e+003
1349	 1.3680000000e+003	-2.35457e+002	 3.91458e+003
1350	 1.3690000000e+003	-2.47918e+002	 3.91577e+003
1351	 1.3700000000e+003	-2.70794e+002	 3.92265e+003
1352	 1.3710000000e+003	-2.91543e+002	 3.91171e+003
1353	 1.3720000000e+003	-3.08993e+002	 3.91794e+003
1354	 1.3730000000e+003	-3.10068e+002	 3.91614e+003
1355	 1.3740000000e+003	-3.25866e+002	 3.91957e+003
1356	 1.3750000000e+003	-3.42970e+002	 3.92230e+003
1357	 1.3760000000e+003	-3.52331e+002	 3.93780e+003
1358	 1.3770000000e+003	-3.44877e+002	 3.92949e+003
1359	 1.3780000000e+003	-3.50360e+002	 3.91623e+003
1360	 1.3790000000e+003	-3.55515e+002	 3.91389e+003
1361	 1.3800000000e+003	-3.65318e+002	 3.93638e+003
1362	 1.3810000000e+003	-3.83921e+002	 3.94577e+003
1363	 1.3820000000e+003	-4.02703e+002	 3.95838e+003
1364	 1.3830000000e+003	-4.03985e+002	 3.96347e+003
1365	 1.3840000000e+003	-4.07404e+002	 3.96624e+003
1366	 1.3850000000e+003	-3.85460e+002	 3.96839e+003
1367	 1.3860000000e+003	-3.84867e+002	 3.97350e+003
1368	 1.3870000000e+003	-3.99887e+002	 3.97802e+003
1369	 1.3880000000e+003	-3.95059e+002	 3.97009e+003
1370	 1.3890000000e+003	-4.02071e+002	 3.97702e+003
1371	 1.3900000000e+003	-4.19485e+002	 3.98883e+003
1372	 1.3910000000e+003	-4.19453e+002	 3.99133e+003
1373	 1.3920000000e+003	-4.30954e+002	 3.98204e+003
1374	 1.3930000000e+003	-4.51375e+002	 3.95882e+003
1375	 1.3940000000e+003	-4.62636e+002	 3.98948e+003
1376	 1.3950000000e+003	-4.55736e+002	 4.01373e+003
1377	 1.3960000000e+003	-4.53407e+002	 4.01584e+003
1378	 1.3970000000e+003	-4.44742e+002	 4.00869e+003
1379	 1.3980000000e+003	-4.36714e+002	 4.01062e+003
1380	 1.3990000000e+003	-4.50355e+002	 4.01943e+003
1381	 1.4000000000e+003	-4.62992e+002	 4.02523e+003
1382	 1.4010000000e+003	-4.51878e+002	 4.03174e+003
1383	 1.4020000000e+003	-4.52467e+002	 4.01645e+003
1384	 1.4030000000e+003	-4.55799e+002	 4.01253e+003
1385	 1.4040000000e+003	-4.74481e+002	 4.01974e+003
1386	 1.4050000000e+003	-5.12076e+002	 4.01057e+003
1387	 1.4060000000e+003	-5.08270e+002	 4.02697e+003
1388	 1.4070000000e+003	-4.81099e+002	 4.02050e+003
1389	 1.4080000000e+003	-4.70095e+002	 4.04525e+003
1390	 1.4090000000e+003	-4.76887e+002	 4.04428e+003
1391	 1.4100000000e+003	-4.69078e+002	 4.02702e+003
1392	 1.4110000000e+003	-4.70982e+002	 4.03255e+003
1393	 1.4120000000e+003	-4.92851e+002	 4.04809e+003
1394	 1.4130000000e+003	-4.94873e+002	 4.05971e+003
1395	 1.4140000000e+003	-5.03403e+002	 4.04792e+003
1396	 1.4150000000e+003	-5.06832e+002	 4.02801e+003
1397	 1.4160000000e+003	-5.26107e+002	 4.03118e+003
1398	 1.4170000000e+003	-5.67859e+002	 4.04173e+003
1399	 1.4180000000e+003	-5.68619e+002	 4.05876e+003
1400	 1.4190000000e+003	-5.56568e+002	 4.06328e+003
1401	 1.4200000000e+003	-5.54332e+002	 4.05160e+003
1402	 1.4210000000e+003	-5.57840e+002	 4.05845e+003
1403	 1.4220000000e+003	-5.45329e+002	 4.07289e+003
1404	 1.4230000000e+003	-5.39718e+002	 4.07179e+003
1405	 1.4240000000e+003	-5.49206e+002	 4.06406e+003
1406	 1.4250000000e+003	-5.61474e+002	 4.05233e+003
1407	 1.4260000000e+003	-5.64234e+002	 4.05737e+003
1408	 1.4270000000e+003	-5.80379e+002	 4.07562e+003
1409	 1.4280000000e+003	-5.86430e+002	 4.08539e+003
1410	 1.4290000000e+003	-6.04452e+002	 4.07649e+003
1411	 1.4300000000e+003	-5.93022e+002	 4.07968e+003
1412	 1.4310000000e+003	-5.95669e+002	 4.09120e+003
1413	 1.4320000000e+003	-6.03460e+002	 4.05753e+003
1414	 1.4330000000e+003	-6.02626e+002	 4.04361e+003
1415	 1.4340000000e+003	-5.97723e+002	 4.09876e+003
1416	 1.4350000000e+003	-6.04679e+002	 4.11570e+003
1417	 1.4360000000e+003	-6.08676e+002	 4.10556e+003
1418	 1.4370000000e+003	-6.03682e+002	 4.07859e+003
1419	 1.4380000000e+003	-5.88035e+002	 4.08350e+003
1420	 1.4390000000e+003	-5.98950e+002	 4.10954e+003
1421	 1.4400000000e+003	-6.33156e+002	 4.08979e+003
1422	 1.4410000000e+003	-6.46904e+002	 4.10387e+003
1423	 1.4420000000e+003	-6.51398e+002	 4.12802e+003
1424	 1.4430000000e+003	-6.53084e+002	 4.10869e+003
1425	 1.4440000000e+003	-6.56567e+002	 4.07363e+003
1426	 1.4450000000e+003	-6.66230e+002	 4.08094e+003
1427	 1.4460000000e+003	-6.34253e+002	 4.10815e+003
1428	 1.4470000000e+003	-6.36588e+002	 4.10016e+003
1429	 1.4480000000e+003	-6.39682e+002	 4.11446e+003
1430	 1.4490000000e+003	-6.58213e+002	 4.13499e+003
1431	 1.4500000000e+003	-6.59722e+002	 4.14660e+003
1432	 1.4510000000e+003	-6.55805e+002	 4.12873e+003
1433	 1.4520000000e+003	-6.58256e+002	 4.10519e+003
1434	 1.4530000000e+003	-6.48891e+002	 4.10805e+003
1435	 1.4540000000e+003	-6.43802e+002	 4.13440e+003
1436	 1.4550000000e+003	-6.68769e+002	 4.15238e+003
1437	 1.4560000000e+003	-6.65601e+002	 4.16450e+003
1438	 1.4570000000e+003	-6.58017e+002	 4.16301e+003
1439	 1.4580000000e+003	-6.61590e+002	 4.15134e+003
1440	 1.4590000000e+003	-6.70227e+002	 4.13997e+003
1441	 1.4600000000e+003	-6.83306e+002	 4.12698e+003
1442	 1.4610000000e+003	-6.65197e+002	 4.14876e+003
1443	 1.4620000000e+003	-6.49829e+002	 4.15626e+003
1444	 1.4630000000e+003	-6.54375e+002	 4.15577e+003
1445	 1.4640000000e+003	-6.51778e+002	 4.14529e+003
1446	 1.4650000000e+003	-6.64121e+002	 4.15003e+003
1447	 1.4660000000e+003	-6.69547e+002	 4.16430e+003
1448	 1.4670000000e+003	-6.54720e+002	 4.15795e+003
1449	 1.4680000000e+003	-6.61095e+002	 4.15305e+003
1450	 1.4690000000e+003	-6.51971e+002	 4.15864e+003
1451	 1.4700000000e+003	-6.65398e+002	 4.17143e+003
1452	 1.4710000000e+003	-6.64687e+002	 4.14546e+003
1453	 1.4720000000e+003	-6.61411e+002	 4.14449e+003
1454	 1.4730000000e+003	-6.74494e+002	 4.15604e+003
1455	 1.4740000000e+003	-6.71729e+002	 4.16376e+003
1456	 1.4750000000e+003	-6.67224e+002	 4.15301e+003
1457	 1.4760000000e+003	-6.90326e+002	 4.12883e+003
1458	 1.4770000000e+003	-6.81151e+002	 4.11862e+003
1459	 1.4780000000e+003	-6.79893e+002	 4.12118e+003
1460	 1.4790000000e+003	-6.64341e+002	 4.11600e+003
1461	 1.4800000000e+003	-6.53517e+002	 4.10720e+003
1462	 1.4810000000e+003	-6.57250e+002	 4.09980e+003
1463	 1.4820000000e+003	-6.63443e+002	 4.09561e+003
1464	 1.4830000000e+003	-6.59500e+002	 4.08040e+003
1465	 1.4840000000e+003	-6.68422e+002	 4.08409e+003
1466	 1.4850000000e+003	-6.73154e+002	 4.08542e+003
1467	 1.4860000000e+003	-6.67861e+002	 4.07728e+003
1468	 1.4870000000e+003	-6.68163e+002	 4.05754e+003
1469	 1.4880000000e+003	-6.84124e+002	 4.05445e+003
1470	 1.4890000000e+003	-6.80282e+002	 4.06173e+003
1471	 1.4900000000e+003	-6.80860e+002	 4.04814e+003
1472	 1.4910000000e+003	-6.83480e+002	 4.03437e+003
1473	 1.4920000000e+003	-7.02853e+002	 4.02849e+003
1474	 1.4930000000e+003	-7.11719e+002	 4.01281e+003
1475	 1.4940000000e+003	-7.01951e+002	 4.00959e+003
1476	 1.4950000000e+003	-6.90788e+002	 4.00937e+003
1477	 1.4960000000e+003	-6.90895e+002	 3.99937e+003
1478	 1.4970000000e+003	-6.96895e+002	 3.99169e+003
1479	 1.4980000000e+003	-7.02947e+002	 3.97832e+003
1480	 1.4990000000e+003	-7.19063e+002	 3.95953e+003
1481	 1.5000000000e+003	-7.36970e+002	 3.96175e+003
1482	 1.5010000000e+003	-7.59528e+002	 3.95472e+003
1483	 1.5020000000e+003	-7.70091e+002	 3.95076e+003
1484	 1.5030000000e+003	-7.60062e+002	 3.94393e+003
1485	 1.5040000000e+003	-7.66532e+002	 3.94280e+003
1486	 1.5050000000e+003	-7.96196e+002	 3.93227e+003
1487	 1.5060000000e+003	-7.96433e+002	 3.90826e+003
1488	 1.5070000000e+003	-7.99227e+002	 3.91121e+003
1489	 1.5080000000e+003	-7.91580e+002	 3.90456e+003
1490	 1.5090000000e+003	-7.97451e+002	 3.89188e+003
1491	 1.5100000000e+003	-8.05690e+002	 3.88069e+003
1492	 1.5110000000e+003	-8.01926e+002	 3.88843e+003
1493	 1.5120000000e+003	-8.07607e+002	 3.88175e+003
1494	 1.5130000000e+003	-8.33641e+002	 3.85195e+003
1495	 1.5140000000e+003	-8.42087e+002	 3.84594e+003
1496	 1.5150000000e+003	-8.46985e+002	 3.84741e+003
1497	 1.5160000000e+003	-8.76934e+002	 3.84827e+003
1498	 1.5170000000e+003	-8.85438e+002	 3.84652e+003
1499	 1.5180000000e+003	-8.91954e+002	 3.83290e+003
1500	 1.5190000000e+003	-9.02929e+002	 3.83852e+003
1501	 1.5200000000e+003	-9.11612e+002	 3.82766e+003
1502	 1.5210000000e+003	-9.26627e+002	 3.83483e+003
1503	 1.5220000000e+003	-9.51568e+002	 3.82695e+003
1504	 1.5230000000e+003	-9.66408e+002	 3.79828e+003
1505	 1.5240000000e+003	-9.87161e+002	 3.79023e+003
1506	 1.5250000000e+003	-1.00202e+003	 3.79473e+003
1507	 1.5260000000e+003	-9.94837e+002	 3.78065e+003
1508	 1.5270000000e+003	-1.01630e+003	 3.78375e+003
1509	 1.5280000000e+003	-1.02826e+003	 3.79039e+003
1510	 1.5290000000e+003	-1.05042e+003	 3.78555e+003
1511	 1.5300000000e+003	-1.05793e+003	 3.79328e+003
1512	 1.5310000000e+003	-1.03651e+003	 3.80023e+003
1513	 1.5320000000e+003	-1.06165e+003	 3.79442e+003
1514	 1.5330000000e+003	-1.06541e+003	 3.81001e+003
1515	 1.5340000000e+003	-1.07987e+003	 3.80239e+003
1516	 1.5350000000e+003	-1.07165e+003	 3.78962e+003
1517	 1.5360000000e+003	-1.08485e+003	 3.79062e+003
1518	 1.5370000000e+003	-1.13375e+003	 3.75015e+003
1519	 1.5380000000e+003	-1.18147e+003	 3.77432e+003
1520	 1.5390000000e+003	-1.20970e+003	 3.78558e+003
1521	 1.5400000000e+003	-1.21165e+003	 3.77882e+003
1522	 1.5410000000e+003	-1.22273e+003	 3.78071e+003
1523	 1.5420000000e+003	-1.20313e+003	 3.79548e+003
1524	 1.5430000000e+003	-1.21517e+003	 3.78456e+003
1525	 1.5440000000e+003	-1.23072e+003	 3.76892e+003
1526	 1.5450000000e+003	-1.24476e+003	 3.76158e+003
1527	 1.5460000000e+003	-1.26708e+003	 3.74046e+003
1528	 1.5470000000e+003	-1.27462e+003	 3.78052e+003
1529	 1.5480000000e+003	-1.28337e+003	 3.78091e+003
1530	 1.5490000000e+003	-1.28124e+003	 3.75654e+003
1531	 1.5500000000e+003	-1.31618e+003	 3.75164e+003
1532	 1.5510000000e+003	-1.34785e+003	 3.75312e+003
1533	 1.5520000000e+003	-1.37619e+003	 3.77273e+003
1534	 1.5530000000e+003	-1.37835e+003	 3.79137e+003
1535	 1.5540000000e+003	-1.38917e+003	 3.81175e+003
1536	 1.5550000000e+003	-1.41018e+003	 3.79440e+003
1537	 1.5560000000e+003	-1.42435e+003	 3.79094e+003
1538	 1.5570000000e+003	-1.43542e+003	 3.79303e+003
1539	 1.5580000000e+003	-1.40167e+003	 3.81037e+003
1540	 1.5590000000e+003	-1.41062e+003	 3.79878e+003
1541	 1.5600000000e+003	-1.44448e+003	 3.77568e+003
1542	 1.5610000000e+003	-1.47674e+003	 3.78797e+003
1543	 1.5620000000e+003	-1.48130e+003	 3.78325e+003
1544	 1.5630000000e+003	-1.49753e+003	 3.73756e+003
1545	 1.5640000000e+003	-1.48379e+003	 3.71928e+003
1546	 1.5650000000e+003	-1.50433e+003	 3.74033e+003
1547	 1.5660000000e+003	-1.55092e+003	 3.74482e+003
1548	 1.5670000000e+003	-1.55738e+003	 3.81066e+003
1549	 1.5680000000e+003	-1.56279e+003	 3.82461e+003
1550	 1.5690000000e+003	-1.58597e+003	 3.81333e+003
1551	 1.5700000000e+003	-1.59042e+003	 3.82740e+003
1552	 1.5710000000e+003	-1.54896e+003	 3.82665e+003
1553	 1.5720000000e+003	-1.58045e+003	 3.79752e+003
1554	 1.5730000000e+003	-1.63312e+003	 3.76670e+003
1555	 1.5740000000e+003	-1.69057e+003	 3.77118e+003
1556	 1.5750000000e+003	-1.66785e+003	 3.81469e+003
1557	 1.5760000000e+003	-1.67040e+003	 3.79697e+003
1558	 1.5770000000e+003	-1.68099e+003	 3.76255e+003
1559	 1.5780000000e+003	-1.67448e+003	 3.73127e+003
1560	 1.5790000000e+003	-1.68981e+003	 3.80461e+003
1561	 1.5800000000e+003	-1.70950e+003	 3.83648e+003
1562	 1.5810000000e+003	-1.72980e+003	 3.82339e+003
1563	 1.5820000000e+003	-1.74867e+003	 3.77986e+003
1564	 1.5830000000e+003	-1.79402e+003	 3.83936e+003
1565	 1.5840000000e+003	-1.75957e+003	 3.85563e+003
1566	 1.5850000000e+003	-1.75121e+003	 3.82717e+003
1567	 1.5860000000e+003	-1.78283e+003	 3.79756e+003
1568	 1.5870000000e+003	-1.85387e+003	 3.79894e+003
1569	 1.5880000000e+003	-1.86168e+003	 3.78403e+003
1570	 1.5890000000e+003	-1.81047e+003	 3.80826e+003
1571	 1.5900000000e+003	-1.83245e+003	 3.82927e+003
1572	 1.5910000000e+003	-1.85868e+003	 3.84856e+003
1573	 1.5920000000e+003	-1.82631e+003	 3.84824e+003
1574	 1.5930000000e+003	-1.80777e+003	 3.83247e+003
1575	 1.5940000000e+003	-1.83068e+003	 3.78958e+003
1576	 1.5950000000e+003	-1.97237e+003	 3.86021e+003
1577	 1.5960000000e+003	-1.96333e+003	 3.86060e+003
1578	 1.5970000000e+003	-1.94584e+003	 3.84634e+003
1579	 1.5980000000e+003	-1.96493e+003	 3.85247e+003
1580	 1.5990000000e+003	-1.94186e+003	 3.85899e+003
1581	 1.6000000000e+003	-1.96492e+003	 3.82760e+003
1582	 1.6010000000e+003	-1.99921e+003	 3.79527e+003
1583	 1.6020000000e+003	-2.02673e+003	 3.79860e+003
1584	 1.6030000000e+003	-1.95721e+003	 3.91039e+003
1585	 1.6040000000e+003	-1.99757e+003	 3.87422e+003
1586	 1.6050000000e+003	-2.03155e+003	 3.83489e+003
1587	 1.6060000000e+003	-2.06413e+003	 3.85100e+003
1588	 1.6070000000e+003	-2.04193e+003	 3.90904e+003
1589	 1.6080000000e+003	-2.05349e+003	 3.91718e+003
1590	 1.6090000000e+003	-2.09053e+003	 3.90240e+003
1591	 1.6100000000e+003	-2.09479e+003	 3.91656e+003
1592	 1.6110000000e+003	-2.13075e+003	 3.89697e+003
1593	 1.6120000000e+003	-2.17373e+003	 3.90779e+003
1594	 1.6130000000e+003	-2.15971e+003	 3.94177e+003
1595	 1.6140000000e+003	-2.13196e+003	 3.92480e+003
1596	 1.6150000000e+003	-2.14837e+003	 3.93439e+003
1597	 1.6160000000e+003	-2.12617e+003	 3.94979e+003
1598	 1.6170000000e+003	-2.10355e+003	 3.95558e+003
1599	 1.6180000000e+003	-2.15381e+003	 3.94250e+003
1600	 1.6190000000e+003	-2.16141e+003	 3.97673e+003
1601	 1.6200000000e+003	-2.24029e+003	 3.97240e+003
TagsBegin:	 	 	 
OverLoad:	 	False	 
AverageNumber: []	 	 8.80000e+001	 
OverLoadRatio: []	 	 1.19209e-007	 
TagsEnd:	 	 	 
TagScalesBegin:	 	 	 
TagScalesEnd:	 	 	 
