Header Size:	 79	 	 
Pulse Version:	 80	 	 
Running Pulse Version:	PULSE LabShop Fast Track Version 18.1.1.9 - 2014-01-16	 	 
Decimal Symbol:	.	 	 
Date Format:	M/d/yyyy	 	 
Time Format:	HH:mm:ss:mmm	 	 
Data Type:	Complex	 	 
Slice:	False	 	 
Z-Axis type:	Linear	 	 
Z-Axis size:	1	 	 
Z-Axis unit:	 	 	 
Z-Axis first value:	 0.0000000000e+000	 	 
Z-Axis delta:	 1.0000000000e+000	 	 
X-Axis type:	Linear	 	 
X-Axis size:	1601	 	 
X-Axis unit:	Hz	 	 
X-Axis first value:	 2.0000000000e+001	 	 
X-Axis delta:	 1.0000000000e+000	 	 
	 	 	 
AmplitudeUnit:	Pa/(m/s)	 	 
Analyzer:	FFT_Spectrum_Averaging	 	 
AnalyzerName:	FFT Analyzer	 	 
	 	 	 
	 	 	 
Bipolar:	True	 	 
CenterFrequency:	 8.2000000000e+002	 	 
	 	 	 
	 	 	 
	 	 	 
	 	 	 
	 	 	 
	 	 	 
	 	 	 
	 	 	 
Domain:	1	 	 
Function:	Frequency Response	 	 
	 	 	 
InputRange:	 1.0000000000e-001	 	 
	 	 	 
	 	 	 
MultiBufferName:	Input	 	 
NBW:	 1.5000000000e+000	 	 
	 	 	 
OverlapFailed:	False	 	 
Overrun:	False	 	 
Power:	False	 	 
	 	 	 
Ratio:	True	 	 
RecordLength:	 1.0000000000e+000	 	 
ReducedSize:	True	 	 
Ref_Signal:	v	 	 
	 	 	 
	 	 	 
RefSignalUnit:	m/s	 	 
	 	 	 
	 	 	 
Signal:	p	 	 
	 	 	 
SignalUnit:	Pa	 	 
	 	 	 
	 	 	 
	 	 	 
Title:	impedance	 	 
Title1:	Working : Input : Input : FFT Analyzer	 	 
	 	 	 
	 	 	 
	 	 	 
ZoomOn:	True	 	 
	 	 	 
TemplateName:	Working	 	 
MeasurementName:	Input	 	 
MeasurementSlice:	False	 	 
	 	 	 
	 	 	 
	 	 	 
EnvelopeOn:	False	 	 
	 	 	 
	 	 	 
	 	 	 
Z-index:	 	1	 
Date:	 	5/19/2022	 
Time:	 	10:07:59:625	 
Relative time:	 	 0.00000e+000	 
Z-axis:	 	 0.0000000000e+000	 
1	 2.0000000000e+001	-7.52964e+003	 1.01936e+004
2	 2.1000000000e+001	-2.13877e+004	-8.56637e+003
3	 2.2000000000e+001	-1.46138e+004	-9.24632e+003
4	 2.3000000000e+001	-7.99235e+003	-5.82849e+003
5	 2.4000000000e+001	-3.20377e+003	-8.66628e+002
6	 2.5000000000e+001	 1.84940e+003	-1.58301e+002
7	 2.6000000000e+001	-1.12139e+001	-1.95720e+003
8	 2.7000000000e+001	-2.19606e+003	-2.59079e+003
9	 2.8000000000e+001	-2.60393e+003	-7.35874e+003
10	 2.9000000000e+001	 9.66736e+002	-1.18192e+004
11	 3.0000000000e+001	 6.52195e+003	-1.57736e+004
12	 3.1000000000e+001	-2.01405e+004	 4.98078e+003
13	 3.2000000000e+001	-1.36042e+004	-2.07660e+003
14	 3.3000000000e+001	-1.05524e+004	-3.54122e+003
15	 3.4000000000e+001	-8.72474e+003	-4.73588e+003
16	 3.5000000000e+001	-7.78158e+003	-5.55787e+003
17	 3.6000000000e+001	-8.70444e+003	-3.84854e+003
18	 3.7000000000e+001	-7.51073e+003	-3.62707e+003
19	 3.8000000000e+001	-6.52467e+003	-3.86109e+003
20	 3.9000000000e+001	-5.87898e+003	-3.95352e+003
21	 4.0000000000e+001	-5.31787e+003	-4.03987e+003
22	 4.1000000000e+001	-4.91994e+003	-4.00642e+003
23	 4.2000000000e+001	-4.56304e+003	-3.93944e+003
24	 4.3000000000e+001	-4.22867e+003	-3.89379e+003
25	 4.4000000000e+001	-3.93487e+003	-3.83683e+003
26	 4.5000000000e+001	-3.66767e+003	-3.73833e+003
27	 4.6000000000e+001	-3.43942e+003	-3.67620e+003
28	 4.7000000000e+001	-3.25151e+003	-3.61855e+003
29	 4.8000000000e+001	-3.07253e+003	-3.53628e+003
30	 4.9000000000e+001	-2.90294e+003	-3.45041e+003
31	 5.0000000000e+001	-2.74200e+003	-3.38051e+003
32	 5.1000000000e+001	-2.52179e+003	-3.29217e+003
33	 5.2000000000e+001	-2.35712e+003	-3.24416e+003
34	 5.3000000000e+001	-2.21479e+003	-3.20464e+003
35	 5.4000000000e+001	-2.09452e+003	-3.15689e+003
36	 5.5000000000e+001	-1.98004e+003	-3.10153e+003
37	 5.6000000000e+001	-1.87964e+003	-3.04941e+003
38	 5.7000000000e+001	-1.77844e+003	-2.99006e+003
39	 5.8000000000e+001	-1.68094e+003	-2.93992e+003
40	 5.9000000000e+001	-1.58496e+003	-2.88753e+003
41	 6.0000000000e+001	-1.49741e+003	-2.84046e+003
42	 6.1000000000e+001	-1.41350e+003	-2.79532e+003
43	 6.2000000000e+001	-1.32636e+003	-2.75921e+003
44	 6.3000000000e+001	-1.25029e+003	-2.73718e+003
45	 6.4000000000e+001	-1.19627e+003	-2.71882e+003
46	 6.5000000000e+001	-1.16450e+003	-2.68959e+003
47	 6.6000000000e+001	-1.13278e+003	-2.63779e+003
48	 6.7000000000e+001	-1.08656e+003	-2.58023e+003
49	 6.8000000000e+001	-1.03582e+003	-2.52646e+003
50	 6.9000000000e+001	-9.85380e+002	-2.47603e+003
51	 7.0000000000e+001	-9.34822e+002	-2.42990e+003
52	 7.1000000000e+001	-8.87191e+002	-2.38490e+003
53	 7.2000000000e+001	-8.41189e+002	-2.34199e+003
54	 7.3000000000e+001	-7.96655e+002	-2.29924e+003
55	 7.4000000000e+001	-7.56512e+002	-2.25929e+003
56	 7.5000000000e+001	-7.17586e+002	-2.22030e+003
57	 7.6000000000e+001	-6.78684e+002	-2.18316e+003
58	 7.7000000000e+001	-6.43391e+002	-2.14790e+003
59	 7.8000000000e+001	-6.07772e+002	-2.11409e+003
60	 7.9000000000e+001	-5.74748e+002	-2.08011e+003
61	 8.0000000000e+001	-5.43274e+002	-2.04844e+003
62	 8.1000000000e+001	-5.13437e+002	-2.01735e+003
63	 8.2000000000e+001	-4.83136e+002	-1.98603e+003
64	 8.3000000000e+001	-4.54957e+002	-1.95720e+003
65	 8.4000000000e+001	-4.26624e+002	-1.92952e+003
66	 8.5000000000e+001	-4.00353e+002	-1.90237e+003
67	 8.6000000000e+001	-3.75375e+002	-1.87660e+003
68	 8.7000000000e+001	-3.52820e+002	-1.85219e+003
69	 8.8000000000e+001	-3.31085e+002	-1.82786e+003
70	 8.9000000000e+001	-3.11828e+002	-1.80403e+003
71	 9.0000000000e+001	-2.94099e+002	-1.78070e+003
72	 9.1000000000e+001	-2.76830e+002	-1.75531e+003
73	 9.2000000000e+001	-2.60740e+002	-1.72979e+003
74	 9.3000000000e+001	-2.44412e+002	-1.70424e+003
75	 9.4000000000e+001	-2.28063e+002	-1.67960e+003
76	 9.5000000000e+001	-2.12142e+002	-1.65402e+003
77	 9.6000000000e+001	-1.96003e+002	-1.62953e+003
78	 9.7000000000e+001	-1.80034e+002	-1.60631e+003
79	 9.8000000000e+001	-1.65170e+002	-1.58281e+003
80	 9.9000000000e+001	-1.50231e+002	-1.55992e+003
81	 1.0000000000e+002	-1.35910e+002	-1.53736e+003
82	 1.0100000000e+002	-1.20888e+002	-1.51572e+003
83	 1.0200000000e+002	-1.06801e+002	-1.49475e+003
84	 1.0300000000e+002	-9.32289e+001	-1.47413e+003
85	 1.0400000000e+002	-7.99430e+001	-1.45547e+003
86	 1.0500000000e+002	-6.76308e+001	-1.43689e+003
87	 1.0600000000e+002	-5.64798e+001	-1.41869e+003
88	 1.0700000000e+002	-4.58029e+001	-1.40053e+003
89	 1.0800000000e+002	-3.62185e+001	-1.38326e+003
90	 1.0900000000e+002	-2.74530e+001	-1.36565e+003
91	 1.1000000000e+002	-1.96385e+001	-1.34775e+003
92	 1.1100000000e+002	-1.25385e+001	-1.32922e+003
93	 1.1200000000e+002	-5.04825e+000	-1.31081e+003
94	 1.1300000000e+002	 2.58352e+000	-1.29268e+003
95	 1.1400000000e+002	 9.44453e+000	-1.27466e+003
96	 1.1500000000e+002	 1.59892e+001	-1.25678e+003
97	 1.1600000000e+002	 2.21183e+001	-1.23876e+003
98	 1.1700000000e+002	 2.80304e+001	-1.22086e+003
99	 1.1800000000e+002	 3.37170e+001	-1.20274e+003
100	 1.1900000000e+002	 3.90446e+001	-1.18439e+003
101	 1.2000000000e+002	 4.39310e+001	-1.16596e+003
102	 1.2100000000e+002	 4.92803e+001	-1.14692e+003
103	 1.2200000000e+002	 5.49936e+001	-1.12748e+003
104	 1.2300000000e+002	 6.10326e+001	-1.10845e+003
105	 1.2400000000e+002	 6.75544e+001	-1.08929e+003
106	 1.2500000000e+002	 7.43321e+001	-1.07090e+003
107	 1.2600000000e+002	 8.18427e+001	-1.05295e+003
108	 1.2700000000e+002	 8.93741e+001	-1.03591e+003
109	 1.2800000000e+002	 9.66112e+001	-1.01950e+003
110	 1.2900000000e+002	 1.03172e+002	-1.00392e+003
111	 1.3000000000e+002	 1.09186e+002	-9.88481e+002
112	 1.3100000000e+002	 1.15349e+002	-9.72516e+002
113	 1.3200000000e+002	 1.22013e+002	-9.57233e+002
114	 1.3300000000e+002	 1.28579e+002	-9.43025e+002
115	 1.3400000000e+002	 1.33988e+002	-9.29334e+002
116	 1.3500000000e+002	 1.38816e+002	-9.15728e+002
117	 1.3600000000e+002	 1.43278e+002	-9.02000e+002
118	 1.3700000000e+002	 1.47712e+002	-8.88207e+002
119	 1.3800000000e+002	 1.51656e+002	-8.74584e+002
120	 1.3900000000e+002	 1.55524e+002	-8.60936e+002
121	 1.4000000000e+002	 1.59140e+002	-8.47469e+002
122	 1.4100000000e+002	 1.62363e+002	-8.34039e+002
123	 1.4200000000e+002	 1.65501e+002	-8.20472e+002
124	 1.4300000000e+002	 1.68372e+002	-8.06958e+002
125	 1.4400000000e+002	 1.71089e+002	-7.93189e+002
126	 1.4500000000e+002	 1.73697e+002	-7.79227e+002
127	 1.4600000000e+002	 1.76531e+002	-7.65281e+002
128	 1.4700000000e+002	 1.79494e+002	-7.51350e+002
129	 1.4800000000e+002	 1.82666e+002	-7.37466e+002
130	 1.4900000000e+002	 1.85361e+002	-7.23473e+002
131	 1.5000000000e+002	 1.87611e+002	-7.09135e+002
132	 1.5100000000e+002	 1.91451e+002	-6.96926e+002
133	 1.5200000000e+002	 1.94505e+002	-6.83944e+002
134	 1.5300000000e+002	 1.97431e+002	-6.70901e+002
135	 1.5400000000e+002	 2.00540e+002	-6.57883e+002
136	 1.5500000000e+002	 2.03656e+002	-6.45120e+002
137	 1.5600000000e+002	 2.06894e+002	-6.32479e+002
138	 1.5700000000e+002	 2.09904e+002	-6.20129e+002
139	 1.5800000000e+002	 2.12858e+002	-6.07930e+002
140	 1.5900000000e+002	 2.15489e+002	-5.95953e+002
141	 1.6000000000e+002	 2.17794e+002	-5.83995e+002
142	 1.6100000000e+002	 2.19651e+002	-5.72176e+002
143	 1.6200000000e+002	 2.21169e+002	-5.60078e+002
144	 1.6300000000e+002	 2.22668e+002	-5.47911e+002
145	 1.6400000000e+002	 2.24000e+002	-5.35897e+002
146	 1.6500000000e+002	 2.25263e+002	-5.23749e+002
147	 1.6600000000e+002	 2.26558e+002	-5.11649e+002
148	 1.6700000000e+002	 2.27842e+002	-4.99553e+002
149	 1.6800000000e+002	 2.29104e+002	-4.87592e+002
150	 1.6900000000e+002	 2.30338e+002	-4.75650e+002
151	 1.7000000000e+002	 2.31600e+002	-4.63757e+002
152	 1.7100000000e+002	 2.32918e+002	-4.51856e+002
153	 1.7200000000e+002	 2.34236e+002	-4.40087e+002
154	 1.7300000000e+002	 2.35587e+002	-4.28327e+002
155	 1.7400000000e+002	 2.36878e+002	-4.16721e+002
156	 1.7500000000e+002	 2.38144e+002	-4.05131e+002
157	 1.7600000000e+002	 2.39372e+002	-3.93547e+002
158	 1.7700000000e+002	 2.40534e+002	-3.82113e+002
159	 1.7800000000e+002	 2.41678e+002	-3.70698e+002
160	 1.7900000000e+002	 2.42777e+002	-3.59296e+002
161	 1.8000000000e+002	 2.43810e+002	-3.48004e+002
162	 1.8100000000e+002	 2.44759e+002	-3.36834e+002
163	 1.8200000000e+002	 2.45643e+002	-3.25821e+002
164	 1.8300000000e+002	 2.46437e+002	-3.14838e+002
165	 1.8400000000e+002	 2.47165e+002	-3.03949e+002
166	 1.8500000000e+002	 2.47782e+002	-2.93066e+002
167	 1.8600000000e+002	 2.48329e+002	-2.82298e+002
168	 1.8700000000e+002	 2.48782e+002	-2.71629e+002
169	 1.8800000000e+002	 2.49144e+002	-2.60942e+002
170	 1.8900000000e+002	 2.49448e+002	-2.50297e+002
171	 1.9000000000e+002	 2.49657e+002	-2.39643e+002
172	 1.9100000000e+002	 2.49795e+002	-2.28919e+002
173	 1.9200000000e+002	 2.49914e+002	-2.18223e+002
174	 1.9300000000e+002	 2.49974e+002	-2.07469e+002
175	 1.9400000000e+002	 2.50000e+002	-1.96565e+002
176	 1.9500000000e+002	 2.50054e+002	-1.85677e+002
177	 1.9600000000e+002	 2.50117e+002	-1.74722e+002
178	 1.9700000000e+002	 2.50190e+002	-1.63773e+002
179	 1.9800000000e+002	 2.50279e+002	-1.52659e+002
180	 1.9900000000e+002	 2.50403e+002	-1.41510e+002
181	 2.0000000000e+002	 2.50560e+002	-1.30283e+002
182	 2.0100000000e+002	 2.50734e+002	-1.19105e+002
183	 2.0200000000e+002	 2.50918e+002	-1.07941e+002
184	 2.0300000000e+002	 2.51130e+002	-9.66889e+001
185	 2.0400000000e+002	 2.51344e+002	-8.55047e+001
186	 2.0500000000e+002	 2.51536e+002	-7.43205e+001
187	 2.0600000000e+002	 2.51771e+002	-6.29654e+001
188	 2.0700000000e+002	 2.52105e+002	-5.15868e+001
189	 2.0800000000e+002	 2.52658e+002	-4.01749e+001
190	 2.0900000000e+002	 2.53491e+002	-2.87395e+001
191	 2.1000000000e+002	 2.54649e+002	-1.75097e+001
192	 2.1100000000e+002	 2.56124e+002	-6.59474e+000
193	 2.1200000000e+002	 2.57716e+002	 3.72968e+000
194	 2.1300000000e+002	 2.59194e+002	 1.35752e+001
195	 2.1400000000e+002	 2.60286e+002	 2.29863e+001
196	 2.1500000000e+002	 2.60867e+002	 3.22674e+001
197	 2.1600000000e+002	 2.60894e+002	 4.15502e+001
198	 2.1700000000e+002	 2.60525e+002	 5.10983e+001
199	 2.1800000000e+002	 2.59973e+002	 6.10310e+001
200	 2.1900000000e+002	 2.59418e+002	 7.12721e+001
201	 2.2000000000e+002	 2.58980e+002	 8.17059e+001
202	 2.2100000000e+002	 2.58682e+002	 9.22160e+001
203	 2.2200000000e+002	 2.58523e+002	 1.02730e+002
204	 2.2300000000e+002	 2.58474e+002	 1.13141e+002
205	 2.2400000000e+002	 2.58488e+002	 1.23426e+002
206	 2.2500000000e+002	 2.58534e+002	 1.33537e+002
207	 2.2600000000e+002	 2.58596e+002	 1.43502e+002
208	 2.2700000000e+002	 2.58625e+002	 1.53365e+002
209	 2.2800000000e+002	 2.58596e+002	 1.63033e+002
210	 2.2900000000e+002	 2.58497e+002	 1.72571e+002
211	 2.3000000000e+002	 2.58355e+002	 1.81963e+002
212	 2.3100000000e+002	 2.58141e+002	 1.91337e+002
213	 2.3200000000e+002	 2.57868e+002	 2.00637e+002
214	 2.3300000000e+002	 2.57577e+002	 2.09874e+002
215	 2.3400000000e+002	 2.57288e+002	 2.19055e+002
216	 2.3500000000e+002	 2.56948e+002	 2.28234e+002
217	 2.3600000000e+002	 2.56585e+002	 2.37410e+002
218	 2.3700000000e+002	 2.56216e+002	 2.46510e+002
219	 2.3800000000e+002	 2.55795e+002	 2.55663e+002
220	 2.3900000000e+002	 2.55354e+002	 2.64855e+002
221	 2.4000000000e+002	 2.54916e+002	 2.74014e+002
222	 2.4100000000e+002	 2.54446e+002	 2.83267e+002
223	 2.4200000000e+002	 2.53959e+002	 2.92578e+002
224	 2.4300000000e+002	 2.53464e+002	 3.01901e+002
225	 2.4400000000e+002	 2.52936e+002	 3.11365e+002
226	 2.4500000000e+002	 2.52442e+002	 3.20855e+002
227	 2.4600000000e+002	 2.51988e+002	 3.30524e+002
228	 2.4700000000e+002	 2.51631e+002	 3.40182e+002
229	 2.4800000000e+002	 2.51377e+002	 3.50003e+002
230	 2.4900000000e+002	 2.51365e+002	 3.59707e+002
231	 2.5000000000e+002	 2.51623e+002	 3.69239e+002
232	 2.5100000000e+002	 2.51545e+002	 3.79133e+002
233	 2.5200000000e+002	 2.51659e+002	 3.88804e+002
234	 2.5300000000e+002	 2.51889e+002	 3.98285e+002
235	 2.5400000000e+002	 2.52110e+002	 4.07663e+002
236	 2.5500000000e+002	 2.52222e+002	 4.16990e+002
237	 2.5600000000e+002	 2.52331e+002	 4.26285e+002
238	 2.5700000000e+002	 2.52460e+002	 4.35697e+002
239	 2.5800000000e+002	 2.52571e+002	 4.45059e+002
240	 2.5900000000e+002	 2.52757e+002	 4.54397e+002
241	 2.6000000000e+002	 2.53035e+002	 4.63738e+002
242	 2.6100000000e+002	 2.53298e+002	 4.72972e+002
243	 2.6200000000e+002	 2.53623e+002	 4.82167e+002
244	 2.6300000000e+002	 2.53956e+002	 4.91178e+002
245	 2.6400000000e+002	 2.54299e+002	 5.00142e+002
246	 2.6500000000e+002	 2.54634e+002	 5.09008e+002
247	 2.6600000000e+002	 2.54887e+002	 5.17782e+002
248	 2.6700000000e+002	 2.55078e+002	 5.26465e+002
249	 2.6800000000e+002	 2.55203e+002	 5.34977e+002
250	 2.6900000000e+002	 2.55266e+002	 5.43556e+002
251	 2.7000000000e+002	 2.55187e+002	 5.52028e+002
252	 2.7100000000e+002	 2.54871e+002	 5.60486e+002
253	 2.7200000000e+002	 2.54509e+002	 5.69055e+002
254	 2.7300000000e+002	 2.54048e+002	 5.77709e+002
255	 2.7400000000e+002	 2.53532e+002	 5.86428e+002
256	 2.7500000000e+002	 2.52964e+002	 5.95151e+002
257	 2.7600000000e+002	 2.52354e+002	 6.03963e+002
258	 2.7700000000e+002	 2.51850e+002	 6.12935e+002
259	 2.7800000000e+002	 2.51272e+002	 6.21901e+002
260	 2.7900000000e+002	 2.50637e+002	 6.30901e+002
261	 2.8000000000e+002	 2.50182e+002	 6.40001e+002
262	 2.8100000000e+002	 2.49784e+002	 6.49086e+002
263	 2.8200000000e+002	 2.49318e+002	 6.58238e+002
264	 2.8300000000e+002	 2.48910e+002	 6.67455e+002
265	 2.8400000000e+002	 2.48586e+002	 6.76656e+002
266	 2.8500000000e+002	 2.48281e+002	 6.85794e+002
267	 2.8600000000e+002	 2.47896e+002	 6.94980e+002
268	 2.8700000000e+002	 2.47638e+002	 7.04174e+002
269	 2.8800000000e+002	 2.47321e+002	 7.13365e+002
270	 2.8900000000e+002	 2.46984e+002	 7.22694e+002
271	 2.9000000000e+002	 2.46757e+002	 7.32084e+002
272	 2.9100000000e+002	 2.46536e+002	 7.41459e+002
273	 2.9200000000e+002	 2.46206e+002	 7.50869e+002
274	 2.9300000000e+002	 2.46031e+002	 7.60349e+002
275	 2.9400000000e+002	 2.45920e+002	 7.69992e+002
276	 2.9500000000e+002	 2.45905e+002	 7.79780e+002
277	 2.9600000000e+002	 2.45910e+002	 7.89609e+002
278	 2.9700000000e+002	 2.45974e+002	 7.99520e+002
279	 2.9800000000e+002	 2.46355e+002	 8.09583e+002
280	 2.9900000000e+002	 2.46840e+002	 8.19620e+002
281	 3.0000000000e+002	 2.47550e+002	 8.29974e+002
282	 3.0100000000e+002	 2.48655e+002	 8.40299e+002
283	 3.0200000000e+002	 2.50007e+002	 8.50557e+002
284	 3.0300000000e+002	 2.51703e+002	 8.61063e+002
285	 3.0400000000e+002	 2.53919e+002	 8.71467e+002
286	 3.0500000000e+002	 2.56548e+002	 8.81824e+002
287	 3.0600000000e+002	 2.59748e+002	 8.91929e+002
288	 3.0700000000e+002	 2.63556e+002	 9.01773e+002
289	 3.0800000000e+002	 2.67843e+002	 9.11124e+002
290	 3.0900000000e+002	 2.72679e+002	 9.19944e+002
291	 3.1000000000e+002	 2.78099e+002	 9.28258e+002
292	 3.1100000000e+002	 2.84221e+002	 9.35824e+002
293	 3.1200000000e+002	 2.90935e+002	 9.42224e+002
294	 3.1300000000e+002	 2.98294e+002	 9.47098e+002
295	 3.1400000000e+002	 3.05710e+002	 9.49964e+002
296	 3.1500000000e+002	 3.12646e+002	 9.50496e+002
297	 3.1600000000e+002	 3.18260e+002	 9.48560e+002
298	 3.1700000000e+002	 3.21226e+002	 9.44595e+002
299	 3.1800000000e+002	 3.20873e+002	 9.39688e+002
300	 3.1900000000e+002	 3.16640e+002	 9.35108e+002
301	 3.2000000000e+002	 3.09578e+002	 9.32426e+002
302	 3.2100000000e+002	 3.00374e+002	 9.32388e+002
303	 3.2200000000e+002	 2.90425e+002	 9.35122e+002
304	 3.2300000000e+002	 2.80813e+002	 9.40402e+002
305	 3.2400000000e+002	 2.71757e+002	 9.47642e+002
306	 3.2500000000e+002	 2.63853e+002	 9.56152e+002
307	 3.2600000000e+002	 2.56992e+002	 9.65500e+002
308	 3.2700000000e+002	 2.50987e+002	 9.75479e+002
309	 3.2800000000e+002	 2.46017e+002	 9.85636e+002
310	 3.2900000000e+002	 2.41750e+002	 9.95924e+002
311	 3.3000000000e+002	 2.37919e+002	 1.00634e+003
312	 3.3100000000e+002	 2.34682e+002	 1.01670e+003
313	 3.3200000000e+002	 2.31835e+002	 1.02683e+003
314	 3.3300000000e+002	 2.29191e+002	 1.03685e+003
315	 3.3400000000e+002	 2.26747e+002	 1.04689e+003
316	 3.3500000000e+002	 2.24454e+002	 1.05690e+003
317	 3.3600000000e+002	 2.22472e+002	 1.06687e+003
318	 3.3700000000e+002	 2.20785e+002	 1.07684e+003
319	 3.3800000000e+002	 2.19163e+002	 1.08693e+003
320	 3.3900000000e+002	 2.17770e+002	 1.09683e+003
321	 3.4000000000e+002	 2.16659e+002	 1.10668e+003
322	 3.4100000000e+002	 2.15647e+002	 1.11637e+003
323	 3.4200000000e+002	 2.14773e+002	 1.12587e+003
324	 3.4300000000e+002	 2.14061e+002	 1.13528e+003
325	 3.4400000000e+002	 2.13374e+002	 1.14461e+003
326	 3.4500000000e+002	 2.12874e+002	 1.15380e+003
327	 3.4600000000e+002	 2.12262e+002	 1.16276e+003
328	 3.4700000000e+002	 2.11634e+002	 1.17159e+003
329	 3.4800000000e+002	 2.11124e+002	 1.18045e+003
330	 3.4900000000e+002	 2.10421e+002	 1.18934e+003
331	 3.5000000000e+002	 2.09740e+002	 1.19841e+003
332	 3.5100000000e+002	 2.09623e+002	 1.20673e+003
333	 3.5200000000e+002	 2.09189e+002	 1.21527e+003
334	 3.5300000000e+002	 2.08722e+002	 1.22386e+003
335	 3.5400000000e+002	 2.08239e+002	 1.23244e+003
336	 3.5500000000e+002	 2.07676e+002	 1.24107e+003
337	 3.5600000000e+002	 2.07082e+002	 1.24958e+003
338	 3.5700000000e+002	 2.06524e+002	 1.25804e+003
339	 3.5800000000e+002	 2.05967e+002	 1.26651e+003
340	 3.5900000000e+002	 2.05387e+002	 1.27500e+003
341	 3.6000000000e+002	 2.04795e+002	 1.28338e+003
342	 3.6100000000e+002	 2.04132e+002	 1.29170e+003
343	 3.6200000000e+002	 2.03461e+002	 1.29999e+003
344	 3.6300000000e+002	 2.02776e+002	 1.30823e+003
345	 3.6400000000e+002	 2.02084e+002	 1.31643e+003
346	 3.6500000000e+002	 2.01413e+002	 1.32466e+003
347	 3.6600000000e+002	 2.00723e+002	 1.33289e+003
348	 3.6700000000e+002	 2.00050e+002	 1.34108e+003
349	 3.6800000000e+002	 1.99410e+002	 1.34921e+003
350	 3.6900000000e+002	 1.98768e+002	 1.35727e+003
351	 3.7000000000e+002	 1.98095e+002	 1.36530e+003
352	 3.7100000000e+002	 1.97421e+002	 1.37327e+003
353	 3.7200000000e+002	 1.96771e+002	 1.38126e+003
354	 3.7300000000e+002	 1.96194e+002	 1.38914e+003
355	 3.7400000000e+002	 1.95521e+002	 1.39710e+003
356	 3.7500000000e+002	 1.94802e+002	 1.40508e+003
357	 3.7600000000e+002	 1.94241e+002	 1.41291e+003
358	 3.7700000000e+002	 1.93634e+002	 1.42082e+003
359	 3.7800000000e+002	 1.92999e+002	 1.42880e+003
360	 3.7900000000e+002	 1.92360e+002	 1.43665e+003
361	 3.8000000000e+002	 1.91660e+002	 1.44445e+003
362	 3.8100000000e+002	 1.91123e+002	 1.45239e+003
363	 3.8200000000e+002	 1.90672e+002	 1.46032e+003
364	 3.8300000000e+002	 1.90042e+002	 1.46815e+003
365	 3.8400000000e+002	 1.89299e+002	 1.47604e+003
366	 3.8500000000e+002	 1.88661e+002	 1.48402e+003
367	 3.8600000000e+002	 1.88075e+002	 1.49192e+003
368	 3.8700000000e+002	 1.87383e+002	 1.49972e+003
369	 3.8800000000e+002	 1.86822e+002	 1.50750e+003
370	 3.8900000000e+002	 1.86187e+002	 1.51523e+003
371	 3.9000000000e+002	 1.85601e+002	 1.52280e+003
372	 3.9100000000e+002	 1.84858e+002	 1.53049e+003
373	 3.9200000000e+002	 1.83852e+002	 1.53831e+003
374	 3.9300000000e+002	 1.83170e+002	 1.54617e+003
375	 3.9400000000e+002	 1.82546e+002	 1.55402e+003
376	 3.9500000000e+002	 1.81901e+002	 1.56188e+003
377	 3.9600000000e+002	 1.80805e+002	 1.56958e+003
378	 3.9700000000e+002	 1.80256e+002	 1.57747e+003
379	 3.9800000000e+002	 1.79669e+002	 1.58520e+003
380	 3.9900000000e+002	 1.78816e+002	 1.59316e+003
381	 4.0000000000e+002	 1.77622e+002	 1.60120e+003
382	 4.0100000000e+002	 1.77209e+002	 1.60878e+003
383	 4.0200000000e+002	 1.76529e+002	 1.61646e+003
384	 4.0300000000e+002	 1.75897e+002	 1.62475e+003
385	 4.0400000000e+002	 1.75480e+002	 1.63266e+003
386	 4.0500000000e+002	 1.75039e+002	 1.64002e+003
387	 4.0600000000e+002	 1.74270e+002	 1.64776e+003
388	 4.0700000000e+002	 1.73472e+002	 1.65537e+003
389	 4.0800000000e+002	 1.72985e+002	 1.66270e+003
390	 4.0900000000e+002	 1.72553e+002	 1.67038e+003
391	 4.1000000000e+002	 1.71439e+002	 1.67806e+003
392	 4.1100000000e+002	 1.70882e+002	 1.68549e+003
393	 4.1200000000e+002	 1.70437e+002	 1.69300e+003
394	 4.1300000000e+002	 1.69800e+002	 1.70063e+003
395	 4.1400000000e+002	 1.69012e+002	 1.70812e+003
396	 4.1500000000e+002	 1.68160e+002	 1.71566e+003
397	 4.1600000000e+002	 1.67412e+002	 1.72330e+003
398	 4.1700000000e+002	 1.66513e+002	 1.73104e+003
399	 4.1800000000e+002	 1.65429e+002	 1.73866e+003
400	 4.1900000000e+002	 1.64260e+002	 1.74561e+003
401	 4.2000000000e+002	 1.63603e+002	 1.75271e+003
402	 4.2100000000e+002	 1.62888e+002	 1.76015e+003
403	 4.2200000000e+002	 1.61875e+002	 1.76761e+003
404	 4.2300000000e+002	 1.61138e+002	 1.77511e+003
405	 4.2400000000e+002	 1.59846e+002	 1.78227e+003
406	 4.2500000000e+002	 1.58445e+002	 1.78942e+003
407	 4.2600000000e+002	 1.57367e+002	 1.79688e+003
408	 4.2700000000e+002	 1.56345e+002	 1.80446e+003
409	 4.2800000000e+002	 1.55107e+002	 1.81200e+003
410	 4.2900000000e+002	 1.53300e+002	 1.81909e+003
411	 4.3000000000e+002	 1.51903e+002	 1.82634e+003
412	 4.3100000000e+002	 1.51017e+002	 1.83393e+003
413	 4.3200000000e+002	 1.49393e+002	 1.84189e+003
414	 4.3300000000e+002	 1.47779e+002	 1.84913e+003
415	 4.3400000000e+002	 1.46300e+002	 1.85747e+003
416	 4.3500000000e+002	 1.45118e+002	 1.86578e+003
417	 4.3600000000e+002	 1.43534e+002	 1.87345e+003
418	 4.3700000000e+002	 1.42048e+002	 1.88139e+003
419	 4.3800000000e+002	 1.42004e+002	 1.89007e+003
420	 4.3900000000e+002	 1.41626e+002	 1.89826e+003
421	 4.4000000000e+002	 1.40690e+002	 1.90573e+003
422	 4.4100000000e+002	 1.39505e+002	 1.91340e+003
423	 4.4200000000e+002	 1.38554e+002	 1.92129e+003
424	 4.4300000000e+002	 1.37810e+002	 1.92932e+003
425	 4.4400000000e+002	 1.36363e+002	 1.93659e+003
426	 4.4500000000e+002	 1.35367e+002	 1.94389e+003
427	 4.4600000000e+002	 1.33753e+002	 1.95138e+003
428	 4.4700000000e+002	 1.32497e+002	 1.95951e+003
429	 4.4800000000e+002	 1.31380e+002	 1.96728e+003
430	 4.4900000000e+002	 1.30453e+002	 1.97455e+003
431	 4.5000000000e+002	 1.28770e+002	 1.98198e+003
432	 4.5100000000e+002	 1.27336e+002	 1.98983e+003
433	 4.5200000000e+002	 1.26123e+002	 1.99826e+003
434	 4.5300000000e+002	 1.24431e+002	 2.00660e+003
435	 4.5400000000e+002	 1.23002e+002	 2.01424e+003
436	 4.5500000000e+002	 1.21638e+002	 2.02225e+003
437	 4.5600000000e+002	 1.20304e+002	 2.03085e+003
438	 4.5700000000e+002	 1.19133e+002	 2.03873e+003
439	 4.5800000000e+002	 1.17509e+002	 2.04615e+003
440	 4.5900000000e+002	 1.16542e+002	 2.05475e+003
441	 4.6000000000e+002	 1.15710e+002	 2.06352e+003
442	 4.6100000000e+002	 1.14325e+002	 2.07133e+003
443	 4.6200000000e+002	 1.12826e+002	 2.07910e+003
444	 4.6300000000e+002	 1.11315e+002	 2.08777e+003
445	 4.6400000000e+002	 1.09813e+002	 2.09593e+003
446	 4.6500000000e+002	 1.08693e+002	 2.10427e+003
447	 4.6600000000e+002	 1.07462e+002	 2.11262e+003
448	 4.6700000000e+002	 1.05997e+002	 2.12086e+003
449	 4.6800000000e+002	 1.04601e+002	 2.12906e+003
450	 4.6900000000e+002	 1.03654e+002	 2.13741e+003
451	 4.7000000000e+002	 1.02170e+002	 2.14552e+003
452	 4.7100000000e+002	 1.00836e+002	 2.15398e+003
453	 4.7200000000e+002	 9.94063e+001	 2.16255e+003
454	 4.7300000000e+002	 9.79754e+001	 2.17078e+003
455	 4.7400000000e+002	 9.65070e+001	 2.17948e+003
456	 4.7500000000e+002	 9.53574e+001	 2.18783e+003
457	 4.7600000000e+002	 9.42594e+001	 2.19571e+003
458	 4.7700000000e+002	 9.33270e+001	 2.20484e+003
459	 4.7800000000e+002	 9.19584e+001	 2.21365e+003
460	 4.7900000000e+002	 9.05727e+001	 2.22209e+003
461	 4.8000000000e+002	 8.91519e+001	 2.23037e+003
462	 4.8100000000e+002	 8.76440e+001	 2.23939e+003
463	 4.8200000000e+002	 8.66147e+001	 2.24839e+003
464	 4.8300000000e+002	 8.59353e+001	 2.25697e+003
465	 4.8400000000e+002	 8.47777e+001	 2.26562e+003
466	 4.8500000000e+002	 8.32622e+001	 2.27414e+003
467	 4.8600000000e+002	 8.22467e+001	 2.28299e+003
468	 4.8700000000e+002	 8.14745e+001	 2.29197e+003
469	 4.8800000000e+002	 8.06463e+001	 2.30083e+003
470	 4.8900000000e+002	 7.96367e+001	 2.31004e+003
471	 4.9000000000e+002	 7.87306e+001	 2.31915e+003
472	 4.9100000000e+002	 7.80220e+001	 2.32805e+003
473	 4.9200000000e+002	 7.75207e+001	 2.33698e+003
474	 4.9300000000e+002	 7.69166e+001	 2.34611e+003
475	 4.9400000000e+002	 7.65218e+001	 2.35544e+003
476	 4.9500000000e+002	 7.63114e+001	 2.36448e+003
477	 4.9600000000e+002	 7.60688e+001	 2.37333e+003
478	 4.9700000000e+002	 7.61007e+001	 2.38223e+003
479	 4.9800000000e+002	 7.62887e+001	 2.39113e+003
480	 4.9900000000e+002	 7.64238e+001	 2.39985e+003
481	 5.0000000000e+002	 7.67134e+001	 2.40855e+003
482	 5.0100000000e+002	 7.72453e+001	 2.41726e+003
483	 5.0200000000e+002	 7.80437e+001	 2.42580e+003
484	 5.0300000000e+002	 7.89075e+001	 2.43411e+003
485	 5.0400000000e+002	 8.00912e+001	 2.44211e+003
486	 5.0500000000e+002	 8.13158e+001	 2.44975e+003
487	 5.0600000000e+002	 8.26115e+001	 2.45705e+003
488	 5.0700000000e+002	 8.40924e+001	 2.46380e+003
489	 5.0800000000e+002	 8.56377e+001	 2.47004e+003
490	 5.0900000000e+002	 8.70295e+001	 2.47583e+003
491	 5.1000000000e+002	 8.78368e+001	 2.48059e+003
492	 5.1100000000e+002	 8.82348e+001	 2.48469e+003
493	 5.1200000000e+002	 8.79494e+001	 2.48838e+003
494	 5.1300000000e+002	 8.68146e+001	 2.49177e+003
495	 5.1400000000e+002	 8.45057e+001	 2.49510e+003
496	 5.1500000000e+002	 8.09363e+001	 2.49820e+003
497	 5.1600000000e+002	 7.64429e+001	 2.50170e+003
498	 5.1700000000e+002	 7.08383e+001	 2.50590e+003
499	 5.1800000000e+002	 6.44923e+001	 2.51136e+003
500	 5.1900000000e+002	 5.77402e+001	 2.51763e+003
501	 5.2000000000e+002	 5.05356e+001	 2.52555e+003
502	 5.2100000000e+002	 4.35167e+001	 2.53477e+003
503	 5.2200000000e+002	 3.67639e+001	 2.54480e+003
504	 5.2300000000e+002	 3.08597e+001	 2.55606e+003
505	 5.2400000000e+002	 2.59289e+001	 2.56688e+003
506	 5.2500000000e+002	 2.06565e+001	 2.57771e+003
507	 5.2600000000e+002	 1.58495e+001	 2.58992e+003
508	 5.2700000000e+002	 1.24800e+001	 2.60233e+003
509	 5.2800000000e+002	 9.93280e+000	 2.61418e+003
510	 5.2900000000e+002	 6.94300e+000	 2.62576e+003
511	 5.3000000000e+002	 4.27236e+000	 2.63806e+003
512	 5.3100000000e+002	 2.69695e+000	 2.65058e+003
513	 5.3200000000e+002	 1.44596e+000	 2.66253e+003
514	 5.3300000000e+002	-3.53395e-001	 2.67432e+003
515	 5.3400000000e+002	-2.17315e+000	 2.68614e+003
516	 5.3500000000e+002	-2.57754e+000	 2.69744e+003
517	 5.3600000000e+002	-3.19477e+000	 2.70848e+003
518	 5.3700000000e+002	-4.99297e+000	 2.72009e+003
519	 5.3800000000e+002	-5.97569e+000	 2.73102e+003
520	 5.3900000000e+002	-6.35184e+000	 2.74215e+003
521	 5.4000000000e+002	-7.70736e+000	 2.75356e+003
522	 5.4100000000e+002	-7.98543e+000	 2.76493e+003
523	 5.4200000000e+002	-7.80292e+000	 2.77594e+003
524	 5.4300000000e+002	-8.35731e+000	 2.78770e+003
525	 5.4400000000e+002	-8.51320e+000	 2.79929e+003
526	 5.4500000000e+002	-8.89713e+000	 2.81047e+003
527	 5.4600000000e+002	-9.37779e+000	 2.82169e+003
528	 5.4700000000e+002	-8.50913e+000	 2.83227e+003
529	 5.4800000000e+002	-7.96154e+000	 2.84310e+003
530	 5.4900000000e+002	-6.93020e+000	 2.85768e+003
531	 5.5000000000e+002	-3.62946e+000	 2.87572e+003
532	 5.5100000000e+002	-6.24331e+000	 2.87695e+003
533	 5.5200000000e+002	-6.57281e+000	 2.88550e+003
534	 5.5300000000e+002	-6.40352e+000	 2.89590e+003
535	 5.5400000000e+002	-6.15636e+000	 2.90624e+003
536	 5.5500000000e+002	-5.49637e+000	 2.91709e+003
537	 5.5600000000e+002	-4.77048e+000	 2.92868e+003
538	 5.5700000000e+002	-2.69862e+000	 2.93808e+003
539	 5.5800000000e+002	-1.65725e+000	 2.94798e+003
540	 5.5900000000e+002	-7.88487e-001	 2.95789e+003
541	 5.6000000000e+002	 5.64221e-001	 2.96826e+003
542	 5.6100000000e+002	 2.45690e+000	 2.97801e+003
543	 5.6200000000e+002	 3.57654e+000	 2.98828e+003
544	 5.6300000000e+002	 4.13629e+000	 2.99808e+003
545	 5.6400000000e+002	 4.74199e+000	 3.00716e+003
546	 5.6500000000e+002	 5.91583e+000	 3.01643e+003
547	 5.6600000000e+002	 6.81080e+000	 3.02504e+003
548	 5.6700000000e+002	 7.02799e+000	 3.03470e+003
549	 5.6800000000e+002	 8.17013e+000	 3.04556e+003
550	 5.6900000000e+002	 9.46487e+000	 3.05598e+003
551	 5.7000000000e+002	 9.67398e+000	 3.06532e+003
552	 5.7100000000e+002	 1.00845e+001	 3.07403e+003
553	 5.7200000000e+002	 1.12335e+001	 3.08316e+003
554	 5.7300000000e+002	 1.17943e+001	 3.09285e+003
555	 5.7400000000e+002	 1.34129e+001	 3.10280e+003
556	 5.7500000000e+002	 1.48986e+001	 3.11296e+003
557	 5.7600000000e+002	 1.58073e+001	 3.12190e+003
558	 5.7700000000e+002	 1.59244e+001	 3.13021e+003
559	 5.7800000000e+002	 1.77641e+001	 3.13949e+003
560	 5.7900000000e+002	 1.89562e+001	 3.15062e+003
561	 5.8000000000e+002	 1.85582e+001	 3.16196e+003
562	 5.8100000000e+002	 2.04370e+001	 3.17243e+003
563	 5.8200000000e+002	 2.17824e+001	 3.17909e+003
564	 5.8300000000e+002	 2.30676e+001	 3.18847e+003
565	 5.8400000000e+002	 2.38238e+001	 3.19948e+003
566	 5.8500000000e+002	 2.47892e+001	 3.20765e+003
567	 5.8600000000e+002	 2.71291e+001	 3.21694e+003
568	 5.8700000000e+002	 2.89695e+001	 3.22756e+003
569	 5.8800000000e+002	 3.08484e+001	 3.23662e+003
570	 5.8900000000e+002	 3.27138e+001	 3.24498e+003
571	 5.9000000000e+002	 3.59374e+001	 3.25430e+003
572	 5.9100000000e+002	 3.80946e+001	 3.26431e+003
573	 5.9200000000e+002	 3.86253e+001	 3.27232e+003
574	 5.9300000000e+002	 4.12235e+001	 3.28159e+003
575	 5.9400000000e+002	 4.43720e+001	 3.28973e+003
576	 5.9500000000e+002	 4.81894e+001	 3.29855e+003
577	 5.9600000000e+002	 4.97422e+001	 3.30690e+003
578	 5.9700000000e+002	 5.18409e+001	 3.31368e+003
579	 5.9800000000e+002	 5.51526e+001	 3.32156e+003
580	 5.9900000000e+002	 5.89696e+001	 3.32951e+003
581	 6.0000000000e+002	 6.33899e+001	 3.33461e+003
582	 6.0100000000e+002	 6.52608e+001	 3.34215e+003
583	 6.0200000000e+002	 6.71890e+001	 3.34807e+003
584	 6.0300000000e+002	 6.81484e+001	 3.35573e+003
585	 6.0400000000e+002	 6.98769e+001	 3.36051e+003
586	 6.0500000000e+002	 7.21860e+001	 3.36582e+003
587	 6.0600000000e+002	 7.49740e+001	 3.37200e+003
588	 6.0700000000e+002	 7.54292e+001	 3.37866e+003
589	 6.0800000000e+002	 7.66262e+001	 3.38370e+003
590	 6.0900000000e+002	 7.81875e+001	 3.38937e+003
591	 6.1000000000e+002	 7.94982e+001	 3.39322e+003
592	 6.1100000000e+002	 8.04416e+001	 3.39674e+003
593	 6.1200000000e+002	 7.92289e+001	 3.40197e+003
594	 6.1300000000e+002	 7.84761e+001	 3.40722e+003
595	 6.1400000000e+002	 7.74065e+001	 3.41071e+003
596	 6.1500000000e+002	 7.48636e+001	 3.41490e+003
597	 6.1600000000e+002	 7.26032e+001	 3.42075e+003
598	 6.1700000000e+002	 7.04411e+001	 3.42649e+003
599	 6.1800000000e+002	 6.77039e+001	 3.43119e+003
600	 6.1900000000e+002	 6.46924e+001	 3.43607e+003
601	 6.2000000000e+002	 6.14334e+001	 3.44135e+003
602	 6.2100000000e+002	 5.78962e+001	 3.44930e+003
603	 6.2200000000e+002	 5.43220e+001	 3.45710e+003
604	 6.2300000000e+002	 5.08070e+001	 3.46411e+003
605	 6.2400000000e+002	 4.67468e+001	 3.47056e+003
606	 6.2500000000e+002	 4.30936e+001	 3.47812e+003
607	 6.2600000000e+002	 3.84691e+001	 3.48680e+003
608	 6.2700000000e+002	 3.57619e+001	 3.49610e+003
609	 6.2800000000e+002	 3.30580e+001	 3.50462e+003
610	 6.2900000000e+002	 2.96165e+001	 3.51284e+003
611	 6.3000000000e+002	 2.61884e+001	 3.52229e+003
612	 6.3100000000e+002	 2.30553e+001	 3.53230e+003
613	 6.3200000000e+002	 2.10606e+001	 3.54174e+003
614	 6.3300000000e+002	 1.80786e+001	 3.55189e+003
615	 6.3400000000e+002	 1.51939e+001	 3.56230e+003
616	 6.3500000000e+002	 1.25556e+001	 3.57230e+003
617	 6.3600000000e+002	 1.10764e+001	 3.58219e+003
618	 6.3700000000e+002	 9.88114e+000	 3.59219e+003
619	 6.3800000000e+002	 8.38798e+000	 3.60248e+003
620	 6.3900000000e+002	 6.46829e+000	 3.61267e+003
621	 6.4000000000e+002	 4.24785e+000	 3.62286e+003
622	 6.4100000000e+002	 3.17007e+000	 3.63310e+003
623	 6.4200000000e+002	 2.06783e+000	 3.64332e+003
624	 6.4300000000e+002	 1.01815e+000	 3.65356e+003
625	 6.4400000000e+002	 4.39025e-001	 3.66333e+003
626	 6.4500000000e+002	-4.19814e-001	 3.67301e+003
627	 6.4600000000e+002	-1.23130e+000	 3.68284e+003
628	 6.4700000000e+002	-1.78788e+000	 3.69358e+003
629	 6.4800000000e+002	-2.17174e+000	 3.70380e+003
630	 6.4900000000e+002	-2.14612e+000	 3.71389e+003
631	 6.5000000000e+002	-1.81070e+000	 3.72345e+003
632	 6.5100000000e+002	-2.94990e+000	 3.73357e+003
633	 6.5200000000e+002	-3.91561e+000	 3.74440e+003
634	 6.5300000000e+002	-6.11527e+000	 3.75389e+003
635	 6.5400000000e+002	-6.18264e+000	 3.76330e+003
636	 6.5500000000e+002	-7.12473e+000	 3.77233e+003
637	 6.5600000000e+002	-7.53841e+000	 3.78304e+003
638	 6.5700000000e+002	-7.34483e+000	 3.79441e+003
639	 6.5800000000e+002	-7.18457e+000	 3.80451e+003
640	 6.5900000000e+002	-8.31238e+000	 3.81383e+003
641	 6.6000000000e+002	-8.40899e+000	 3.82232e+003
642	 6.6100000000e+002	-1.01192e+001	 3.83144e+003
643	 6.6200000000e+002	-1.07108e+001	 3.84269e+003
644	 6.6300000000e+002	-9.20623e+000	 3.85363e+003
645	 6.6400000000e+002	-8.72720e+000	 3.86400e+003
646	 6.6500000000e+002	-8.69778e+000	 3.87487e+003
647	 6.6600000000e+002	-9.09844e+000	 3.88229e+003
648	 6.6700000000e+002	-9.79307e+000	 3.89181e+003
649	 6.6800000000e+002	-9.99085e+000	 3.90257e+003
650	 6.6900000000e+002	-1.02148e+001	 3.91288e+003
651	 6.7000000000e+002	-8.76022e+000	 3.92392e+003
652	 6.7100000000e+002	-8.08204e+000	 3.93470e+003
653	 6.7200000000e+002	-7.90246e+000	 3.94447e+003
654	 6.7300000000e+002	-7.36133e+000	 3.95463e+003
655	 6.7400000000e+002	-7.67947e+000	 3.96421e+003
656	 6.7500000000e+002	-6.43526e+000	 3.97412e+003
657	 6.7600000000e+002	-5.09196e+000	 3.98514e+003
658	 6.7700000000e+002	-3.90107e+000	 3.99487e+003
659	 6.7800000000e+002	-6.39050e+000	 4.00341e+003
660	 6.7900000000e+002	-4.57587e+000	 4.01014e+003
661	 6.8000000000e+002	-2.12384e+000	 4.02060e+003
662	 6.8100000000e+002	-1.62193e+000	 4.03045e+003
663	 6.8200000000e+002	 1.74596e-002	 4.04020e+003
664	 6.8300000000e+002	 5.03855e-001	 4.05216e+003
665	 6.8400000000e+002	 3.96824e-002	 4.06349e+003
666	 6.8500000000e+002	 2.62832e+000	 4.07085e+003
667	 6.8600000000e+002	 3.90590e+000	 4.08111e+003
668	 6.8700000000e+002	 5.56465e+000	 4.09151e+003
669	 6.8800000000e+002	 5.29002e+000	 4.10143e+003
670	 6.8900000000e+002	 9.09918e+000	 4.10962e+003
671	 6.9000000000e+002	 1.29779e+001	 4.11986e+003
672	 6.9100000000e+002	 1.45410e+001	 4.12530e+003
673	 6.9200000000e+002	 1.41885e+001	 4.13236e+003
674	 6.9300000000e+002	 1.50750e+001	 4.14481e+003
675	 6.9400000000e+002	 1.52424e+001	 4.15657e+003
676	 6.9500000000e+002	 1.61936e+001	 4.16367e+003
677	 6.9600000000e+002	 1.57741e+001	 4.17216e+003
678	 6.9700000000e+002	 1.95737e+001	 4.18055e+003
679	 6.9800000000e+002	 2.16567e+001	 4.18803e+003
680	 6.9900000000e+002	 2.16402e+001	 4.20054e+003
681	 7.0000000000e+002	 1.91534e+001	 4.20572e+003
682	 7.0100000000e+002	 2.28919e+001	 4.21676e+003
683	 7.0200000000e+002	 2.49631e+001	 4.22679e+003
684	 7.0300000000e+002	 2.80207e+001	 4.23438e+003
685	 7.0400000000e+002	 3.14665e+001	 4.23992e+003
686	 7.0500000000e+002	 3.42699e+001	 4.24570e+003
687	 7.0600000000e+002	 3.62860e+001	 4.25466e+003
688	 7.0700000000e+002	 3.50431e+001	 4.26132e+003
689	 7.0800000000e+002	 3.30195e+001	 4.26848e+003
690	 7.0900000000e+002	 3.19393e+001	 4.27821e+003
691	 7.1000000000e+002	 3.30167e+001	 4.28849e+003
692	 7.1100000000e+002	 3.60208e+001	 4.29575e+003
693	 7.1200000000e+002	 4.21466e+001	 4.30111e+003
694	 7.1300000000e+002	 4.29699e+001	 4.31264e+003
695	 7.1400000000e+002	 4.02241e+001	 4.32637e+003
696	 7.1500000000e+002	 3.93958e+001	 4.33343e+003
697	 7.1600000000e+002	 4.23373e+001	 4.33675e+003
698	 7.1700000000e+002	 4.67022e+001	 4.34056e+003
699	 7.1800000000e+002	 5.17447e+001	 4.34928e+003
700	 7.1900000000e+002	 5.47650e+001	 4.35896e+003
701	 7.2000000000e+002	 5.29954e+001	 4.37105e+003
702	 7.2100000000e+002	 5.42284e+001	 4.38031e+003
703	 7.2200000000e+002	 5.75992e+001	 4.38327e+003
704	 7.2300000000e+002	 6.14008e+001	 4.38701e+003
705	 7.2400000000e+002	 6.53530e+001	 4.39585e+003
706	 7.2500000000e+002	 6.62485e+001	 4.40471e+003
707	 7.2600000000e+002	 6.77987e+001	 4.41223e+003
708	 7.2700000000e+002	 6.80659e+001	 4.42086e+003
709	 7.2800000000e+002	 7.15809e+001	 4.42926e+003
710	 7.2900000000e+002	 7.34880e+001	 4.43438e+003
711	 7.3000000000e+002	 7.54720e+001	 4.43357e+003
712	 7.3100000000e+002	 7.80911e+001	 4.44049e+003
713	 7.3200000000e+002	 7.97232e+001	 4.44580e+003
714	 7.3300000000e+002	 8.42489e+001	 4.45014e+003
715	 7.3400000000e+002	 8.82348e+001	 4.45685e+003
716	 7.3500000000e+002	 8.70311e+001	 4.46520e+003
717	 7.3600000000e+002	 8.75034e+001	 4.46991e+003
718	 7.3700000000e+002	 8.78617e+001	 4.47391e+003
719	 7.3800000000e+002	 8.82832e+001	 4.47687e+003
720	 7.3900000000e+002	 8.73822e+001	 4.48146e+003
721	 7.4000000000e+002	 8.73586e+001	 4.48693e+003
722	 7.4100000000e+002	 8.86647e+001	 4.49223e+003
723	 7.4200000000e+002	 8.82030e+001	 4.49436e+003
724	 7.4300000000e+002	 8.47053e+001	 4.49945e+003
725	 7.4400000000e+002	 8.54507e+001	 4.50348e+003
726	 7.4500000000e+002	 8.44433e+001	 4.51106e+003
727	 7.4600000000e+002	 8.21124e+001	 4.51311e+003
728	 7.4700000000e+002	 7.76920e+001	 4.51846e+003
729	 7.4800000000e+002	 7.60757e+001	 4.52770e+003
730	 7.4900000000e+002	 7.41836e+001	 4.53195e+003
731	 7.5000000000e+002	 7.20658e+001	 4.53834e+003
732	 7.5100000000e+002	 6.76734e+001	 4.54408e+003
733	 7.5200000000e+002	 6.34770e+001	 4.55048e+003
734	 7.5300000000e+002	 6.12295e+001	 4.55918e+003
735	 7.5400000000e+002	 5.66095e+001	 4.56574e+003
736	 7.5500000000e+002	 5.32274e+001	 4.57210e+003
737	 7.5600000000e+002	 4.91455e+001	 4.57958e+003
738	 7.5700000000e+002	 4.66290e+001	 4.58712e+003
739	 7.5800000000e+002	 4.22594e+001	 4.59383e+003
740	 7.5900000000e+002	 4.12954e+001	 4.60209e+003
741	 7.6000000000e+002	 4.06213e+001	 4.61104e+003
742	 7.6100000000e+002	 3.66174e+001	 4.62109e+003
743	 7.6200000000e+002	 3.44717e+001	 4.62925e+003
744	 7.6300000000e+002	 2.96309e+001	 4.63749e+003
745	 7.6400000000e+002	 2.87342e+001	 4.64665e+003
746	 7.6500000000e+002	 2.88879e+001	 4.65462e+003
747	 7.6600000000e+002	 2.71117e+001	 4.66429e+003
748	 7.6700000000e+002	 2.60469e+001	 4.67469e+003
749	 7.6800000000e+002	 2.55711e+001	 4.68546e+003
750	 7.6900000000e+002	 2.60312e+001	 4.69486e+003
751	 7.7000000000e+002	 2.49412e+001	 4.70574e+003
752	 7.7100000000e+002	 2.09771e+001	 4.71334e+003
753	 7.7200000000e+002	 2.08646e+001	 4.72240e+003
754	 7.7300000000e+002	 2.10135e+001	 4.73171e+003
755	 7.7400000000e+002	 1.89604e+001	 4.74259e+003
756	 7.7500000000e+002	 2.07935e+001	 4.75298e+003
757	 7.7600000000e+002	 2.16183e+001	 4.76134e+003
758	 7.7700000000e+002	 2.02187e+001	 4.77094e+003
759	 7.7800000000e+002	 2.10625e+001	 4.77925e+003
760	 7.7900000000e+002	 2.24471e+001	 4.78848e+003
761	 7.8000000000e+002	 2.13439e+001	 4.79773e+003
762	 7.8100000000e+002	 2.04026e+001	 4.80717e+003
763	 7.8200000000e+002	 2.34119e+001	 4.81437e+003
764	 7.8300000000e+002	 2.56602e+001	 4.82308e+003
765	 7.8400000000e+002	 2.42279e+001	 4.83261e+003
766	 7.8500000000e+002	 2.43397e+001	 4.84220e+003
767	 7.8600000000e+002	 2.78249e+001	 4.85045e+003
768	 7.8700000000e+002	 3.12012e+001	 4.85682e+003
769	 7.8800000000e+002	 2.88158e+001	 4.86524e+003
770	 7.8900000000e+002	 2.52612e+001	 4.87514e+003
771	 7.9000000000e+002	 2.68395e+001	 4.88347e+003
772	 7.9100000000e+002	 2.96888e+001	 4.88953e+003
773	 7.9200000000e+002	 3.02518e+001	 4.89653e+003
774	 7.9300000000e+002	 2.94146e+001	 4.90797e+003
775	 7.9400000000e+002	 2.72509e+001	 4.91694e+003
776	 7.9500000000e+002	 2.77803e+001	 4.92446e+003
777	 7.9600000000e+002	 3.26046e+001	 4.93318e+003
778	 7.9700000000e+002	 3.33153e+001	 4.94478e+003
779	 7.9800000000e+002	 3.31518e+001	 4.95279e+003
780	 7.9900000000e+002	 3.38089e+001	 4.96136e+003
781	 8.0000000000e+002	 3.35177e+001	 4.96842e+003
782	 8.0100000000e+002	 3.22370e+001	 4.97455e+003
783	 8.0200000000e+002	 3.27592e+001	 4.98421e+003
784	 8.0300000000e+002	 3.84128e+001	 4.98904e+003
785	 8.0400000000e+002	 3.76031e+001	 4.99773e+003
786	 8.0500000000e+002	 3.60439e+001	 5.01015e+003
787	 8.0600000000e+002	 4.01442e+001	 5.01617e+003
788	 8.0700000000e+002	 4.31533e+001	 5.02213e+003
789	 8.0800000000e+002	 3.63223e+001	 5.03073e+003
790	 8.0900000000e+002	 3.79189e+001	 5.03675e+003
791	 8.1000000000e+002	 5.07284e+001	 5.03895e+003
792	 8.1100000000e+002	 5.26703e+001	 5.04003e+003
793	 8.1200000000e+002	 4.36628e+001	 5.04900e+003
794	 8.1300000000e+002	 4.32640e+001	 5.06401e+003
795	 8.1400000000e+002	 4.64734e+001	 5.08008e+003
796	 8.1500000000e+002	 4.26021e+001	 5.08693e+003
797	 8.1600000000e+002	 4.31820e+001	 5.08792e+003
798	 8.1700000000e+002	 5.13339e+001	 5.10097e+003
799	 8.1800000000e+002	 5.69823e+001	 5.10037e+003
800	 8.1900000000e+002	 6.19136e+001	 5.09787e+003
801	 8.2000000000e+002	 5.62449e+001	 5.11337e+003
802	 8.2100000000e+002	 4.37126e+001	 5.12563e+003
803	 8.2200000000e+002	 4.12875e+001	 5.13244e+003
804	 8.2300000000e+002	 4.57880e+001	 5.12978e+003
805	 8.2400000000e+002	 5.34866e+001	 5.13716e+003
806	 8.2500000000e+002	 5.59289e+001	 5.15380e+003
807	 8.2600000000e+002	 5.85382e+001	 5.16013e+003
808	 8.2700000000e+002	 5.64738e+001	 5.16548e+003
809	 8.2800000000e+002	 5.06210e+001	 5.17152e+003
810	 8.2900000000e+002	 4.41019e+001	 5.18061e+003
811	 8.3000000000e+002	 4.81684e+001	 5.17732e+003
812	 8.3100000000e+002	 5.49218e+001	 5.17564e+003
813	 8.3200000000e+002	 4.86048e+001	 5.18122e+003
814	 8.3300000000e+002	 4.99987e+001	 5.19507e+003
815	 8.3400000000e+002	 5.62141e+001	 5.20804e+003
816	 8.3500000000e+002	 5.27158e+001	 5.22034e+003
817	 8.3600000000e+002	 5.25645e+001	 5.23083e+003
818	 8.3700000000e+002	 5.18021e+001	 5.23230e+003
819	 8.3800000000e+002	 5.28250e+001	 5.22986e+003
820	 8.3900000000e+002	 5.67346e+001	 5.23475e+003
821	 8.4000000000e+002	 5.14072e+001	 5.24271e+003
822	 8.4100000000e+002	 4.95358e+001	 5.25978e+003
823	 8.4200000000e+002	 4.84660e+001	 5.27486e+003
824	 8.4300000000e+002	 4.74669e+001	 5.27924e+003
825	 8.4400000000e+002	 4.71531e+001	 5.28435e+003
826	 8.4500000000e+002	 3.74815e+001	 5.29841e+003
827	 8.4600000000e+002	 3.24015e+001	 5.30932e+003
828	 8.4700000000e+002	 3.09864e+001	 5.32318e+003
829	 8.4800000000e+002	 2.25704e+001	 5.32667e+003
830	 8.4900000000e+002	 2.15236e+001	 5.33465e+003
831	 8.5000000000e+002	 7.92308e+000	 5.35124e+003
832	 8.5100000000e+002	 1.46434e+001	 5.34630e+003
833	 8.5200000000e+002	 1.64365e+001	 5.35470e+003
834	 8.5300000000e+002	 1.90552e+001	 5.37636e+003
835	 8.5400000000e+002	 2.37233e+001	 5.38646e+003
836	 8.5500000000e+002	 3.14033e+001	 5.39759e+003
837	 8.5600000000e+002	 4.65654e+001	 5.41000e+003
838	 8.5700000000e+002	 4.61103e+001	 5.41861e+003
839	 8.5800000000e+002	 3.45830e+001	 5.42324e+003
840	 8.5900000000e+002	 2.95078e+001	 5.42515e+003
841	 8.6000000000e+002	 3.24768e+001	 5.42785e+003
842	 8.6100000000e+002	 4.98933e+001	 5.43711e+003
843	 8.6200000000e+002	 6.10744e+001	 5.44685e+003
844	 8.6300000000e+002	 5.53277e+001	 5.45765e+003
845	 8.6400000000e+002	 5.21836e+001	 5.46089e+003
846	 8.6500000000e+002	 4.28463e+001	 5.47105e+003
847	 8.6600000000e+002	 2.74762e+001	 5.48003e+003
848	 8.6700000000e+002	 2.58940e+001	 5.48875e+003
849	 8.6800000000e+002	 3.49802e+001	 5.49961e+003
850	 8.6900000000e+002	 5.61631e+001	 5.51137e+003
851	 8.7000000000e+002	 5.98360e+001	 5.53775e+003
852	 8.7100000000e+002	 5.12963e+001	 5.55345e+003
853	 8.7200000000e+002	 5.15254e+001	 5.56064e+003
854	 8.7300000000e+002	 4.85258e+001	 5.56379e+003
855	 8.7400000000e+002	 4.38829e+001	 5.56921e+003
856	 8.7500000000e+002	 3.82240e+001	 5.57923e+003
857	 8.7600000000e+002	 3.84118e+001	 5.59603e+003
858	 8.7700000000e+002	 5.83457e+001	 5.60100e+003
859	 8.7800000000e+002	 7.26053e+001	 5.61543e+003
860	 8.7900000000e+002	 6.37624e+001	 5.62294e+003
861	 8.8000000000e+002	 7.31806e+001	 5.62626e+003
862	 8.8100000000e+002	 7.28224e+001	 5.63110e+003
863	 8.8200000000e+002	 6.82310e+001	 5.64079e+003
864	 8.8300000000e+002	 6.73089e+001	 5.65825e+003
865	 8.8400000000e+002	 6.23927e+001	 5.66194e+003
866	 8.8500000000e+002	 6.87022e+001	 5.66847e+003
867	 8.8600000000e+002	 7.16291e+001	 5.68768e+003
868	 8.8700000000e+002	 5.28003e+001	 5.69574e+003
869	 8.8800000000e+002	 4.87410e+001	 5.68969e+003
870	 8.8900000000e+002	 5.92383e+001	 5.69931e+003
871	 8.9000000000e+002	 5.45027e+001	 5.71610e+003
872	 8.9100000000e+002	 5.82986e+001	 5.73023e+003
873	 8.9200000000e+002	 5.97456e+001	 5.74276e+003
874	 8.9300000000e+002	 5.83361e+001	 5.75113e+003
875	 8.9400000000e+002	 5.62757e+001	 5.76959e+003
876	 8.9500000000e+002	 4.74243e+001	 5.77810e+003
877	 8.9600000000e+002	 4.20597e+001	 5.78006e+003
878	 8.9700000000e+002	 4.90610e+001	 5.79200e+003
879	 8.9800000000e+002	 5.32025e+001	 5.82019e+003
880	 8.9900000000e+002	 4.69574e+001	 5.84286e+003
881	 9.0000000000e+002	 4.94519e+001	 5.86132e+003
882	 9.0100000000e+002	 5.92460e+001	 5.87289e+003
883	 9.0200000000e+002	 7.27463e+001	 5.88445e+003
884	 9.0300000000e+002	 7.33988e+001	 5.90244e+003
885	 9.0400000000e+002	 7.31863e+001	 5.90557e+003
886	 9.0500000000e+002	 8.24526e+001	 5.91437e+003
887	 9.0600000000e+002	 8.46274e+001	 5.94031e+003
888	 9.0700000000e+002	 8.35146e+001	 5.95545e+003
889	 9.0800000000e+002	 9.81776e+001	 5.96332e+003
890	 9.0900000000e+002	 1.13605e+002	 5.97999e+003
891	 9.1000000000e+002	 1.21217e+002	 5.99441e+003
892	 9.1100000000e+002	 1.17152e+002	 6.00923e+003
893	 9.1200000000e+002	 1.21812e+002	 6.01983e+003
894	 9.1300000000e+002	 1.42737e+002	 6.02993e+003
895	 9.1400000000e+002	 1.58573e+002	 6.04795e+003
896	 9.1500000000e+002	 1.59279e+002	 6.06285e+003
897	 9.1600000000e+002	 1.65221e+002	 6.06875e+003
898	 9.1700000000e+002	 1.75356e+002	 6.08107e+003
899	 9.1800000000e+002	 1.87366e+002	 6.09198e+003
900	 9.1900000000e+002	 1.99626e+002	 6.09956e+003
901	 9.2000000000e+002	 2.08181e+002	 6.11412e+003
902	 9.2100000000e+002	 2.19534e+002	 6.13004e+003
903	 9.2200000000e+002	 2.30583e+002	 6.14135e+003
904	 9.2300000000e+002	 2.42127e+002	 6.14982e+003
905	 9.2400000000e+002	 2.63158e+002	 6.15488e+003
906	 9.2500000000e+002	 2.82128e+002	 6.16337e+003
907	 9.2600000000e+002	 2.86598e+002	 6.16934e+003
908	 9.2700000000e+002	 2.94308e+002	 6.17407e+003
909	 9.2800000000e+002	 3.09035e+002	 6.18891e+003
910	 9.2900000000e+002	 3.21740e+002	 6.20847e+003
911	 9.3000000000e+002	 3.30909e+002	 6.21381e+003
912	 9.3100000000e+002	 3.46757e+002	 6.21939e+003
913	 9.3200000000e+002	 3.60359e+002	 6.22550e+003
914	 9.3300000000e+002	 3.86419e+002	 6.22181e+003
915	 9.3400000000e+002	 4.12936e+002	 6.22407e+003
916	 9.3500000000e+002	 4.23409e+002	 6.22709e+003
917	 9.3600000000e+002	 4.38946e+002	 6.22760e+003
918	 9.3700000000e+002	 4.62264e+002	 6.22652e+003
919	 9.3800000000e+002	 4.75819e+002	 6.21965e+003
920	 9.3900000000e+002	 4.88946e+002	 6.22959e+003
921	 9.4000000000e+002	 5.00969e+002	 6.24524e+003
922	 9.4100000000e+002	 5.16712e+002	 6.23576e+003
923	 9.4200000000e+002	 5.41957e+002	 6.21437e+003
924	 9.4300000000e+002	 5.55705e+002	 6.21457e+003
925	 9.4400000000e+002	 5.64905e+002	 6.21582e+003
926	 9.4500000000e+002	 5.82195e+002	 6.19270e+003
927	 9.4600000000e+002	 5.92029e+002	 6.16552e+003
928	 9.4700000000e+002	 6.00345e+002	 6.15320e+003
929	 9.4800000000e+002	 6.04181e+002	 6.14956e+003
930	 9.4900000000e+002	 6.13575e+002	 6.15065e+003
931	 9.5000000000e+002	 6.29656e+002	 6.14938e+003
932	 9.5100000000e+002	 6.42858e+002	 6.13489e+003
933	 9.5200000000e+002	 6.50761e+002	 6.11614e+003
934	 9.5300000000e+002	 6.54007e+002	 6.10649e+003
935	 9.5400000000e+002	 6.49384e+002	 6.09049e+003
936	 9.5500000000e+002	 6.44118e+002	 6.06693e+003
937	 9.5600000000e+002	 6.35664e+002	 6.04805e+003
938	 9.5700000000e+002	 6.20083e+002	 6.04126e+003
939	 9.5800000000e+002	 6.21561e+002	 6.04753e+003
940	 9.5900000000e+002	 6.42620e+002	 6.04746e+003
941	 9.6000000000e+002	 6.55172e+002	 6.02525e+003
942	 9.6100000000e+002	 6.48639e+002	 6.01684e+003
943	 9.6200000000e+002	 6.45724e+002	 5.99895e+003
944	 9.6300000000e+002	 6.52254e+002	 5.97996e+003
945	 9.6400000000e+002	 6.58294e+002	 5.96820e+003
946	 9.6500000000e+002	 6.33598e+002	 5.96081e+003
947	 9.6600000000e+002	 6.02353e+002	 5.94990e+003
948	 9.6700000000e+002	 6.04616e+002	 5.93484e+003
949	 9.6800000000e+002	 6.08455e+002	 5.91023e+003
950	 9.6900000000e+002	 5.89628e+002	 5.87441e+003
951	 9.7000000000e+002	 5.70827e+002	 5.83571e+003
952	 9.7100000000e+002	 5.61918e+002	 5.82497e+003
953	 9.7200000000e+002	 5.44644e+002	 5.82616e+003
954	 9.7300000000e+002	 5.00060e+002	 5.82952e+003
955	 9.7400000000e+002	 4.38391e+002	 5.81200e+003
956	 9.7500000000e+002	 3.96827e+002	 5.79363e+003
957	 9.7600000000e+002	 3.78003e+002	 5.78820e+003
958	 9.7700000000e+002	 3.43235e+002	 5.79335e+003
959	 9.7800000000e+002	 3.11832e+002	 5.78657e+003
960	 9.7900000000e+002	 2.97295e+002	 5.78558e+003
961	 9.8000000000e+002	 2.70825e+002	 5.80812e+003
962	 9.8100000000e+002	 2.49528e+002	 5.84350e+003
963	 9.8200000000e+002	 2.31252e+002	 5.88100e+003
964	 9.8300000000e+002	 2.05289e+002	 5.90582e+003
965	 9.8400000000e+002	 1.69654e+002	 5.90696e+003
966	 9.8500000000e+002	 1.41539e+002	 5.88129e+003
967	 9.8600000000e+002	 1.27484e+002	 5.88476e+003
968	 9.8700000000e+002	 1.24196e+002	 5.92608e+003
969	 9.8800000000e+002	 1.29767e+002	 5.96037e+003
970	 9.8900000000e+002	 1.30521e+002	 5.98037e+003
971	 9.9000000000e+002	 1.18371e+002	 5.98620e+003
972	 9.9100000000e+002	 1.14028e+002	 5.99866e+003
973	 9.9200000000e+002	 1.24773e+002	 6.02453e+003
974	 9.9300000000e+002	 1.07851e+002	 6.06392e+003
975	 9.9400000000e+002	 7.21735e+001	 6.08422e+003
976	 9.9500000000e+002	 4.56768e+001	 6.06418e+003
977	 9.9600000000e+002	 6.38885e+001	 6.06215e+003
978	 9.9700000000e+002	 1.06535e+002	 6.06285e+003
979	 9.9800000000e+002	 1.19897e+002	 6.05718e+003
980	 9.9900000000e+002	 1.13532e+002	 6.05742e+003
981	 1.0000000000e+003	 7.86214e+001	 6.05798e+003
982	 1.0010000000e+003	 6.18811e+001	 6.08839e+003
983	 1.0020000000e+003	 5.83493e+001	 6.09850e+003
984	 1.0030000000e+003	 1.70636e+001	 6.09530e+003
985	 1.0040000000e+003	-4.27092e+001	 6.07704e+003
986	 1.0050000000e+003	-6.19338e+001	 6.06337e+003
987	 1.0060000000e+003	-7.81460e+001	 6.03416e+003
988	 1.0070000000e+003	-1.25481e+002	 6.03002e+003
989	 1.0080000000e+003	-1.76136e+002	 6.06668e+003
990	 1.0090000000e+003	-2.19858e+002	 6.11490e+003
991	 1.0100000000e+003	-2.67188e+002	 6.14685e+003
992	 1.0110000000e+003	-3.06497e+002	 6.16952e+003
993	 1.0120000000e+003	-3.41074e+002	 6.20815e+003
994	 1.0130000000e+003	-3.62845e+002	 6.27296e+003
995	 1.0140000000e+003	-3.89822e+002	 6.32815e+003
996	 1.0150000000e+003	-3.72236e+002	 6.35711e+003
997	 1.0160000000e+003	-3.66922e+002	 6.37956e+003
998	 1.0170000000e+003	-3.60789e+002	 6.43156e+003
999	 1.0180000000e+003	-3.71421e+002	 6.48390e+003
1000	 1.0190000000e+003	-3.85653e+002	 6.54338e+003
1001	 1.0200000000e+003	-3.70831e+002	 6.59448e+003
1002	 1.0210000000e+003	-3.44961e+002	 6.63469e+003
1003	 1.0220000000e+003	-3.60285e+002	 6.62540e+003
1004	 1.0230000000e+003	-3.99789e+002	 6.63732e+003
1005	 1.0240000000e+003	-4.10141e+002	 6.68115e+003
1006	 1.0250000000e+003	-3.93166e+002	 6.71316e+003
1007	 1.0260000000e+003	-3.84795e+002	 6.75613e+003
1008	 1.0270000000e+003	-3.72535e+002	 6.76747e+003
1009	 1.0280000000e+003	-4.08253e+002	 6.79830e+003
1010	 1.0290000000e+003	-4.23123e+002	 6.88190e+003
1011	 1.0300000000e+003	-3.84387e+002	 6.91477e+003
1012	 1.0310000000e+003	-3.95336e+002	 6.89860e+003
1013	 1.0320000000e+003	-4.17461e+002	 6.92183e+003
1014	 1.0330000000e+003	-3.95887e+002	 6.98323e+003
1015	 1.0340000000e+003	-3.62579e+002	 7.05180e+003
1016	 1.0350000000e+003	-3.14703e+002	 7.09897e+003
1017	 1.0360000000e+003	-2.65918e+002	 7.11397e+003
1018	 1.0370000000e+003	-2.50890e+002	 7.13964e+003
1019	 1.0380000000e+003	-2.13046e+002	 7.16855e+003
1020	 1.0390000000e+003	-1.88219e+002	 7.17946e+003
1021	 1.0400000000e+003	-1.74038e+002	 7.19332e+003
1022	 1.0410000000e+003	-1.43442e+002	 7.20052e+003
1023	 1.0420000000e+003	-1.23650e+002	 7.20401e+003
1024	 1.0430000000e+003	-1.00200e+002	 7.24083e+003
1025	 1.0440000000e+003	-6.87153e+001	 7.26468e+003
1026	 1.0450000000e+003	-5.50538e+001	 7.25586e+003
1027	 1.0460000000e+003	-1.69325e+001	 7.24505e+003
1028	 1.0470000000e+003	 3.27139e+001	 7.26533e+003
1029	 1.0480000000e+003	 3.57601e+001	 7.29030e+003
1030	 1.0490000000e+003	 2.27484e+001	 7.31722e+003
1031	 1.0500000000e+003	 4.13548e+001	 7.29908e+003
1032	 1.0510000000e+003	 3.93822e+001	 7.25174e+003
1033	 1.0520000000e+003	 3.85216e+001	 7.25102e+003
1034	 1.0530000000e+003	 8.60311e+001	 7.27736e+003
1035	 1.0540000000e+003	 1.27203e+002	 7.26444e+003
1036	 1.0550000000e+003	 1.37539e+002	 7.25205e+003
1037	 1.0560000000e+003	 1.53745e+002	 7.25160e+003
1038	 1.0570000000e+003	 1.50246e+002	 7.24543e+003
1039	 1.0580000000e+003	 1.36885e+002	 7.24217e+003
1040	 1.0590000000e+003	 1.35367e+002	 7.23881e+003
1041	 1.0600000000e+003	 1.41608e+002	 7.22441e+003
1042	 1.0610000000e+003	 1.39775e+002	 7.20423e+003
1043	 1.0620000000e+003	 1.44471e+002	 7.22371e+003
1044	 1.0630000000e+003	 1.51640e+002	 7.24844e+003
1045	 1.0640000000e+003	 1.45154e+002	 7.23298e+003
1046	 1.0650000000e+003	 1.49270e+002	 7.23182e+003
1047	 1.0660000000e+003	 1.81430e+002	 7.22844e+003
1048	 1.0670000000e+003	 1.85361e+002	 7.19755e+003
1049	 1.0680000000e+003	 1.70742e+002	 7.17858e+003
1050	 1.0690000000e+003	 1.60059e+002	 7.16545e+003
1051	 1.0700000000e+003	 1.65612e+002	 7.15931e+003
1052	 1.0710000000e+003	 1.80082e+002	 7.17053e+003
1053	 1.0720000000e+003	 1.88655e+002	 7.18169e+003
1054	 1.0730000000e+003	 1.81986e+002	 7.17394e+003
1055	 1.0740000000e+003	 1.61567e+002	 7.15597e+003
1056	 1.0750000000e+003	 1.28502e+002	 7.13846e+003
1057	 1.0760000000e+003	 1.06616e+002	 7.13043e+003
1058	 1.0770000000e+003	 1.03242e+002	 7.13826e+003
1059	 1.0780000000e+003	 1.05577e+002	 7.11266e+003
1060	 1.0790000000e+003	 7.69833e+001	 7.08208e+003
1061	 1.0800000000e+003	 4.13452e+001	 7.07749e+003
1062	 1.0810000000e+003	 1.84060e+001	 7.08082e+003
1063	 1.0820000000e+003	 8.59975e+000	 7.10044e+003
1064	 1.0830000000e+003	-1.57172e+001	 7.10751e+003
1065	 1.0840000000e+003	-4.28346e+001	 7.11222e+003
1066	 1.0850000000e+003	-3.50984e+001	 7.10742e+003
1067	 1.0860000000e+003	-4.71780e+001	 7.09937e+003
1068	 1.0870000000e+003	-7.44369e+001	 7.11075e+003
1069	 1.0880000000e+003	-9.91109e+001	 7.11667e+003
1070	 1.0890000000e+003	-1.30310e+002	 7.12925e+003
1071	 1.0900000000e+003	-1.60287e+002	 7.11033e+003
1072	 1.0910000000e+003	-1.73590e+002	 7.10109e+003
1073	 1.0920000000e+003	-1.91656e+002	 7.09159e+003
1074	 1.0930000000e+003	-2.23376e+002	 7.12377e+003
1075	 1.0940000000e+003	-2.27760e+002	 7.16709e+003
1076	 1.0950000000e+003	-2.19336e+002	 7.13767e+003
1077	 1.0960000000e+003	-2.87339e+002	 7.11984e+003
1078	 1.0970000000e+003	-3.61157e+002	 7.15000e+003
1079	 1.0980000000e+003	-4.15868e+002	 7.15570e+003
1080	 1.0990000000e+003	-4.66443e+002	 7.14838e+003
1081	 1.1000000000e+003	-4.88400e+002	 7.16226e+003
1082	 1.1010000000e+003	-5.35018e+002	 7.19593e+003
1083	 1.1020000000e+003	-5.87336e+002	 7.23856e+003
1084	 1.1030000000e+003	-6.38799e+002	 7.29375e+003
1085	 1.1040000000e+003	-6.51511e+002	 7.35321e+003
1086	 1.1050000000e+003	-6.42107e+002	 7.36275e+003
1087	 1.1060000000e+003	-6.60907e+002	 7.39544e+003
1088	 1.1070000000e+003	-7.39754e+002	 7.45769e+003
1089	 1.1080000000e+003	-8.03317e+002	 7.49339e+003
1090	 1.1090000000e+003	-8.30612e+002	 7.50449e+003
1091	 1.1100000000e+003	-8.75992e+002	 7.54849e+003
1092	 1.1110000000e+003	-8.89819e+002	 7.63598e+003
1093	 1.1120000000e+003	-8.66526e+002	 7.71245e+003
1094	 1.1130000000e+003	-8.66100e+002	 7.79125e+003
1095	 1.1140000000e+003	-8.61507e+002	 7.84674e+003
1096	 1.1150000000e+003	-8.40136e+002	 7.85062e+003
1097	 1.1160000000e+003	-8.19588e+002	 7.88029e+003
1098	 1.1170000000e+003	-8.24515e+002	 7.95097e+003
1099	 1.1180000000e+003	-8.79753e+002	 8.03782e+003
1100	 1.1190000000e+003	-9.05857e+002	 8.13023e+003
1101	 1.1200000000e+003	-8.55160e+002	 8.15678e+003
1102	 1.1210000000e+003	-8.01367e+002	 8.15762e+003
1103	 1.1220000000e+003	-7.42993e+002	 8.18975e+003
1104	 1.1230000000e+003	-7.19112e+002	 8.21136e+003
1105	 1.1240000000e+003	-6.78953e+002	 8.23651e+003
1106	 1.1250000000e+003	-6.20336e+002	 8.24400e+003
1107	 1.1260000000e+003	-6.11728e+002	 8.29945e+003
1108	 1.1270000000e+003	-5.84902e+002	 8.34421e+003
1109	 1.1280000000e+003	-5.07717e+002	 8.34152e+003
1110	 1.1290000000e+003	-4.90629e+002	 8.30828e+003
1111	 1.1300000000e+003	-4.88736e+002	 8.33952e+003
1112	 1.1310000000e+003	-4.95785e+002	 8.34887e+003
1113	 1.1320000000e+003	-4.29872e+002	 8.33736e+003
1114	 1.1330000000e+003	-3.01960e+002	 8.31082e+003
1115	 1.1340000000e+003	-2.33744e+002	 8.28638e+003
1116	 1.1350000000e+003	-2.37184e+002	 8.24426e+003
1117	 1.1360000000e+003	-3.22671e+002	 8.22266e+003
1118	 1.1370000000e+003	-3.62088e+002	 8.15189e+003
1119	 1.1380000000e+003	-3.57159e+002	 8.07507e+003
1120	 1.1390000000e+003	-3.64474e+002	 8.06243e+003
1121	 1.1400000000e+003	-4.60548e+002	 8.07920e+003
1122	 1.1410000000e+003	-5.61778e+002	 8.02966e+003
1123	 1.1420000000e+003	-5.82090e+002	 7.97862e+003
1124	 1.1430000000e+003	-5.95918e+002	 7.99204e+003
1125	 1.1440000000e+003	-6.16899e+002	 7.99404e+003
1126	 1.1450000000e+003	-6.74568e+002	 7.99090e+003
1127	 1.1460000000e+003	-7.53416e+002	 8.02145e+003
1128	 1.1470000000e+003	-8.16512e+002	 8.06846e+003
1129	 1.1480000000e+003	-8.41387e+002	 8.10006e+003
1130	 1.1490000000e+003	-9.02863e+002	 8.13864e+003
1131	 1.1500000000e+003	-1.01449e+003	 8.17834e+003
1132	 1.1510000000e+003	-1.07365e+003	 8.22290e+003
1133	 1.1520000000e+003	-1.07189e+003	 8.23359e+003
1134	 1.1530000000e+003	-1.00663e+003	 8.26368e+003
1135	 1.1540000000e+003	-9.68780e+002	 8.26720e+003
1136	 1.1550000000e+003	-9.74474e+002	 8.27831e+003
1137	 1.1560000000e+003	-1.06465e+003	 8.33367e+003
1138	 1.1570000000e+003	-1.17010e+003	 8.39639e+003
1139	 1.1580000000e+003	-1.16295e+003	 8.46571e+003
1140	 1.1590000000e+003	-1.13466e+003	 8.49279e+003
1141	 1.1600000000e+003	-1.21913e+003	 8.41733e+003
1142	 1.1610000000e+003	-1.28087e+003	 8.40869e+003
1143	 1.1620000000e+003	-1.30395e+003	 8.50282e+003
1144	 1.1630000000e+003	-1.28526e+003	 8.57256e+003
1145	 1.1640000000e+003	-1.24967e+003	 8.57604e+003
1146	 1.1650000000e+003	-1.28549e+003	 8.54081e+003
1147	 1.1660000000e+003	-1.36044e+003	 8.58533e+003
1148	 1.1670000000e+003	-1.44637e+003	 8.66044e+003
1149	 1.1680000000e+003	-1.50434e+003	 8.72210e+003
1150	 1.1690000000e+003	-1.53148e+003	 8.77709e+003
1151	 1.1700000000e+003	-1.57123e+003	 8.78745e+003
1152	 1.1710000000e+003	-1.56980e+003	 8.78603e+003
1153	 1.1720000000e+003	-1.57463e+003	 8.87001e+003
1154	 1.1730000000e+003	-1.64287e+003	 8.96130e+003
1155	 1.1740000000e+003	-1.68240e+003	 8.99014e+003
1156	 1.1750000000e+003	-1.64280e+003	 8.96140e+003
1157	 1.1760000000e+003	-1.64816e+003	 8.97949e+003
1158	 1.1770000000e+003	-1.73534e+003	 9.00333e+003
1159	 1.1780000000e+003	-1.78348e+003	 9.02580e+003
1160	 1.1790000000e+003	-1.75885e+003	 9.10133e+003
1161	 1.1800000000e+003	-1.78617e+003	 9.17856e+003
1162	 1.1810000000e+003	-1.82197e+003	 9.20400e+003
1163	 1.1820000000e+003	-1.80596e+003	 9.22808e+003
1164	 1.1830000000e+003	-1.87647e+003	 9.29674e+003
1165	 1.1840000000e+003	-1.93233e+003	 9.41206e+003
1166	 1.1850000000e+003	-1.94310e+003	 9.47947e+003
1167	 1.1860000000e+003	-1.94013e+003	 9.50191e+003
1168	 1.1870000000e+003	-1.97019e+003	 9.56004e+003
1169	 1.1880000000e+003	-2.05229e+003	 9.60896e+003
1170	 1.1890000000e+003	-2.04894e+003	 9.62190e+003
1171	 1.1900000000e+003	-2.08188e+003	 9.68861e+003
1172	 1.1910000000e+003	-2.09736e+003	 9.73896e+003
1173	 1.1920000000e+003	-2.09622e+003	 9.79862e+003
1174	 1.1930000000e+003	-2.11557e+003	 9.86383e+003
1175	 1.1940000000e+003	-2.14513e+003	 9.95616e+003
1176	 1.1950000000e+003	-2.18797e+003	 1.00118e+004
1177	 1.1960000000e+003	-2.18745e+003	 1.00195e+004
1178	 1.1970000000e+003	-2.18413e+003	 1.00589e+004
1179	 1.1980000000e+003	-2.20686e+003	 1.01083e+004
1180	 1.1990000000e+003	-2.18176e+003	 1.01423e+004
1181	 1.2000000000e+003	-2.16904e+003	 1.02670e+004
1182	 1.2010000000e+003	-2.23385e+003	 1.03662e+004
1183	 1.2020000000e+003	-2.25651e+003	 1.04179e+004
1184	 1.2030000000e+003	-2.26080e+003	 1.04969e+004
1185	 1.2040000000e+003	-2.29005e+003	 1.05485e+004
1186	 1.2050000000e+003	-2.32716e+003	 1.06103e+004
1187	 1.2060000000e+003	-2.32842e+003	 1.06690e+004
1188	 1.2070000000e+003	-2.32320e+003	 1.07297e+004
1189	 1.2080000000e+003	-2.37325e+003	 1.07694e+004
1190	 1.2090000000e+003	-2.38948e+003	 1.07343e+004
1191	 1.2100000000e+003	-2.37015e+003	 1.08042e+004
1192	 1.2110000000e+003	-2.38786e+003	 1.08784e+004
1193	 1.2120000000e+003	-2.40661e+003	 1.08970e+004
1194	 1.2130000000e+003	-2.41075e+003	 1.09435e+004
1195	 1.2140000000e+003	-2.44168e+003	 1.10064e+004
1196	 1.2150000000e+003	-2.49971e+003	 1.11214e+004
1197	 1.2160000000e+003	-2.52469e+003	 1.12130e+004
1198	 1.2170000000e+003	-2.52570e+003	 1.12963e+004
1199	 1.2180000000e+003	-2.53688e+003	 1.13634e+004
1200	 1.2190000000e+003	-2.56461e+003	 1.13542e+004
1201	 1.2200000000e+003	-2.57768e+003	 1.13846e+004
1202	 1.2210000000e+003	-2.58795e+003	 1.14613e+004
1203	 1.2220000000e+003	-2.63207e+003	 1.15487e+004
1204	 1.2230000000e+003	-2.63551e+003	 1.15945e+004
1205	 1.2240000000e+003	-2.64068e+003	 1.17091e+004
1206	 1.2250000000e+003	-2.66859e+003	 1.18349e+004
1207	 1.2260000000e+003	-2.70389e+003	 1.18369e+004
1208	 1.2270000000e+003	-2.70942e+003	 1.18571e+004
1209	 1.2280000000e+003	-2.71965e+003	 1.19800e+004
1210	 1.2290000000e+003	-2.74836e+003	 1.20185e+004
1211	 1.2300000000e+003	-2.74695e+003	 1.20216e+004
1212	 1.2310000000e+003	-2.75084e+003	 1.21103e+004
1213	 1.2320000000e+003	-2.77205e+003	 1.22535e+004
1214	 1.2330000000e+003	-2.88751e+003	 1.23948e+004
1215	 1.2340000000e+003	-2.91840e+003	 1.25014e+004
1216	 1.2350000000e+003	-2.91997e+003	 1.26372e+004
1217	 1.2360000000e+003	-2.93657e+003	 1.27476e+004
1218	 1.2370000000e+003	-2.95317e+003	 1.28316e+004
1219	 1.2380000000e+003	-2.96909e+003	 1.29215e+004
1220	 1.2390000000e+003	-2.95498e+003	 1.30519e+004
1221	 1.2400000000e+003	-3.07093e+003	 1.31921e+004
1222	 1.2410000000e+003	-3.16287e+003	 1.31944e+004
1223	 1.2420000000e+003	-3.11595e+003	 1.32346e+004
1224	 1.2430000000e+003	-3.04852e+003	 1.33590e+004
1225	 1.2440000000e+003	-2.99510e+003	 1.35430e+004
1226	 1.2450000000e+003	-2.93992e+003	 1.37090e+004
1227	 1.2460000000e+003	-2.95016e+003	 1.38279e+004
1228	 1.2470000000e+003	-3.06021e+003	 1.39096e+004
1229	 1.2480000000e+003	-3.09927e+003	 1.39386e+004
1230	 1.2490000000e+003	-2.96605e+003	 1.39466e+004
1231	 1.2500000000e+003	-2.89493e+003	 1.41838e+004
1232	 1.2510000000e+003	-3.03405e+003	 1.46171e+004
1233	 1.2520000000e+003	-3.21675e+003	 1.47583e+004
1234	 1.2530000000e+003	-3.10310e+003	 1.47727e+004
1235	 1.2540000000e+003	-2.91144e+003	 1.50102e+004
1236	 1.2550000000e+003	-2.88659e+003	 1.53151e+004
1237	 1.2560000000e+003	-2.72212e+003	 1.54407e+004
1238	 1.2570000000e+003	-2.86314e+003	 1.55675e+004
1239	 1.2580000000e+003	-2.98698e+003	 1.57010e+004
1240	 1.2590000000e+003	-3.03056e+003	 1.58381e+004
1241	 1.2600000000e+003	-2.79619e+003	 1.58524e+004
1242	 1.2610000000e+003	-2.42550e+003	 1.62640e+004
1243	 1.2620000000e+003	-2.23341e+003	 1.67466e+004
1244	 1.2630000000e+003	-2.33957e+003	 1.68990e+004
1245	 1.2640000000e+003	-2.49018e+003	 1.68713e+004
1246	 1.2650000000e+003	-2.42173e+003	 1.69696e+004
1247	 1.2660000000e+003	-2.24128e+003	 1.70638e+004
1248	 1.2670000000e+003	-2.13199e+003	 1.72689e+004
1249	 1.2680000000e+003	-1.94800e+003	 1.76305e+004
1250	 1.2690000000e+003	-1.64641e+003	 1.81584e+004
1251	 1.2700000000e+003	-1.56442e+003	 1.83953e+004
1252	 1.2710000000e+003	-1.40025e+003	 1.85052e+004
1253	 1.2720000000e+003	-8.98378e+002	 1.84610e+004
1254	 1.2730000000e+003	-3.67339e+002	 1.85632e+004
1255	 1.2740000000e+003	-1.26824e+002	 1.89928e+004
1256	 1.2750000000e+003	-1.07034e+002	 1.90890e+004
1257	 1.2760000000e+003	 1.65078e+002	 1.91223e+004
1258	 1.2770000000e+003	 3.77068e+002	 1.92793e+004
1259	 1.2780000000e+003	 6.94386e+002	 1.91090e+004
1260	 1.2790000000e+003	 8.30271e+002	 1.90976e+004
1261	 1.2800000000e+003	 1.23457e+003	 1.90802e+004
1262	 1.2810000000e+003	 1.72675e+003	 1.89887e+004
1263	 1.2820000000e+003	 2.05664e+003	 1.91472e+004
1264	 1.2830000000e+003	 2.26647e+003	 1.92505e+004
1265	 1.2840000000e+003	 2.62213e+003	 1.91164e+004
1266	 1.2850000000e+003	 2.97477e+003	 1.89978e+004
1267	 1.2860000000e+003	 3.29740e+003	 1.88736e+004
1268	 1.2870000000e+003	 3.41047e+003	 1.90894e+004
1269	 1.2880000000e+003	 3.68479e+003	 1.90909e+004
1270	 1.2890000000e+003	 3.93161e+003	 1.87158e+004
1271	 1.2900000000e+003	 3.98547e+003	 1.83938e+004
1272	 1.2910000000e+003	 4.19877e+003	 1.81219e+004
1273	 1.2920000000e+003	 4.47956e+003	 1.79107e+004
1274	 1.2930000000e+003	 4.60963e+003	 1.78552e+004
1275	 1.2940000000e+003	 4.69250e+003	 1.79502e+004
1276	 1.2950000000e+003	 5.09298e+003	 1.79286e+004
1277	 1.2960000000e+003	 5.20348e+003	 1.75045e+004
1278	 1.2970000000e+003	 4.98102e+003	 1.73635e+004
1279	 1.2980000000e+003	 5.03315e+003	 1.71010e+004
1280	 1.2990000000e+003	 5.18388e+003	 1.69852e+004
1281	 1.3000000000e+003	 5.34676e+003	 1.65342e+004
1282	 1.3010000000e+003	 5.49271e+003	 1.64367e+004
1283	 1.3020000000e+003	 5.62188e+003	 1.63309e+004
1284	 1.3030000000e+003	 5.72302e+003	 1.62417e+004
1285	 1.3040000000e+003	 5.93675e+003	 1.63032e+004
1286	 1.3050000000e+003	 6.05768e+003	 1.64413e+004
1287	 1.3060000000e+003	 6.13573e+003	 1.63221e+004
1288	 1.3070000000e+003	 6.09843e+003	 1.60698e+004
1289	 1.3080000000e+003	 6.07932e+003	 1.57503e+004
1290	 1.3090000000e+003	 6.15349e+003	 1.55007e+004
1291	 1.3100000000e+003	 6.20537e+003	 1.54702e+004
1292	 1.3110000000e+003	 6.16710e+003	 1.53922e+004
1293	 1.3120000000e+003	 6.05066e+003	 1.51493e+004
1294	 1.3130000000e+003	 6.02789e+003	 1.48740e+004
1295	 1.3140000000e+003	 6.12004e+003	 1.47777e+004
1296	 1.3150000000e+003	 6.15947e+003	 1.47039e+004
1297	 1.3160000000e+003	 6.23149e+003	 1.45954e+004
1298	 1.3170000000e+003	 6.33208e+003	 1.44554e+004
1299	 1.3180000000e+003	 6.22687e+003	 1.42143e+004
1300	 1.3190000000e+003	 6.02594e+003	 1.40034e+004
1301	 1.3200000000e+003	 6.01908e+003	 1.40596e+004
1302	 1.3210000000e+003	 6.08963e+003	 1.41363e+004
1303	 1.3220000000e+003	 6.05651e+003	 1.39191e+004
1304	 1.3230000000e+003	 6.08698e+003	 1.35550e+004
1305	 1.3240000000e+003	 5.87932e+003	 1.33299e+004
1306	 1.3250000000e+003	 5.80986e+003	 1.31586e+004
1307	 1.3260000000e+003	 5.75271e+003	 1.30606e+004
1308	 1.3270000000e+003	 5.72274e+003	 1.29123e+004
1309	 1.3280000000e+003	 5.65844e+003	 1.27768e+004
1310	 1.3290000000e+003	 5.61215e+003	 1.27051e+004
1311	 1.3300000000e+003	 5.46986e+003	 1.25672e+004
1312	 1.3310000000e+003	 5.28284e+003	 1.25158e+004
1313	 1.3320000000e+003	 5.17003e+003	 1.26662e+004
1314	 1.3330000000e+003	 5.09918e+003	 1.26522e+004
1315	 1.3340000000e+003	 4.98004e+003	 1.25649e+004
1316	 1.3350000000e+003	 4.80277e+003	 1.25548e+004
1317	 1.3360000000e+003	 4.74282e+003	 1.25527e+004
1318	 1.3370000000e+003	 4.72536e+003	 1.23954e+004
1319	 1.3380000000e+003	 4.58074e+003	 1.21757e+004
1320	 1.3390000000e+003	 4.44994e+003	 1.22153e+004
1321	 1.3400000000e+003	 4.40182e+003	 1.23132e+004
1322	 1.3410000000e+003	 4.35092e+003	 1.23265e+004
1323	 1.3420000000e+003	 4.23920e+003	 1.22721e+004
1324	 1.3430000000e+003	 4.13005e+003	 1.22760e+004
1325	 1.3440000000e+003	 4.04892e+003	 1.23724e+004
1326	 1.3450000000e+003	 3.92204e+003	 1.23939e+004
1327	 1.3460000000e+003	 3.86183e+003	 1.23894e+004
1328	 1.3470000000e+003	 3.80793e+003	 1.23612e+004
1329	 1.3480000000e+003	 3.67443e+003	 1.23607e+004
1330	 1.3490000000e+003	 3.65169e+003	 1.23308e+004
1331	 1.3500000000e+003	 3.55523e+003	 1.22492e+004
1332	 1.3510000000e+003	 3.41184e+003	 1.22586e+004
1333	 1.3520000000e+003	 3.37485e+003	 1.22744e+004
1334	 1.3530000000e+003	 3.35946e+003	 1.23434e+004
1335	 1.3540000000e+003	 3.31237e+003	 1.23803e+004
1336	 1.3550000000e+003	 3.18886e+003	 1.24447e+004
1337	 1.3560000000e+003	 3.13459e+003	 1.25251e+004
1338	 1.3570000000e+003	 3.04946e+003	 1.25859e+004
1339	 1.3580000000e+003	 2.93306e+003	 1.26353e+004
1340	 1.3590000000e+003	 2.87758e+003	 1.26743e+004
1341	 1.3600000000e+003	 2.84505e+003	 1.26731e+004
1342	 1.3610000000e+003	 2.86097e+003	 1.27414e+004
1343	 1.3620000000e+003	 2.80494e+003	 1.27636e+004
1344	 1.3630000000e+003	 2.69354e+003	 1.28063e+004
1345	 1.3640000000e+003	 2.59438e+003	 1.28983e+004
1346	 1.3650000000e+003	 2.51258e+003	 1.29548e+004
1347	 1.3660000000e+003	 2.47952e+003	 1.30119e+004
1348	 1.3670000000e+003	 2.45824e+003	 1.30395e+004
1349	 1.3680000000e+003	 2.39114e+003	 1.31558e+004
1350	 1.3690000000e+003	 2.39878e+003	 1.31948e+004
1351	 1.3700000000e+003	 2.38240e+003	 1.32349e+004
1352	 1.3710000000e+003	 2.34976e+003	 1.33719e+004
1353	 1.3720000000e+003	 2.27650e+003	 1.34994e+004
1354	 1.3730000000e+003	 2.29442e+003	 1.36340e+004
1355	 1.3740000000e+003	 2.20915e+003	 1.37448e+004
1356	 1.3750000000e+003	 2.16143e+003	 1.38287e+004
1357	 1.3760000000e+003	 2.12981e+003	 1.37931e+004
1358	 1.3770000000e+003	 2.04938e+003	 1.37961e+004
1359	 1.3780000000e+003	 1.97011e+003	 1.39480e+004
1360	 1.3790000000e+003	 1.93000e+003	 1.40150e+004
1361	 1.3800000000e+003	 1.96131e+003	 1.39776e+004
1362	 1.3810000000e+003	 2.10440e+003	 1.40799e+004
1363	 1.3820000000e+003	 2.21776e+003	 1.42488e+004
1364	 1.3830000000e+003	 2.29611e+003	 1.43241e+004
1365	 1.3840000000e+003	 2.15930e+003	 1.44049e+004
1366	 1.3850000000e+003	 2.17431e+003	 1.46561e+004
1367	 1.3860000000e+003	 2.17780e+003	 1.47169e+004
1368	 1.3870000000e+003	 2.16192e+003	 1.46848e+004
1369	 1.3880000000e+003	 2.24569e+003	 1.45419e+004
1370	 1.3890000000e+003	 2.29026e+003	 1.45728e+004
1371	 1.3900000000e+003	 2.19811e+003	 1.46735e+004
1372	 1.3910000000e+003	 2.08358e+003	 1.47588e+004
1373	 1.3920000000e+003	 2.17802e+003	 1.49351e+004
1374	 1.3930000000e+003	 2.27009e+003	 1.49344e+004
1375	 1.3940000000e+003	 2.36232e+003	 1.50296e+004
1376	 1.3950000000e+003	 2.56435e+003	 1.50940e+004
1377	 1.3960000000e+003	 2.63061e+003	 1.51303e+004
1378	 1.3970000000e+003	 2.57611e+003	 1.53228e+004
1379	 1.3980000000e+003	 2.58467e+003	 1.56076e+004
1380	 1.3990000000e+003	 2.48157e+003	 1.55044e+004
1381	 1.4000000000e+003	 2.27012e+003	 1.53458e+004
1382	 1.4010000000e+003	 2.25311e+003	 1.53322e+004
1383	 1.4020000000e+003	 2.46913e+003	 1.55089e+004
1384	 1.4030000000e+003	 2.55190e+003	 1.55955e+004
1385	 1.4040000000e+003	 2.47145e+003	 1.56431e+004
1386	 1.4050000000e+003	 2.46970e+003	 1.56767e+004
1387	 1.4060000000e+003	 2.59946e+003	 1.54482e+004
1388	 1.4070000000e+003	 2.53508e+003	 1.54544e+004
1389	 1.4080000000e+003	 2.70907e+003	 1.56676e+004
1390	 1.4090000000e+003	 2.68636e+003	 1.57262e+004
1391	 1.4100000000e+003	 2.59157e+003	 1.58159e+004
1392	 1.4110000000e+003	 2.68829e+003	 1.59728e+004
1393	 1.4120000000e+003	 2.71980e+003	 1.58918e+004
1394	 1.4130000000e+003	 2.64870e+003	 1.57726e+004
1395	 1.4140000000e+003	 2.83653e+003	 1.58876e+004
1396	 1.4150000000e+003	 3.12148e+003	 1.60201e+004
1397	 1.4160000000e+003	 3.06037e+003	 1.60268e+004
1398	 1.4170000000e+003	 2.90708e+003	 1.61031e+004
1399	 1.4180000000e+003	 2.44120e+003	 1.59842e+004
1400	 1.4190000000e+003	 2.53018e+003	 1.58679e+004
1401	 1.4200000000e+003	 2.68080e+003	 1.60223e+004
1402	 1.4210000000e+003	 2.65524e+003	 1.61866e+004
1403	 1.4220000000e+003	 2.83082e+003	 1.63770e+004
1404	 1.4230000000e+003	 3.03393e+003	 1.64614e+004
1405	 1.4240000000e+003	 2.92013e+003	 1.68082e+004
1406	 1.4250000000e+003	 2.84377e+003	 1.65541e+004
1407	 1.4260000000e+003	 2.83005e+003	 1.65597e+004
1408	 1.4270000000e+003	 2.78462e+003	 1.67279e+004
1409	 1.4280000000e+003	 3.07741e+003	 1.66983e+004
1410	 1.4290000000e+003	 3.07609e+003	 1.67944e+004
1411	 1.4300000000e+003	 2.85718e+003	 1.68230e+004
1412	 1.4310000000e+003	 2.85502e+003	 1.66289e+004
1413	 1.4320000000e+003	 3.00911e+003	 1.66193e+004
1414	 1.4330000000e+003	 3.10736e+003	 1.67805e+004
1415	 1.4340000000e+003	 3.21605e+003	 1.71203e+004
1416	 1.4350000000e+003	 3.34250e+003	 1.72605e+004
1417	 1.4360000000e+003	 3.19398e+003	 1.71130e+004
1418	 1.4370000000e+003	 3.08181e+003	 1.75057e+004
1419	 1.4380000000e+003	 2.86355e+003	 1.75872e+004
1420	 1.4390000000e+003	 2.61970e+003	 1.75516e+004
1421	 1.4400000000e+003	 3.02682e+003	 1.75667e+004
1422	 1.4410000000e+003	 3.43793e+003	 1.76303e+004
1423	 1.4420000000e+003	 3.56487e+003	 1.78937e+004
1424	 1.4430000000e+003	 3.36273e+003	 1.81397e+004
1425	 1.4440000000e+003	 3.17911e+003	 1.79936e+004
1426	 1.4450000000e+003	 3.22917e+003	 1.80184e+004
1427	 1.4460000000e+003	 3.51974e+003	 1.79449e+004
1428	 1.4470000000e+003	 3.74171e+003	 1.82400e+004
1429	 1.4480000000e+003	 3.89316e+003	 1.86523e+004
1430	 1.4490000000e+003	 3.71871e+003	 1.84613e+004
1431	 1.4500000000e+003	 3.80840e+003	 1.84120e+004
1432	 1.4510000000e+003	 4.04614e+003	 1.85062e+004
1433	 1.4520000000e+003	 4.09106e+003	 1.86693e+004
1434	 1.4530000000e+003	 4.00509e+003	 1.86979e+004
1435	 1.4540000000e+003	 4.12762e+003	 1.89563e+004
1436	 1.4550000000e+003	 4.20997e+003	 1.91938e+004
1437	 1.4560000000e+003	 4.49986e+003	 1.89842e+004
1438	 1.4570000000e+003	 4.73657e+003	 1.89112e+004
1439	 1.4580000000e+003	 4.73321e+003	 1.90014e+004
1440	 1.4590000000e+003	 4.93342e+003	 1.89988e+004
1441	 1.4600000000e+003	 5.33517e+003	 1.90530e+004
1442	 1.4610000000e+003	 5.47613e+003	 1.92078e+004
1443	 1.4620000000e+003	 5.47919e+003	 1.95518e+004
1444	 1.4630000000e+003	 5.57251e+003	 1.94579e+004
1445	 1.4640000000e+003	 5.47973e+003	 1.93336e+004
1446	 1.4650000000e+003	 5.61345e+003	 1.91811e+004
1447	 1.4660000000e+003	 5.90633e+003	 1.93013e+004
1448	 1.4670000000e+003	 6.19839e+003	 1.94617e+004
1449	 1.4680000000e+003	 6.30637e+003	 1.94153e+004
1450	 1.4690000000e+003	 6.47561e+003	 1.93846e+004
1451	 1.4700000000e+003	 6.62201e+003	 1.93772e+004
1452	 1.4710000000e+003	 6.72866e+003	 1.93686e+004
1453	 1.4720000000e+003	 6.78772e+003	 1.94237e+004
1454	 1.4730000000e+003	 6.88821e+003	 1.92447e+004
1455	 1.4740000000e+003	 7.26297e+003	 1.90864e+004
1456	 1.4750000000e+003	 7.64463e+003	 1.91313e+004
1457	 1.4760000000e+003	 7.83054e+003	 1.93921e+004
1458	 1.4770000000e+003	 7.87491e+003	 1.93285e+004
1459	 1.4780000000e+003	 7.88234e+003	 1.91188e+004
1460	 1.4790000000e+003	 7.96611e+003	 1.88731e+004
1461	 1.4800000000e+003	 7.99894e+003	 1.86368e+004
1462	 1.4810000000e+003	 8.23236e+003	 1.87736e+004
1463	 1.4820000000e+003	 8.50760e+003	 1.86525e+004
1464	 1.4830000000e+003	 8.53925e+003	 1.86154e+004
1465	 1.4840000000e+003	 8.61457e+003	 1.85206e+004
1466	 1.4850000000e+003	 8.76706e+003	 1.82265e+004
1467	 1.4860000000e+003	 8.86451e+003	 1.82780e+004
1468	 1.4870000000e+003	 8.84351e+003	 1.81562e+004
1469	 1.4880000000e+003	 8.99967e+003	 1.79157e+004
1470	 1.4890000000e+003	 9.14049e+003	 1.78769e+004
1471	 1.4900000000e+003	 9.34196e+003	 1.76866e+004
1472	 1.4910000000e+003	 9.34276e+003	 1.75914e+004
1473	 1.4920000000e+003	 9.33091e+003	 1.74272e+004
1474	 1.4930000000e+003	 9.46793e+003	 1.74880e+004
1475	 1.4940000000e+003	 9.59058e+003	 1.73454e+004
1476	 1.4950000000e+003	 9.58581e+003	 1.71215e+004
1477	 1.4960000000e+003	 9.64117e+003	 1.69275e+004
1478	 1.4970000000e+003	 9.51472e+003	 1.67450e+004
1479	 1.4980000000e+003	 9.52298e+003	 1.65712e+004
1480	 1.4990000000e+003	 9.52150e+003	 1.64878e+004
1481	 1.5000000000e+003	 9.58011e+003	 1.64571e+004
1482	 1.5010000000e+003	 9.62215e+003	 1.62827e+004
1483	 1.5020000000e+003	 9.80923e+003	 1.61708e+004
1484	 1.5030000000e+003	 9.77366e+003	 1.60555e+004
1485	 1.5040000000e+003	 9.76120e+003	 1.58587e+004
1486	 1.5050000000e+003	 9.82422e+003	 1.56717e+004
1487	 1.5060000000e+003	 9.73197e+003	 1.56640e+004
1488	 1.5070000000e+003	 9.76997e+003	 1.56210e+004
1489	 1.5080000000e+003	 9.68369e+003	 1.56870e+004
1490	 1.5090000000e+003	 9.63660e+003	 1.55953e+004
1491	 1.5100000000e+003	 9.62105e+003	 1.54225e+004
1492	 1.5110000000e+003	 9.56691e+003	 1.52601e+004
1493	 1.5120000000e+003	 9.36206e+003	 1.51240e+004
1494	 1.5130000000e+003	 9.17254e+003	 1.50180e+004
1495	 1.5140000000e+003	 9.28557e+003	 1.48374e+004
1496	 1.5150000000e+003	 9.43236e+003	 1.47860e+004
1497	 1.5160000000e+003	 9.33627e+003	 1.47248e+004
1498	 1.5170000000e+003	 9.29239e+003	 1.46710e+004
1499	 1.5180000000e+003	 9.36668e+003	 1.44064e+004
1500	 1.5190000000e+003	 9.23661e+003	 1.43712e+004
1501	 1.5200000000e+003	 9.14041e+003	 1.44945e+004
1502	 1.5210000000e+003	 9.18039e+003	 1.45167e+004
1503	 1.5220000000e+003	 9.15567e+003	 1.44663e+004
1504	 1.5230000000e+003	 8.90134e+003	 1.43398e+004
1505	 1.5240000000e+003	 8.61817e+003	 1.43404e+004
1506	 1.5250000000e+003	 8.64735e+003	 1.42563e+004
1507	 1.5260000000e+003	 8.46157e+003	 1.42868e+004
1508	 1.5270000000e+003	 8.46953e+003	 1.42167e+004
1509	 1.5280000000e+003	 8.54031e+003	 1.41229e+004
1510	 1.5290000000e+003	 8.50949e+003	 1.39776e+004
1511	 1.5300000000e+003	 8.54741e+003	 1.38954e+004
1512	 1.5310000000e+003	 8.33573e+003	 1.38854e+004
1513	 1.5320000000e+003	 8.15098e+003	 1.39817e+004
1514	 1.5330000000e+003	 8.14883e+003	 1.40419e+004
1515	 1.5340000000e+003	 8.23276e+003	 1.38692e+004
1516	 1.5350000000e+003	 8.07790e+003	 1.38752e+004
1517	 1.5360000000e+003	 7.88278e+003	 1.40105e+004
1518	 1.5370000000e+003	 7.92921e+003	 1.38589e+004
1519	 1.5380000000e+003	 8.00074e+003	 1.39126e+004
1520	 1.5390000000e+003	 7.80924e+003	 1.38989e+004
1521	 1.5400000000e+003	 7.71125e+003	 1.38556e+004
1522	 1.5410000000e+003	 7.62765e+003	 1.37753e+004
1523	 1.5420000000e+003	 7.59938e+003	 1.36687e+004
1524	 1.5430000000e+003	 7.76571e+003	 1.37203e+004
1525	 1.5440000000e+003	 7.72446e+003	 1.36863e+004
1526	 1.5450000000e+003	 7.61450e+003	 1.37932e+004
1527	 1.5460000000e+003	 7.60544e+003	 1.39045e+004
1528	 1.5470000000e+003	 7.60200e+003	 1.38835e+004
1529	 1.5480000000e+003	 7.77427e+003	 1.37580e+004
1530	 1.5490000000e+003	 7.68515e+003	 1.37368e+004
1531	 1.5500000000e+003	 7.41883e+003	 1.37820e+004
1532	 1.5510000000e+003	 7.38108e+003	 1.38247e+004
1533	 1.5520000000e+003	 7.24430e+003	 1.40107e+004
1534	 1.5530000000e+003	 7.03149e+003	 1.39966e+004
1535	 1.5540000000e+003	 6.90604e+003	 1.39838e+004
1536	 1.5550000000e+003	 6.98648e+003	 1.39607e+004
1537	 1.5560000000e+003	 7.03529e+003	 1.38572e+004
1538	 1.5570000000e+003	 7.00190e+003	 1.38200e+004
1539	 1.5580000000e+003	 7.03784e+003	 1.40099e+004
1540	 1.5590000000e+003	 6.90220e+003	 1.42360e+004
1541	 1.5600000000e+003	 6.65835e+003	 1.41774e+004
1542	 1.5610000000e+003	 6.59414e+003	 1.39811e+004
1543	 1.5620000000e+003	 6.74373e+003	 1.40479e+004
1544	 1.5630000000e+003	 6.87014e+003	 1.42388e+004
1545	 1.5640000000e+003	 6.54440e+003	 1.44626e+004
1546	 1.5650000000e+003	 6.69057e+003	 1.41415e+004
1547	 1.5660000000e+003	 6.55812e+003	 1.39666e+004
1548	 1.5670000000e+003	 6.25724e+003	 1.40097e+004
1549	 1.5680000000e+003	 6.12202e+003	 1.40585e+004
1550	 1.5690000000e+003	 6.08996e+003	 1.42564e+004
1551	 1.5700000000e+003	 6.06979e+003	 1.42032e+004
1552	 1.5710000000e+003	 6.16759e+003	 1.41185e+004
1553	 1.5720000000e+003	 6.29963e+003	 1.41656e+004
1554	 1.5730000000e+003	 6.22468e+003	 1.43218e+004
1555	 1.5740000000e+003	 6.17690e+003	 1.43713e+004
1556	 1.5750000000e+003	 6.26017e+003	 1.43229e+004
1557	 1.5760000000e+003	 6.19954e+003	 1.43572e+004
1558	 1.5770000000e+003	 6.10215e+003	 1.43426e+004
1559	 1.5780000000e+003	 6.12972e+003	 1.41636e+004
1560	 1.5790000000e+003	 6.17071e+003	 1.44436e+004
1561	 1.5800000000e+003	 6.16882e+003	 1.45833e+004
1562	 1.5810000000e+003	 5.92626e+003	 1.46064e+004
1563	 1.5820000000e+003	 5.64626e+003	 1.46920e+004
1564	 1.5830000000e+003	 5.88554e+003	 1.45921e+004
1565	 1.5840000000e+003	 5.73683e+003	 1.46785e+004
1566	 1.5850000000e+003	 5.64267e+003	 1.46686e+004
1567	 1.5860000000e+003	 5.67539e+003	 1.47704e+004
1568	 1.5870000000e+003	 5.74630e+003	 1.49721e+004
1569	 1.5880000000e+003	 5.65521e+003	 1.49193e+004
1570	 1.5890000000e+003	 5.68893e+003	 1.51314e+004
1571	 1.5900000000e+003	 5.73858e+003	 1.50701e+004
1572	 1.5910000000e+003	 5.48937e+003	 1.51771e+004
1573	 1.5920000000e+003	 5.45191e+003	 1.51026e+004
1574	 1.5930000000e+003	 5.65438e+003	 1.50692e+004
1575	 1.5940000000e+003	 5.61881e+003	 1.51248e+004
1576	 1.5950000000e+003	 5.68569e+003	 1.51484e+004
1577	 1.5960000000e+003	 5.63479e+003	 1.52413e+004
1578	 1.5970000000e+003	 5.46034e+003	 1.54346e+004
1579	 1.5980000000e+003	 5.16988e+003	 1.54280e+004
1580	 1.5990000000e+003	 5.16372e+003	 1.54383e+004
1581	 1.6000000000e+003	 5.29901e+003	 1.55446e+004
1582	 1.6010000000e+003	 5.25770e+003	 1.57924e+004
1583	 1.6020000000e+003	 5.34737e+003	 1.57333e+004
1584	 1.6030000000e+003	 5.55337e+003	 1.50498e+004
1585	 1.6040000000e+003	 4.92100e+003	 1.52135e+004
1586	 1.6050000000e+003	 5.76985e+003	 1.57936e+004
1587	 1.6060000000e+003	 5.38633e+003	 1.59790e+004
1588	 1.6070000000e+003	 5.24570e+003	 1.61279e+004
1589	 1.6080000000e+003	 5.47416e+003	 1.63729e+004
1590	 1.6090000000e+003	 5.49039e+003	 1.64480e+004
1591	 1.6100000000e+003	 5.42314e+003	 1.62583e+004
1592	 1.6110000000e+003	 5.34888e+003	 1.61873e+004
1593	 1.6120000000e+003	 5.32695e+003	 1.62948e+004
1594	 1.6130000000e+003	 5.33566e+003	 1.62709e+004
1595	 1.6140000000e+003	 5.34187e+003	 1.62911e+004
1596	 1.6150000000e+003	 5.27174e+003	 1.65625e+004
1597	 1.6160000000e+003	 5.33158e+003	 1.66741e+004
1598	 1.6170000000e+003	 5.39259e+003	 1.66647e+004
1599	 1.6180000000e+003	 5.44234e+003	 1.66663e+004
1600	 1.6190000000e+003	 5.54147e+003	 1.67087e+004
1601	 1.6200000000e+003	 5.11119e+003	 1.66570e+004
TagsBegin:	 	 	 
OverLoad:	 	False	 
AverageNumber: []	 	 8.80000e+001	 
OverLoadRatio: []	 	 1.19209e-007	 
TagsEnd:	 	 	 
TagScalesBegin:	 	 	 
TagScalesEnd:	 	 	 
