Header Size:	 79	 	 
Pulse Version:	 80	 	 
Running Pulse Version:	PULSE LabShop Fast Track Version 18.1.1.9 - 2014-01-16	 	 
Decimal Symbol:	.	 	 
Date Format:	dd/MM/yyyy	 	 
Time Format:	HH:mm:ss:mmm	 	 
Data Type:	Complex	 	 
Slice:	False	 	 
Z-Axis type:	Linear	 	 
Z-Axis size:	1	 	 
Z-Axis unit:	 	 	 
Z-Axis first value:	 0.0000000000e+000	 	 
Z-Axis delta:	 1.0000000000e+000	 	 
X-Axis type:	Linear	 	 
X-Axis size:	1601	 	 
X-Axis unit:	Hz	 	 
X-Axis first value:	 2.0000000000e+001	 	 
X-Axis delta:	 1.0000000000e+000	 	 
	 	 	 
AmplitudeUnit:	Pa/(m/s)	 	 
Analyzer:	FFT_Spectrum_Averaging	 	 
AnalyzerName:	FFT Analyzer	 	 
	 	 	 
	 	 	 
Bipolar:	True	 	 
CenterFrequency:	 8.2000000000e+002	 	 
	 	 	 
	 	 	 
	 	 	 
	 	 	 
	 	 	 
	 	 	 
	 	 	 
	 	 	 
Domain:	1	 	 
Function:	Frequency Response	 	 
	 	 	 
InputRange:	 1.0000000000e-001	 	 
	 	 	 
	 	 	 
MultiBufferName:	Input	 	 
NBW:	 1.5000000000e+000	 	 
	 	 	 
OverlapFailed:	False	 	 
Overrun:	False	 	 
Power:	False	 	 
	 	 	 
Ratio:	True	 	 
RecordLength:	 1.0000000000e+000	 	 
ReducedSize:	True	 	 
Ref_Signal:	v	 	 
	 	 	 
	 	 	 
RefSignalUnit:	m/s	 	 
	 	 	 
	 	 	 
Signal:	p	 	 
	 	 	 
SignalUnit:	Pa	 	 
	 	 	 
	 	 	 
	 	 	 
Title:	impedance	 	 
Title1:	Working : Input : Input : FFT Analyzer	 	 
	 	 	 
	 	 	 
	 	 	 
ZoomOn:	True	 	 
	 	 	 
TemplateName:	Working	 	 
MeasurementName:	Input	 	 
MeasurementSlice:	False	 	 
	 	 	 
	 	 	 
	 	 	 
EnvelopeOn:	False	 	 
	 	 	 
	 	 	 
	 	 	 
Z-index:	 	1	 
Date:	 	18/05/2022	 
Time:	 	14:36:24:000	 
Relative time:	 	 0.00000e+000	 
Z-axis:	 	 0.0000000000e+000	 
1	 2.0000000000e+001	 4.55838e+002	-3.44020e+003
2	 2.1000000000e+001	 4.83302e+002	-2.81293e+003
3	 2.2000000000e+001	 6.86472e+002	-2.01324e+003
4	 2.3000000000e+001	 1.41095e+003	-1.03551e+003
5	 2.4000000000e+001	 2.08317e+003	 1.91124e+002
6	 2.5000000000e+001	 1.99529e+003	 7.85099e+002
7	 2.6000000000e+001	 1.75859e+003	-3.14981e+003
8	 2.7000000000e+001	 1.63899e+003	-4.94214e+003
9	 2.8000000000e+001	 1.05319e+003	-4.59958e+003
10	 2.9000000000e+001	 8.11169e+002	-4.31968e+003
11	 3.0000000000e+001	 7.35877e+002	-4.02025e+003
12	 3.1000000000e+001	 5.54500e+002	-3.90106e+003
13	 3.2000000000e+001	 3.61943e+002	-3.62322e+003
14	 3.3000000000e+001	 2.61169e+002	-3.23064e+003
15	 3.4000000000e+001	 4.24468e+002	-2.97770e+003
16	 3.5000000000e+001	 5.03996e+002	-2.86501e+003
17	 3.6000000000e+001	 5.13026e+002	-2.78351e+003
18	 3.7000000000e+001	 5.21898e+002	-2.68704e+003
19	 3.8000000000e+001	 5.29011e+002	-2.60193e+003
20	 3.9000000000e+001	 5.22709e+002	-2.51873e+003
21	 4.0000000000e+001	 5.31130e+002	-2.43417e+003
22	 4.1000000000e+001	 5.32593e+002	-2.36618e+003
23	 4.2000000000e+001	 5.27957e+002	-2.30247e+003
24	 4.3000000000e+001	 5.35001e+002	-2.23379e+003
25	 4.4000000000e+001	 5.39904e+002	-2.17104e+003
26	 4.5000000000e+001	 5.38935e+002	-2.11884e+003
27	 4.6000000000e+001	 5.42516e+002	-2.06803e+003
28	 4.7000000000e+001	 5.46507e+002	-2.01824e+003
29	 4.8000000000e+001	 5.47614e+002	-1.96911e+003
30	 4.9000000000e+001	 5.48632e+002	-1.92971e+003
31	 5.0000000000e+001	 5.58029e+002	-1.89520e+003
32	 5.1000000000e+001	 5.56086e+002	-1.84737e+003
33	 5.2000000000e+001	 5.55748e+002	-1.80993e+003
34	 5.3000000000e+001	 5.55426e+002	-1.77602e+003
35	 5.4000000000e+001	 5.57839e+002	-1.74150e+003
36	 5.5000000000e+001	 5.59365e+002	-1.71022e+003
37	 5.6000000000e+001	 5.59613e+002	-1.68253e+003
38	 5.7000000000e+001	 5.59446e+002	-1.65808e+003
39	 5.8000000000e+001	 5.59127e+002	-1.63327e+003
40	 5.9000000000e+001	 5.56851e+002	-1.61172e+003
41	 6.0000000000e+001	 5.49769e+002	-1.59103e+003
42	 6.1000000000e+001	 5.36432e+002	-1.56582e+003
43	 6.2000000000e+001	 5.30094e+002	-1.53044e+003
44	 6.3000000000e+001	 5.35416e+002	-1.50106e+003
45	 6.4000000000e+001	 5.38331e+002	-1.47976e+003
46	 6.5000000000e+001	 5.38331e+002	-1.46142e+003
47	 6.6000000000e+001	 5.36315e+002	-1.44413e+003
48	 6.7000000000e+001	 5.33032e+002	-1.42701e+003
49	 6.8000000000e+001	 5.29939e+002	-1.40956e+003
50	 6.9000000000e+001	 5.25976e+002	-1.39279e+003
51	 7.0000000000e+001	 5.21678e+002	-1.37641e+003
52	 7.1000000000e+001	 5.17710e+002	-1.36029e+003
53	 7.2000000000e+001	 5.13098e+002	-1.34442e+003
54	 7.3000000000e+001	 5.08655e+002	-1.32831e+003
55	 7.4000000000e+001	 5.03654e+002	-1.31225e+003
56	 7.5000000000e+001	 4.98623e+002	-1.29719e+003
57	 7.6000000000e+001	 4.93423e+002	-1.28222e+003
58	 7.7000000000e+001	 4.87867e+002	-1.26709e+003
59	 7.8000000000e+001	 4.81903e+002	-1.25242e+003
60	 7.9000000000e+001	 4.75915e+002	-1.23746e+003
61	 8.0000000000e+001	 4.69238e+002	-1.22273e+003
62	 8.1000000000e+001	 4.62749e+002	-1.20805e+003
63	 8.2000000000e+001	 4.56288e+002	-1.19314e+003
64	 8.3000000000e+001	 4.49685e+002	-1.17787e+003
65	 8.4000000000e+001	 4.43591e+002	-1.16294e+003
66	 8.5000000000e+001	 4.37971e+002	-1.14753e+003
67	 8.6000000000e+001	 4.32303e+002	-1.13289e+003
68	 8.7000000000e+001	 4.27131e+002	-1.11852e+003
69	 8.8000000000e+001	 4.21988e+002	-1.10481e+003
70	 8.9000000000e+001	 4.16493e+002	-1.09100e+003
71	 9.0000000000e+001	 4.10966e+002	-1.07741e+003
72	 9.1000000000e+001	 4.05886e+002	-1.06411e+003
73	 9.2000000000e+001	 4.00438e+002	-1.05081e+003
74	 9.3000000000e+001	 3.95036e+002	-1.03798e+003
75	 9.4000000000e+001	 3.89570e+002	-1.02495e+003
76	 9.5000000000e+001	 3.84439e+002	-1.01231e+003
77	 9.6000000000e+001	 3.78805e+002	-1.00008e+003
78	 9.7000000000e+001	 3.73320e+002	-9.87681e+002
79	 9.8000000000e+001	 3.67847e+002	-9.75577e+002
80	 9.9000000000e+001	 3.61915e+002	-9.63762e+002
81	 1.0000000000e+002	 3.55880e+002	-9.51771e+002
82	 1.0100000000e+002	 3.49286e+002	-9.39584e+002
83	 1.0200000000e+002	 3.42578e+002	-9.27237e+002
84	 1.0300000000e+002	 3.35659e+002	-9.14443e+002
85	 1.0400000000e+002	 3.28382e+002	-9.01029e+002
86	 1.0500000000e+002	 3.21976e+002	-8.86915e+002
87	 1.0600000000e+002	 3.16270e+002	-8.72326e+002
88	 1.0700000000e+002	 3.11193e+002	-8.57648e+002
89	 1.0800000000e+002	 3.06828e+002	-8.42950e+002
90	 1.0900000000e+002	 3.03191e+002	-8.28707e+002
91	 1.1000000000e+002	 3.00156e+002	-8.14769e+002
92	 1.1100000000e+002	 2.97647e+002	-8.01353e+002
93	 1.1200000000e+002	 2.94981e+002	-7.88608e+002
94	 1.1300000000e+002	 2.92532e+002	-7.76276e+002
95	 1.1400000000e+002	 2.90372e+002	-7.64125e+002
96	 1.1500000000e+002	 2.88272e+002	-7.52568e+002
97	 1.1600000000e+002	 2.86335e+002	-7.41421e+002
98	 1.1700000000e+002	 2.83873e+002	-7.30908e+002
99	 1.1800000000e+002	 2.81320e+002	-7.20882e+002
100	 1.1900000000e+002	 2.78102e+002	-7.10927e+002
101	 1.2000000000e+002	 2.74637e+002	-7.00499e+002
102	 1.2100000000e+002	 2.70984e+002	-6.90237e+002
103	 1.2200000000e+002	 2.67231e+002	-6.79636e+002
104	 1.2300000000e+002	 2.63630e+002	-6.68668e+002
105	 1.2400000000e+002	 2.60334e+002	-6.57673e+002
106	 1.2500000000e+002	 2.57091e+002	-6.46322e+002
107	 1.2600000000e+002	 2.54383e+002	-6.34672e+002
108	 1.2700000000e+002	 2.52962e+002	-6.23465e+002
109	 1.2800000000e+002	 2.51958e+002	-6.14097e+002
110	 1.2900000000e+002	 2.49249e+002	-6.05236e+002
111	 1.3000000000e+002	 2.46038e+002	-5.95657e+002
112	 1.3100000000e+002	 2.43014e+002	-5.85798e+002
113	 1.3200000000e+002	 2.40157e+002	-5.75838e+002
114	 1.3300000000e+002	 2.37504e+002	-5.65863e+002
115	 1.3400000000e+002	 2.34962e+002	-5.55829e+002
116	 1.3500000000e+002	 2.32382e+002	-5.46149e+002
117	 1.3600000000e+002	 2.29898e+002	-5.36471e+002
118	 1.3700000000e+002	 2.27578e+002	-5.26879e+002
119	 1.3800000000e+002	 2.25229e+002	-5.17188e+002
120	 1.3900000000e+002	 2.22889e+002	-5.07592e+002
121	 1.4000000000e+002	 2.20537e+002	-4.98092e+002
122	 1.4100000000e+002	 2.18484e+002	-4.88735e+002
123	 1.4200000000e+002	 2.16269e+002	-4.79420e+002
124	 1.4300000000e+002	 2.13974e+002	-4.70222e+002
125	 1.4400000000e+002	 2.11927e+002	-4.61006e+002
126	 1.4500000000e+002	 2.09759e+002	-4.51763e+002
127	 1.4600000000e+002	 2.07663e+002	-4.42699e+002
128	 1.4700000000e+002	 2.05512e+002	-4.33749e+002
129	 1.4800000000e+002	 2.03612e+002	-4.24751e+002
130	 1.4900000000e+002	 2.01772e+002	-4.15767e+002
131	 1.5000000000e+002	 2.00469e+002	-4.06985e+002
132	 1.5100000000e+002	 1.98049e+002	-3.97901e+002
133	 1.5200000000e+002	 1.96154e+002	-3.88915e+002
134	 1.5300000000e+002	 1.94642e+002	-3.80053e+002
135	 1.5400000000e+002	 1.93118e+002	-3.71254e+002
136	 1.5500000000e+002	 1.91670e+002	-3.62499e+002
137	 1.5600000000e+002	 1.90279e+002	-3.53710e+002
138	 1.5700000000e+002	 1.88783e+002	-3.45024e+002
139	 1.5800000000e+002	 1.87307e+002	-3.36434e+002
140	 1.5900000000e+002	 1.85644e+002	-3.27945e+002
141	 1.6000000000e+002	 1.84014e+002	-3.19399e+002
142	 1.6100000000e+002	 1.82380e+002	-3.10923e+002
143	 1.6200000000e+002	 1.80680e+002	-3.02471e+002
144	 1.6300000000e+002	 1.78944e+002	-2.94123e+002
145	 1.6400000000e+002	 1.77278e+002	-2.85766e+002
146	 1.6500000000e+002	 1.75667e+002	-2.77392e+002
147	 1.6600000000e+002	 1.74141e+002	-2.69122e+002
148	 1.6700000000e+002	 1.72608e+002	-2.60824e+002
149	 1.6800000000e+002	 1.71202e+002	-2.52536e+002
150	 1.6900000000e+002	 1.69851e+002	-2.44270e+002
151	 1.7000000000e+002	 1.68552e+002	-2.36063e+002
152	 1.7100000000e+002	 1.67303e+002	-2.27872e+002
153	 1.7200000000e+002	 1.66043e+002	-2.19763e+002
154	 1.7300000000e+002	 1.64874e+002	-2.11653e+002
155	 1.7400000000e+002	 1.63712e+002	-2.03618e+002
156	 1.7500000000e+002	 1.62510e+002	-1.95688e+002
157	 1.7600000000e+002	 1.61352e+002	-1.87865e+002
158	 1.7700000000e+002	 1.60175e+002	-1.80120e+002
159	 1.7800000000e+002	 1.58978e+002	-1.72494e+002
160	 1.7900000000e+002	 1.57819e+002	-1.65011e+002
161	 1.8000000000e+002	 1.56634e+002	-1.57626e+002
162	 1.8100000000e+002	 1.55421e+002	-1.50337e+002
163	 1.8200000000e+002	 1.54206e+002	-1.43150e+002
164	 1.8300000000e+002	 1.52947e+002	-1.36060e+002
165	 1.8400000000e+002	 1.51704e+002	-1.29070e+002
166	 1.8500000000e+002	 1.50424e+002	-1.22178e+002
167	 1.8600000000e+002	 1.49126e+002	-1.15334e+002
168	 1.8700000000e+002	 1.47816e+002	-1.08517e+002
169	 1.8800000000e+002	 1.46526e+002	-1.01746e+002
170	 1.8900000000e+002	 1.45200e+002	-9.50431e+001
171	 1.9000000000e+002	 1.43908e+002	-8.83133e+001
172	 1.9100000000e+002	 1.42613e+002	-8.16004e+001
173	 1.9200000000e+002	 1.41297e+002	-7.48882e+001
174	 1.9300000000e+002	 1.40034e+002	-6.81470e+001
175	 1.9400000000e+002	 1.38788e+002	-6.13938e+001
176	 1.9500000000e+002	 1.37559e+002	-5.46475e+001
177	 1.9600000000e+002	 1.36327e+002	-4.78148e+001
178	 1.9700000000e+002	 1.35129e+002	-4.09849e+001
179	 1.9800000000e+002	 1.34009e+002	-3.41479e+001
180	 1.9900000000e+002	 1.32892e+002	-2.73556e+001
181	 2.0000000000e+002	 1.31835e+002	-2.05402e+001
182	 2.0100000000e+002	 1.30789e+002	-1.37050e+001
183	 2.0200000000e+002	 1.29770e+002	-6.92344e+000
184	 2.0300000000e+002	 1.28759e+002	-1.71567e-001
185	 2.0400000000e+002	 1.27789e+002	 6.52532e+000
186	 2.0500000000e+002	 1.26803e+002	 1.31522e+001
187	 2.0600000000e+002	 1.25842e+002	 1.97521e+001
188	 2.0700000000e+002	 1.24921e+002	 2.62440e+001
189	 2.0800000000e+002	 1.23969e+002	 3.26632e+001
190	 2.0900000000e+002	 1.23065e+002	 3.90109e+001
191	 2.1000000000e+002	 1.22217e+002	 4.52888e+001
192	 2.1100000000e+002	 1.21323e+002	 5.15538e+001
193	 2.1200000000e+002	 1.20384e+002	 5.78060e+001
194	 2.1300000000e+002	 1.19457e+002	 6.40561e+001
195	 2.1400000000e+002	 1.18537e+002	 7.02864e+001
196	 2.1500000000e+002	 1.17606e+002	 7.64852e+001
197	 2.1600000000e+002	 1.16660e+002	 8.26853e+001
198	 2.1700000000e+002	 1.15728e+002	 8.88910e+001
199	 2.1800000000e+002	 1.14775e+002	 9.50347e+001
200	 2.1900000000e+002	 1.13809e+002	 1.01199e+002
201	 2.2000000000e+002	 1.12868e+002	 1.07368e+002
202	 2.2100000000e+002	 1.11897e+002	 1.13516e+002
203	 2.2200000000e+002	 1.10947e+002	 1.19666e+002
204	 2.2300000000e+002	 1.09997e+002	 1.25748e+002
205	 2.2400000000e+002	 1.09033e+002	 1.31789e+002
206	 2.2500000000e+002	 1.08053e+002	 1.37723e+002
207	 2.2600000000e+002	 1.07053e+002	 1.43600e+002
208	 2.2700000000e+002	 1.06031e+002	 1.49412e+002
209	 2.2800000000e+002	 1.04984e+002	 1.55154e+002
210	 2.2900000000e+002	 1.03926e+002	 1.60836e+002
211	 2.3000000000e+002	 1.02856e+002	 1.66485e+002
212	 2.3100000000e+002	 1.01777e+002	 1.72094e+002
213	 2.3200000000e+002	 1.00674e+002	 1.77650e+002
214	 2.3300000000e+002	 9.95925e+001	 1.83193e+002
215	 2.3400000000e+002	 9.85264e+001	 1.88710e+002
216	 2.3500000000e+002	 9.74539e+001	 1.94194e+002
217	 2.3600000000e+002	 9.63843e+001	 1.99680e+002
218	 2.3700000000e+002	 9.53464e+001	 2.05165e+002
219	 2.3800000000e+002	 9.43208e+001	 2.10691e+002
220	 2.3900000000e+002	 9.33438e+001	 2.16232e+002
221	 2.4000000000e+002	 9.23794e+001	 2.21691e+002
222	 2.4100000000e+002	 9.14580e+001	 2.27139e+002
223	 2.4200000000e+002	 9.05036e+001	 2.32598e+002
224	 2.4300000000e+002	 8.95090e+001	 2.38077e+002
225	 2.4400000000e+002	 8.85571e+001	 2.43532e+002
226	 2.4500000000e+002	 8.76029e+001	 2.49015e+002
227	 2.4600000000e+002	 8.66905e+001	 2.54552e+002
228	 2.4700000000e+002	 8.58156e+001	 2.60070e+002
229	 2.4800000000e+002	 8.49859e+001	 2.65573e+002
230	 2.4900000000e+002	 8.42607e+001	 2.71058e+002
231	 2.5000000000e+002	 8.38340e+001	 2.76398e+002
232	 2.5100000000e+002	 8.28282e+001	 2.81860e+002
233	 2.5200000000e+002	 8.19821e+001	 2.87099e+002
234	 2.5300000000e+002	 8.10641e+001	 2.92303e+002
235	 2.5400000000e+002	 8.00617e+001	 2.97518e+002
236	 2.5500000000e+002	 7.90246e+001	 3.02779e+002
237	 2.5600000000e+002	 7.79264e+001	 3.08122e+002
238	 2.5700000000e+002	 7.68539e+001	 3.13591e+002
239	 2.5800000000e+002	 7.57797e+001	 3.19112e+002
240	 2.5900000000e+002	 7.47751e+001	 3.24661e+002
241	 2.6000000000e+002	 7.38239e+001	 3.30204e+002
242	 2.6100000000e+002	 7.29065e+001	 3.35812e+002
243	 2.6200000000e+002	 7.21337e+001	 3.41315e+002
244	 2.6300000000e+002	 7.12637e+001	 3.46877e+002
245	 2.6400000000e+002	 7.04523e+001	 3.52353e+002
246	 2.6500000000e+002	 6.97213e+001	 3.57801e+002
247	 2.6600000000e+002	 6.89662e+001	 3.63262e+002
248	 2.6700000000e+002	 6.83196e+001	 3.68673e+002
249	 2.6800000000e+002	 6.76737e+001	 3.74057e+002
250	 2.6900000000e+002	 6.69472e+001	 3.79356e+002
251	 2.7000000000e+002	 6.61682e+001	 3.84544e+002
252	 2.7100000000e+002	 6.53917e+001	 3.89793e+002
253	 2.7200000000e+002	 6.46628e+001	 3.95041e+002
254	 2.7300000000e+002	 6.39230e+001	 4.00246e+002
255	 2.7400000000e+002	 6.31006e+001	 4.05459e+002
256	 2.7500000000e+002	 6.22516e+001	 4.10729e+002
257	 2.7600000000e+002	 6.14160e+001	 4.16000e+002
258	 2.7700000000e+002	 6.06206e+001	 4.21358e+002
259	 2.7800000000e+002	 5.97919e+001	 4.26739e+002
260	 2.7900000000e+002	 5.89620e+001	 4.32098e+002
261	 2.8000000000e+002	 5.82016e+001	 4.37408e+002
262	 2.8100000000e+002	 5.76038e+001	 4.42782e+002
263	 2.8200000000e+002	 5.70593e+001	 4.48177e+002
264	 2.8300000000e+002	 5.64955e+001	 4.53492e+002
265	 2.8400000000e+002	 5.58942e+001	 4.58899e+002
266	 2.8500000000e+002	 5.54437e+001	 4.64251e+002
267	 2.8600000000e+002	 5.52729e+001	 4.69560e+002
268	 2.8700000000e+002	 5.50912e+001	 4.74766e+002
269	 2.8800000000e+002	 5.49836e+001	 4.79795e+002
270	 2.8900000000e+002	 5.49634e+001	 4.84697e+002
271	 2.9000000000e+002	 5.50900e+001	 4.89466e+002
272	 2.9100000000e+002	 5.50946e+001	 4.93996e+002
273	 2.9200000000e+002	 5.51081e+001	 4.98247e+002
274	 2.9300000000e+002	 5.49577e+001	 5.02301e+002
275	 2.9400000000e+002	 5.45596e+001	 5.06281e+002
276	 2.9500000000e+002	 5.37613e+001	 5.10117e+002
277	 2.9600000000e+002	 5.28736e+001	 5.13679e+002
278	 2.9700000000e+002	 5.18658e+001	 5.17538e+002
279	 2.9800000000e+002	 5.05396e+001	 5.21518e+002
280	 2.9900000000e+002	 4.89235e+001	 5.25598e+002
281	 3.0000000000e+002	 4.75229e+001	 5.29782e+002
282	 3.0100000000e+002	 4.62743e+001	 5.34128e+002
283	 3.0200000000e+002	 4.48596e+001	 5.38686e+002
284	 3.0300000000e+002	 4.30329e+001	 5.43090e+002
285	 3.0400000000e+002	 4.14860e+001	 5.47790e+002
286	 3.0500000000e+002	 4.02555e+001	 5.52503e+002
287	 3.0600000000e+002	 3.87349e+001	 5.57264e+002
288	 3.0700000000e+002	 3.73233e+001	 5.62017e+002
289	 3.0800000000e+002	 3.60207e+001	 5.66900e+002
290	 3.0900000000e+002	 3.49704e+001	 5.71469e+002
291	 3.1000000000e+002	 3.37481e+001	 5.75947e+002
292	 3.1100000000e+002	 3.23013e+001	 5.80448e+002
293	 3.1200000000e+002	 3.08365e+001	 5.84722e+002
294	 3.1300000000e+002	 2.90727e+001	 5.89088e+002
295	 3.1400000000e+002	 2.71933e+001	 5.93278e+002
296	 3.1500000000e+002	 2.51101e+001	 5.97939e+002
297	 3.1600000000e+002	 2.27115e+001	 6.02927e+002
298	 3.1700000000e+002	 2.02112e+001	 6.08157e+002
299	 3.1800000000e+002	 1.80956e+001	 6.13782e+002
300	 3.1900000000e+002	 1.59255e+001	 6.19679e+002
301	 3.2000000000e+002	 1.42057e+001	 6.25840e+002
302	 3.2100000000e+002	 1.28115e+001	 6.32109e+002
303	 3.2200000000e+002	 1.19842e+001	 6.37993e+002
304	 3.2300000000e+002	 1.11121e+001	 6.44168e+002
305	 3.2400000000e+002	 1.05231e+001	 6.49874e+002
306	 3.2500000000e+002	 9.98435e+000	 6.55604e+002
307	 3.2600000000e+002	 9.61706e+000	 6.61103e+002
308	 3.2700000000e+002	 9.17394e+000	 6.66482e+002
309	 3.2800000000e+002	 8.71657e+000	 6.72025e+002
310	 3.2900000000e+002	 8.12183e+000	 6.77338e+002
311	 3.3000000000e+002	 7.83482e+000	 6.82415e+002
312	 3.3100000000e+002	 7.44146e+000	 6.87694e+002
313	 3.3200000000e+002	 7.09667e+000	 6.93072e+002
314	 3.3300000000e+002	 7.21878e+000	 6.98553e+002
315	 3.3400000000e+002	 7.11263e+000	 7.03393e+002
316	 3.3500000000e+002	 7.60625e+000	 7.07895e+002
317	 3.3600000000e+002	 7.77528e+000	 7.12221e+002
318	 3.3700000000e+002	 7.23041e+000	 7.16232e+002
319	 3.3800000000e+002	 6.91047e+000	 7.20374e+002
320	 3.3900000000e+002	 6.29569e+000	 7.24386e+002
321	 3.4000000000e+002	 5.47046e+000	 7.28441e+002
322	 3.4100000000e+002	 4.67790e+000	 7.32788e+002
323	 3.4200000000e+002	 3.77824e+000	 7.37184e+002
324	 3.4300000000e+002	 2.79462e+000	 7.41488e+002
325	 3.4400000000e+002	 1.46473e+000	 7.45823e+002
326	 3.4500000000e+002	 3.49862e-001	 7.50294e+002
327	 3.4600000000e+002	-4.34112e-001	 7.54731e+002
328	 3.4700000000e+002	-1.13338e+000	 7.59436e+002
329	 3.4800000000e+002	-2.12572e+000	 7.64115e+002
330	 3.4900000000e+002	-3.25974e+000	 7.68427e+002
331	 3.5000000000e+002	-4.68440e+000	 7.72243e+002
332	 3.5100000000e+002	-5.05260e+000	 7.77609e+002
333	 3.5200000000e+002	-5.51450e+000	 7.82425e+002
334	 3.5300000000e+002	-6.21614e+000	 7.86855e+002
335	 3.5400000000e+002	-6.90865e+000	 7.91279e+002
336	 3.5500000000e+002	-7.72973e+000	 7.95781e+002
337	 3.5600000000e+002	-8.56558e+000	 8.00457e+002
338	 3.5700000000e+002	-9.55708e+000	 8.04964e+002
339	 3.5800000000e+002	-1.03779e+001	 8.09521e+002
340	 3.5900000000e+002	-1.11217e+001	 8.14112e+002
341	 3.6000000000e+002	-1.18621e+001	 8.18594e+002
342	 3.6100000000e+002	-1.24773e+001	 8.23072e+002
343	 3.6200000000e+002	-1.30082e+001	 8.27471e+002
344	 3.6300000000e+002	-1.36499e+001	 8.31737e+002
345	 3.6400000000e+002	-1.43969e+001	 8.35862e+002
346	 3.6500000000e+002	-1.52958e+001	 8.39805e+002
347	 3.6600000000e+002	-1.61828e+001	 8.43712e+002
348	 3.6700000000e+002	-1.71902e+001	 8.47688e+002
349	 3.6800000000e+002	-1.83083e+001	 8.51678e+002
350	 3.6900000000e+002	-1.95620e+001	 8.55666e+002
351	 3.7000000000e+002	-2.09331e+001	 8.59752e+002
352	 3.7100000000e+002	-2.22362e+001	 8.64057e+002
353	 3.7200000000e+002	-2.34920e+001	 8.68433e+002
354	 3.7300000000e+002	-2.47792e+001	 8.72644e+002
355	 3.7400000000e+002	-2.60212e+001	 8.77001e+002
356	 3.7500000000e+002	-2.73355e+001	 8.81354e+002
357	 3.7600000000e+002	-2.87443e+001	 8.85723e+002
358	 3.7700000000e+002	-2.99906e+001	 8.90115e+002
359	 3.7800000000e+002	-3.11375e+001	 8.94446e+002
360	 3.7900000000e+002	-3.22338e+001	 8.99065e+002
361	 3.8000000000e+002	-3.30527e+001	 9.03593e+002
362	 3.8100000000e+002	-3.41026e+001	 9.07964e+002
363	 3.8200000000e+002	-3.52434e+001	 9.12309e+002
364	 3.8300000000e+002	-3.64383e+001	 9.16670e+002
365	 3.8400000000e+002	-3.75453e+001	 9.21134e+002
366	 3.8500000000e+002	-3.87191e+001	 9.25575e+002
367	 3.8600000000e+002	-3.97465e+001	 9.30026e+002
368	 3.8700000000e+002	-4.06380e+001	 9.34432e+002
369	 3.8800000000e+002	-4.17733e+001	 9.38331e+002
370	 3.8900000000e+002	-4.30772e+001	 9.42802e+002
371	 3.9000000000e+002	-4.42648e+001	 9.47497e+002
372	 3.9100000000e+002	-4.52100e+001	 9.51636e+002
373	 3.9200000000e+002	-4.64919e+001	 9.55971e+002
374	 3.9300000000e+002	-4.76259e+001	 9.60150e+002
375	 3.9400000000e+002	-4.82902e+001	 9.64693e+002
376	 3.9500000000e+002	-4.96463e+001	 9.69359e+002
377	 3.9600000000e+002	-5.08041e+001	 9.73567e+002
378	 3.9700000000e+002	-5.19352e+001	 9.77878e+002
379	 3.9800000000e+002	-5.30047e+001	 9.82747e+002
380	 3.9900000000e+002	-5.37708e+001	 9.86642e+002
381	 4.0000000000e+002	-5.50100e+001	 9.90880e+002
382	 4.0100000000e+002	-5.61103e+001	 9.95272e+002
383	 4.0200000000e+002	-5.74089e+001	 9.99261e+002
384	 4.0300000000e+002	-5.86274e+001	 1.00395e+003
385	 4.0400000000e+002	-6.00191e+001	 1.00807e+003
386	 4.0500000000e+002	-6.14094e+001	 1.01200e+003
387	 4.0600000000e+002	-6.23169e+001	 1.01650e+003
388	 4.0700000000e+002	-6.36388e+001	 1.02052e+003
389	 4.0800000000e+002	-6.50119e+001	 1.02519e+003
390	 4.0900000000e+002	-6.62239e+001	 1.02941e+003
391	 4.1000000000e+002	-6.74598e+001	 1.03345e+003
392	 4.1100000000e+002	-6.89000e+001	 1.03849e+003
393	 4.1200000000e+002	-7.01131e+001	 1.04261e+003
394	 4.1300000000e+002	-7.14860e+001	 1.04707e+003
395	 4.1400000000e+002	-7.27562e+001	 1.05118e+003
396	 4.1500000000e+002	-7.39285e+001	 1.05530e+003
397	 4.1600000000e+002	-7.53135e+001	 1.05991e+003
398	 4.1700000000e+002	-7.61846e+001	 1.06473e+003
399	 4.1800000000e+002	-7.74696e+001	 1.06924e+003
400	 4.1900000000e+002	-7.89003e+001	 1.07339e+003
401	 4.2000000000e+002	-7.99001e+001	 1.07792e+003
402	 4.2100000000e+002	-8.11570e+001	 1.08229e+003
403	 4.2200000000e+002	-8.30614e+001	 1.08646e+003
404	 4.2300000000e+002	-8.42845e+001	 1.09080e+003
405	 4.2400000000e+002	-8.51160e+001	 1.09560e+003
406	 4.2500000000e+002	-8.64049e+001	 1.10026e+003
407	 4.2600000000e+002	-8.74460e+001	 1.10510e+003
408	 4.2700000000e+002	-8.87431e+001	 1.10953e+003
409	 4.2800000000e+002	-9.03249e+001	 1.11457e+003
410	 4.2900000000e+002	-9.13130e+001	 1.11898e+003
411	 4.3000000000e+002	-9.22480e+001	 1.12373e+003
412	 4.3100000000e+002	-9.31768e+001	 1.12825e+003
413	 4.3200000000e+002	-9.43478e+001	 1.13264e+003
414	 4.3300000000e+002	-9.51122e+001	 1.13743e+003
415	 4.3400000000e+002	-9.57910e+001	 1.14207e+003
416	 4.3500000000e+002	-9.64880e+001	 1.14675e+003
417	 4.3600000000e+002	-9.73778e+001	 1.15084e+003
418	 4.3700000000e+002	-9.79020e+001	 1.15496e+003
419	 4.3800000000e+002	-9.90876e+001	 1.15925e+003
420	 4.3900000000e+002	-9.97053e+001	 1.16375e+003
421	 4.4000000000e+002	-1.00047e+002	 1.16758e+003
422	 4.4100000000e+002	-1.01289e+002	 1.17090e+003
423	 4.4200000000e+002	-1.02206e+002	 1.17474e+003
424	 4.4300000000e+002	-1.03366e+002	 1.17882e+003
425	 4.4400000000e+002	-1.04873e+002	 1.18235e+003
426	 4.4500000000e+002	-1.06516e+002	 1.18595e+003
427	 4.4600000000e+002	-1.08016e+002	 1.18962e+003
428	 4.4700000000e+002	-1.09792e+002	 1.19346e+003
429	 4.4800000000e+002	-1.11805e+002	 1.19769e+003
430	 4.4900000000e+002	-1.13396e+002	 1.20183e+003
431	 4.5000000000e+002	-1.14711e+002	 1.20724e+003
432	 4.5100000000e+002	-1.17280e+002	 1.21081e+003
433	 4.5200000000e+002	-1.18818e+002	 1.21485e+003
434	 4.5300000000e+002	-1.21055e+002	 1.21947e+003
435	 4.5400000000e+002	-1.22651e+002	 1.22395e+003
436	 4.5500000000e+002	-1.24896e+002	 1.22877e+003
437	 4.5600000000e+002	-1.27187e+002	 1.23334e+003
438	 4.5700000000e+002	-1.29141e+002	 1.23847e+003
439	 4.5800000000e+002	-1.30096e+002	 1.24395e+003
440	 4.5900000000e+002	-1.31622e+002	 1.24883e+003
441	 4.6000000000e+002	-1.34477e+002	 1.25379e+003
442	 4.6100000000e+002	-1.35422e+002	 1.25985e+003
443	 4.6200000000e+002	-1.36074e+002	 1.26461e+003
444	 4.6300000000e+002	-1.37632e+002	 1.27003e+003
445	 4.6400000000e+002	-1.38486e+002	 1.27542e+003
446	 4.6500000000e+002	-1.39264e+002	 1.27930e+003
447	 4.6600000000e+002	-1.39722e+002	 1.28531e+003
448	 4.6700000000e+002	-1.40794e+002	 1.29007e+003
449	 4.6800000000e+002	-1.42377e+002	 1.29341e+003
450	 4.6900000000e+002	-1.43107e+002	 1.29908e+003
451	 4.7000000000e+002	-1.42664e+002	 1.30357e+003
452	 4.7100000000e+002	-1.43883e+002	 1.30687e+003
453	 4.7200000000e+002	-1.45927e+002	 1.31158e+003
454	 4.7300000000e+002	-1.47262e+002	 1.31601e+003
455	 4.7400000000e+002	-1.47395e+002	 1.31988e+003
456	 4.7500000000e+002	-1.48168e+002	 1.32438e+003
457	 4.7600000000e+002	-1.50569e+002	 1.32941e+003
458	 4.7700000000e+002	-1.52249e+002	 1.33414e+003
459	 4.7800000000e+002	-1.52486e+002	 1.33868e+003
460	 4.7900000000e+002	-1.53600e+002	 1.34315e+003
461	 4.8000000000e+002	-1.55348e+002	 1.34762e+003
462	 4.8100000000e+002	-1.57083e+002	 1.35223e+003
463	 4.8200000000e+002	-1.58739e+002	 1.35763e+003
464	 4.8300000000e+002	-1.60131e+002	 1.36210e+003
465	 4.8400000000e+002	-1.61091e+002	 1.36612e+003
466	 4.8500000000e+002	-1.61761e+002	 1.37126e+003
467	 4.8600000000e+002	-1.62956e+002	 1.37613e+003
468	 4.8700000000e+002	-1.65141e+002	 1.38065e+003
469	 4.8800000000e+002	-1.66820e+002	 1.38524e+003
470	 4.8900000000e+002	-1.67992e+002	 1.38988e+003
471	 4.9000000000e+002	-1.69456e+002	 1.39464e+003
472	 4.9100000000e+002	-1.70990e+002	 1.39946e+003
473	 4.9200000000e+002	-1.72162e+002	 1.40436e+003
474	 4.9300000000e+002	-1.73284e+002	 1.40928e+003
475	 4.9400000000e+002	-1.74488e+002	 1.41366e+003
476	 4.9500000000e+002	-1.75574e+002	 1.41860e+003
477	 4.9600000000e+002	-1.76971e+002	 1.42399e+003
478	 4.9700000000e+002	-1.78702e+002	 1.42895e+003
479	 4.9800000000e+002	-1.80044e+002	 1.43388e+003
480	 4.9900000000e+002	-1.80938e+002	 1.43877e+003
481	 5.0000000000e+002	-1.81848e+002	 1.44376e+003
482	 5.0100000000e+002	-1.82884e+002	 1.44881e+003
483	 5.0200000000e+002	-1.84065e+002	 1.45387e+003
484	 5.0300000000e+002	-1.85322e+002	 1.45914e+003
485	 5.0400000000e+002	-1.86642e+002	 1.46447e+003
486	 5.0500000000e+002	-1.87702e+002	 1.46960e+003
487	 5.0600000000e+002	-1.88522e+002	 1.47462e+003
488	 5.0700000000e+002	-1.89446e+002	 1.47977e+003
489	 5.0800000000e+002	-1.90145e+002	 1.48514e+003
490	 5.0900000000e+002	-1.90748e+002	 1.49042e+003
491	 5.1000000000e+002	-1.91134e+002	 1.49528e+003
492	 5.1100000000e+002	-1.91831e+002	 1.50029e+003
493	 5.1200000000e+002	-1.92436e+002	 1.50503e+003
494	 5.1300000000e+002	-1.92612e+002	 1.50993e+003
495	 5.1400000000e+002	-1.92922e+002	 1.51494e+003
496	 5.1500000000e+002	-1.93620e+002	 1.51989e+003
497	 5.1600000000e+002	-1.94197e+002	 1.52488e+003
498	 5.1700000000e+002	-1.94490e+002	 1.52991e+003
499	 5.1800000000e+002	-1.95137e+002	 1.53510e+003
500	 5.1900000000e+002	-1.95681e+002	 1.53980e+003
501	 5.2000000000e+002	-1.96122e+002	 1.54380e+003
502	 5.2100000000e+002	-1.96574e+002	 1.54818e+003
503	 5.2200000000e+002	-1.96797e+002	 1.55355e+003
504	 5.2300000000e+002	-1.97398e+002	 1.55899e+003
505	 5.2400000000e+002	-1.98577e+002	 1.56298e+003
506	 5.2500000000e+002	-1.99052e+002	 1.56694e+003
507	 5.2600000000e+002	-1.98919e+002	 1.57235e+003
508	 5.2700000000e+002	-1.98476e+002	 1.57776e+003
509	 5.2800000000e+002	-1.99056e+002	 1.58211e+003
510	 5.2900000000e+002	-1.99872e+002	 1.58664e+003
511	 5.3000000000e+002	-2.00614e+002	 1.59198e+003
512	 5.3100000000e+002	-2.00359e+002	 1.59668e+003
513	 5.3200000000e+002	-2.00259e+002	 1.60054e+003
514	 5.3300000000e+002	-2.00380e+002	 1.60479e+003
515	 5.3400000000e+002	-2.00887e+002	 1.60980e+003
516	 5.3500000000e+002	-2.00484e+002	 1.61417e+003
517	 5.3600000000e+002	-2.00500e+002	 1.61756e+003
518	 5.3700000000e+002	-1.99958e+002	 1.62174e+003
519	 5.3800000000e+002	-1.98646e+002	 1.62645e+003
520	 5.3900000000e+002	-1.98913e+002	 1.63079e+003
521	 5.4000000000e+002	-1.99646e+002	 1.63384e+003
522	 5.4100000000e+002	-1.99531e+002	 1.63724e+003
523	 5.4200000000e+002	-1.98414e+002	 1.64092e+003
524	 5.4300000000e+002	-1.97187e+002	 1.64440e+003
525	 5.4400000000e+002	-1.98341e+002	 1.64682e+003
526	 5.4500000000e+002	-1.96936e+002	 1.64984e+003
527	 5.4600000000e+002	-1.95334e+002	 1.65270e+003
528	 5.4700000000e+002	-1.95760e+002	 1.65522e+003
529	 5.4800000000e+002	-1.96442e+002	 1.65701e+003
530	 5.4900000000e+002	-1.96665e+002	 1.65909e+003
531	 5.5000000000e+002	-1.96475e+002	 1.65408e+003
532	 5.5100000000e+002	-1.95430e+002	 1.65915e+003
533	 5.5200000000e+002	-1.94898e+002	 1.66475e+003
534	 5.5300000000e+002	-1.95534e+002	 1.66568e+003
535	 5.5400000000e+002	-1.96706e+002	 1.66532e+003
536	 5.5500000000e+002	-1.98002e+002	 1.66589e+003
537	 5.5600000000e+002	-1.98208e+002	 1.66564e+003
538	 5.5700000000e+002	-1.99594e+002	 1.66528e+003
539	 5.5800000000e+002	-2.01917e+002	 1.66482e+003
540	 5.5900000000e+002	-2.05682e+002	 1.66461e+003
541	 5.6000000000e+002	-2.08302e+002	 1.66342e+003
542	 5.6100000000e+002	-2.13115e+002	 1.66299e+003
543	 5.6200000000e+002	-2.18351e+002	 1.66089e+003
544	 5.6300000000e+002	-2.23936e+002	 1.65933e+003
545	 5.6400000000e+002	-2.31128e+002	 1.66085e+003
546	 5.6500000000e+002	-2.37814e+002	 1.65961e+003
547	 5.6600000000e+002	-2.44987e+002	 1.66173e+003
548	 5.6700000000e+002	-2.54260e+002	 1.66210e+003
549	 5.6800000000e+002	-2.63368e+002	 1.66398e+003
550	 5.6900000000e+002	-2.72208e+002	 1.66878e+003
551	 5.7000000000e+002	-2.81612e+002	 1.67289e+003
552	 5.7100000000e+002	-2.90980e+002	 1.67691e+003
553	 5.7200000000e+002	-3.01613e+002	 1.68341e+003
554	 5.7300000000e+002	-3.09953e+002	 1.68980e+003
555	 5.7400000000e+002	-3.19877e+002	 1.69883e+003
556	 5.7500000000e+002	-3.28090e+002	 1.70609e+003
557	 5.7600000000e+002	-3.36504e+002	 1.71678e+003
558	 5.7700000000e+002	-3.43568e+002	 1.72594e+003
559	 5.7800000000e+002	-3.49715e+002	 1.73534e+003
560	 5.7900000000e+002	-3.56572e+002	 1.74659e+003
561	 5.8000000000e+002	-3.60477e+002	 1.75861e+003
562	 5.8100000000e+002	-3.66649e+002	 1.76934e+003
563	 5.8200000000e+002	-3.69608e+002	 1.78074e+003
564	 5.8300000000e+002	-3.72832e+002	 1.79202e+003
565	 5.8400000000e+002	-3.74411e+002	 1.80301e+003
566	 5.8500000000e+002	-3.78016e+002	 1.81226e+003
567	 5.8600000000e+002	-3.80147e+002	 1.82339e+003
568	 5.8700000000e+002	-3.79055e+002	 1.83445e+003
569	 5.8800000000e+002	-3.81398e+002	 1.84420e+003
570	 5.8900000000e+002	-3.81460e+002	 1.85381e+003
571	 5.9000000000e+002	-3.82334e+002	 1.86352e+003
572	 5.9100000000e+002	-3.81911e+002	 1.87257e+003
573	 5.9200000000e+002	-3.82284e+002	 1.88281e+003
574	 5.9300000000e+002	-3.81491e+002	 1.88927e+003
575	 5.9400000000e+002	-3.79920e+002	 1.89921e+003
576	 5.9500000000e+002	-3.79852e+002	 1.90801e+003
577	 5.9600000000e+002	-3.80653e+002	 1.91459e+003
578	 5.9700000000e+002	-3.78850e+002	 1.92242e+003
579	 5.9800000000e+002	-3.77085e+002	 1.92970e+003
580	 5.9900000000e+002	-3.78524e+002	 1.93747e+003
581	 6.0000000000e+002	-3.77333e+002	 1.94243e+003
582	 6.0100000000e+002	-3.77550e+002	 1.95018e+003
583	 6.0200000000e+002	-3.78781e+002	 1.95814e+003
584	 6.0300000000e+002	-3.77562e+002	 1.96511e+003
585	 6.0400000000e+002	-3.77358e+002	 1.97219e+003
586	 6.0500000000e+002	-3.77364e+002	 1.97849e+003
587	 6.0600000000e+002	-3.77856e+002	 1.98390e+003
588	 6.0700000000e+002	-3.76403e+002	 1.99070e+003
589	 6.0800000000e+002	-3.75636e+002	 1.99789e+003
590	 6.0900000000e+002	-3.76186e+002	 2.00652e+003
591	 6.1000000000e+002	-3.76627e+002	 2.01404e+003
592	 6.1100000000e+002	-3.76222e+002	 2.01925e+003
593	 6.1200000000e+002	-3.74784e+002	 2.02507e+003
594	 6.1300000000e+002	-3.73355e+002	 2.03244e+003
595	 6.1400000000e+002	-3.73628e+002	 2.04028e+003
596	 6.1500000000e+002	-3.73519e+002	 2.04702e+003
597	 6.1600000000e+002	-3.72552e+002	 2.05297e+003
598	 6.1700000000e+002	-3.71748e+002	 2.05810e+003
599	 6.1800000000e+002	-3.70514e+002	 2.06488e+003
600	 6.1900000000e+002	-3.69857e+002	 2.07195e+003
601	 6.2000000000e+002	-3.68560e+002	 2.07783e+003
602	 6.2100000000e+002	-3.67886e+002	 2.08236e+003
603	 6.2200000000e+002	-3.67448e+002	 2.08747e+003
604	 6.2300000000e+002	-3.67470e+002	 2.09412e+003
605	 6.2400000000e+002	-3.65996e+002	 2.09932e+003
606	 6.2500000000e+002	-3.64457e+002	 2.10412e+003
607	 6.2600000000e+002	-3.64292e+002	 2.10887e+003
608	 6.2700000000e+002	-3.63694e+002	 2.11377e+003
609	 6.2800000000e+002	-3.63411e+002	 2.11896e+003
610	 6.2900000000e+002	-3.62551e+002	 2.12378e+003
611	 6.3000000000e+002	-3.61229e+002	 2.12835e+003
612	 6.3100000000e+002	-3.61172e+002	 2.13298e+003
613	 6.3200000000e+002	-3.61551e+002	 2.13840e+003
614	 6.3300000000e+002	-3.61714e+002	 2.14350e+003
615	 6.3400000000e+002	-3.61467e+002	 2.14804e+003
616	 6.3500000000e+002	-3.61655e+002	 2.15222e+003
617	 6.3600000000e+002	-3.61536e+002	 2.15702e+003
618	 6.3700000000e+002	-3.61255e+002	 2.16228e+003
619	 6.3800000000e+002	-3.61389e+002	 2.16728e+003
620	 6.3900000000e+002	-3.61520e+002	 2.17235e+003
621	 6.4000000000e+002	-3.61271e+002	 2.17731e+003
622	 6.4100000000e+002	-3.61292e+002	 2.18192e+003
623	 6.4200000000e+002	-3.61119e+002	 2.18705e+003
624	 6.4300000000e+002	-3.61058e+002	 2.19179e+003
625	 6.4400000000e+002	-3.61243e+002	 2.19607e+003
626	 6.4500000000e+002	-3.61927e+002	 2.20049e+003
627	 6.4600000000e+002	-3.62049e+002	 2.20534e+003
628	 6.4700000000e+002	-3.62374e+002	 2.21037e+003
629	 6.4800000000e+002	-3.62481e+002	 2.21518e+003
630	 6.4900000000e+002	-3.62229e+002	 2.22052e+003
631	 6.5000000000e+002	-3.60349e+002	 2.22649e+003
632	 6.5100000000e+002	-3.62050e+002	 2.22971e+003
633	 6.5200000000e+002	-3.63126e+002	 2.23331e+003
634	 6.5300000000e+002	-3.62942e+002	 2.23846e+003
635	 6.5400000000e+002	-3.63251e+002	 2.24310e+003
636	 6.5500000000e+002	-3.63032e+002	 2.24845e+003
637	 6.5600000000e+002	-3.62934e+002	 2.25293e+003
638	 6.5700000000e+002	-3.63772e+002	 2.25708e+003
639	 6.5800000000e+002	-3.64765e+002	 2.26179e+003
640	 6.5900000000e+002	-3.65508e+002	 2.26656e+003
641	 6.6000000000e+002	-3.66385e+002	 2.27140e+003
642	 6.6100000000e+002	-3.66016e+002	 2.27699e+003
643	 6.6200000000e+002	-3.66286e+002	 2.28216e+003
644	 6.6300000000e+002	-3.66160e+002	 2.28544e+003
645	 6.6400000000e+002	-3.66510e+002	 2.28958e+003
646	 6.6500000000e+002	-3.67163e+002	 2.29556e+003
647	 6.6600000000e+002	-3.68178e+002	 2.30209e+003
648	 6.6700000000e+002	-3.68813e+002	 2.30670e+003
649	 6.6800000000e+002	-3.68903e+002	 2.30976e+003
650	 6.6900000000e+002	-3.69164e+002	 2.31350e+003
651	 6.7000000000e+002	-3.68466e+002	 2.31941e+003
652	 6.7100000000e+002	-3.68514e+002	 2.32534e+003
653	 6.7200000000e+002	-3.68738e+002	 2.33047e+003
654	 6.7300000000e+002	-3.70174e+002	 2.33549e+003
655	 6.7400000000e+002	-3.71727e+002	 2.33897e+003
656	 6.7500000000e+002	-3.71910e+002	 2.34303e+003
657	 6.7600000000e+002	-3.71824e+002	 2.34742e+003
658	 6.7700000000e+002	-3.70931e+002	 2.35250e+003
659	 6.7800000000e+002	-3.71832e+002	 2.35755e+003
660	 6.7900000000e+002	-3.73383e+002	 2.36324e+003
661	 6.8000000000e+002	-3.73112e+002	 2.36737e+003
662	 6.8100000000e+002	-3.71032e+002	 2.37081e+003
663	 6.8200000000e+002	-3.70980e+002	 2.37592e+003
664	 6.8300000000e+002	-3.72510e+002	 2.38161e+003
665	 6.8400000000e+002	-3.75290e+002	 2.38453e+003
666	 6.8500000000e+002	-3.74066e+002	 2.38824e+003
667	 6.8600000000e+002	-3.71911e+002	 2.39306e+003
668	 6.8700000000e+002	-3.72841e+002	 2.39639e+003
669	 6.8800000000e+002	-3.74859e+002	 2.40078e+003
670	 6.8900000000e+002	-3.79009e+002	 2.40347e+003
671	 6.9000000000e+002	-3.78299e+002	 2.40538e+003
672	 6.9100000000e+002	-3.77805e+002	 2.41202e+003
673	 6.9200000000e+002	-3.76497e+002	 2.41622e+003
674	 6.9300000000e+002	-3.77393e+002	 2.42105e+003
675	 6.9400000000e+002	-3.77741e+002	 2.42763e+003
676	 6.9500000000e+002	-3.76449e+002	 2.42757e+003
677	 6.9600000000e+002	-3.81800e+002	 2.43044e+003
678	 6.9700000000e+002	-3.82131e+002	 2.43616e+003
679	 6.9800000000e+002	-3.80827e+002	 2.43987e+003
680	 6.9900000000e+002	-3.80891e+002	 2.44392e+003
681	 7.0000000000e+002	-3.81907e+002	 2.44754e+003
682	 7.0100000000e+002	-3.82877e+002	 2.44988e+003
683	 7.0200000000e+002	-3.85434e+002	 2.45710e+003
684	 7.0300000000e+002	-3.84484e+002	 2.46079e+003
685	 7.0400000000e+002	-3.85416e+002	 2.46358e+003
686	 7.0500000000e+002	-3.86955e+002	 2.46825e+003
687	 7.0600000000e+002	-3.88490e+002	 2.46977e+003
688	 7.0700000000e+002	-3.88522e+002	 2.47631e+003
689	 7.0800000000e+002	-3.93513e+002	 2.47872e+003
690	 7.0900000000e+002	-3.93137e+002	 2.47960e+003
691	 7.1000000000e+002	-3.92166e+002	 2.48842e+003
692	 7.1100000000e+002	-3.96424e+002	 2.49070e+003
693	 7.1200000000e+002	-3.96868e+002	 2.49541e+003
694	 7.1300000000e+002	-3.95920e+002	 2.50195e+003
695	 7.1400000000e+002	-4.01779e+002	 2.50488e+003
696	 7.1500000000e+002	-3.98851e+002	 2.51057e+003
697	 7.1600000000e+002	-4.02299e+002	 2.51269e+003
698	 7.1700000000e+002	-4.01235e+002	 2.51741e+003
699	 7.1800000000e+002	-4.04754e+002	 2.52077e+003
700	 7.1900000000e+002	-4.10114e+002	 2.52381e+003
701	 7.2000000000e+002	-4.07303e+002	 2.52886e+003
702	 7.2100000000e+002	-4.10923e+002	 2.52837e+003
703	 7.2200000000e+002	-4.06772e+002	 2.53764e+003
704	 7.2300000000e+002	-4.14244e+002	 2.54168e+003
705	 7.2400000000e+002	-4.15688e+002	 2.54669e+003
706	 7.2500000000e+002	-4.16056e+002	 2.55042e+003
707	 7.2600000000e+002	-4.16633e+002	 2.55369e+003
708	 7.2700000000e+002	-4.19526e+002	 2.55623e+003
709	 7.2800000000e+002	-4.19994e+002	 2.56085e+003
710	 7.2900000000e+002	-4.21303e+002	 2.56579e+003
711	 7.3000000000e+002	-4.24313e+002	 2.57193e+003
712	 7.3100000000e+002	-4.23324e+002	 2.57537e+003
713	 7.3200000000e+002	-4.25821e+002	 2.58198e+003
714	 7.3300000000e+002	-4.25133e+002	 2.58510e+003
715	 7.3400000000e+002	-4.28078e+002	 2.58859e+003
716	 7.3500000000e+002	-4.31236e+002	 2.59528e+003
717	 7.3600000000e+002	-4.31983e+002	 2.60088e+003
718	 7.3700000000e+002	-4.32069e+002	 2.60520e+003
719	 7.3800000000e+002	-4.33781e+002	 2.60763e+003
720	 7.3900000000e+002	-4.35805e+002	 2.61236e+003
721	 7.4000000000e+002	-4.38709e+002	 2.61676e+003
722	 7.4100000000e+002	-4.41411e+002	 2.62256e+003
723	 7.4200000000e+002	-4.40097e+002	 2.62526e+003
724	 7.4300000000e+002	-4.41187e+002	 2.63200e+003
725	 7.4400000000e+002	-4.43295e+002	 2.63743e+003
726	 7.4500000000e+002	-4.43356e+002	 2.64012e+003
727	 7.4600000000e+002	-4.45626e+002	 2.64604e+003
728	 7.4700000000e+002	-4.47389e+002	 2.65049e+003
729	 7.4800000000e+002	-4.50148e+002	 2.65515e+003
730	 7.4900000000e+002	-4.49469e+002	 2.66078e+003
731	 7.5000000000e+002	-4.48060e+002	 2.66219e+003
732	 7.5100000000e+002	-4.51728e+002	 2.66776e+003
733	 7.5200000000e+002	-4.54727e+002	 2.67324e+003
734	 7.5300000000e+002	-4.57839e+002	 2.67796e+003
735	 7.5400000000e+002	-4.58554e+002	 2.68081e+003
736	 7.5500000000e+002	-4.57191e+002	 2.68472e+003
737	 7.5600000000e+002	-4.58028e+002	 2.69025e+003
738	 7.5700000000e+002	-4.60705e+002	 2.69542e+003
739	 7.5800000000e+002	-4.62690e+002	 2.70118e+003
740	 7.5900000000e+002	-4.63044e+002	 2.70602e+003
741	 7.6000000000e+002	-4.65582e+002	 2.70868e+003
742	 7.6100000000e+002	-4.68579e+002	 2.71195e+003
743	 7.6200000000e+002	-4.71782e+002	 2.71620e+003
744	 7.6300000000e+002	-4.74130e+002	 2.72117e+003
745	 7.6400000000e+002	-4.74233e+002	 2.72618e+003
746	 7.6500000000e+002	-4.75252e+002	 2.72882e+003
747	 7.6600000000e+002	-4.77839e+002	 2.73306e+003
748	 7.6700000000e+002	-4.80958e+002	 2.73792e+003
749	 7.6800000000e+002	-4.83236e+002	 2.74256e+003
750	 7.6900000000e+002	-4.86019e+002	 2.74816e+003
751	 7.7000000000e+002	-4.88466e+002	 2.75245e+003
752	 7.7100000000e+002	-4.91452e+002	 2.75720e+003
753	 7.7200000000e+002	-4.93973e+002	 2.76340e+003
754	 7.7300000000e+002	-4.95388e+002	 2.76843e+003
755	 7.7400000000e+002	-4.97879e+002	 2.77293e+003
756	 7.7500000000e+002	-5.00195e+002	 2.77755e+003
757	 7.7600000000e+002	-5.01781e+002	 2.78269e+003
758	 7.7700000000e+002	-5.02933e+002	 2.78796e+003
759	 7.7800000000e+002	-5.05635e+002	 2.79364e+003
760	 7.7900000000e+002	-5.07724e+002	 2.79840e+003
761	 7.8000000000e+002	-5.10387e+002	 2.80423e+003
762	 7.8100000000e+002	-5.12619e+002	 2.80872e+003
763	 7.8200000000e+002	-5.14616e+002	 2.81380e+003
764	 7.8300000000e+002	-5.16495e+002	 2.81830e+003
765	 7.8400000000e+002	-5.18303e+002	 2.82466e+003
766	 7.8500000000e+002	-5.21440e+002	 2.82875e+003
767	 7.8600000000e+002	-5.23285e+002	 2.83536e+003
768	 7.8700000000e+002	-5.26430e+002	 2.83948e+003
769	 7.8800000000e+002	-5.28340e+002	 2.84553e+003
770	 7.8900000000e+002	-5.29596e+002	 2.85258e+003
771	 7.9000000000e+002	-5.32531e+002	 2.85597e+003
772	 7.9100000000e+002	-5.35272e+002	 2.86425e+003
773	 7.9200000000e+002	-5.39087e+002	 2.86924e+003
774	 7.9300000000e+002	-5.41163e+002	 2.87411e+003
775	 7.9400000000e+002	-5.42432e+002	 2.88207e+003
776	 7.9500000000e+002	-5.43527e+002	 2.88597e+003
777	 7.9600000000e+002	-5.44872e+002	 2.88902e+003
778	 7.9700000000e+002	-5.46460e+002	 2.89972e+003
779	 7.9800000000e+002	-5.48304e+002	 2.90662e+003
780	 7.9900000000e+002	-5.50856e+002	 2.90821e+003
781	 8.0000000000e+002	-5.54155e+002	 2.91824e+003
782	 8.0100000000e+002	-5.55326e+002	 2.92909e+003
783	 8.0200000000e+002	-5.55300e+002	 2.93247e+003
784	 8.0300000000e+002	-5.56086e+002	 2.93463e+003
785	 8.0400000000e+002	-5.57976e+002	 2.94326e+003
786	 8.0500000000e+002	-5.59651e+002	 2.95255e+003
787	 8.0600000000e+002	-5.58814e+002	 2.95661e+003
788	 8.0700000000e+002	-5.59339e+002	 2.95715e+003
789	 8.0800000000e+002	-5.61299e+002	 2.96216e+003
790	 8.0900000000e+002	-5.62610e+002	 2.97128e+003
791	 8.1000000000e+002	-5.66655e+002	 2.98313e+003
792	 8.1100000000e+002	-5.69398e+002	 2.98965e+003
793	 8.1200000000e+002	-5.67835e+002	 2.99065e+003
794	 8.1300000000e+002	-5.67241e+002	 2.99312e+003
795	 8.1400000000e+002	-5.69501e+002	 2.99684e+003
796	 8.1500000000e+002	-5.73824e+002	 3.00145e+003
797	 8.1600000000e+002	-5.76542e+002	 3.00846e+003
798	 8.1700000000e+002	-5.75600e+002	 3.01922e+003
799	 8.1800000000e+002	-5.75975e+002	 3.02885e+003
800	 8.1900000000e+002	-5.85452e+002	 3.03849e+003
801	 8.2000000000e+002	-5.88814e+002	 3.04602e+003
802	 8.2100000000e+002	-5.87261e+002	 3.05368e+003
803	 8.2200000000e+002	-5.88097e+002	 3.06271e+003
804	 8.2300000000e+002	-5.86966e+002	 3.06704e+003
805	 8.2400000000e+002	-5.89594e+002	 3.07607e+003
806	 8.2500000000e+002	-5.96534e+002	 3.08470e+003
807	 8.2600000000e+002	-5.94522e+002	 3.08853e+003
808	 8.2700000000e+002	-5.91428e+002	 3.09702e+003
809	 8.2800000000e+002	-5.94380e+002	 3.10560e+003
810	 8.2900000000e+002	-5.97466e+002	 3.11016e+003
811	 8.3000000000e+002	-5.97847e+002	 3.11738e+003
812	 8.3100000000e+002	-6.00341e+002	 3.12486e+003
813	 8.3200000000e+002	-5.99613e+002	 3.13062e+003
814	 8.3300000000e+002	-5.95006e+002	 3.13112e+003
815	 8.3400000000e+002	-5.98911e+002	 3.12513e+003
816	 8.3500000000e+002	-5.98672e+002	 3.12755e+003
817	 8.3600000000e+002	-5.98497e+002	 3.13676e+003
818	 8.3700000000e+002	-6.01434e+002	 3.14653e+003
819	 8.3800000000e+002	-6.00013e+002	 3.16166e+003
820	 8.3900000000e+002	-6.03071e+002	 3.18282e+003
821	 8.4000000000e+002	-6.05321e+002	 3.18923e+003
822	 8.4100000000e+002	-6.05701e+002	 3.18690e+003
823	 8.4200000000e+002	-6.03314e+002	 3.18261e+003
824	 8.4300000000e+002	-6.00639e+002	 3.18302e+003
825	 8.4400000000e+002	-5.99381e+002	 3.20168e+003
826	 8.4500000000e+002	-6.03123e+002	 3.22726e+003
827	 8.4600000000e+002	-6.09849e+002	 3.22676e+003
828	 8.4700000000e+002	-6.08442e+002	 3.21423e+003
829	 8.4800000000e+002	-6.06353e+002	 3.22048e+003
830	 8.4900000000e+002	-6.05533e+002	 3.24700e+003
831	 8.5000000000e+002	-6.02710e+002	 3.25744e+003
832	 8.5100000000e+002	-6.01461e+002	 3.24105e+003
833	 8.5200000000e+002	-6.06948e+002	 3.24480e+003
834	 8.5300000000e+002	-6.05464e+002	 3.28344e+003
835	 8.5400000000e+002	-6.05024e+002	 3.27497e+003
836	 8.5500000000e+002	-6.07969e+002	 3.26044e+003
837	 8.5600000000e+002	-6.10950e+002	 3.29885e+003
838	 8.5700000000e+002	-6.10826e+002	 3.30163e+003
839	 8.5800000000e+002	-6.03893e+002	 3.28280e+003
840	 8.5900000000e+002	-6.00424e+002	 3.31427e+003
841	 8.6000000000e+002	-6.09638e+002	 3.31537e+003
842	 8.6100000000e+002	-6.07127e+002	 3.30624e+003
843	 8.6200000000e+002	-5.96644e+002	 3.34059e+003
844	 8.6300000000e+002	-6.04243e+002	 3.32887e+003
845	 8.6400000000e+002	-5.95861e+002	 3.34415e+003
846	 8.6500000000e+002	-5.93300e+002	 3.35338e+003
847	 8.6600000000e+002	-6.05127e+002	 3.34714e+003
848	 8.6700000000e+002	-5.94509e+002	 3.36431e+003
849	 8.6800000000e+002	-6.12912e+002	 3.35282e+003
850	 8.6900000000e+002	-5.97219e+002	 3.37605e+003
851	 8.7000000000e+002	-6.00929e+002	 3.37724e+003
852	 8.7100000000e+002	-5.96573e+002	 3.38814e+003
853	 8.7200000000e+002	-5.97998e+002	 3.38738e+003
854	 8.7300000000e+002	-5.92512e+002	 3.40345e+003
855	 8.7400000000e+002	-5.98872e+002	 3.40842e+003
856	 8.7500000000e+002	-5.97415e+002	 3.41854e+003
857	 8.7600000000e+002	-6.03777e+002	 3.41214e+003
858	 8.7700000000e+002	-5.97086e+002	 3.42700e+003
859	 8.7800000000e+002	-5.97306e+002	 3.43772e+003
860	 8.7900000000e+002	-5.91355e+002	 3.44874e+003
861	 8.8000000000e+002	-5.94769e+002	 3.45182e+003
862	 8.8100000000e+002	-5.93443e+002	 3.45582e+003
863	 8.8200000000e+002	-5.93277e+002	 3.46294e+003
864	 8.8300000000e+002	-5.89421e+002	 3.47240e+003
865	 8.8400000000e+002	-5.86808e+002	 3.47716e+003
866	 8.8500000000e+002	-5.93252e+002	 3.48251e+003
867	 8.8600000000e+002	-5.90366e+002	 3.48919e+003
868	 8.8700000000e+002	-5.94664e+002	 3.49422e+003
869	 8.8800000000e+002	-5.94877e+002	 3.49853e+003
870	 8.8900000000e+002	-5.90948e+002	 3.50827e+003
871	 8.9000000000e+002	-5.87548e+002	 3.51742e+003
872	 8.9100000000e+002	-5.86156e+002	 3.52501e+003
873	 8.9200000000e+002	-5.86954e+002	 3.53216e+003
874	 8.9300000000e+002	-5.87105e+002	 3.53962e+003
875	 8.9400000000e+002	-5.85054e+002	 3.54382e+003
876	 8.9500000000e+002	-5.85195e+002	 3.54920e+003
877	 8.9600000000e+002	-5.83449e+002	 3.55674e+003
878	 8.9700000000e+002	-5.82024e+002	 3.56635e+003
879	 8.9800000000e+002	-5.80336e+002	 3.57377e+003
880	 8.9900000000e+002	-5.79422e+002	 3.58286e+003
881	 9.0000000000e+002	-5.77725e+002	 3.59406e+003
882	 9.0100000000e+002	-5.75646e+002	 3.60123e+003
883	 9.0200000000e+002	-5.78217e+002	 3.60967e+003
884	 9.0300000000e+002	-5.77780e+002	 3.61654e+003
885	 9.0400000000e+002	-5.74107e+002	 3.62304e+003
886	 9.0500000000e+002	-5.73322e+002	 3.62788e+003
887	 9.0600000000e+002	-5.72432e+002	 3.63446e+003
888	 9.0700000000e+002	-5.70415e+002	 3.64595e+003
889	 9.0800000000e+002	-5.66435e+002	 3.65367e+003
890	 9.0900000000e+002	-5.62668e+002	 3.66050e+003
891	 9.1000000000e+002	-5.61498e+002	 3.66776e+003
892	 9.1100000000e+002	-5.60644e+002	 3.67828e+003
893	 9.1200000000e+002	-5.59805e+002	 3.68622e+003
894	 9.1300000000e+002	-5.57950e+002	 3.69646e+003
895	 9.1400000000e+002	-5.57419e+002	 3.70154e+003
896	 9.1500000000e+002	-5.53959e+002	 3.71137e+003
897	 9.1600000000e+002	-5.51467e+002	 3.71681e+003
898	 9.1700000000e+002	-5.47712e+002	 3.72600e+003
899	 9.1800000000e+002	-5.45653e+002	 3.73338e+003
900	 9.1900000000e+002	-5.43366e+002	 3.74208e+003
901	 9.2000000000e+002	-5.38372e+002	 3.75363e+003
902	 9.2100000000e+002	-5.34737e+002	 3.76309e+003
903	 9.2200000000e+002	-5.29645e+002	 3.77593e+003
904	 9.2300000000e+002	-5.24570e+002	 3.78353e+003
905	 9.2400000000e+002	-5.20167e+002	 3.79412e+003
906	 9.2500000000e+002	-5.16142e+002	 3.80283e+003
907	 9.2600000000e+002	-5.09647e+002	 3.81186e+003
908	 9.2700000000e+002	-5.02428e+002	 3.82304e+003
909	 9.2800000000e+002	-4.93942e+002	 3.83168e+003
910	 9.2900000000e+002	-4.84802e+002	 3.83995e+003
911	 9.3000000000e+002	-4.78142e+002	 3.85130e+003
912	 9.3100000000e+002	-4.69541e+002	 3.85568e+003
913	 9.3200000000e+002	-4.60761e+002	 3.86202e+003
914	 9.3300000000e+002	-4.53587e+002	 3.86943e+003
915	 9.3400000000e+002	-4.41452e+002	 3.87319e+003
916	 9.3500000000e+002	-4.30758e+002	 3.88046e+003
917	 9.3600000000e+002	-4.21871e+002	 3.89087e+003
918	 9.3700000000e+002	-4.06829e+002	 3.89354e+003
919	 9.3800000000e+002	-3.93055e+002	 3.89262e+003
920	 9.3900000000e+002	-3.89056e+002	 3.89664e+003
921	 9.4000000000e+002	-3.81901e+002	 3.90177e+003
922	 9.4100000000e+002	-3.63514e+002	 3.90003e+003
923	 9.4200000000e+002	-3.48367e+002	 3.89257e+003
924	 9.4300000000e+002	-3.40628e+002	 3.89229e+003
925	 9.4400000000e+002	-3.30988e+002	 3.88987e+003
926	 9.4500000000e+002	-3.17536e+002	 3.88752e+003
927	 9.4600000000e+002	-3.03869e+002	 3.88621e+003
928	 9.4700000000e+002	-2.96213e+002	 3.87894e+003
929	 9.4800000000e+002	-2.95850e+002	 3.87515e+003
930	 9.4900000000e+002	-2.96991e+002	 3.87440e+003
931	 9.5000000000e+002	-2.92040e+002	 3.86486e+003
932	 9.5100000000e+002	-2.80400e+002	 3.84839e+003
933	 9.5200000000e+002	-2.72067e+002	 3.83413e+003
934	 9.5300000000e+002	-2.69818e+002	 3.82620e+003
935	 9.5400000000e+002	-2.73156e+002	 3.82544e+003
936	 9.5500000000e+002	-2.78988e+002	 3.82531e+003
937	 9.5600000000e+002	-2.85490e+002	 3.81837e+003
938	 9.5700000000e+002	-2.89829e+002	 3.80728e+003
939	 9.5800000000e+002	-2.96303e+002	 3.80436e+003
940	 9.5900000000e+002	-2.97835e+002	 3.80000e+003
941	 9.6000000000e+002	-2.95202e+002	 3.79366e+003
942	 9.6100000000e+002	-2.97488e+002	 3.78506e+003
943	 9.6200000000e+002	-2.99967e+002	 3.77497e+003
944	 9.6300000000e+002	-3.09831e+002	 3.77092e+003
945	 9.6400000000e+002	-3.15343e+002	 3.77242e+003
946	 9.6500000000e+002	-3.21446e+002	 3.76738e+003
947	 9.6600000000e+002	-3.26273e+002	 3.76062e+003
948	 9.6700000000e+002	-3.32184e+002	 3.76037e+003
949	 9.6800000000e+002	-3.49360e+002	 3.75625e+003
950	 9.6900000000e+002	-3.65947e+002	 3.75878e+003
951	 9.7000000000e+002	-3.77721e+002	 3.76476e+003
952	 9.7100000000e+002	-3.89032e+002	 3.77050e+003
953	 9.7200000000e+002	-3.99700e+002	 3.77041e+003
954	 9.7300000000e+002	-4.11598e+002	 3.77964e+003
955	 9.7400000000e+002	-4.22836e+002	 3.79374e+003
956	 9.7500000000e+002	-4.36202e+002	 3.80133e+003
957	 9.7600000000e+002	-4.46518e+002	 3.80475e+003
958	 9.7700000000e+002	-4.57311e+002	 3.82188e+003
959	 9.7800000000e+002	-4.73022e+002	 3.84832e+003
960	 9.7900000000e+002	-4.90745e+002	 3.87077e+003
961	 9.8000000000e+002	-4.98673e+002	 3.89358e+003
962	 9.8100000000e+002	-4.88978e+002	 3.90609e+003
963	 9.8200000000e+002	-4.78457e+002	 3.90808e+003
964	 9.8300000000e+002	-4.84802e+002	 3.91444e+003
965	 9.8400000000e+002	-4.85049e+002	 3.93185e+003
966	 9.8500000000e+002	-4.84894e+002	 3.94373e+003
967	 9.8600000000e+002	-4.87965e+002	 3.96762e+003
968	 9.8700000000e+002	-4.93859e+002	 3.99006e+003
969	 9.8800000000e+002	-4.84420e+002	 3.99278e+003
970	 9.8900000000e+002	-4.62339e+002	 3.99182e+003
971	 9.9000000000e+002	-4.52138e+002	 4.00708e+003
972	 9.9100000000e+002	-4.56257e+002	 4.03796e+003
973	 9.9200000000e+002	-4.50465e+002	 4.04468e+003
974	 9.9300000000e+002	-4.34146e+002	 4.03818e+003
975	 9.9400000000e+002	-4.14112e+002	 4.03886e+003
976	 9.9500000000e+002	-4.05800e+002	 4.04513e+003
977	 9.9600000000e+002	-4.02910e+002	 4.06814e+003
978	 9.9700000000e+002	-3.97298e+002	 4.07415e+003
979	 9.9800000000e+002	-3.79494e+002	 4.05629e+003
980	 9.9900000000e+002	-3.82225e+002	 4.07311e+003
981	 1.0000000000e+003	-3.83758e+002	 4.07983e+003
982	 1.0010000000e+003	-3.56458e+002	 4.05524e+003
983	 1.0020000000e+003	-3.50651e+002	 4.04813e+003
984	 1.0030000000e+003	-3.51403e+002	 4.06360e+003
985	 1.0040000000e+003	-3.41776e+002	 4.03937e+003
986	 1.0050000000e+003	-3.34969e+002	 4.03075e+003
987	 1.0060000000e+003	-3.48001e+002	 4.06831e+003
988	 1.0070000000e+003	-3.54818e+002	 4.04601e+003
989	 1.0080000000e+003	-3.62920e+002	 4.02341e+003
990	 1.0090000000e+003	-3.73337e+002	 4.04028e+003
991	 1.0100000000e+003	-3.81086e+002	 4.02703e+003
992	 1.0110000000e+003	-3.92792e+002	 4.04445e+003
993	 1.0120000000e+003	-3.99155e+002	 4.05995e+003
994	 1.0130000000e+003	-3.95445e+002	 4.05150e+003
995	 1.0140000000e+003	-3.99712e+002	 4.08409e+003
996	 1.0150000000e+003	-4.09170e+002	 4.07193e+003
997	 1.0160000000e+003	-4.08460e+002	 4.08708e+003
998	 1.0170000000e+003	-4.06146e+002	 4.09129e+003
999	 1.0180000000e+003	-4.13957e+002	 4.07642e+003
1000	 1.0190000000e+003	-4.19036e+002	 4.08841e+003
1001	 1.0200000000e+003	-4.23974e+002	 4.09756e+003
1002	 1.0210000000e+003	-4.24549e+002	 4.11816e+003
1003	 1.0220000000e+003	-4.31725e+002	 4.11810e+003
1004	 1.0230000000e+003	-4.22678e+002	 4.13470e+003
1005	 1.0240000000e+003	-4.21674e+002	 4.13863e+003
1006	 1.0250000000e+003	-4.28776e+002	 4.14683e+003
1007	 1.0260000000e+003	-4.41929e+002	 4.14047e+003
1008	 1.0270000000e+003	-4.38175e+002	 4.15074e+003
1009	 1.0280000000e+003	-4.41305e+002	 4.15366e+003
1010	 1.0290000000e+003	-4.42768e+002	 4.15825e+003
1011	 1.0300000000e+003	-4.54782e+002	 4.15478e+003
1012	 1.0310000000e+003	-4.56096e+002	 4.16182e+003
1013	 1.0320000000e+003	-4.53635e+002	 4.17764e+003
1014	 1.0330000000e+003	-4.73398e+002	 4.18981e+003
1015	 1.0340000000e+003	-4.90418e+002	 4.19383e+003
1016	 1.0350000000e+003	-5.08282e+002	 4.19783e+003
1017	 1.0360000000e+003	-5.10882e+002	 4.21356e+003
1018	 1.0370000000e+003	-5.11471e+002	 4.23354e+003
1019	 1.0380000000e+003	-5.12312e+002	 4.25135e+003
1020	 1.0390000000e+003	-5.11761e+002	 4.27099e+003
1021	 1.0400000000e+003	-5.17124e+002	 4.28702e+003
1022	 1.0410000000e+003	-5.23969e+002	 4.31367e+003
1023	 1.0420000000e+003	-5.32742e+002	 4.33771e+003
1024	 1.0430000000e+003	-5.31879e+002	 4.34836e+003
1025	 1.0440000000e+003	-5.26781e+002	 4.35953e+003
1026	 1.0450000000e+003	-5.18621e+002	 4.38025e+003
1027	 1.0460000000e+003	-5.11446e+002	 4.40461e+003
1028	 1.0470000000e+003	-5.01759e+002	 4.41916e+003
1029	 1.0480000000e+003	-4.87999e+002	 4.43017e+003
1030	 1.0490000000e+003	-4.70674e+002	 4.44206e+003
1031	 1.0500000000e+003	-4.65601e+002	 4.44878e+003
1032	 1.0510000000e+003	-4.58789e+002	 4.47197e+003
1033	 1.0520000000e+003	-4.49948e+002	 4.48987e+003
1034	 1.0530000000e+003	-4.38653e+002	 4.49754e+003
1035	 1.0540000000e+003	-4.23740e+002	 4.50614e+003
1036	 1.0550000000e+003	-4.10265e+002	 4.52241e+003
1037	 1.0560000000e+003	-4.00764e+002	 4.53268e+003
1038	 1.0570000000e+003	-3.97291e+002	 4.54276e+003
1039	 1.0580000000e+003	-3.84291e+002	 4.54875e+003
1040	 1.0590000000e+003	-3.71588e+002	 4.55464e+003
1041	 1.0600000000e+003	-3.66385e+002	 4.56241e+003
1042	 1.0610000000e+003	-3.56742e+002	 4.57021e+003
1043	 1.0620000000e+003	-3.42120e+002	 4.58206e+003
1044	 1.0630000000e+003	-3.30737e+002	 4.58842e+003
1045	 1.0640000000e+003	-3.17717e+002	 4.59038e+003
1046	 1.0650000000e+003	-3.09853e+002	 4.59703e+003
1047	 1.0660000000e+003	-3.01759e+002	 4.60551e+003
1048	 1.0670000000e+003	-2.95021e+002	 4.61338e+003
1049	 1.0680000000e+003	-2.87405e+002	 4.61528e+003
1050	 1.0690000000e+003	-2.78375e+002	 4.61638e+003
1051	 1.0700000000e+003	-2.62971e+002	 4.61490e+003
1052	 1.0710000000e+003	-2.46510e+002	 4.61796e+003
1053	 1.0720000000e+003	-2.32100e+002	 4.62252e+003
1054	 1.0730000000e+003	-2.23462e+002	 4.62295e+003
1055	 1.0740000000e+003	-2.16976e+002	 4.61894e+003
1056	 1.0750000000e+003	-2.11207e+002	 4.61958e+003
1057	 1.0760000000e+003	-2.03967e+002	 4.62366e+003
1058	 1.0770000000e+003	-1.94180e+002	 4.62991e+003
1059	 1.0780000000e+003	-1.89572e+002	 4.63097e+003
1060	 1.0790000000e+003	-1.82310e+002	 4.62611e+003
1061	 1.0800000000e+003	-1.77231e+002	 4.62531e+003
1062	 1.0810000000e+003	-1.69137e+002	 4.63076e+003
1063	 1.0820000000e+003	-1.55433e+002	 4.63677e+003
1064	 1.0830000000e+003	-1.47488e+002	 4.63412e+003
1065	 1.0840000000e+003	-1.48104e+002	 4.63071e+003
1066	 1.0850000000e+003	-1.32356e+002	 4.63230e+003
1067	 1.0860000000e+003	-1.15328e+002	 4.63031e+003
1068	 1.0870000000e+003	-1.02656e+002	 4.62808e+003
1069	 1.0880000000e+003	-9.19986e+001	 4.62149e+003
1070	 1.0890000000e+003	-8.55440e+001	 4.61101e+003
1071	 1.0900000000e+003	-7.54240e+001	 4.59838e+003
1072	 1.0910000000e+003	-6.42448e+001	 4.58443e+003
1073	 1.0920000000e+003	-7.47375e+001	 4.56527e+003
1074	 1.0930000000e+003	-8.61808e+001	 4.55335e+003
1075	 1.0940000000e+003	-9.25427e+001	 4.53784e+003
1076	 1.0950000000e+003	-9.59017e+001	 4.52864e+003
1077	 1.0960000000e+003	-9.75507e+001	 4.52526e+003
1078	 1.0970000000e+003	-1.01235e+002	 4.51628e+003
1079	 1.0980000000e+003	-1.20731e+002	 4.51195e+003
1080	 1.0990000000e+003	-1.29790e+002	 4.50866e+003
1081	 1.1000000000e+003	-1.46512e+002	 4.50834e+003
1082	 1.1010000000e+003	-1.69402e+002	 4.52452e+003
1083	 1.1020000000e+003	-1.83293e+002	 4.54373e+003
1084	 1.1030000000e+003	-2.09302e+002	 4.55216e+003
1085	 1.1040000000e+003	-2.23547e+002	 4.56755e+003
1086	 1.1050000000e+003	-2.24337e+002	 4.58243e+003
1087	 1.1060000000e+003	-2.30178e+002	 4.59553e+003
1088	 1.1070000000e+003	-2.27821e+002	 4.61193e+003
1089	 1.1080000000e+003	-2.27158e+002	 4.63003e+003
1090	 1.1090000000e+003	-2.22181e+002	 4.63883e+003
1091	 1.1100000000e+003	-2.14638e+002	 4.66702e+003
1092	 1.1110000000e+003	-1.94487e+002	 4.67650e+003
1093	 1.1120000000e+003	-1.76519e+002	 4.69264e+003
1094	 1.1130000000e+003	-1.75372e+002	 4.69392e+003
1095	 1.1140000000e+003	-1.71117e+002	 4.69615e+003
1096	 1.1150000000e+003	-1.60585e+002	 4.69826e+003
1097	 1.1160000000e+003	-1.44095e+002	 4.69458e+003
1098	 1.1170000000e+003	-1.30234e+002	 4.68973e+003
1099	 1.1180000000e+003	-1.18089e+002	 4.70027e+003
1100	 1.1190000000e+003	-1.16568e+002	 4.71037e+003
1101	 1.1200000000e+003	-1.05445e+002	 4.72051e+003
1102	 1.1210000000e+003	-8.27749e+001	 4.73467e+003
1103	 1.1220000000e+003	-7.64243e+001	 4.73293e+003
1104	 1.1230000000e+003	-5.39579e+001	 4.72003e+003
1105	 1.1240000000e+003	-2.80919e+001	 4.69517e+003
1106	 1.1250000000e+003	-1.86354e+001	 4.68325e+003
1107	 1.1260000000e+003	-2.25067e+001	 4.66224e+003
1108	 1.1270000000e+003	-1.26067e+001	 4.65059e+003
1109	 1.1280000000e+003	-1.46172e+001	 4.63454e+003
1110	 1.1290000000e+003	-2.59927e+001	 4.62863e+003
1111	 1.1300000000e+003	-2.62867e+001	 4.61941e+003
1112	 1.1310000000e+003	-1.76885e+001	 4.58959e+003
1113	 1.1320000000e+003	-1.77321e+001	 4.55977e+003
1114	 1.1330000000e+003	-3.94765e+001	 4.53225e+003
1115	 1.1340000000e+003	-6.47600e+001	 4.50687e+003
1116	 1.1350000000e+003	-8.56072e+001	 4.49021e+003
1117	 1.1360000000e+003	-1.06486e+002	 4.49084e+003
1118	 1.1370000000e+003	-1.35582e+002	 4.48499e+003
1119	 1.1380000000e+003	-1.80056e+002	 4.47475e+003
1120	 1.1390000000e+003	-2.24453e+002	 4.46798e+003
1121	 1.1400000000e+003	-2.50201e+002	 4.46396e+003
1122	 1.1410000000e+003	-2.68935e+002	 4.47718e+003
1123	 1.1420000000e+003	-2.92512e+002	 4.49814e+003
1124	 1.1430000000e+003	-3.33883e+002	 4.51856e+003
1125	 1.1440000000e+003	-3.68737e+002	 4.53414e+003
1126	 1.1450000000e+003	-3.95347e+002	 4.55976e+003
1127	 1.1460000000e+003	-4.14767e+002	 4.59318e+003
1128	 1.1470000000e+003	-4.27926e+002	 4.61805e+003
1129	 1.1480000000e+003	-4.19767e+002	 4.64531e+003
1130	 1.1490000000e+003	-4.10823e+002	 4.66375e+003
1131	 1.1500000000e+003	-4.16369e+002	 4.69043e+003
1132	 1.1510000000e+003	-4.16316e+002	 4.70586e+003
1133	 1.1520000000e+003	-3.99006e+002	 4.72391e+003
1134	 1.1530000000e+003	-4.19209e+002	 4.75428e+003
1135	 1.1540000000e+003	-4.19397e+002	 4.77614e+003
1136	 1.1550000000e+003	-4.28407e+002	 4.79595e+003
1137	 1.1560000000e+003	-4.23099e+002	 4.82353e+003
1138	 1.1570000000e+003	-4.04960e+002	 4.83651e+003
1139	 1.1580000000e+003	-4.07448e+002	 4.84118e+003
1140	 1.1590000000e+003	-4.15065e+002	 4.85745e+003
1141	 1.1600000000e+003	-4.14084e+002	 4.86041e+003
1142	 1.1610000000e+003	-4.10693e+002	 4.87025e+003
1143	 1.1620000000e+003	-4.08898e+002	 4.86163e+003
1144	 1.1630000000e+003	-4.17745e+002	 4.87569e+003
1145	 1.1640000000e+003	-4.23639e+002	 4.89442e+003
1146	 1.1650000000e+003	-4.18805e+002	 4.89896e+003
1147	 1.1660000000e+003	-4.24760e+002	 4.92691e+003
1148	 1.1670000000e+003	-4.32708e+002	 4.95773e+003
1149	 1.1680000000e+003	-4.36088e+002	 4.97578e+003
1150	 1.1690000000e+003	-4.27987e+002	 4.98329e+003
1151	 1.1700000000e+003	-4.14330e+002	 4.98495e+003
1152	 1.1710000000e+003	-4.11330e+002	 5.00041e+003
1153	 1.1720000000e+003	-4.04615e+002	 5.00762e+003
1154	 1.1730000000e+003	-3.94716e+002	 5.02375e+003
1155	 1.1740000000e+003	-3.89944e+002	 5.03764e+003
1156	 1.1750000000e+003	-3.86243e+002	 5.05057e+003
1157	 1.1760000000e+003	-3.89728e+002	 5.06872e+003
1158	 1.1770000000e+003	-3.84255e+002	 5.09550e+003
1159	 1.1780000000e+003	-3.73088e+002	 5.11399e+003
1160	 1.1790000000e+003	-3.60637e+002	 5.13205e+003
1161	 1.1800000000e+003	-3.53291e+002	 5.14220e+003
1162	 1.1810000000e+003	-3.44698e+002	 5.14446e+003
1163	 1.1820000000e+003	-3.50293e+002	 5.15410e+003
1164	 1.1830000000e+003	-3.57304e+002	 5.17061e+003
1165	 1.1840000000e+003	-3.66230e+002	 5.17959e+003
1166	 1.1850000000e+003	-3.68471e+002	 5.20506e+003
1167	 1.1860000000e+003	-3.45966e+002	 5.21885e+003
1168	 1.1870000000e+003	-3.28712e+002	 5.22955e+003
1169	 1.1880000000e+003	-3.23607e+002	 5.24979e+003
1170	 1.1890000000e+003	-3.18532e+002	 5.26098e+003
1171	 1.1900000000e+003	-3.05788e+002	 5.26593e+003
1172	 1.1910000000e+003	-2.89589e+002	 5.27070e+003
1173	 1.1920000000e+003	-2.83895e+002	 5.27529e+003
1174	 1.1930000000e+003	-2.88998e+002	 5.29243e+003
1175	 1.1940000000e+003	-2.79090e+002	 5.30759e+003
1176	 1.1950000000e+003	-2.66693e+002	 5.31925e+003
1177	 1.1960000000e+003	-2.51712e+002	 5.32243e+003
1178	 1.1970000000e+003	-2.43540e+002	 5.32470e+003
1179	 1.1980000000e+003	-2.34545e+002	 5.32804e+003
1180	 1.1990000000e+003	-2.27521e+002	 5.33078e+003
1181	 1.2000000000e+003	-2.16397e+002	 5.34161e+003
1182	 1.2010000000e+003	-2.06801e+002	 5.34581e+003
1183	 1.2020000000e+003	-2.00518e+002	 5.34900e+003
1184	 1.2030000000e+003	-1.93168e+002	 5.35546e+003
1185	 1.2040000000e+003	-1.90768e+002	 5.35824e+003
1186	 1.2050000000e+003	-1.76584e+002	 5.35664e+003
1187	 1.2060000000e+003	-1.65520e+002	 5.36158e+003
1188	 1.2070000000e+003	-1.60430e+002	 5.36367e+003
1189	 1.2080000000e+003	-1.59067e+002	 5.36799e+003
1190	 1.2090000000e+003	-1.49229e+002	 5.38412e+003
1191	 1.2100000000e+003	-1.51269e+002	 5.39432e+003
1192	 1.2110000000e+003	-1.43810e+002	 5.39971e+003
1193	 1.2120000000e+003	-1.30973e+002	 5.40369e+003
1194	 1.2130000000e+003	-1.23366e+002	 5.40695e+003
1195	 1.2140000000e+003	-1.21607e+002	 5.42073e+003
1196	 1.2150000000e+003	-1.24788e+002	 5.42969e+003
1197	 1.2160000000e+003	-1.18951e+002	 5.43227e+003
1198	 1.2170000000e+003	-1.05774e+002	 5.43821e+003
1199	 1.2180000000e+003	-9.75842e+001	 5.45110e+003
1200	 1.2190000000e+003	-9.15603e+001	 5.46425e+003
1201	 1.2200000000e+003	-8.35173e+001	 5.47365e+003
1202	 1.2210000000e+003	-7.60407e+001	 5.47740e+003
1203	 1.2220000000e+003	-7.32269e+001	 5.48504e+003
1204	 1.2230000000e+003	-7.53140e+001	 5.49013e+003
1205	 1.2240000000e+003	-7.05239e+001	 5.48802e+003
1206	 1.2250000000e+003	-5.30972e+001	 5.50551e+003
1207	 1.2260000000e+003	-3.60222e+001	 5.51298e+003
1208	 1.2270000000e+003	-3.90008e+001	 5.51484e+003
1209	 1.2280000000e+003	-2.33268e+001	 5.52590e+003
1210	 1.2290000000e+003	-1.53041e+001	 5.53005e+003
1211	 1.2300000000e+003	-1.52325e+001	 5.53215e+003
1212	 1.2310000000e+003	-2.74323e+000	 5.54760e+003
1213	 1.2320000000e+003	 1.62574e+001	 5.55524e+003
1214	 1.2330000000e+003	 2.54942e+001	 5.56901e+003
1215	 1.2340000000e+003	 2.58523e+001	 5.56584e+003
1216	 1.2350000000e+003	 1.63997e+001	 5.58729e+003
1217	 1.2360000000e+003	 1.75982e+001	 5.58871e+003
1218	 1.2370000000e+003	 2.67108e+001	 5.59802e+003
1219	 1.2380000000e+003	 3.22864e+001	 5.60682e+003
1220	 1.2390000000e+003	 4.60778e+001	 5.59841e+003
1221	 1.2400000000e+003	 5.04393e+001	 5.59515e+003
1222	 1.2410000000e+003	 7.82460e+001	 5.59454e+003
1223	 1.2420000000e+003	 1.27546e+002	 5.58554e+003
1224	 1.2430000000e+003	 1.43831e+002	 5.58304e+003
1225	 1.2440000000e+003	 1.41763e+002	 5.59338e+003
1226	 1.2450000000e+003	 1.68651e+002	 5.57886e+003
1227	 1.2460000000e+003	 1.77340e+002	 5.58314e+003
1228	 1.2470000000e+003	 1.72984e+002	 5.57733e+003
1229	 1.2480000000e+003	 1.80862e+002	 5.56235e+003
1230	 1.2490000000e+003	 1.80593e+002	 5.55307e+003
1231	 1.2500000000e+003	 2.04543e+002	 5.55605e+003
1232	 1.2510000000e+003	 2.24630e+002	 5.53845e+003
1233	 1.2520000000e+003	 2.45291e+002	 5.51478e+003
1234	 1.2530000000e+003	 2.54528e+002	 5.52082e+003
1235	 1.2540000000e+003	 2.70177e+002	 5.51491e+003
1236	 1.2550000000e+003	 2.54881e+002	 5.51477e+003
1237	 1.2560000000e+003	 2.39471e+002	 5.49812e+003
1238	 1.2570000000e+003	 2.42147e+002	 5.48495e+003
1239	 1.2580000000e+003	 2.34739e+002	 5.47307e+003
1240	 1.2590000000e+003	 2.22675e+002	 5.45590e+003
1241	 1.2600000000e+003	 2.14932e+002	 5.45073e+003
1242	 1.2610000000e+003	 2.12032e+002	 5.44493e+003
1243	 1.2620000000e+003	 1.93541e+002	 5.46161e+003
1244	 1.2630000000e+003	 2.00997e+002	 5.45992e+003
1245	 1.2640000000e+003	 2.02413e+002	 5.45485e+003
1246	 1.2650000000e+003	 2.03597e+002	 5.43904e+003
1247	 1.2660000000e+003	 1.93133e+002	 5.42200e+003
1248	 1.2670000000e+003	 2.05439e+002	 5.42701e+003
1249	 1.2680000000e+003	 2.09651e+002	 5.41758e+003
1250	 1.2690000000e+003	 1.95406e+002	 5.43562e+003
1251	 1.2700000000e+003	 1.82228e+002	 5.42437e+003
1252	 1.2710000000e+003	 1.76495e+002	 5.42990e+003
1253	 1.2720000000e+003	 1.85329e+002	 5.43540e+003
1254	 1.2730000000e+003	 1.85139e+002	 5.44324e+003
1255	 1.2740000000e+003	 1.96628e+002	 5.46236e+003
1256	 1.2750000000e+003	 1.86523e+002	 5.46504e+003
1257	 1.2760000000e+003	 1.68733e+002	 5.44559e+003
1258	 1.2770000000e+003	 1.71276e+002	 5.43231e+003
1259	 1.2780000000e+003	 1.69486e+002	 5.45973e+003
1260	 1.2790000000e+003	 1.55485e+002	 5.48521e+003
1261	 1.2800000000e+003	 1.72343e+002	 5.50796e+003
1262	 1.2810000000e+003	 1.66973e+002	 5.49244e+003
1263	 1.2820000000e+003	 1.46182e+002	 5.46594e+003
1264	 1.2830000000e+003	 1.58281e+002	 5.44430e+003
1265	 1.2840000000e+003	 1.85339e+002	 5.44136e+003
1266	 1.2850000000e+003	 1.84092e+002	 5.47504e+003
1267	 1.2860000000e+003	 1.65592e+002	 5.51337e+003
1268	 1.2870000000e+003	 1.30719e+002	 5.52807e+003
1269	 1.2880000000e+003	 1.13776e+002	 5.53556e+003
1270	 1.2890000000e+003	 1.39031e+002	 5.54698e+003
1271	 1.2900000000e+003	 1.36990e+002	 5.54154e+003
1272	 1.2910000000e+003	 1.28897e+002	 5.54391e+003
1273	 1.2920000000e+003	 1.23391e+002	 5.51674e+003
1274	 1.2930000000e+003	 1.12589e+002	 5.51663e+003
1275	 1.2940000000e+003	 9.96462e+001	 5.51817e+003
1276	 1.2950000000e+003	 1.13490e+002	 5.55264e+003
1277	 1.2960000000e+003	 1.30124e+002	 5.54622e+003
1278	 1.2970000000e+003	 1.56606e+002	 5.55828e+003
1279	 1.2980000000e+003	 1.50313e+002	 5.58069e+003
1280	 1.2990000000e+003	 1.42533e+002	 5.62499e+003
1281	 1.3000000000e+003	 1.43321e+002	 5.62080e+003
1282	 1.3010000000e+003	 1.33957e+002	 5.64583e+003
1283	 1.3020000000e+003	 1.25734e+002	 5.64100e+003
1284	 1.3030000000e+003	 1.42794e+002	 5.61658e+003
1285	 1.3040000000e+003	 1.32244e+002	 5.63663e+003
1286	 1.3050000000e+003	 1.53833e+002	 5.64044e+003
1287	 1.3060000000e+003	 1.73038e+002	 5.62660e+003
1288	 1.3070000000e+003	 1.67487e+002	 5.66398e+003
1289	 1.3080000000e+003	 1.56384e+002	 5.70051e+003
1290	 1.3090000000e+003	 1.73853e+002	 5.70147e+003
1291	 1.3100000000e+003	 1.61536e+002	 5.70551e+003
1292	 1.3110000000e+003	 1.87002e+002	 5.70596e+003
1293	 1.3120000000e+003	 2.04236e+002	 5.70015e+003
1294	 1.3130000000e+003	 1.91072e+002	 5.71298e+003
1295	 1.3140000000e+003	 1.84742e+002	 5.72240e+003
1296	 1.3150000000e+003	 1.67671e+002	 5.71131e+003
1297	 1.3160000000e+003	 1.57952e+002	 5.71493e+003
1298	 1.3170000000e+003	 1.54247e+002	 5.70378e+003
1299	 1.3180000000e+003	 1.68650e+002	 5.73719e+003
1300	 1.3190000000e+003	 1.73807e+002	 5.73511e+003
1301	 1.3200000000e+003	 1.58020e+002	 5.74566e+003
1302	 1.3210000000e+003	 1.72397e+002	 5.74223e+003
1303	 1.3220000000e+003	 1.96818e+002	 5.75506e+003
1304	 1.3230000000e+003	 1.76009e+002	 5.78668e+003
1305	 1.3240000000e+003	 1.57868e+002	 5.79682e+003
1306	 1.3250000000e+003	 1.92844e+002	 5.76915e+003
1307	 1.3260000000e+003	 2.17465e+002	 5.75144e+003
1308	 1.3270000000e+003	 2.36649e+002	 5.75774e+003
1309	 1.3280000000e+003	 2.41528e+002	 5.76434e+003
1310	 1.3290000000e+003	 2.24799e+002	 5.79772e+003
1311	 1.3300000000e+003	 2.25860e+002	 5.80132e+003
1312	 1.3310000000e+003	 2.20279e+002	 5.80276e+003
1313	 1.3320000000e+003	 2.28674e+002	 5.79275e+003
1314	 1.3330000000e+003	 2.38777e+002	 5.81591e+003
1315	 1.3340000000e+003	 2.67808e+002	 5.81488e+003
1316	 1.3350000000e+003	 2.63496e+002	 5.83392e+003
1317	 1.3360000000e+003	 2.53634e+002	 5.82778e+003
1318	 1.3370000000e+003	 2.53804e+002	 5.81354e+003
1319	 1.3380000000e+003	 2.61558e+002	 5.82730e+003
1320	 1.3390000000e+003	 2.70786e+002	 5.83557e+003
1321	 1.3400000000e+003	 2.76498e+002	 5.83102e+003
1322	 1.3410000000e+003	 2.93000e+002	 5.81633e+003
1323	 1.3420000000e+003	 2.92982e+002	 5.80223e+003
1324	 1.3430000000e+003	 2.88476e+002	 5.80527e+003
1325	 1.3440000000e+003	 2.85776e+002	 5.83511e+003
1326	 1.3450000000e+003	 2.94573e+002	 5.84787e+003
1327	 1.3460000000e+003	 3.06716e+002	 5.85187e+003
1328	 1.3470000000e+003	 3.16278e+002	 5.84345e+003
1329	 1.3480000000e+003	 3.07896e+002	 5.86618e+003
1330	 1.3490000000e+003	 3.13874e+002	 5.86021e+003
1331	 1.3500000000e+003	 3.01990e+002	 5.84827e+003
1332	 1.3510000000e+003	 2.97198e+002	 5.84797e+003
1333	 1.3520000000e+003	 2.97918e+002	 5.82948e+003
1334	 1.3530000000e+003	 3.10105e+002	 5.83728e+003
1335	 1.3540000000e+003	 2.82234e+002	 5.82809e+003
1336	 1.3550000000e+003	 3.06090e+002	 5.84535e+003
1337	 1.3560000000e+003	 3.38355e+002	 5.84485e+003
1338	 1.3570000000e+003	 3.31610e+002	 5.84384e+003
1339	 1.3580000000e+003	 3.47921e+002	 5.85666e+003
1340	 1.3590000000e+003	 3.41067e+002	 5.89550e+003
1341	 1.3600000000e+003	 3.44332e+002	 5.89901e+003
1342	 1.3610000000e+003	 3.42505e+002	 5.87992e+003
1343	 1.3620000000e+003	 3.31041e+002	 5.88499e+003
1344	 1.3630000000e+003	 3.18791e+002	 5.87007e+003
1345	 1.3640000000e+003	 3.27162e+002	 5.86513e+003
1346	 1.3650000000e+003	 3.27449e+002	 5.86357e+003
1347	 1.3660000000e+003	 3.34154e+002	 5.86960e+003
1348	 1.3670000000e+003	 3.23568e+002	 5.88696e+003
1349	 1.3680000000e+003	 3.25583e+002	 5.90610e+003
1350	 1.3690000000e+003	 3.53174e+002	 5.92667e+003
1351	 1.3700000000e+003	 3.46604e+002	 5.96377e+003
1352	 1.3710000000e+003	 3.43619e+002	 5.98978e+003
1353	 1.3720000000e+003	 3.41852e+002	 5.99867e+003
1354	 1.3730000000e+003	 3.69942e+002	 6.00118e+003
1355	 1.3740000000e+003	 3.90345e+002	 6.01445e+003
1356	 1.3750000000e+003	 3.53457e+002	 6.01934e+003
1357	 1.3760000000e+003	 3.46292e+002	 6.00418e+003
1358	 1.3770000000e+003	 3.39213e+002	 5.99770e+003
1359	 1.3780000000e+003	 3.20635e+002	 6.02677e+003
1360	 1.3790000000e+003	 3.38699e+002	 6.03443e+003
1361	 1.3800000000e+003	 3.62855e+002	 6.02442e+003
1362	 1.3810000000e+003	 3.56732e+002	 6.02988e+003
1363	 1.3820000000e+003	 3.74162e+002	 6.04514e+003
1364	 1.3830000000e+003	 3.73732e+002	 6.07507e+003
1365	 1.3840000000e+003	 3.63848e+002	 6.09664e+003
1366	 1.3850000000e+003	 3.73179e+002	 6.11377e+003
1367	 1.3860000000e+003	 3.96677e+002	 6.14394e+003
1368	 1.3870000000e+003	 4.19976e+002	 6.16607e+003
1369	 1.3880000000e+003	 3.94778e+002	 6.19624e+003
1370	 1.3890000000e+003	 3.88584e+002	 6.21409e+003
1371	 1.3900000000e+003	 3.96736e+002	 6.22127e+003
1372	 1.3910000000e+003	 4.13641e+002	 6.23526e+003
1373	 1.3920000000e+003	 4.20940e+002	 6.22410e+003
1374	 1.3930000000e+003	 4.51451e+002	 6.22012e+003
1375	 1.3940000000e+003	 4.48368e+002	 6.24853e+003
1376	 1.3950000000e+003	 4.72923e+002	 6.30500e+003
1377	 1.3960000000e+003	 5.00673e+002	 6.35434e+003
1378	 1.3970000000e+003	 4.95034e+002	 6.36825e+003
1379	 1.3980000000e+003	 5.37165e+002	 6.38437e+003
1380	 1.3990000000e+003	 6.07309e+002	 6.41933e+003
1381	 1.4000000000e+003	 6.35066e+002	 6.38823e+003
1382	 1.4010000000e+003	 6.72529e+002	 6.39984e+003
1383	 1.4020000000e+003	 6.84827e+002	 6.44331e+003
1384	 1.4030000000e+003	 7.14219e+002	 6.44057e+003
1385	 1.4040000000e+003	 7.18806e+002	 6.44464e+003
1386	 1.4050000000e+003	 7.31458e+002	 6.44588e+003
1387	 1.4060000000e+003	 7.73809e+002	 6.42849e+003
1388	 1.4070000000e+003	 7.80121e+002	 6.45142e+003
1389	 1.4080000000e+003	 8.19462e+002	 6.50527e+003
1390	 1.4090000000e+003	 8.74902e+002	 6.53764e+003
1391	 1.4100000000e+003	 9.54815e+002	 6.50149e+003
1392	 1.4110000000e+003	 1.00738e+003	 6.48440e+003
1393	 1.4120000000e+003	 1.04868e+003	 6.50824e+003
1394	 1.4130000000e+003	 1.05950e+003	 6.47512e+003
1395	 1.4140000000e+003	 1.11432e+003	 6.43288e+003
1396	 1.4150000000e+003	 1.16744e+003	 6.43081e+003
1397	 1.4160000000e+003	 1.16875e+003	 6.39492e+003
1398	 1.4170000000e+003	 1.16099e+003	 6.36033e+003
1399	 1.4180000000e+003	 1.18532e+003	 6.34460e+003
1400	 1.4190000000e+003	 1.25275e+003	 6.31006e+003
1401	 1.4200000000e+003	 1.27374e+003	 6.28188e+003
1402	 1.4210000000e+003	 1.33109e+003	 6.28221e+003
1403	 1.4220000000e+003	 1.36511e+003	 6.23472e+003
1404	 1.4230000000e+003	 1.36172e+003	 6.20428e+003
1405	 1.4240000000e+003	 1.37849e+003	 6.19095e+003
1406	 1.4250000000e+003	 1.42550e+003	 6.18942e+003
1407	 1.4260000000e+003	 1.45554e+003	 6.15354e+003
1408	 1.4270000000e+003	 1.42691e+003	 6.13197e+003
1409	 1.4280000000e+003	 1.43755e+003	 6.10908e+003
1410	 1.4290000000e+003	 1.42373e+003	 6.09248e+003
1411	 1.4300000000e+003	 1.43774e+003	 6.06092e+003
1412	 1.4310000000e+003	 1.46880e+003	 6.00584e+003
1413	 1.4320000000e+003	 1.49101e+003	 5.98608e+003
1414	 1.4330000000e+003	 1.53750e+003	 5.96127e+003
1415	 1.4340000000e+003	 1.50144e+003	 5.92160e+003
1416	 1.4350000000e+003	 1.54137e+003	 5.86541e+003
1417	 1.4360000000e+003	 1.58529e+003	 5.84127e+003
1418	 1.4370000000e+003	 1.55351e+003	 5.80821e+003
1419	 1.4380000000e+003	 1.54742e+003	 5.78661e+003
1420	 1.4390000000e+003	 1.51253e+003	 5.78918e+003
1421	 1.4400000000e+003	 1.52152e+003	 5.77249e+003
1422	 1.4410000000e+003	 1.52738e+003	 5.72868e+003
1423	 1.4420000000e+003	 1.55577e+003	 5.70490e+003
1424	 1.4430000000e+003	 1.59221e+003	 5.67692e+003
1425	 1.4440000000e+003	 1.58197e+003	 5.65527e+003
1426	 1.4450000000e+003	 1.57853e+003	 5.60065e+003
1427	 1.4460000000e+003	 1.57026e+003	 5.61107e+003
1428	 1.4470000000e+003	 1.56255e+003	 5.61982e+003
1429	 1.4480000000e+003	 1.56197e+003	 5.62219e+003
1430	 1.4490000000e+003	 1.55096e+003	 5.59755e+003
1431	 1.4500000000e+003	 1.54227e+003	 5.56455e+003
1432	 1.4510000000e+003	 1.53698e+003	 5.52232e+003
1433	 1.4520000000e+003	 1.48637e+003	 5.50781e+003
1434	 1.4530000000e+003	 1.48088e+003	 5.48853e+003
1435	 1.4540000000e+003	 1.48852e+003	 5.46480e+003
1436	 1.4550000000e+003	 1.51752e+003	 5.42877e+003
1437	 1.4560000000e+003	 1.52689e+003	 5.39397e+003
1438	 1.4570000000e+003	 1.51811e+003	 5.33740e+003
1439	 1.4580000000e+003	 1.51186e+003	 5.31937e+003
1440	 1.4590000000e+003	 1.50170e+003	 5.33245e+003
1441	 1.4600000000e+003	 1.49643e+003	 5.34484e+003
1442	 1.4610000000e+003	 1.50663e+003	 5.31755e+003
1443	 1.4620000000e+003	 1.48925e+003	 5.28618e+003
1444	 1.4630000000e+003	 1.45359e+003	 5.28218e+003
1445	 1.4640000000e+003	 1.46112e+003	 5.25085e+003
1446	 1.4650000000e+003	 1.45463e+003	 5.22473e+003
1447	 1.4660000000e+003	 1.43014e+003	 5.21682e+003
1448	 1.4670000000e+003	 1.42743e+003	 5.22520e+003
1449	 1.4680000000e+003	 1.42054e+003	 5.21892e+003
1450	 1.4690000000e+003	 1.42098e+003	 5.18135e+003
1451	 1.4700000000e+003	 1.40891e+003	 5.12624e+003
1452	 1.4710000000e+003	 1.38722e+003	 5.07255e+003
1453	 1.4720000000e+003	 1.38361e+003	 5.07640e+003
1454	 1.4730000000e+003	 1.38680e+003	 5.06705e+003
1455	 1.4740000000e+003	 1.36505e+003	 5.04581e+003
1456	 1.4750000000e+003	 1.34932e+003	 5.04244e+003
1457	 1.4760000000e+003	 1.33189e+003	 5.04854e+003
1458	 1.4770000000e+003	 1.28638e+003	 5.00853e+003
1459	 1.4780000000e+003	 1.29067e+003	 4.98557e+003
1460	 1.4790000000e+003	 1.26894e+003	 4.96674e+003
1461	 1.4800000000e+003	 1.25198e+003	 4.95532e+003
1462	 1.4810000000e+003	 1.21287e+003	 4.94108e+003
1463	 1.4820000000e+003	 1.20978e+003	 4.93731e+003
1464	 1.4830000000e+003	 1.19828e+003	 4.91220e+003
1465	 1.4840000000e+003	 1.18663e+003	 4.89500e+003
1466	 1.4850000000e+003	 1.17757e+003	 4.90318e+003
1467	 1.4860000000e+003	 1.16147e+003	 4.89091e+003
1468	 1.4870000000e+003	 1.14973e+003	 4.87357e+003
1469	 1.4880000000e+003	 1.13140e+003	 4.85427e+003
1470	 1.4890000000e+003	 1.10608e+003	 4.84925e+003
1471	 1.4900000000e+003	 1.09972e+003	 4.84381e+003
1472	 1.4910000000e+003	 1.08932e+003	 4.83057e+003
1473	 1.4920000000e+003	 1.07499e+003	 4.82882e+003
1474	 1.4930000000e+003	 1.05817e+003	 4.83295e+003
1475	 1.4940000000e+003	 1.04321e+003	 4.82265e+003
1476	 1.4950000000e+003	 1.03669e+003	 4.81936e+003
1477	 1.4960000000e+003	 1.00956e+003	 4.81911e+003
1478	 1.4970000000e+003	 1.00022e+003	 4.81533e+003
1479	 1.4980000000e+003	 9.94322e+002	 4.81339e+003
1480	 1.4990000000e+003	 9.59853e+002	 4.80523e+003
1481	 1.5000000000e+003	 9.32474e+002	 4.80732e+003
1482	 1.5010000000e+003	 9.21173e+002	 4.79612e+003
1483	 1.5020000000e+003	 8.90923e+002	 4.78690e+003
1484	 1.5030000000e+003	 8.85721e+002	 4.77706e+003
1485	 1.5040000000e+003	 8.83172e+002	 4.77613e+003
1486	 1.5050000000e+003	 8.74922e+002	 4.75765e+003
1487	 1.5060000000e+003	 8.69078e+002	 4.77854e+003
1488	 1.5070000000e+003	 8.53346e+002	 4.76586e+003
1489	 1.5080000000e+003	 8.10479e+002	 4.76746e+003
1490	 1.5090000000e+003	 7.86002e+002	 4.77408e+003
1491	 1.5100000000e+003	 7.75299e+002	 4.77284e+003
1492	 1.5110000000e+003	 7.49733e+002	 4.76937e+003
1493	 1.5120000000e+003	 7.54825e+002	 4.77839e+003
1494	 1.5130000000e+003	 7.28630e+002	 4.78551e+003
1495	 1.5140000000e+003	 7.03729e+002	 4.76889e+003
1496	 1.5150000000e+003	 6.86506e+002	 4.77388e+003
1497	 1.5160000000e+003	 6.79920e+002	 4.78637e+003
1498	 1.5170000000e+003	 6.72078e+002	 4.78231e+003
1499	 1.5180000000e+003	 6.51817e+002	 4.77536e+003
1500	 1.5190000000e+003	 6.57389e+002	 4.77998e+003
1501	 1.5200000000e+003	 6.54920e+002	 4.78499e+003
1502	 1.5210000000e+003	 6.40494e+002	 4.76758e+003
1503	 1.5220000000e+003	 5.92491e+002	 4.76094e+003
1504	 1.5230000000e+003	 5.78118e+002	 4.76200e+003
1505	 1.5240000000e+003	 5.55031e+002	 4.79347e+003
1506	 1.5250000000e+003	 5.37830e+002	 4.80558e+003
1507	 1.5260000000e+003	 5.51677e+002	 4.82317e+003
1508	 1.5270000000e+003	 5.61743e+002	 4.81923e+003
1509	 1.5280000000e+003	 5.34729e+002	 4.82003e+003
1510	 1.5290000000e+003	 5.07508e+002	 4.81631e+003
1511	 1.5300000000e+003	 5.23501e+002	 4.83732e+003
1512	 1.5310000000e+003	 5.28171e+002	 4.85003e+003
1513	 1.5320000000e+003	 5.33225e+002	 4.83051e+003
1514	 1.5330000000e+003	 4.96844e+002	 4.85435e+003
1515	 1.5340000000e+003	 4.82331e+002	 4.85525e+003
1516	 1.5350000000e+003	 4.68556e+002	 4.83694e+003
1517	 1.5360000000e+003	 4.44863e+002	 4.83203e+003
1518	 1.5370000000e+003	 4.64172e+002	 4.85051e+003
1519	 1.5380000000e+003	 5.05420e+002	 4.86344e+003
1520	 1.5390000000e+003	 4.93945e+002	 4.89391e+003
1521	 1.5400000000e+003	 4.60215e+002	 4.89795e+003
1522	 1.5410000000e+003	 4.48499e+002	 4.89361e+003
1523	 1.5420000000e+003	 4.30050e+002	 4.89381e+003
1524	 1.5430000000e+003	 4.22513e+002	 4.89483e+003
1525	 1.5440000000e+003	 3.90588e+002	 4.92493e+003
1526	 1.5450000000e+003	 3.86699e+002	 4.95634e+003
1527	 1.5460000000e+003	 3.61508e+002	 4.97195e+003
1528	 1.5470000000e+003	 3.57621e+002	 4.98298e+003
1529	 1.5480000000e+003	 3.71635e+002	 4.96004e+003
1530	 1.5490000000e+003	 3.52448e+002	 4.95421e+003
1531	 1.5500000000e+003	 3.48004e+002	 4.98056e+003
1532	 1.5510000000e+003	 3.75387e+002	 4.99992e+003
1533	 1.5520000000e+003	 4.07206e+002	 5.01004e+003
1534	 1.5530000000e+003	 4.01496e+002	 5.02016e+003
1535	 1.5540000000e+003	 4.17576e+002	 5.00837e+003
1536	 1.5550000000e+003	 3.78894e+002	 4.98564e+003
1537	 1.5560000000e+003	 3.42869e+002	 4.98141e+003
1538	 1.5570000000e+003	 3.32934e+002	 4.97471e+003
1539	 1.5580000000e+003	 3.49262e+002	 4.95072e+003
1540	 1.5590000000e+003	 3.26516e+002	 4.95344e+003
1541	 1.5600000000e+003	 3.16394e+002	 4.99716e+003
1542	 1.5610000000e+003	 3.34557e+002	 5.00916e+003
1543	 1.5620000000e+003	 3.31352e+002	 4.99530e+003
1544	 1.5630000000e+003	 3.11939e+002	 4.97802e+003
1545	 1.5640000000e+003	 3.51795e+002	 4.99085e+003
1546	 1.5650000000e+003	 3.82183e+002	 4.99203e+003
1547	 1.5660000000e+003	 3.69615e+002	 4.98359e+003
1548	 1.5670000000e+003	 3.90848e+002	 5.01092e+003
1549	 1.5680000000e+003	 3.86885e+002	 5.00375e+003
1550	 1.5690000000e+003	 3.41438e+002	 5.00298e+003
1551	 1.5700000000e+003	 3.12964e+002	 4.95020e+003
1552	 1.5710000000e+003	 3.19754e+002	 4.90760e+003
1553	 1.5720000000e+003	 3.09009e+002	 4.91499e+003
1554	 1.5730000000e+003	 3.28611e+002	 4.93941e+003
1555	 1.5740000000e+003	 3.67188e+002	 4.93118e+003
1556	 1.5750000000e+003	 3.68762e+002	 4.93996e+003
1557	 1.5760000000e+003	 3.28592e+002	 4.90729e+003
1558	 1.5770000000e+003	 2.86401e+002	 4.86619e+003
1559	 1.5780000000e+003	 2.83377e+002	 4.85877e+003
1560	 1.5790000000e+003	 3.29885e+002	 4.94118e+003
1561	 1.5800000000e+003	 3.31961e+002	 4.94571e+003
1562	 1.5810000000e+003	 3.00932e+002	 4.90176e+003
1563	 1.5820000000e+003	 2.84477e+002	 4.87868e+003
1564	 1.5830000000e+003	 2.51989e+002	 4.88861e+003
1565	 1.5840000000e+003	 2.52313e+002	 4.90617e+003
1566	 1.5850000000e+003	 2.65030e+002	 4.88407e+003
1567	 1.5860000000e+003	 2.47690e+002	 4.86066e+003
1568	 1.5870000000e+003	 2.24982e+002	 4.83954e+003
1569	 1.5880000000e+003	 2.16601e+002	 4.82619e+003
1570	 1.5890000000e+003	 2.46666e+002	 4.85647e+003
1571	 1.5900000000e+003	 2.55372e+002	 4.86195e+003
1572	 1.5910000000e+003	 2.39140e+002	 4.85421e+003
1573	 1.5920000000e+003	 2.04981e+002	 4.85765e+003
1574	 1.5930000000e+003	 1.63176e+002	 4.84640e+003
1575	 1.5940000000e+003	 1.31554e+002	 4.80391e+003
1576	 1.5950000000e+003	 1.95729e+002	 4.86443e+003
1577	 1.5960000000e+003	 1.57185e+002	 4.86795e+003
1578	 1.5970000000e+003	 1.40250e+002	 4.85503e+003
1579	 1.5980000000e+003	 1.33742e+002	 4.86610e+003
1580	 1.5990000000e+003	 1.27860e+002	 4.85523e+003
1581	 1.6000000000e+003	 1.24275e+002	 4.85943e+003
1582	 1.6010000000e+003	 1.20169e+002	 4.87050e+003
1583	 1.6020000000e+003	 1.11577e+002	 4.82378e+003
1584	 1.6030000000e+003	 1.07406e+002	 4.69497e+003
1585	 1.6040000000e+003	 8.80658e+001	 4.72172e+003
1586	 1.6050000000e+003	 4.11163e+001	 4.81622e+003
1587	 1.6060000000e+003	 1.35447e+001	 4.86293e+003
1588	 1.6070000000e+003	 2.11549e+001	 4.86886e+003
1589	 1.6080000000e+003	 8.52624e+000	 4.86187e+003
1590	 1.6090000000e+003	-8.21739e+000	 4.88638e+003
1591	 1.6100000000e+003	-2.09739e+000	 4.88459e+003
1592	 1.6110000000e+003	 1.08960e+001	 4.84727e+003
1593	 1.6120000000e+003	-2.60040e+001	 4.84032e+003
1594	 1.6130000000e+003	-3.17980e+001	 4.85809e+003
1595	 1.6140000000e+003	-1.82979e+001	 4.85589e+003
1596	 1.6150000000e+003	-2.64427e+001	 4.86774e+003
1597	 1.6160000000e+003	-5.77400e+001	 4.89983e+003
1598	 1.6170000000e+003	-8.25426e+001	 4.89808e+003
1599	 1.6180000000e+003	-8.71001e+001	 4.91877e+003
1600	 1.6190000000e+003	-1.12195e+002	 4.95664e+003
1601	 1.6200000000e+003	-9.03560e+001	 4.93167e+003
TagsBegin:	 	 	 
OverLoad:	 	False	 
AverageNumber: []	 	 8.80000e+001	 
OverLoadRatio: []	 	 1.19209e-007	 
TagsEnd:	 	 	 
TagScalesBegin:	 	 	 
TagScalesEnd:	 	 	 
