Header Size:	 79	 	 
Pulse Version:	 80	 	 
Running Pulse Version:	PULSE LabShop Fast Track Version 18.1.1.9 - 2014-01-16	 	 
Decimal Symbol:	.	 	 
Date Format:	dd/MM/yyyy	 	 
Time Format:	HH:mm:ss:mmm	 	 
Data Type:	Complex	 	 
Slice:	False	 	 
Z-Axis type:	Linear	 	 
Z-Axis size:	1	 	 
Z-Axis unit:	 	 	 
Z-Axis first value:	 0.0000000000e+000	 	 
Z-Axis delta:	 1.0000000000e+000	 	 
X-Axis type:	Linear	 	 
X-Axis size:	1601	 	 
X-Axis unit:	Hz	 	 
X-Axis first value:	 2.0000000000e+001	 	 
X-Axis delta:	 1.0000000000e+000	 	 
	 	 	 
AmplitudeUnit:	Pa/(m/s)	 	 
Analyzer:	FFT_Spectrum_Averaging	 	 
AnalyzerName:	FFT Analyzer	 	 
	 	 	 
	 	 	 
Bipolar:	True	 	 
CenterFrequency:	 8.2000000000e+002	 	 
	 	 	 
	 	 	 
	 	 	 
	 	 	 
	 	 	 
	 	 	 
	 	 	 
	 	 	 
Domain:	1	 	 
Function:	Frequency Response	 	 
	 	 	 
InputRange:	 1.0000000000e-001	 	 
	 	 	 
	 	 	 
MultiBufferName:	Input	 	 
NBW:	 1.5000000000e+000	 	 
	 	 	 
OverlapFailed:	False	 	 
Overrun:	False	 	 
Power:	False	 	 
	 	 	 
Ratio:	True	 	 
RecordLength:	 1.0000000000e+000	 	 
ReducedSize:	True	 	 
Ref_Signal:	v	 	 
	 	 	 
	 	 	 
RefSignalUnit:	m/s	 	 
	 	 	 
	 	 	 
Signal:	p	 	 
	 	 	 
SignalUnit:	Pa	 	 
	 	 	 
	 	 	 
	 	 	 
Title:	impedance	 	 
Title1:	Working : Input : Input : FFT Analyzer	 	 
	 	 	 
	 	 	 
	 	 	 
ZoomOn:	True	 	 
	 	 	 
TemplateName:	Working	 	 
MeasurementName:	Input	 	 
MeasurementSlice:	False	 	 
	 	 	 
	 	 	 
	 	 	 
EnvelopeOn:	False	 	 
	 	 	 
	 	 	 
	 	 	 
Z-index:	 	1	 
Date:	 	18/05/2022	 
Time:	 	14:32:24:624	 
Relative time:	 	 0.00000e+000	 
Z-axis:	 	 0.0000000000e+000	 
1	 2.0000000000e+001	-1.12800e+004	-1.23621e+004
2	 2.1000000000e+001	-3.40965e+003	-9.08693e+003
3	 2.2000000000e+001	 1.41429e+003	-4.55543e+003
4	 2.3000000000e+001	 2.31903e+003	-1.54233e+002
5	 2.4000000000e+001	 1.44750e+003	 1.82702e+003
6	 2.5000000000e+001	 5.37119e+002	 2.10059e+003
7	 2.6000000000e+001	-1.26358e+003	 3.20103e+003
8	 2.7000000000e+001	-2.85649e+003	 4.31336e+003
9	 2.8000000000e+001	-3.69766e+003	 4.22823e+003
10	 2.9000000000e+001	-4.06195e+003	 3.80721e+003
11	 3.0000000000e+001	-4.29862e+003	 3.41038e+003
12	 3.1000000000e+001	-4.24601e+003	 2.92530e+003
13	 3.2000000000e+001	-4.19377e+003	 2.19442e+003
14	 3.3000000000e+001	-4.45398e+003	 1.50742e+003
15	 3.4000000000e+001	-4.74870e+003	 1.28435e+003
16	 3.5000000000e+001	-4.72536e+003	 1.19087e+003
17	 3.6000000000e+001	-4.57058e+003	 1.00005e+003
18	 3.7000000000e+001	-4.38569e+003	 8.07015e+002
19	 3.8000000000e+001	-4.22211e+003	 5.59602e+002
20	 3.9000000000e+001	-4.05216e+003	 3.84895e+002
21	 4.0000000000e+001	-3.88337e+003	 2.12574e+002
22	 4.1000000000e+001	-3.71472e+003	 1.51119e+001
23	 4.2000000000e+001	-3.56386e+003	-1.34705e+002
24	 4.3000000000e+001	-3.40971e+003	-2.60120e+002
25	 4.4000000000e+001	-3.26329e+003	-3.95978e+002
26	 4.5000000000e+001	-3.11879e+003	-5.15899e+002
27	 4.6000000000e+001	-2.97979e+003	-6.03274e+002
28	 4.7000000000e+001	-2.84400e+003	-7.02581e+002
29	 4.8000000000e+001	-2.71067e+003	-7.92469e+002
30	 4.9000000000e+001	-2.59500e+003	-8.62545e+002
31	 5.0000000000e+001	-2.49314e+003	-9.15644e+002
32	 5.1000000000e+001	-2.36331e+003	-9.98212e+002
33	 5.2000000000e+001	-2.24765e+003	-1.06168e+003
34	 5.3000000000e+001	-2.14445e+003	-1.11376e+003
35	 5.4000000000e+001	-2.04880e+003	-1.15727e+003
36	 5.5000000000e+001	-1.95430e+003	-1.20445e+003
37	 5.6000000000e+001	-1.86545e+003	-1.24401e+003
38	 5.7000000000e+001	-1.78110e+003	-1.27678e+003
39	 5.8000000000e+001	-1.70493e+003	-1.30501e+003
40	 5.9000000000e+001	-1.62687e+003	-1.32740e+003
41	 6.0000000000e+001	-1.55037e+003	-1.34637e+003
42	 6.1000000000e+001	-1.46371e+003	-1.36250e+003
43	 6.2000000000e+001	-1.38278e+003	-1.39341e+003
44	 6.3000000000e+001	-1.31915e+003	-1.42681e+003
45	 6.4000000000e+001	-1.26355e+003	-1.45287e+003
46	 6.5000000000e+001	-1.21130e+003	-1.47279e+003
47	 6.6000000000e+001	-1.16075e+003	-1.48602e+003
48	 6.7000000000e+001	-1.11255e+003	-1.49683e+003
49	 6.8000000000e+001	-1.06397e+003	-1.50385e+003
50	 6.9000000000e+001	-1.01485e+003	-1.50868e+003
51	 7.0000000000e+001	-9.65069e+002	-1.51140e+003
52	 7.1000000000e+001	-9.17482e+002	-1.51062e+003
53	 7.2000000000e+001	-8.70369e+002	-1.50890e+003
54	 7.3000000000e+001	-8.24826e+002	-1.50551e+003
55	 7.4000000000e+001	-7.82027e+002	-1.50121e+003
56	 7.5000000000e+001	-7.40087e+002	-1.49671e+003
57	 7.6000000000e+001	-7.01519e+002	-1.49153e+003
58	 7.7000000000e+001	-6.65631e+002	-1.48573e+003
59	 7.8000000000e+001	-6.30967e+002	-1.48037e+003
60	 7.9000000000e+001	-5.98238e+002	-1.47368e+003
61	 8.0000000000e+001	-5.66934e+002	-1.46708e+003
62	 8.1000000000e+001	-5.35536e+002	-1.45977e+003
63	 8.2000000000e+001	-5.05944e+002	-1.45225e+003
64	 8.3000000000e+001	-4.77627e+002	-1.44451e+003
65	 8.4000000000e+001	-4.49848e+002	-1.43737e+003
66	 8.5000000000e+001	-4.23084e+002	-1.42980e+003
67	 8.6000000000e+001	-3.98160e+002	-1.42284e+003
68	 8.7000000000e+001	-3.73640e+002	-1.41573e+003
69	 8.8000000000e+001	-3.51247e+002	-1.40805e+003
70	 8.9000000000e+001	-3.29572e+002	-1.40001e+003
71	 9.0000000000e+001	-3.09571e+002	-1.39221e+003
72	 9.1000000000e+001	-2.89616e+002	-1.38349e+003
73	 9.2000000000e+001	-2.70836e+002	-1.37481e+003
74	 9.3000000000e+001	-2.53365e+002	-1.36642e+003
75	 9.4000000000e+001	-2.36411e+002	-1.35698e+003
76	 9.5000000000e+001	-2.20377e+002	-1.34780e+003
77	 9.6000000000e+001	-2.05451e+002	-1.33810e+003
78	 9.7000000000e+001	-1.91213e+002	-1.32861e+003
79	 9.8000000000e+001	-1.78209e+002	-1.31837e+003
80	 9.9000000000e+001	-1.65998e+002	-1.30746e+003
81	 1.0000000000e+002	-1.54543e+002	-1.29639e+003
82	 1.0100000000e+002	-1.43697e+002	-1.28418e+003
83	 1.0200000000e+002	-1.33253e+002	-1.27107e+003
84	 1.0300000000e+002	-1.23154e+002	-1.25674e+003
85	 1.0400000000e+002	-1.12755e+002	-1.24177e+003
86	 1.0500000000e+002	-1.01240e+002	-1.22632e+003
87	 1.0600000000e+002	-8.92834e+001	-1.21064e+003
88	 1.0700000000e+002	-7.67748e+001	-1.19558e+003
89	 1.0800000000e+002	-6.36686e+001	-1.18123e+003
90	 1.0900000000e+002	-5.07247e+001	-1.16748e+003
91	 1.1000000000e+002	-3.79661e+001	-1.15466e+003
92	 1.1100000000e+002	-2.56905e+001	-1.14227e+003
93	 1.1200000000e+002	-1.40560e+001	-1.13081e+003
94	 1.1300000000e+002	-2.81988e+000	-1.11961e+003
95	 1.1400000000e+002	 7.89797e+000	-1.10874e+003
96	 1.1500000000e+002	 1.75727e+001	-1.09828e+003
97	 1.1600000000e+002	 2.67749e+001	-1.08840e+003
98	 1.1700000000e+002	 3.49828e+001	-1.07892e+003
99	 1.1800000000e+002	 4.17843e+001	-1.06932e+003
100	 1.1900000000e+002	 4.74639e+001	-1.05887e+003
101	 1.2000000000e+002	 5.24702e+001	-1.04760e+003
102	 1.2100000000e+002	 5.74463e+001	-1.03568e+003
103	 1.2200000000e+002	 6.24472e+001	-1.02311e+003
104	 1.2300000000e+002	 6.76599e+001	-1.01007e+003
105	 1.2400000000e+002	 7.26739e+001	-9.96829e+002
106	 1.2500000000e+002	 7.83009e+001	-9.82970e+002
107	 1.2600000000e+002	 8.53208e+001	-9.68760e+002
108	 1.2700000000e+002	 9.40737e+001	-9.56806e+002
109	 1.2800000000e+002	 1.00681e+002	-9.47784e+002
110	 1.2900000000e+002	 1.04037e+002	-9.38213e+002
111	 1.3000000000e+002	 1.06998e+002	-9.26481e+002
112	 1.3100000000e+002	 1.10554e+002	-9.14202e+002
113	 1.3200000000e+002	 1.14145e+002	-9.01661e+002
114	 1.3300000000e+002	 1.17915e+002	-8.89107e+002
115	 1.3400000000e+002	 1.21576e+002	-8.76915e+002
116	 1.3500000000e+002	 1.25061e+002	-8.64479e+002
117	 1.3600000000e+002	 1.28589e+002	-8.52103e+002
118	 1.3700000000e+002	 1.32168e+002	-8.39707e+002
119	 1.3800000000e+002	 1.35440e+002	-8.27439e+002
120	 1.3900000000e+002	 1.38595e+002	-8.15083e+002
121	 1.4000000000e+002	 1.41630e+002	-8.02908e+002
122	 1.4100000000e+002	 1.44626e+002	-7.90603e+002
123	 1.4200000000e+002	 1.47476e+002	-7.78339e+002
124	 1.4300000000e+002	 1.49980e+002	-7.66067e+002
125	 1.4400000000e+002	 1.52628e+002	-7.53769e+002
126	 1.4500000000e+002	 1.55115e+002	-7.41530e+002
127	 1.4600000000e+002	 1.57379e+002	-7.29184e+002
128	 1.4700000000e+002	 1.59871e+002	-7.16708e+002
129	 1.4800000000e+002	 1.62284e+002	-7.04356e+002
130	 1.4900000000e+002	 1.64445e+002	-6.92457e+002
131	 1.5000000000e+002	 1.66558e+002	-6.80902e+002
132	 1.5100000000e+002	 1.69329e+002	-6.67669e+002
133	 1.5200000000e+002	 1.71891e+002	-6.55400e+002
134	 1.5300000000e+002	 1.74168e+002	-6.43053e+002
135	 1.5400000000e+002	 1.76165e+002	-6.30850e+002
136	 1.5500000000e+002	 1.77950e+002	-6.18616e+002
137	 1.5600000000e+002	 1.79648e+002	-6.06330e+002
138	 1.5700000000e+002	 1.81036e+002	-5.94137e+002
139	 1.5800000000e+002	 1.82337e+002	-5.81884e+002
140	 1.5900000000e+002	 1.83558e+002	-5.69537e+002
141	 1.6000000000e+002	 1.84684e+002	-5.57309e+002
142	 1.6100000000e+002	 1.85687e+002	-5.44998e+002
143	 1.6200000000e+002	 1.86678e+002	-5.32836e+002
144	 1.6300000000e+002	 1.87702e+002	-5.20552e+002
145	 1.6400000000e+002	 1.88808e+002	-5.08406e+002
146	 1.6500000000e+002	 1.89814e+002	-4.96126e+002
147	 1.6600000000e+002	 1.90889e+002	-4.83937e+002
148	 1.6700000000e+002	 1.91965e+002	-4.71779e+002
149	 1.6800000000e+002	 1.93015e+002	-4.59571e+002
150	 1.6900000000e+002	 1.94100e+002	-4.47414e+002
151	 1.7000000000e+002	 1.95145e+002	-4.35210e+002
152	 1.7100000000e+002	 1.96151e+002	-4.22968e+002
153	 1.7200000000e+002	 1.97189e+002	-4.10767e+002
154	 1.7300000000e+002	 1.98241e+002	-3.98508e+002
155	 1.7400000000e+002	 1.99151e+002	-3.86305e+002
156	 1.7500000000e+002	 2.00086e+002	-3.74096e+002
157	 1.7600000000e+002	 2.01028e+002	-3.61944e+002
158	 1.7700000000e+002	 2.01994e+002	-3.49745e+002
159	 1.7800000000e+002	 2.02890e+002	-3.37621e+002
160	 1.7900000000e+002	 2.03708e+002	-3.25486e+002
161	 1.8000000000e+002	 2.04535e+002	-3.13470e+002
162	 1.8100000000e+002	 2.05295e+002	-3.01486e+002
163	 1.8200000000e+002	 2.05969e+002	-2.89570e+002
164	 1.8300000000e+002	 2.06674e+002	-2.77735e+002
165	 1.8400000000e+002	 2.07285e+002	-2.65928e+002
166	 1.8500000000e+002	 2.07776e+002	-2.54196e+002
167	 1.8600000000e+002	 2.08254e+002	-2.42473e+002
168	 1.8700000000e+002	 2.08625e+002	-2.30809e+002
169	 1.8800000000e+002	 2.08911e+002	-2.19149e+002
170	 1.8900000000e+002	 2.09128e+002	-2.07545e+002
171	 1.9000000000e+002	 2.09332e+002	-1.95900e+002
172	 1.9100000000e+002	 2.09488e+002	-1.84218e+002
173	 1.9200000000e+002	 2.09579e+002	-1.72445e+002
174	 1.9300000000e+002	 2.09683e+002	-1.60662e+002
175	 1.9400000000e+002	 2.09820e+002	-1.48757e+002
176	 1.9500000000e+002	 2.09992e+002	-1.36856e+002
177	 1.9600000000e+002	 2.10162e+002	-1.24899e+002
178	 1.9700000000e+002	 2.10432e+002	-1.12873e+002
179	 1.9800000000e+002	 2.10801e+002	-1.00885e+002
180	 1.9900000000e+002	 2.11186e+002	-8.88891e+001
181	 2.0000000000e+002	 2.11642e+002	-7.68448e+001
182	 2.0100000000e+002	 2.12113e+002	-6.48865e+001
183	 2.0200000000e+002	 2.12646e+002	-5.29325e+001
184	 2.0300000000e+002	 2.13158e+002	-4.10703e+001
185	 2.0400000000e+002	 2.13671e+002	-2.92806e+001
186	 2.0500000000e+002	 2.14192e+002	-1.75921e+001
187	 2.0600000000e+002	 2.14693e+002	-5.97095e+000
188	 2.0700000000e+002	 2.15168e+002	 5.52334e+000
189	 2.0800000000e+002	 2.15636e+002	 1.69418e+001
190	 2.0900000000e+002	 2.16119e+002	 2.82075e+001
191	 2.1000000000e+002	 2.16515e+002	 3.94265e+001
192	 2.1100000000e+002	 2.16866e+002	 5.05407e+001
193	 2.1200000000e+002	 2.17229e+002	 6.16439e+001
194	 2.1300000000e+002	 2.17519e+002	 7.27654e+001
195	 2.1400000000e+002	 2.17795e+002	 8.38445e+001
196	 2.1500000000e+002	 2.18099e+002	 9.49332e+001
197	 2.1600000000e+002	 2.18299e+002	 1.05946e+002
198	 2.1700000000e+002	 2.18425e+002	 1.16928e+002
199	 2.1800000000e+002	 2.18478e+002	 1.27885e+002
200	 2.1900000000e+002	 2.18463e+002	 1.38849e+002
201	 2.2000000000e+002	 2.18411e+002	 1.49869e+002
202	 2.2100000000e+002	 2.18366e+002	 1.60886e+002
203	 2.2200000000e+002	 2.18317e+002	 1.71913e+002
204	 2.2300000000e+002	 2.18250e+002	 1.82898e+002
205	 2.2400000000e+002	 2.18165e+002	 1.93828e+002
206	 2.2500000000e+002	 2.18044e+002	 2.04716e+002
207	 2.2600000000e+002	 2.17859e+002	 2.15503e+002
208	 2.2700000000e+002	 2.17568e+002	 2.26217e+002
209	 2.2800000000e+002	 2.17279e+002	 2.36884e+002
210	 2.2900000000e+002	 2.16966e+002	 2.47489e+002
211	 2.3000000000e+002	 2.16589e+002	 2.58013e+002
212	 2.3100000000e+002	 2.16228e+002	 2.68526e+002
213	 2.3200000000e+002	 2.15862e+002	 2.78998e+002
214	 2.3300000000e+002	 2.15449e+002	 2.89420e+002
215	 2.3400000000e+002	 2.15005e+002	 2.99877e+002
216	 2.3500000000e+002	 2.14577e+002	 3.10275e+002
217	 2.3600000000e+002	 2.14162e+002	 3.20724e+002
218	 2.3700000000e+002	 2.13801e+002	 3.31145e+002
219	 2.3800000000e+002	 2.13498e+002	 3.41595e+002
220	 2.3900000000e+002	 2.13257e+002	 3.52001e+002
221	 2.4000000000e+002	 2.12999e+002	 3.62358e+002
222	 2.4100000000e+002	 2.12766e+002	 3.72637e+002
223	 2.4200000000e+002	 2.12490e+002	 3.82943e+002
224	 2.4300000000e+002	 2.12219e+002	 3.93263e+002
225	 2.4400000000e+002	 2.11841e+002	 4.03623e+002
226	 2.4500000000e+002	 2.11528e+002	 4.14023e+002
227	 2.4600000000e+002	 2.11327e+002	 4.24507e+002
228	 2.4700000000e+002	 2.11173e+002	 4.34966e+002
229	 2.4800000000e+002	 2.11170e+002	 4.45372e+002
230	 2.4900000000e+002	 2.11064e+002	 4.55624e+002
231	 2.5000000000e+002	 2.10518e+002	 4.65325e+002
232	 2.5100000000e+002	 2.11289e+002	 4.75626e+002
233	 2.5200000000e+002	 2.11491e+002	 4.85460e+002
234	 2.5300000000e+002	 2.11027e+002	 4.94958e+002
235	 2.5400000000e+002	 2.10217e+002	 5.04736e+002
236	 2.5500000000e+002	 2.09291e+002	 5.14684e+002
237	 2.5600000000e+002	 2.08364e+002	 5.24961e+002
238	 2.5700000000e+002	 2.07454e+002	 5.35468e+002
239	 2.5800000000e+002	 2.06712e+002	 5.46209e+002
240	 2.5900000000e+002	 2.06157e+002	 5.56928e+002
241	 2.6000000000e+002	 2.05730e+002	 5.67701e+002
242	 2.6100000000e+002	 2.05502e+002	 5.78369e+002
243	 2.6200000000e+002	 2.05333e+002	 5.89116e+002
244	 2.6300000000e+002	 2.05226e+002	 5.99795e+002
245	 2.6400000000e+002	 2.05248e+002	 6.10388e+002
246	 2.6500000000e+002	 2.05359e+002	 6.20876e+002
247	 2.6600000000e+002	 2.05468e+002	 6.31209e+002
248	 2.6700000000e+002	 2.05601e+002	 6.41448e+002
249	 2.6800000000e+002	 2.05763e+002	 6.51591e+002
250	 2.6900000000e+002	 2.05856e+002	 6.61631e+002
251	 2.7000000000e+002	 2.05822e+002	 6.71620e+002
252	 2.7100000000e+002	 2.05802e+002	 6.81611e+002
253	 2.7200000000e+002	 2.05507e+002	 6.91553e+002
254	 2.7300000000e+002	 2.05212e+002	 7.01597e+002
255	 2.7400000000e+002	 2.04914e+002	 7.11620e+002
256	 2.7500000000e+002	 2.04584e+002	 7.21776e+002
257	 2.7600000000e+002	 2.04342e+002	 7.32013e+002
258	 2.7700000000e+002	 2.04153e+002	 7.42345e+002
259	 2.7800000000e+002	 2.03999e+002	 7.52718e+002
260	 2.7900000000e+002	 2.03964e+002	 7.63163e+002
261	 2.8000000000e+002	 2.03958e+002	 7.73683e+002
262	 2.8100000000e+002	 2.04176e+002	 7.84222e+002
263	 2.8200000000e+002	 2.04640e+002	 7.94693e+002
264	 2.8300000000e+002	 2.05156e+002	 8.05142e+002
265	 2.8400000000e+002	 2.05867e+002	 8.15476e+002
266	 2.8500000000e+002	 2.06967e+002	 8.25868e+002
267	 2.8600000000e+002	 2.08357e+002	 8.36077e+002
268	 2.8700000000e+002	 2.10011e+002	 8.45790e+002
269	 2.8800000000e+002	 2.11788e+002	 8.55153e+002
270	 2.8900000000e+002	 2.13635e+002	 8.64040e+002
271	 2.9000000000e+002	 2.15491e+002	 8.72394e+002
272	 2.9100000000e+002	 2.17317e+002	 8.80092e+002
273	 2.9200000000e+002	 2.18781e+002	 8.87155e+002
274	 2.9300000000e+002	 2.19554e+002	 8.93697e+002
275	 2.9400000000e+002	 2.19622e+002	 9.00077e+002
276	 2.9500000000e+002	 2.18918e+002	 9.06399e+002
277	 2.9600000000e+002	 2.17594e+002	 9.12815e+002
278	 2.9700000000e+002	 2.15688e+002	 9.19533e+002
279	 2.9800000000e+002	 2.13405e+002	 9.26693e+002
280	 2.9900000000e+002	 2.10838e+002	 9.34294e+002
281	 3.0000000000e+002	 2.08272e+002	 9.42351e+002
282	 3.0100000000e+002	 2.05409e+002	 9.50983e+002
283	 3.0200000000e+002	 2.02629e+002	 9.59830e+002
284	 3.0300000000e+002	 1.99991e+002	 9.68998e+002
285	 3.0400000000e+002	 1.97517e+002	 9.78324e+002
286	 3.0500000000e+002	 1.95270e+002	 9.87984e+002
287	 3.0600000000e+002	 1.93223e+002	 9.97836e+002
288	 3.0700000000e+002	 1.91435e+002	 1.00768e+003
289	 3.0800000000e+002	 1.89776e+002	 1.01731e+003
290	 3.0900000000e+002	 1.88274e+002	 1.02664e+003
291	 3.1000000000e+002	 1.86595e+002	 1.03563e+003
292	 3.1100000000e+002	 1.84840e+002	 1.04437e+003
293	 3.1200000000e+002	 1.82441e+002	 1.05291e+003
294	 3.1300000000e+002	 1.79266e+002	 1.06150e+003
295	 3.1400000000e+002	 1.75513e+002	 1.07053e+003
296	 3.1500000000e+002	 1.71274e+002	 1.08032e+003
297	 3.1600000000e+002	 1.66701e+002	 1.09109e+003
298	 3.1700000000e+002	 1.62353e+002	 1.10296e+003
299	 3.1800000000e+002	 1.58605e+002	 1.11590e+003
300	 3.1900000000e+002	 1.55629e+002	 1.12955e+003
301	 3.2000000000e+002	 1.53704e+002	 1.14357e+003
302	 3.2100000000e+002	 1.52924e+002	 1.15759e+003
303	 3.2200000000e+002	 1.53189e+002	 1.17135e+003
304	 3.2300000000e+002	 1.54100e+002	 1.18450e+003
305	 3.2400000000e+002	 1.55510e+002	 1.19702e+003
306	 3.2500000000e+002	 1.57039e+002	 1.20900e+003
307	 3.2600000000e+002	 1.58634e+002	 1.22054e+003
308	 3.2700000000e+002	 1.60153e+002	 1.23169e+003
309	 3.2800000000e+002	 1.61687e+002	 1.24258e+003
310	 3.2900000000e+002	 1.63360e+002	 1.25327e+003
311	 3.3000000000e+002	 1.65028e+002	 1.26401e+003
312	 3.3100000000e+002	 1.66883e+002	 1.27462e+003
313	 3.3200000000e+002	 1.69239e+002	 1.28491e+003
314	 3.3300000000e+002	 1.72085e+002	 1.29476e+003
315	 3.3400000000e+002	 1.75127e+002	 1.30355e+003
316	 3.3500000000e+002	 1.78017e+002	 1.31114e+003
317	 3.3600000000e+002	 1.80299e+002	 1.31776e+003
318	 3.3700000000e+002	 1.81064e+002	 1.32406e+003
319	 3.3800000000e+002	 1.80669e+002	 1.33069e+003
320	 3.3900000000e+002	 1.79634e+002	 1.33806e+003
321	 3.4000000000e+002	 1.78253e+002	 1.34591e+003
322	 3.4100000000e+002	 1.77055e+002	 1.35423e+003
323	 3.4200000000e+002	 1.75982e+002	 1.36295e+003
324	 3.4300000000e+002	 1.74939e+002	 1.37184e+003
325	 3.4400000000e+002	 1.73997e+002	 1.38076e+003
326	 3.4500000000e+002	 1.73311e+002	 1.38980e+003
327	 3.4600000000e+002	 1.72611e+002	 1.39895e+003
328	 3.4700000000e+002	 1.71953e+002	 1.40818e+003
329	 3.4800000000e+002	 1.71426e+002	 1.41736e+003
330	 3.4900000000e+002	 1.71909e+002	 1.42553e+003
331	 3.5000000000e+002	 1.73895e+002	 1.43233e+003
332	 3.5100000000e+002	 1.70822e+002	 1.44391e+003
333	 3.5200000000e+002	 1.69708e+002	 1.45376e+003
334	 3.5300000000e+002	 1.69411e+002	 1.46295e+003
335	 3.5400000000e+002	 1.69095e+002	 1.47204e+003
336	 3.5500000000e+002	 1.68701e+002	 1.48111e+003
337	 3.5600000000e+002	 1.68247e+002	 1.49025e+003
338	 3.5700000000e+002	 1.67748e+002	 1.49938e+003
339	 3.5800000000e+002	 1.67303e+002	 1.50855e+003
340	 3.5900000000e+002	 1.66807e+002	 1.51770e+003
341	 3.6000000000e+002	 1.66410e+002	 1.52681e+003
342	 3.6100000000e+002	 1.65997e+002	 1.53586e+003
343	 3.6200000000e+002	 1.65486e+002	 1.54483e+003
344	 3.6300000000e+002	 1.64923e+002	 1.55378e+003
345	 3.6400000000e+002	 1.64310e+002	 1.56275e+003
346	 3.6500000000e+002	 1.63656e+002	 1.57169e+003
347	 3.6600000000e+002	 1.63086e+002	 1.58070e+003
348	 3.6700000000e+002	 1.62526e+002	 1.58975e+003
349	 3.6800000000e+002	 1.61893e+002	 1.59882e+003
350	 3.6900000000e+002	 1.61363e+002	 1.60794e+003
351	 3.7000000000e+002	 1.60874e+002	 1.61707e+003
352	 3.7100000000e+002	 1.60373e+002	 1.62615e+003
353	 3.7200000000e+002	 1.59881e+002	 1.63514e+003
354	 3.7300000000e+002	 1.59461e+002	 1.64414e+003
355	 3.7400000000e+002	 1.58986e+002	 1.65299e+003
356	 3.7500000000e+002	 1.58561e+002	 1.66192e+003
357	 3.7600000000e+002	 1.58107e+002	 1.67079e+003
358	 3.7700000000e+002	 1.57687e+002	 1.67966e+003
359	 3.7800000000e+002	 1.57294e+002	 1.68847e+003
360	 3.7900000000e+002	 1.56867e+002	 1.69723e+003
361	 3.8000000000e+002	 1.56513e+002	 1.70611e+003
362	 3.8100000000e+002	 1.55988e+002	 1.71497e+003
363	 3.8200000000e+002	 1.55693e+002	 1.72360e+003
364	 3.8300000000e+002	 1.55256e+002	 1.73223e+003
365	 3.8400000000e+002	 1.54838e+002	 1.74100e+003
366	 3.8500000000e+002	 1.54450e+002	 1.74980e+003
367	 3.8600000000e+002	 1.53789e+002	 1.75847e+003
368	 3.8700000000e+002	 1.53236e+002	 1.76713e+003
369	 3.8800000000e+002	 1.53007e+002	 1.77582e+003
370	 3.8900000000e+002	 1.52356e+002	 1.78461e+003
371	 3.9000000000e+002	 1.51653e+002	 1.79328e+003
372	 3.9100000000e+002	 1.51314e+002	 1.80216e+003
373	 3.9200000000e+002	 1.50721e+002	 1.81088e+003
374	 3.9300000000e+002	 1.50243e+002	 1.81945e+003
375	 3.9400000000e+002	 1.49660e+002	 1.82811e+003
376	 3.9500000000e+002	 1.49027e+002	 1.83687e+003
377	 3.9600000000e+002	 1.48464e+002	 1.84583e+003
378	 3.9700000000e+002	 1.47852e+002	 1.85476e+003
379	 3.9800000000e+002	 1.47308e+002	 1.86311e+003
380	 3.9900000000e+002	 1.46702e+002	 1.87170e+003
381	 4.0000000000e+002	 1.46317e+002	 1.88103e+003
382	 4.0100000000e+002	 1.45425e+002	 1.88956e+003
383	 4.0200000000e+002	 1.44546e+002	 1.89780e+003
384	 4.0300000000e+002	 1.43565e+002	 1.90622e+003
385	 4.0400000000e+002	 1.42298e+002	 1.91477e+003
386	 4.0500000000e+002	 1.41464e+002	 1.92380e+003
387	 4.0600000000e+002	 1.40644e+002	 1.93300e+003
388	 4.0700000000e+002	 1.40167e+002	 1.94227e+003
389	 4.0800000000e+002	 1.39406e+002	 1.95124e+003
390	 4.0900000000e+002	 1.38554e+002	 1.96010e+003
391	 4.1000000000e+002	 1.37261e+002	 1.96900e+003
392	 4.1100000000e+002	 1.36557e+002	 1.97822e+003
393	 4.1200000000e+002	 1.35735e+002	 1.98709e+003
394	 4.1300000000e+002	 1.34896e+002	 1.99639e+003
395	 4.1400000000e+002	 1.34104e+002	 2.00580e+003
396	 4.1500000000e+002	 1.32786e+002	 2.01544e+003
397	 4.1600000000e+002	 1.32052e+002	 2.02482e+003
398	 4.1700000000e+002	 1.31459e+002	 2.03466e+003
399	 4.1800000000e+002	 1.30925e+002	 2.04413e+003
400	 4.1900000000e+002	 1.30311e+002	 2.05394e+003
401	 4.2000000000e+002	 1.29389e+002	 2.06336e+003
402	 4.2100000000e+002	 1.29001e+002	 2.07260e+003
403	 4.2200000000e+002	 1.28247e+002	 2.08254e+003
404	 4.2300000000e+002	 1.27575e+002	 2.09216e+003
405	 4.2400000000e+002	 1.26988e+002	 2.10274e+003
406	 4.2500000000e+002	 1.26637e+002	 2.11259e+003
407	 4.2600000000e+002	 1.26637e+002	 2.12261e+003
408	 4.2700000000e+002	 1.26805e+002	 2.13277e+003
409	 4.2800000000e+002	 1.26954e+002	 2.14340e+003
410	 4.2900000000e+002	 1.27232e+002	 2.15389e+003
411	 4.3000000000e+002	 1.28169e+002	 2.16393e+003
412	 4.3100000000e+002	 1.28865e+002	 2.17396e+003
413	 4.3200000000e+002	 1.30132e+002	 2.18412e+003
414	 4.3300000000e+002	 1.30816e+002	 2.19435e+003
415	 4.3400000000e+002	 1.32018e+002	 2.20364e+003
416	 4.3500000000e+002	 1.34388e+002	 2.21336e+003
417	 4.3600000000e+002	 1.36054e+002	 2.22312e+003
418	 4.3700000000e+002	 1.37689e+002	 2.23169e+003
419	 4.3800000000e+002	 1.39018e+002	 2.24049e+003
420	 4.3900000000e+002	 1.41170e+002	 2.24946e+003
421	 4.4000000000e+002	 1.42903e+002	 2.25816e+003
422	 4.4100000000e+002	 1.44206e+002	 2.26693e+003
423	 4.4200000000e+002	 1.45292e+002	 2.27518e+003
424	 4.4300000000e+002	 1.46796e+002	 2.28312e+003
425	 4.4400000000e+002	 1.47784e+002	 2.29064e+003
426	 4.4500000000e+002	 1.48391e+002	 2.29832e+003
427	 4.4600000000e+002	 1.49763e+002	 2.30630e+003
428	 4.4700000000e+002	 1.50657e+002	 2.31418e+003
429	 4.4800000000e+002	 1.50835e+002	 2.32131e+003
430	 4.4900000000e+002	 1.48038e+002	 2.32592e+003
431	 4.5000000000e+002	 1.39697e+002	 2.32795e+003
432	 4.5100000000e+002	 1.48331e+002	 2.34262e+003
433	 4.5200000000e+002	 1.51462e+002	 2.35217e+003
434	 4.5300000000e+002	 1.51856e+002	 2.36036e+003
435	 4.5400000000e+002	 1.51767e+002	 2.36880e+003
436	 4.5500000000e+002	 1.52089e+002	 2.37678e+003
437	 4.5600000000e+002	 1.52494e+002	 2.38434e+003
438	 4.5700000000e+002	 1.52289e+002	 2.39221e+003
439	 4.5800000000e+002	 1.51243e+002	 2.40029e+003
440	 4.5900000000e+002	 1.50969e+002	 2.40743e+003
441	 4.6000000000e+002	 1.50681e+002	 2.41480e+003
442	 4.6100000000e+002	 1.50350e+002	 2.42276e+003
443	 4.6200000000e+002	 1.48981e+002	 2.43070e+003
444	 4.6300000000e+002	 1.47762e+002	 2.43918e+003
445	 4.6400000000e+002	 1.46671e+002	 2.44820e+003
446	 4.6500000000e+002	 1.45014e+002	 2.45739e+003
447	 4.6600000000e+002	 1.43859e+002	 2.46681e+003
448	 4.6700000000e+002	 1.42853e+002	 2.47607e+003
449	 4.6800000000e+002	 1.42367e+002	 2.48516e+003
450	 4.6900000000e+002	 1.42005e+002	 2.49519e+003
451	 4.7000000000e+002	 1.41612e+002	 2.50545e+003
452	 4.7100000000e+002	 1.41389e+002	 2.51513e+003
453	 4.7200000000e+002	 1.42096e+002	 2.52465e+003
454	 4.7300000000e+002	 1.42344e+002	 2.53414e+003
455	 4.7400000000e+002	 1.42216e+002	 2.54311e+003
456	 4.7500000000e+002	 1.42163e+002	 2.55254e+003
457	 4.7600000000e+002	 1.42665e+002	 2.56208e+003
458	 4.7700000000e+002	 1.43525e+002	 2.57127e+003
459	 4.7800000000e+002	 1.43957e+002	 2.58074e+003
460	 4.7900000000e+002	 1.44277e+002	 2.59009e+003
461	 4.8000000000e+002	 1.44368e+002	 2.59942e+003
462	 4.8100000000e+002	 1.44989e+002	 2.60835e+003
463	 4.8200000000e+002	 1.45578e+002	 2.61765e+003
464	 4.8300000000e+002	 1.46041e+002	 2.62681e+003
465	 4.8400000000e+002	 1.46262e+002	 2.63570e+003
466	 4.8500000000e+002	 1.46780e+002	 2.64502e+003
467	 4.8600000000e+002	 1.47544e+002	 2.65432e+003
468	 4.8700000000e+002	 1.48075e+002	 2.66388e+003
469	 4.8800000000e+002	 1.48937e+002	 2.67317e+003
470	 4.8900000000e+002	 1.50008e+002	 2.68225e+003
471	 4.9000000000e+002	 1.50599e+002	 2.69138e+003
472	 4.9100000000e+002	 1.51379e+002	 2.70044e+003
473	 4.9200000000e+002	 1.52329e+002	 2.70969e+003
474	 4.9300000000e+002	 1.52917e+002	 2.71886e+003
475	 4.9400000000e+002	 1.53903e+002	 2.72789e+003
476	 4.9500000000e+002	 1.54923e+002	 2.73705e+003
477	 4.9600000000e+002	 1.55768e+002	 2.74621e+003
478	 4.9700000000e+002	 1.56952e+002	 2.75543e+003
479	 4.9800000000e+002	 1.58128e+002	 2.76487e+003
480	 4.9900000000e+002	 1.59246e+002	 2.77423e+003
481	 5.0000000000e+002	 1.60468e+002	 2.78349e+003
482	 5.0100000000e+002	 1.61665e+002	 2.79276e+003
483	 5.0200000000e+002	 1.63022e+002	 2.80189e+003
484	 5.0300000000e+002	 1.64405e+002	 2.81119e+003
485	 5.0400000000e+002	 1.66015e+002	 2.82040e+003
486	 5.0500000000e+002	 1.67676e+002	 2.82953e+003
487	 5.0600000000e+002	 1.69658e+002	 2.83865e+003
488	 5.0700000000e+002	 1.71830e+002	 2.84780e+003
489	 5.0800000000e+002	 1.74243e+002	 2.85676e+003
490	 5.0900000000e+002	 1.76731e+002	 2.86552e+003
491	 5.1000000000e+002	 1.79432e+002	 2.87421e+003
492	 5.1100000000e+002	 1.82276e+002	 2.88238e+003
493	 5.1200000000e+002	 1.85257e+002	 2.89040e+003
494	 5.1300000000e+002	 1.88331e+002	 2.89791e+003
495	 5.1400000000e+002	 1.91093e+002	 2.90482e+003
496	 5.1500000000e+002	 1.93347e+002	 2.91169e+003
497	 5.1600000000e+002	 1.95410e+002	 2.91843e+003
498	 5.1700000000e+002	 1.97202e+002	 2.92511e+003
499	 5.1800000000e+002	 1.98735e+002	 2.93182e+003
500	 5.1900000000e+002	 2.00355e+002	 2.93871e+003
501	 5.2000000000e+002	 2.01426e+002	 2.94557e+003
502	 5.2100000000e+002	 2.02214e+002	 2.95195e+003
503	 5.2200000000e+002	 2.03327e+002	 2.95868e+003
504	 5.2300000000e+002	 2.03916e+002	 2.96657e+003
505	 5.2400000000e+002	 2.05554e+002	 2.97413e+003
506	 5.2500000000e+002	 2.06669e+002	 2.98168e+003
507	 5.2600000000e+002	 2.08233e+002	 2.98867e+003
508	 5.2700000000e+002	 2.09872e+002	 2.99603e+003
509	 5.2800000000e+002	 2.11668e+002	 3.00278e+003
510	 5.2900000000e+002	 2.12837e+002	 3.01042e+003
511	 5.3000000000e+002	 2.14273e+002	 3.01774e+003
512	 5.3100000000e+002	 2.16021e+002	 3.02480e+003
513	 5.3200000000e+002	 2.17861e+002	 3.03232e+003
514	 5.3300000000e+002	 2.19493e+002	 3.03907e+003
515	 5.3400000000e+002	 2.21483e+002	 3.04509e+003
516	 5.3500000000e+002	 2.23161e+002	 3.05134e+003
517	 5.3600000000e+002	 2.25127e+002	 3.05813e+003
518	 5.3700000000e+002	 2.27064e+002	 3.06473e+003
519	 5.3800000000e+002	 2.28742e+002	 3.06998e+003
520	 5.3900000000e+002	 2.30688e+002	 3.07555e+003
521	 5.4000000000e+002	 2.32552e+002	 3.08076e+003
522	 5.4100000000e+002	 2.35261e+002	 3.08632e+003
523	 5.4200000000e+002	 2.36885e+002	 3.09197e+003
524	 5.4300000000e+002	 2.38650e+002	 3.09726e+003
525	 5.4400000000e+002	 2.40414e+002	 3.10150e+003
526	 5.4500000000e+002	 2.42783e+002	 3.10572e+003
527	 5.4600000000e+002	 2.43197e+002	 3.10899e+003
528	 5.4700000000e+002	 2.44993e+002	 3.11197e+003
529	 5.4800000000e+002	 2.46814e+002	 3.11527e+003
530	 5.4900000000e+002	 2.48348e+002	 3.12351e+003
531	 5.5000000000e+002	 2.51472e+002	 3.14203e+003
532	 5.5100000000e+002	 2.50044e+002	 3.12830e+003
533	 5.5200000000e+002	 2.49081e+002	 3.12490e+003
534	 5.5300000000e+002	 2.48385e+002	 3.12512e+003
535	 5.5400000000e+002	 2.47459e+002	 3.12613e+003
536	 5.5500000000e+002	 2.46136e+002	 3.12679e+003
537	 5.5600000000e+002	 2.43421e+002	 3.12663e+003
538	 5.5700000000e+002	 2.40349e+002	 3.12665e+003
539	 5.5800000000e+002	 2.35276e+002	 3.12714e+003
540	 5.5900000000e+002	 2.29229e+002	 3.12580e+003
541	 5.6000000000e+002	 2.23454e+002	 3.12387e+003
542	 5.6100000000e+002	 2.16747e+002	 3.12435e+003
543	 5.6200000000e+002	 2.08226e+002	 3.12484e+003
544	 5.6300000000e+002	 1.98053e+002	 3.12620e+003
545	 5.6400000000e+002	 1.86457e+002	 3.12752e+003
546	 5.6500000000e+002	 1.73627e+002	 3.13015e+003
547	 5.6600000000e+002	 1.59746e+002	 3.13454e+003
548	 5.6700000000e+002	 1.43759e+002	 3.13929e+003
549	 5.6800000000e+002	 1.29428e+002	 3.14521e+003
550	 5.6900000000e+002	 1.14633e+002	 3.15359e+003
551	 5.7000000000e+002	 9.76203e+001	 3.16363e+003
552	 5.7100000000e+002	 8.22180e+001	 3.17676e+003
553	 5.7200000000e+002	 6.80862e+001	 3.19201e+003
554	 5.7300000000e+002	 5.35858e+001	 3.20621e+003
555	 5.7400000000e+002	 3.93302e+001	 3.22402e+003
556	 5.7500000000e+002	 2.61632e+001	 3.24240e+003
557	 5.7600000000e+002	 1.64926e+001	 3.26086e+003
558	 5.7700000000e+002	 7.90696e+000	 3.28270e+003
559	 5.7800000000e+002	 8.55532e-001	 3.30431e+003
560	 5.7900000000e+002	-5.50053e+000	 3.32504e+003
561	 5.8000000000e+002	-1.01284e+001	 3.34588e+003
562	 5.8100000000e+002	-1.26746e+001	 3.36658e+003
563	 5.8200000000e+002	-1.39941e+001	 3.38789e+003
564	 5.8300000000e+002	-1.38045e+001	 3.40814e+003
565	 5.8400000000e+002	-1.37701e+001	 3.42926e+003
566	 5.8500000000e+002	-1.21955e+001	 3.44872e+003
567	 5.8600000000e+002	-8.46944e+000	 3.46711e+003
568	 5.8700000000e+002	-5.32870e+000	 3.48457e+003
569	 5.8800000000e+002	-1.18752e+000	 3.50106e+003
570	 5.8900000000e+002	 2.08605e+000	 3.51747e+003
571	 5.9000000000e+002	 6.77174e+000	 3.53384e+003
572	 5.9100000000e+002	 1.33634e+001	 3.54795e+003
573	 5.9200000000e+002	 1.82521e+001	 3.56098e+003
574	 5.9300000000e+002	 2.15870e+001	 3.57413e+003
575	 5.9400000000e+002	 2.56386e+001	 3.58644e+003
576	 5.9500000000e+002	 3.05614e+001	 3.59875e+003
577	 5.9600000000e+002	 3.46463e+001	 3.60896e+003
578	 5.9700000000e+002	 3.89220e+001	 3.61967e+003
579	 5.9800000000e+002	 4.25919e+001	 3.63069e+003
580	 5.9900000000e+002	 4.67800e+001	 3.63946e+003
581	 6.0000000000e+002	 5.16813e+001	 3.64876e+003
582	 6.0100000000e+002	 5.11646e+001	 3.65792e+003
583	 6.0200000000e+002	 5.25724e+001	 3.66704e+003
584	 6.0300000000e+002	 5.28476e+001	 3.67406e+003
585	 6.0400000000e+002	 5.32654e+001	 3.68303e+003
586	 6.0500000000e+002	 5.39182e+001	 3.69234e+003
587	 6.0600000000e+002	 5.41331e+001	 3.70113e+003
588	 6.0700000000e+002	 5.37969e+001	 3.71173e+003
589	 6.0800000000e+002	 5.20657e+001	 3.72259e+003
590	 6.0900000000e+002	 5.29742e+001	 3.73235e+003
591	 6.1000000000e+002	 5.43338e+001	 3.74302e+003
592	 6.1100000000e+002	 5.40720e+001	 3.75263e+003
593	 6.1200000000e+002	 5.37102e+001	 3.76468e+003
594	 6.1300000000e+002	 5.41189e+001	 3.77726e+003
595	 6.1400000000e+002	 5.33324e+001	 3.78786e+003
596	 6.1500000000e+002	 5.38701e+001	 3.79869e+003
597	 6.1600000000e+002	 5.29233e+001	 3.80928e+003
598	 6.1700000000e+002	 5.41824e+001	 3.82159e+003
599	 6.1800000000e+002	 5.57054e+001	 3.83275e+003
600	 6.1900000000e+002	 5.66898e+001	 3.84434e+003
601	 6.2000000000e+002	 5.77392e+001	 3.85641e+003
602	 6.2100000000e+002	 5.94495e+001	 3.86590e+003
603	 6.2200000000e+002	 6.11975e+001	 3.87582e+003
604	 6.2300000000e+002	 6.26245e+001	 3.88746e+003
605	 6.2400000000e+002	 6.44960e+001	 3.89776e+003
606	 6.2500000000e+002	 6.61132e+001	 3.90760e+003
607	 6.2600000000e+002	 6.73324e+001	 3.91739e+003
608	 6.2700000000e+002	 6.96715e+001	 3.92834e+003
609	 6.2800000000e+002	 7.16191e+001	 3.93776e+003
610	 6.2900000000e+002	 7.27362e+001	 3.94721e+003
611	 6.3000000000e+002	 7.29602e+001	 3.95727e+003
612	 6.3100000000e+002	 7.34989e+001	 3.96725e+003
613	 6.3200000000e+002	 7.47452e+001	 3.97697e+003
614	 6.3300000000e+002	 7.63292e+001	 3.98716e+003
615	 6.3400000000e+002	 7.72511e+001	 3.99621e+003
616	 6.3500000000e+002	 7.76345e+001	 4.00549e+003
617	 6.3600000000e+002	 7.88423e+001	 4.01605e+003
618	 6.3700000000e+002	 8.03454e+001	 4.02492e+003
619	 6.3800000000e+002	 8.11339e+001	 4.03390e+003
620	 6.3900000000e+002	 8.12285e+001	 4.04356e+003
621	 6.4000000000e+002	 8.22542e+001	 4.05378e+003
622	 6.4100000000e+002	 8.31560e+001	 4.06354e+003
623	 6.4200000000e+002	 8.34930e+001	 4.07275e+003
624	 6.4300000000e+002	 8.42502e+001	 4.08209e+003
625	 6.4400000000e+002	 8.52109e+001	 4.09107e+003
626	 6.4500000000e+002	 8.58529e+001	 4.10026e+003
627	 6.4600000000e+002	 8.63850e+001	 4.10901e+003
628	 6.4700000000e+002	 8.68552e+001	 4.11828e+003
629	 6.4800000000e+002	 8.71772e+001	 4.12800e+003
630	 6.4900000000e+002	 8.77727e+001	 4.13808e+003
631	 6.5000000000e+002	 8.76707e+001	 4.15028e+003
632	 6.5100000000e+002	 8.85113e+001	 4.15675e+003
633	 6.5200000000e+002	 8.94446e+001	 4.16511e+003
634	 6.5300000000e+002	 8.98843e+001	 4.17479e+003
635	 6.5400000000e+002	 8.97487e+001	 4.18351e+003
636	 6.5500000000e+002	 8.94189e+001	 4.19104e+003
637	 6.5600000000e+002	 8.96547e+001	 4.20128e+003
638	 6.5700000000e+002	 8.91123e+001	 4.21177e+003
639	 6.5800000000e+002	 8.85221e+001	 4.22016e+003
640	 6.5900000000e+002	 8.91894e+001	 4.22909e+003
641	 6.6000000000e+002	 8.88044e+001	 4.23878e+003
642	 6.6100000000e+002	 8.93422e+001	 4.24694e+003
643	 6.6200000000e+002	 8.85336e+001	 4.25622e+003
644	 6.6300000000e+002	 8.72026e+001	 4.26666e+003
645	 6.6400000000e+002	 8.55058e+001	 4.27739e+003
646	 6.6500000000e+002	 8.57350e+001	 4.28774e+003
647	 6.6600000000e+002	 8.59693e+001	 4.29843e+003
648	 6.6700000000e+002	 8.56829e+001	 4.30850e+003
649	 6.6800000000e+002	 8.60503e+001	 4.31701e+003
650	 6.6900000000e+002	 8.57313e+001	 4.32916e+003
651	 6.7000000000e+002	 8.41686e+001	 4.33954e+003
652	 6.7100000000e+002	 8.50872e+001	 4.34719e+003
653	 6.7200000000e+002	 8.63999e+001	 4.35921e+003
654	 6.7300000000e+002	 8.71366e+001	 4.37110e+003
655	 6.7400000000e+002	 8.91501e+001	 4.37923e+003
656	 6.7500000000e+002	 8.88248e+001	 4.38952e+003
657	 6.7600000000e+002	 8.96526e+001	 4.39948e+003
658	 6.7700000000e+002	 8.86791e+001	 4.41023e+003
659	 6.7800000000e+002	 8.92557e+001	 4.42148e+003
660	 6.7900000000e+002	 9.00317e+001	 4.42930e+003
661	 6.8000000000e+002	 9.18470e+001	 4.43839e+003
662	 6.8100000000e+002	 9.14898e+001	 4.44843e+003
663	 6.8200000000e+002	 8.86597e+001	 4.45774e+003
664	 6.8300000000e+002	 9.03007e+001	 4.46669e+003
665	 6.8400000000e+002	 9.07661e+001	 4.47706e+003
666	 6.8500000000e+002	 9.15727e+001	 4.48728e+003
667	 6.8600000000e+002	 9.09804e+001	 4.49718e+003
668	 6.8700000000e+002	 9.12341e+001	 4.50589e+003
669	 6.8800000000e+002	 9.04143e+001	 4.51540e+003
670	 6.8900000000e+002	 8.83156e+001	 4.52321e+003
671	 6.9000000000e+002	 8.82956e+001	 4.53284e+003
672	 6.9100000000e+002	 9.08628e+001	 4.54416e+003
673	 6.9200000000e+002	 9.13011e+001	 4.55050e+003
674	 6.9300000000e+002	 9.36966e+001	 4.55979e+003
675	 6.9400000000e+002	 9.11496e+001	 4.57057e+003
676	 6.9500000000e+002	 8.60945e+001	 4.57938e+003
677	 6.9600000000e+002	 8.59759e+001	 4.58730e+003
678	 6.9700000000e+002	 8.71302e+001	 4.59738e+003
679	 6.9800000000e+002	 8.61894e+001	 4.60604e+003
680	 6.9900000000e+002	 8.71342e+001	 4.61508e+003
681	 7.0000000000e+002	 8.78177e+001	 4.62738e+003
682	 7.0100000000e+002	 8.60216e+001	 4.63686e+003
683	 7.0200000000e+002	 8.72659e+001	 4.64508e+003
684	 7.0300000000e+002	 8.66509e+001	 4.65407e+003
685	 7.0400000000e+002	 7.98993e+001	 4.66619e+003
686	 7.0500000000e+002	 7.92923e+001	 4.67689e+003
687	 7.0600000000e+002	 8.15294e+001	 4.68821e+003
688	 7.0700000000e+002	 8.04761e+001	 4.69850e+003
689	 7.0800000000e+002	 7.82066e+001	 4.70839e+003
690	 7.0900000000e+002	 7.72978e+001	 4.72117e+003
691	 7.1000000000e+002	 7.86501e+001	 4.73239e+003
692	 7.1100000000e+002	 7.60319e+001	 4.73835e+003
693	 7.1200000000e+002	 7.34695e+001	 4.74634e+003
694	 7.1300000000e+002	 7.83752e+001	 4.75742e+003
695	 7.1400000000e+002	 7.96383e+001	 4.77423e+003
696	 7.1500000000e+002	 7.79682e+001	 4.78702e+003
697	 7.1600000000e+002	 7.39053e+001	 4.79664e+003
698	 7.1700000000e+002	 7.21897e+001	 4.80299e+003
699	 7.1800000000e+002	 7.72184e+001	 4.81299e+003
700	 7.1900000000e+002	 7.76319e+001	 4.82529e+003
701	 7.2000000000e+002	 7.54859e+001	 4.83844e+003
702	 7.2100000000e+002	 7.53545e+001	 4.84893e+003
703	 7.2200000000e+002	 7.38010e+001	 4.86267e+003
704	 7.2300000000e+002	 7.36005e+001	 4.87304e+003
705	 7.2400000000e+002	 7.59094e+001	 4.88338e+003
706	 7.2500000000e+002	 7.63044e+001	 4.89263e+003
707	 7.2600000000e+002	 7.90301e+001	 4.90555e+003
708	 7.2700000000e+002	 7.72596e+001	 4.91862e+003
709	 7.2800000000e+002	 7.98727e+001	 4.93115e+003
710	 7.2900000000e+002	 7.81926e+001	 4.94474e+003
711	 7.3000000000e+002	 7.94068e+001	 4.95558e+003
712	 7.3100000000e+002	 8.21055e+001	 4.96591e+003
713	 7.3200000000e+002	 8.47250e+001	 4.97661e+003
714	 7.3300000000e+002	 8.46242e+001	 4.98130e+003
715	 7.3400000000e+002	 8.73979e+001	 4.99444e+003
716	 7.3500000000e+002	 9.22290e+001	 5.00652e+003
717	 7.3600000000e+002	 9.24052e+001	 5.02036e+003
718	 7.3700000000e+002	 9.55949e+001	 5.03034e+003
719	 7.3800000000e+002	 9.97455e+001	 5.04078e+003
720	 7.3900000000e+002	 9.97484e+001	 5.05117e+003
721	 7.4000000000e+002	 9.91865e+001	 5.06099e+003
722	 7.4100000000e+002	 1.02663e+002	 5.07102e+003
723	 7.4200000000e+002	 1.05664e+002	 5.08311e+003
724	 7.4300000000e+002	 1.08604e+002	 5.08952e+003
725	 7.4400000000e+002	 1.10395e+002	 5.09911e+003
726	 7.4500000000e+002	 1.12102e+002	 5.11339e+003
727	 7.4600000000e+002	 1.14454e+002	 5.12432e+003
728	 7.4700000000e+002	 1.18648e+002	 5.13165e+003
729	 7.4800000000e+002	 1.22277e+002	 5.14088e+003
730	 7.4900000000e+002	 1.21710e+002	 5.14070e+003
731	 7.5000000000e+002	 1.16215e+002	 5.13121e+003
732	 7.5100000000e+002	 1.25179e+002	 5.16359e+003
733	 7.5200000000e+002	 1.30532e+002	 5.18165e+003
734	 7.5300000000e+002	 1.32998e+002	 5.19160e+003
735	 7.5400000000e+002	 1.33217e+002	 5.19976e+003
736	 7.5500000000e+002	 1.33575e+002	 5.20480e+003
737	 7.5600000000e+002	 1.32681e+002	 5.21057e+003
738	 7.5700000000e+002	 1.36574e+002	 5.21823e+003
739	 7.5800000000e+002	 1.39408e+002	 5.22770e+003
740	 7.5900000000e+002	 1.42288e+002	 5.23851e+003
741	 7.6000000000e+002	 1.44537e+002	 5.24900e+003
742	 7.6100000000e+002	 1.45245e+002	 5.25595e+003
743	 7.6200000000e+002	 1.44731e+002	 5.26099e+003
744	 7.6300000000e+002	 1.43843e+002	 5.26881e+003
745	 7.6400000000e+002	 1.44877e+002	 5.27794e+003
746	 7.6500000000e+002	 1.44672e+002	 5.28856e+003
747	 7.6600000000e+002	 1.47462e+002	 5.29828e+003
748	 7.6700000000e+002	 1.48454e+002	 5.30797e+003
749	 7.6800000000e+002	 1.48715e+002	 5.31520e+003
750	 7.6900000000e+002	 1.48810e+002	 5.32239e+003
751	 7.7000000000e+002	 1.50058e+002	 5.33059e+003
752	 7.7100000000e+002	 1.49528e+002	 5.34048e+003
753	 7.7200000000e+002	 1.50589e+002	 5.34807e+003
754	 7.7300000000e+002	 1.52278e+002	 5.36023e+003
755	 7.7400000000e+002	 1.52979e+002	 5.37059e+003
756	 7.7500000000e+002	 1.52546e+002	 5.38011e+003
757	 7.7600000000e+002	 1.52033e+002	 5.38958e+003
758	 7.7700000000e+002	 1.51930e+002	 5.39815e+003
759	 7.7800000000e+002	 1.51863e+002	 5.40777e+003
760	 7.7900000000e+002	 1.53034e+002	 5.41713e+003
761	 7.8000000000e+002	 1.54630e+002	 5.42678e+003
762	 7.8100000000e+002	 1.54551e+002	 5.43859e+003
763	 7.8200000000e+002	 1.52798e+002	 5.44829e+003
764	 7.8300000000e+002	 1.52830e+002	 5.45738e+003
765	 7.8400000000e+002	 1.53276e+002	 5.46662e+003
766	 7.8500000000e+002	 1.54528e+002	 5.47752e+003
767	 7.8600000000e+002	 1.55481e+002	 5.48826e+003
768	 7.8700000000e+002	 1.57460e+002	 5.49814e+003
769	 7.8800000000e+002	 1.57237e+002	 5.51040e+003
770	 7.8900000000e+002	 1.53778e+002	 5.52257e+003
771	 7.9000000000e+002	 1.54727e+002	 5.53513e+003
772	 7.9100000000e+002	 1.57404e+002	 5.54595e+003
773	 7.9200000000e+002	 1.59710e+002	 5.55737e+003
774	 7.9300000000e+002	 1.60253e+002	 5.56928e+003
775	 7.9400000000e+002	 1.62871e+002	 5.58127e+003
776	 7.9500000000e+002	 1.66684e+002	 5.59355e+003
777	 7.9600000000e+002	 1.71069e+002	 5.60518e+003
778	 7.9700000000e+002	 1.72669e+002	 5.61600e+003
779	 7.9800000000e+002	 1.75327e+002	 5.62626e+003
780	 7.9900000000e+002	 1.78633e+002	 5.63808e+003
781	 8.0000000000e+002	 1.76930e+002	 5.65129e+003
782	 8.0100000000e+002	 1.81671e+002	 5.65886e+003
783	 8.0200000000e+002	 1.86300e+002	 5.66625e+003
784	 8.0300000000e+002	 1.88580e+002	 5.67695e+003
785	 8.0400000000e+002	 1.95655e+002	 5.68560e+003
786	 8.0500000000e+002	 1.99266e+002	 5.69138e+003
787	 8.0600000000e+002	 2.02507e+002	 5.70396e+003
788	 8.0700000000e+002	 2.04970e+002	 5.71396e+003
789	 8.0800000000e+002	 2.05803e+002	 5.71810e+003
790	 8.0900000000e+002	 2.08158e+002	 5.72130e+003
791	 8.1000000000e+002	 2.11997e+002	 5.73131e+003
792	 8.1100000000e+002	 2.16698e+002	 5.74511e+003
793	 8.1200000000e+002	 2.15543e+002	 5.75631e+003
794	 8.1300000000e+002	 2.18404e+002	 5.76504e+003
795	 8.1400000000e+002	 2.18215e+002	 5.77432e+003
796	 8.1500000000e+002	 2.13389e+002	 5.78149e+003
797	 8.1600000000e+002	 2.09453e+002	 5.79235e+003
798	 8.1700000000e+002	 2.14230e+002	 5.80588e+003
799	 8.1800000000e+002	 2.16961e+002	 5.81988e+003
800	 8.1900000000e+002	 2.23073e+002	 5.83735e+003
801	 8.2000000000e+002	 2.25260e+002	 5.85078e+003
802	 8.2100000000e+002	 2.23077e+002	 5.85807e+003
803	 8.2200000000e+002	 2.23215e+002	 5.86526e+003
804	 8.2300000000e+002	 2.24627e+002	 5.87245e+003
805	 8.2400000000e+002	 2.26803e+002	 5.88931e+003
806	 8.2500000000e+002	 2.30958e+002	 5.91056e+003
807	 8.2600000000e+002	 2.33202e+002	 5.92797e+003
808	 8.2700000000e+002	 2.34657e+002	 5.92984e+003
809	 8.2800000000e+002	 2.42126e+002	 5.92531e+003
810	 8.2900000000e+002	 2.50412e+002	 5.93249e+003
811	 8.3000000000e+002	 2.53693e+002	 5.93746e+003
812	 8.3100000000e+002	 2.55506e+002	 5.95112e+003
813	 8.3200000000e+002	 2.69147e+002	 5.96831e+003
814	 8.3300000000e+002	 2.80612e+002	 5.98041e+003
815	 8.3400000000e+002	 2.80358e+002	 5.99240e+003
816	 8.3500000000e+002	 2.83866e+002	 6.00458e+003
817	 8.3600000000e+002	 2.92724e+002	 6.00641e+003
818	 8.3700000000e+002	 2.91477e+002	 6.00337e+003
819	 8.3800000000e+002	 2.92693e+002	 6.01896e+003
820	 8.3900000000e+002	 3.05574e+002	 6.03462e+003
821	 8.4000000000e+002	 3.01434e+002	 6.04584e+003
822	 8.4100000000e+002	 2.99902e+002	 6.06897e+003
823	 8.4200000000e+002	 3.07672e+002	 6.08294e+003
824	 8.4300000000e+002	 3.14355e+002	 6.09349e+003
825	 8.4400000000e+002	 3.19136e+002	 6.10021e+003
826	 8.4500000000e+002	 3.25797e+002	 6.10669e+003
827	 8.4600000000e+002	 3.27045e+002	 6.12470e+003
828	 8.4700000000e+002	 3.27665e+002	 6.13038e+003
829	 8.4800000000e+002	 3.43862e+002	 6.14807e+003
830	 8.4900000000e+002	 3.54516e+002	 6.16797e+003
831	 8.5000000000e+002	 3.54144e+002	 6.18301e+003
832	 8.5100000000e+002	 3.67776e+002	 6.18912e+003
833	 8.5200000000e+002	 3.70019e+002	 6.19957e+003
834	 8.5300000000e+002	 3.66986e+002	 6.20618e+003
835	 8.5400000000e+002	 3.76071e+002	 6.21457e+003
836	 8.5500000000e+002	 3.86175e+002	 6.21933e+003
837	 8.5600000000e+002	 3.99450e+002	 6.23629e+003
838	 8.5700000000e+002	 4.10338e+002	 6.25594e+003
839	 8.5800000000e+002	 4.28659e+002	 6.26567e+003
840	 8.5900000000e+002	 4.33312e+002	 6.27014e+003
841	 8.6000000000e+002	 4.25726e+002	 6.27327e+003
842	 8.6100000000e+002	 4.18111e+002	 6.27604e+003
843	 8.6200000000e+002	 4.25245e+002	 6.27873e+003
844	 8.6300000000e+002	 4.31494e+002	 6.27949e+003
845	 8.6400000000e+002	 4.36144e+002	 6.29353e+003
846	 8.6500000000e+002	 4.45275e+002	 6.31446e+003
847	 8.6600000000e+002	 4.50649e+002	 6.32217e+003
848	 8.6700000000e+002	 4.53023e+002	 6.33521e+003
849	 8.6800000000e+002	 4.52001e+002	 6.33827e+003
850	 8.6900000000e+002	 4.58230e+002	 6.33387e+003
851	 8.7000000000e+002	 4.65929e+002	 6.33065e+003
852	 8.7100000000e+002	 4.81002e+002	 6.33646e+003
853	 8.7200000000e+002	 4.90170e+002	 6.35183e+003
854	 8.7300000000e+002	 5.03317e+002	 6.36811e+003
855	 8.7400000000e+002	 5.11656e+002	 6.38160e+003
856	 8.7500000000e+002	 5.20243e+002	 6.39375e+003
857	 8.7600000000e+002	 5.26628e+002	 6.40280e+003
858	 8.7700000000e+002	 5.31959e+002	 6.40361e+003
859	 8.7800000000e+002	 5.41021e+002	 6.40292e+003
860	 8.7900000000e+002	 5.50375e+002	 6.40696e+003
861	 8.8000000000e+002	 5.53120e+002	 6.41559e+003
862	 8.8100000000e+002	 5.63953e+002	 6.44093e+003
863	 8.8200000000e+002	 5.68862e+002	 6.46034e+003
864	 8.8300000000e+002	 5.71558e+002	 6.47060e+003
865	 8.8400000000e+002	 5.84791e+002	 6.47505e+003
866	 8.8500000000e+002	 5.85887e+002	 6.48567e+003
867	 8.8600000000e+002	 5.90906e+002	 6.49384e+003
868	 8.8700000000e+002	 5.98548e+002	 6.49599e+003
869	 8.8800000000e+002	 6.01091e+002	 6.50704e+003
870	 8.8900000000e+002	 6.03832e+002	 6.51794e+003
871	 8.9000000000e+002	 6.15721e+002	 6.53556e+003
872	 8.9100000000e+002	 6.33627e+002	 6.54600e+003
873	 8.9200000000e+002	 6.47672e+002	 6.55484e+003
874	 8.9300000000e+002	 6.54955e+002	 6.56243e+003
875	 8.9400000000e+002	 6.60935e+002	 6.56002e+003
876	 8.9500000000e+002	 6.72942e+002	 6.56514e+003
877	 8.9600000000e+002	 6.79283e+002	 6.58088e+003
878	 8.9700000000e+002	 6.86362e+002	 6.59563e+003
879	 8.9800000000e+002	 6.91345e+002	 6.60773e+003
880	 8.9900000000e+002	 6.96200e+002	 6.61396e+003
881	 9.0000000000e+002	 7.05734e+002	 6.62194e+003
882	 9.0100000000e+002	 7.21492e+002	 6.63077e+003
883	 9.0200000000e+002	 7.30305e+002	 6.63108e+003
884	 9.0300000000e+002	 7.38556e+002	 6.63452e+003
885	 9.0400000000e+002	 7.55893e+002	 6.64560e+003
886	 9.0500000000e+002	 7.71010e+002	 6.65651e+003
887	 9.0600000000e+002	 7.76737e+002	 6.66626e+003
888	 9.0700000000e+002	 7.80426e+002	 6.67276e+003
889	 9.0800000000e+002	 7.89824e+002	 6.67811e+003
890	 9.0900000000e+002	 8.03536e+002	 6.68991e+003
891	 9.1000000000e+002	 8.17097e+002	 6.69356e+003
892	 9.1100000000e+002	 8.26526e+002	 6.69394e+003
893	 9.1200000000e+002	 8.39358e+002	 6.70469e+003
894	 9.1300000000e+002	 8.47729e+002	 6.71610e+003
895	 9.1400000000e+002	 8.57486e+002	 6.72531e+003
896	 9.1500000000e+002	 8.64992e+002	 6.73260e+003
897	 9.1600000000e+002	 8.78094e+002	 6.74667e+003
898	 9.1700000000e+002	 8.90743e+002	 6.76131e+003
899	 9.1800000000e+002	 9.06047e+002	 6.77038e+003
900	 9.1900000000e+002	 9.21836e+002	 6.77203e+003
901	 9.2000000000e+002	 9.37913e+002	 6.77963e+003
902	 9.2100000000e+002	 9.53411e+002	 6.79213e+003
903	 9.2200000000e+002	 9.71723e+002	 6.80107e+003
904	 9.2300000000e+002	 9.91002e+002	 6.81221e+003
905	 9.2400000000e+002	 1.00899e+003	 6.81841e+003
906	 9.2500000000e+002	 1.02927e+003	 6.83091e+003
907	 9.2600000000e+002	 1.05101e+003	 6.83838e+003
908	 9.2700000000e+002	 1.07075e+003	 6.83406e+003
909	 9.2800000000e+002	 1.09280e+003	 6.83246e+003
910	 9.2900000000e+002	 1.12284e+003	 6.84031e+003
911	 9.3000000000e+002	 1.15553e+003	 6.84878e+003
912	 9.3100000000e+002	 1.18686e+003	 6.84323e+003
913	 9.3200000000e+002	 1.21549e+003	 6.83546e+003
914	 9.3300000000e+002	 1.23479e+003	 6.83095e+003
915	 9.3400000000e+002	 1.25220e+003	 6.82268e+003
916	 9.3500000000e+002	 1.27542e+003	 6.80849e+003
917	 9.3600000000e+002	 1.29823e+003	 6.79331e+003
918	 9.3700000000e+002	 1.32385e+003	 6.78205e+003
919	 9.3800000000e+002	 1.35705e+003	 6.76850e+003
920	 9.3900000000e+002	 1.39239e+003	 6.75116e+003
921	 9.4000000000e+002	 1.41425e+003	 6.72946e+003
922	 9.4100000000e+002	 1.43401e+003	 6.70231e+003
923	 9.4200000000e+002	 1.45038e+003	 6.67111e+003
924	 9.4300000000e+002	 1.45745e+003	 6.63722e+003
925	 9.4400000000e+002	 1.45705e+003	 6.60966e+003
926	 9.4500000000e+002	 1.46287e+003	 6.59044e+003
927	 9.4600000000e+002	 1.47850e+003	 6.55733e+003
928	 9.4700000000e+002	 1.49449e+003	 6.51676e+003
929	 9.4800000000e+002	 1.50783e+003	 6.48269e+003
930	 9.4900000000e+002	 1.50769e+003	 6.45733e+003
931	 9.5000000000e+002	 1.49898e+003	 6.43324e+003
932	 9.5100000000e+002	 1.47883e+003	 6.38740e+003
933	 9.5200000000e+002	 1.45041e+003	 6.35832e+003
934	 9.5300000000e+002	 1.41049e+003	 6.34044e+003
935	 9.5400000000e+002	 1.38090e+003	 6.32128e+003
936	 9.5500000000e+002	 1.35420e+003	 6.30205e+003
937	 9.5600000000e+002	 1.33970e+003	 6.29010e+003
938	 9.5700000000e+002	 1.32017e+003	 6.27694e+003
939	 9.5800000000e+002	 1.28921e+003	 6.26121e+003
940	 9.5900000000e+002	 1.26654e+003	 6.25332e+003
941	 9.6000000000e+002	 1.24537e+003	 6.23505e+003
942	 9.6100000000e+002	 1.20936e+003	 6.22584e+003
943	 9.6200000000e+002	 1.18053e+003	 6.21160e+003
944	 9.6300000000e+002	 1.14234e+003	 6.19813e+003
945	 9.6400000000e+002	 1.12412e+003	 6.19210e+003
946	 9.6500000000e+002	 1.10331e+003	 6.19681e+003
947	 9.6600000000e+002	 1.07494e+003	 6.21185e+003
948	 9.6700000000e+002	 1.05850e+003	 6.22131e+003
949	 9.6800000000e+002	 1.02598e+003	 6.22333e+003
950	 9.6900000000e+002	 9.92270e+002	 6.22995e+003
951	 9.7000000000e+002	 9.63984e+002	 6.23230e+003
952	 9.7100000000e+002	 9.23925e+002	 6.24535e+003
953	 9.7200000000e+002	 8.86059e+002	 6.26408e+003
954	 9.7300000000e+002	 8.63883e+002	 6.28923e+003
955	 9.7400000000e+002	 8.38512e+002	 6.33791e+003
956	 9.7500000000e+002	 8.22556e+002	 6.38447e+003
957	 9.7600000000e+002	 8.16578e+002	 6.41221e+003
958	 9.7700000000e+002	 8.03155e+002	 6.44775e+003
959	 9.7800000000e+002	 7.91114e+002	 6.47727e+003
960	 9.7900000000e+002	 7.71983e+002	 6.50726e+003
961	 9.8000000000e+002	 7.63652e+002	 6.54817e+003
962	 9.8100000000e+002	 7.72922e+002	 6.59422e+003
963	 9.8200000000e+002	 7.86899e+002	 6.65531e+003
964	 9.8300000000e+002	 8.07770e+002	 6.70601e+003
965	 9.8400000000e+002	 8.38575e+002	 6.74788e+003
966	 9.8500000000e+002	 8.65892e+002	 6.76155e+003
967	 9.8600000000e+002	 8.92132e+002	 6.77027e+003
968	 9.8700000000e+002	 9.15506e+002	 6.77018e+003
969	 9.8800000000e+002	 9.36421e+002	 6.79298e+003
970	 9.8900000000e+002	 9.40629e+002	 6.82956e+003
971	 9.9000000000e+002	 9.70274e+002	 6.86601e+003
972	 9.9100000000e+002	 1.00817e+003	 6.89847e+003
973	 9.9200000000e+002	 1.05757e+003	 6.89111e+003
974	 9.9300000000e+002	 1.09597e+003	 6.89118e+003
975	 9.9400000000e+002	 1.12437e+003	 6.89922e+003
976	 9.9500000000e+002	 1.16346e+003	 6.87926e+003
977	 9.9600000000e+002	 1.18837e+003	 6.84714e+003
978	 9.9700000000e+002	 1.19751e+003	 6.81938e+003
979	 9.9800000000e+002	 1.19145e+003	 6.84609e+003
980	 9.9900000000e+002	 1.19170e+003	 6.87325e+003
981	 1.0000000000e+003	 1.20341e+003	 6.86473e+003
982	 1.0010000000e+003	 1.22678e+003	 6.83289e+003
983	 1.0020000000e+003	 1.22331e+003	 6.79940e+003
984	 1.0030000000e+003	 1.24655e+003	 6.75308e+003
985	 1.0040000000e+003	 1.24117e+003	 6.70560e+003
986	 1.0050000000e+003	 1.22056e+003	 6.67334e+003
987	 1.0060000000e+003	 1.19580e+003	 6.65392e+003
988	 1.0070000000e+003	 1.16996e+003	 6.64483e+003
989	 1.0080000000e+003	 1.13651e+003	 6.65942e+003
990	 1.0090000000e+003	 1.11187e+003	 6.67024e+003
991	 1.0100000000e+003	 1.08974e+003	 6.67324e+003
992	 1.0110000000e+003	 1.07940e+003	 6.67758e+003
993	 1.0120000000e+003	 1.08003e+003	 6.67533e+003
994	 1.0130000000e+003	 1.08294e+003	 6.66971e+003
995	 1.0140000000e+003	 1.07897e+003	 6.67388e+003
996	 1.0150000000e+003	 1.05403e+003	 6.68506e+003
997	 1.0160000000e+003	 1.04878e+003	 6.69200e+003
998	 1.0170000000e+003	 1.03551e+003	 6.69998e+003
999	 1.0180000000e+003	 1.01318e+003	 6.71387e+003
1000	 1.0190000000e+003	 9.94368e+002	 6.72450e+003
1001	 1.0200000000e+003	 1.00369e+003	 6.72982e+003
1002	 1.0210000000e+003	 1.03721e+003	 6.74114e+003
1003	 1.0220000000e+003	 1.04920e+003	 6.73248e+003
1004	 1.0230000000e+003	 1.03582e+003	 6.73489e+003
1005	 1.0240000000e+003	 1.03004e+003	 6.74996e+003
1006	 1.0250000000e+003	 1.01575e+003	 6.77081e+003
1007	 1.0260000000e+003	 1.00670e+003	 6.77292e+003
1008	 1.0270000000e+003	 9.84746e+002	 6.78119e+003
1009	 1.0280000000e+003	 9.57769e+002	 6.79483e+003
1010	 1.0290000000e+003	 9.52645e+002	 6.80425e+003
1011	 1.0300000000e+003	 9.53370e+002	 6.79588e+003
1012	 1.0310000000e+003	 9.41564e+002	 6.79329e+003
1013	 1.0320000000e+003	 9.22074e+002	 6.80370e+003
1014	 1.0330000000e+003	 8.98859e+002	 6.82165e+003
1015	 1.0340000000e+003	 8.83859e+002	 6.85322e+003
1016	 1.0350000000e+003	 8.74439e+002	 6.89247e+003
1017	 1.0360000000e+003	 8.52452e+002	 6.93303e+003
1018	 1.0370000000e+003	 8.37456e+002	 6.98103e+003
1019	 1.0380000000e+003	 8.42699e+002	 7.01907e+003
1020	 1.0390000000e+003	 8.51134e+002	 7.04276e+003
1021	 1.0400000000e+003	 8.62217e+002	 7.06016e+003
1022	 1.0410000000e+003	 8.87933e+002	 7.09400e+003
1023	 1.0420000000e+003	 9.20286e+002	 7.12711e+003
1024	 1.0430000000e+003	 9.28411e+002	 7.16672e+003
1025	 1.0440000000e+003	 9.39246e+002	 7.20102e+003
1026	 1.0450000000e+003	 9.56619e+002	 7.22200e+003
1027	 1.0460000000e+003	 9.68043e+002	 7.25492e+003
1028	 1.0470000000e+003	 9.87265e+002	 7.27305e+003
1029	 1.0480000000e+003	 1.01597e+003	 7.27226e+003
1030	 1.0490000000e+003	 1.03981e+003	 7.26427e+003
1031	 1.0500000000e+003	 1.06931e+003	 7.28163e+003
1032	 1.0510000000e+003	 1.11166e+003	 7.27592e+003
1033	 1.0520000000e+003	 1.13615e+003	 7.27991e+003
1034	 1.0530000000e+003	 1.15083e+003	 7.28867e+003
1035	 1.0540000000e+003	 1.15875e+003	 7.30399e+003
1036	 1.0550000000e+003	 1.17215e+003	 7.30802e+003
1037	 1.0560000000e+003	 1.17892e+003	 7.30946e+003
1038	 1.0570000000e+003	 1.20251e+003	 7.29709e+003
1039	 1.0580000000e+003	 1.22346e+003	 7.27939e+003
1040	 1.0590000000e+003	 1.23591e+003	 7.27261e+003
1041	 1.0600000000e+003	 1.24700e+003	 7.26639e+003
1042	 1.0610000000e+003	 1.26047e+003	 7.25114e+003
1043	 1.0620000000e+003	 1.26479e+003	 7.23817e+003
1044	 1.0630000000e+003	 1.28282e+003	 7.24327e+003
1045	 1.0640000000e+003	 1.29431e+003	 7.24131e+003
1046	 1.0650000000e+003	 1.28957e+003	 7.22012e+003
1047	 1.0660000000e+003	 1.29072e+003	 7.20557e+003
1048	 1.0670000000e+003	 1.30393e+003	 7.20343e+003
1049	 1.0680000000e+003	 1.31350e+003	 7.18497e+003
1050	 1.0690000000e+003	 1.33046e+003	 7.16900e+003
1051	 1.0700000000e+003	 1.34674e+003	 7.15848e+003
1052	 1.0710000000e+003	 1.34045e+003	 7.14780e+003
1053	 1.0720000000e+003	 1.33006e+003	 7.13784e+003
1054	 1.0730000000e+003	 1.32563e+003	 7.12954e+003
1055	 1.0740000000e+003	 1.32297e+003	 7.11274e+003
1056	 1.0750000000e+003	 1.31224e+003	 7.10027e+003
1057	 1.0760000000e+003	 1.30826e+003	 7.09539e+003
1058	 1.0770000000e+003	 1.30450e+003	 7.09705e+003
1059	 1.0780000000e+003	 1.30720e+003	 7.08908e+003
1060	 1.0790000000e+003	 1.30623e+003	 7.07229e+003
1061	 1.0800000000e+003	 1.30826e+003	 7.06141e+003
1062	 1.0810000000e+003	 1.30717e+003	 7.05361e+003
1063	 1.0820000000e+003	 1.30181e+003	 7.03914e+003
1064	 1.0830000000e+003	 1.29508e+003	 7.03960e+003
1065	 1.0840000000e+003	 1.28738e+003	 7.04721e+003
1066	 1.0850000000e+003	 1.27701e+003	 7.02830e+003
1067	 1.0860000000e+003	 1.27564e+003	 7.01067e+003
1068	 1.0870000000e+003	 1.28606e+003	 6.99624e+003
1069	 1.0880000000e+003	 1.28676e+003	 6.97460e+003
1070	 1.0890000000e+003	 1.29135e+003	 6.94426e+003
1071	 1.0900000000e+003	 1.29278e+003	 6.91053e+003
1072	 1.0910000000e+003	 1.26750e+003	 6.89170e+003
1073	 1.0920000000e+003	 1.23689e+003	 6.87219e+003
1074	 1.0930000000e+003	 1.20037e+003	 6.87682e+003
1075	 1.0940000000e+003	 1.15095e+003	 6.85946e+003
1076	 1.0950000000e+003	 1.10167e+003	 6.83231e+003
1077	 1.0960000000e+003	 1.06481e+003	 6.81345e+003
1078	 1.0970000000e+003	 1.02828e+003	 6.82375e+003
1079	 1.0980000000e+003	 9.70417e+002	 6.84880e+003
1080	 1.0990000000e+003	 9.31196e+002	 6.86044e+003
1081	 1.1000000000e+003	 9.08278e+002	 6.87045e+003
1082	 1.1010000000e+003	 8.62224e+002	 6.89267e+003
1083	 1.1020000000e+003	 8.23318e+002	 6.96189e+003
1084	 1.1030000000e+003	 7.78969e+002	 7.02861e+003
1085	 1.1040000000e+003	 7.29793e+002	 7.08588e+003
1086	 1.1050000000e+003	 6.77738e+002	 7.11724e+003
1087	 1.1060000000e+003	 6.62043e+002	 7.17953e+003
1088	 1.1070000000e+003	 6.56261e+002	 7.23962e+003
1089	 1.1080000000e+003	 6.70965e+002	 7.26106e+003
1090	 1.1090000000e+003	 7.24530e+002	 7.28459e+003
1091	 1.1100000000e+003	 7.80037e+002	 7.30214e+003
1092	 1.1110000000e+003	 7.78790e+002	 7.31102e+003
1093	 1.1120000000e+003	 7.72041e+002	 7.31929e+003
1094	 1.1130000000e+003	 7.95519e+002	 7.34202e+003
1095	 1.1140000000e+003	 7.87126e+002	 7.35487e+003
1096	 1.1150000000e+003	 7.69813e+002	 7.36291e+003
1097	 1.1160000000e+003	 7.76504e+002	 7.36809e+003
1098	 1.1170000000e+003	 7.77552e+002	 7.35396e+003
1099	 1.1180000000e+003	 8.06676e+002	 7.34633e+003
1100	 1.1190000000e+003	 8.55970e+002	 7.35548e+003
1101	 1.1200000000e+003	 9.02440e+002	 7.34473e+003
1102	 1.1210000000e+003	 9.11459e+002	 7.29874e+003
1103	 1.1220000000e+003	 9.13219e+002	 7.30797e+003
1104	 1.1230000000e+003	 9.27325e+002	 7.29108e+003
1105	 1.1240000000e+003	 9.22242e+002	 7.25792e+003
1106	 1.1250000000e+003	 8.96833e+002	 7.22360e+003
1107	 1.1260000000e+003	 8.92465e+002	 7.19649e+003
1108	 1.1270000000e+003	 9.17012e+002	 7.16896e+003
1109	 1.1280000000e+003	 9.32158e+002	 7.11359e+003
1110	 1.1290000000e+003	 9.15181e+002	 7.07377e+003
1111	 1.1300000000e+003	 8.95603e+002	 7.05791e+003
1112	 1.1310000000e+003	 8.70587e+002	 7.01932e+003
1113	 1.1320000000e+003	 8.30482e+002	 6.94961e+003
1114	 1.1330000000e+003	 7.78037e+002	 6.90771e+003
1115	 1.1340000000e+003	 7.00671e+002	 6.86559e+003
1116	 1.1350000000e+003	 6.01727e+002	 6.82666e+003
1117	 1.1360000000e+003	 5.19464e+002	 6.84397e+003
1118	 1.1370000000e+003	 4.25012e+002	 6.86714e+003
1119	 1.1380000000e+003	 3.43350e+002	 6.86713e+003
1120	 1.1390000000e+003	 2.79814e+002	 6.87990e+003
1121	 1.1400000000e+003	 2.02313e+002	 6.90436e+003
1122	 1.1410000000e+003	 1.18934e+002	 6.94235e+003
1123	 1.1420000000e+003	 4.55521e+001	 6.99573e+003
1124	 1.1430000000e+003	-1.43793e+001	 7.08297e+003
1125	 1.1440000000e+003	-7.89715e+001	 7.10838e+003
1126	 1.1450000000e+003	-1.44578e+002	 7.13552e+003
1127	 1.1460000000e+003	-2.04502e+002	 7.20892e+003
1128	 1.1470000000e+003	-2.39510e+002	 7.29444e+003
1129	 1.1480000000e+003	-2.50166e+002	 7.40125e+003
1130	 1.1490000000e+003	-2.48068e+002	 7.49519e+003
1131	 1.1500000000e+003	-2.54538e+002	 7.57149e+003
1132	 1.1510000000e+003	-2.73583e+002	 7.61751e+003
1133	 1.1520000000e+003	-2.68946e+002	 7.67036e+003
1134	 1.1530000000e+003	-2.32764e+002	 7.71406e+003
1135	 1.1540000000e+003	-2.70669e+002	 7.76220e+003
1136	 1.1550000000e+003	-2.91834e+002	 7.79134e+003
1137	 1.1560000000e+003	-3.01901e+002	 7.81624e+003
1138	 1.1570000000e+003	-2.83408e+002	 7.87178e+003
1139	 1.1580000000e+003	-2.71235e+002	 7.92320e+003
1140	 1.1590000000e+003	-2.70583e+002	 7.96944e+003
1141	 1.1600000000e+003	-2.78988e+002	 8.00642e+003
1142	 1.1610000000e+003	-2.76805e+002	 8.05929e+003
1143	 1.1620000000e+003	-2.86862e+002	 8.06833e+003
1144	 1.1630000000e+003	-2.93767e+002	 8.10388e+003
1145	 1.1640000000e+003	-3.35511e+002	 8.17060e+003
1146	 1.1650000000e+003	-3.95860e+002	 8.18808e+003
1147	 1.1660000000e+003	-4.07363e+002	 8.19986e+003
1148	 1.1670000000e+003	-4.39843e+002	 8.22508e+003
1149	 1.1680000000e+003	-4.55924e+002	 8.26047e+003
1150	 1.1690000000e+003	-4.45173e+002	 8.30231e+003
1151	 1.1700000000e+003	-4.34904e+002	 8.37158e+003
1152	 1.1710000000e+003	-4.19163e+002	 8.42700e+003
1153	 1.1720000000e+003	-4.01277e+002	 8.48320e+003
1154	 1.1730000000e+003	-3.96040e+002	 8.50704e+003
1155	 1.1740000000e+003	-4.19183e+002	 8.54123e+003
1156	 1.1750000000e+003	-4.45561e+002	 8.55671e+003
1157	 1.1760000000e+003	-4.59929e+002	 8.57326e+003
1158	 1.1770000000e+003	-4.85015e+002	 8.62299e+003
1159	 1.1780000000e+003	-4.82452e+002	 8.68180e+003
1160	 1.1790000000e+003	-4.70540e+002	 8.71396e+003
1161	 1.1800000000e+003	-4.51810e+002	 8.74337e+003
1162	 1.1810000000e+003	-4.42128e+002	 8.77087e+003
1163	 1.1820000000e+003	-4.40408e+002	 8.85998e+003
1164	 1.1830000000e+003	-4.40721e+002	 8.92175e+003
1165	 1.1840000000e+003	-4.18039e+002	 8.92921e+003
1166	 1.1850000000e+003	-4.14259e+002	 8.97754e+003
1167	 1.1860000000e+003	-4.21257e+002	 9.01392e+003
1168	 1.1870000000e+003	-4.10218e+002	 9.03071e+003
1169	 1.1880000000e+003	-4.23865e+002	 9.03828e+003
1170	 1.1890000000e+003	-3.98933e+002	 9.06467e+003
1171	 1.1900000000e+003	-3.70107e+002	 9.12570e+003
1172	 1.1910000000e+003	-3.55984e+002	 9.16072e+003
1173	 1.1920000000e+003	-3.44330e+002	 9.20922e+003
1174	 1.1930000000e+003	-3.32448e+002	 9.24397e+003
1175	 1.1940000000e+003	-3.18017e+002	 9.28227e+003
1176	 1.1950000000e+003	-3.00980e+002	 9.32035e+003
1177	 1.1960000000e+003	-2.94455e+002	 9.34965e+003
1178	 1.1970000000e+003	-2.95935e+002	 9.36298e+003
1179	 1.1980000000e+003	-3.01076e+002	 9.37756e+003
1180	 1.1990000000e+003	-2.81253e+002	 9.39837e+003
1181	 1.2000000000e+003	-2.61128e+002	 9.43061e+003
1182	 1.2010000000e+003	-2.47522e+002	 9.44768e+003
1183	 1.2020000000e+003	-2.20783e+002	 9.44621e+003
1184	 1.2030000000e+003	-1.91430e+002	 9.45285e+003
1185	 1.2040000000e+003	-1.71437e+002	 9.49178e+003
1186	 1.2050000000e+003	-1.84367e+002	 9.56810e+003
1187	 1.2060000000e+003	-2.10445e+002	 9.59269e+003
1188	 1.2070000000e+003	-2.26248e+002	 9.60273e+003
1189	 1.2080000000e+003	-2.20689e+002	 9.60329e+003
1190	 1.2090000000e+003	-2.11540e+002	 9.63941e+003
1191	 1.2100000000e+003	-2.02563e+002	 9.67676e+003
1192	 1.2110000000e+003	-1.85350e+002	 9.71531e+003
1193	 1.2120000000e+003	-1.75201e+002	 9.73387e+003
1194	 1.2130000000e+003	-1.69411e+002	 9.74339e+003
1195	 1.2140000000e+003	-1.52004e+002	 9.77203e+003
1196	 1.2150000000e+003	-1.40615e+002	 9.82363e+003
1197	 1.2160000000e+003	-1.58066e+002	 9.87537e+003
1198	 1.2170000000e+003	-1.87755e+002	 9.90106e+003
1199	 1.2180000000e+003	-2.05180e+002	 9.91813e+003
1200	 1.2190000000e+003	-1.97231e+002	 9.92285e+003
1201	 1.2200000000e+003	-2.01098e+002	 9.93672e+003
1202	 1.2210000000e+003	-2.03151e+002	 9.93839e+003
1203	 1.2220000000e+003	-2.10178e+002	 9.97281e+003
1204	 1.2230000000e+003	-1.89655e+002	 9.99233e+003
1205	 1.2240000000e+003	-1.70887e+002	 1.00385e+004
1206	 1.2250000000e+003	-1.56670e+002	 1.00658e+004
1207	 1.2260000000e+003	-1.36886e+002	 1.01012e+004
1208	 1.2270000000e+003	-1.43817e+002	 1.01453e+004
1209	 1.2280000000e+003	-1.56402e+002	 1.02113e+004
1210	 1.2290000000e+003	-1.65268e+002	 1.02516e+004
1211	 1.2300000000e+003	-2.26931e+002	 1.02917e+004
1212	 1.2310000000e+003	-2.21730e+002	 1.02880e+004
1213	 1.2320000000e+003	-1.93655e+002	 1.02820e+004
1214	 1.2330000000e+003	-1.89835e+002	 1.02844e+004
1215	 1.2340000000e+003	-1.67946e+002	 1.02908e+004
1216	 1.2350000000e+003	-1.30493e+002	 1.03433e+004
1217	 1.2360000000e+003	-1.50875e+002	 1.03766e+004
1218	 1.2370000000e+003	-1.56630e+002	 1.03806e+004
1219	 1.2380000000e+003	-1.12933e+002	 1.03978e+004
1220	 1.2390000000e+003	-7.31731e+001	 1.04312e+004
1221	 1.2400000000e+003	-6.63192e+001	 1.04749e+004
1222	 1.2410000000e+003	-1.32711e+002	 1.05108e+004
1223	 1.2420000000e+003	-1.85503e+002	 1.05562e+004
1224	 1.2430000000e+003	-1.14499e+002	 1.05344e+004
1225	 1.2440000000e+003	-2.01300e+001	 1.05017e+004
1226	 1.2450000000e+003	 2.10011e+001	 1.05191e+004
1227	 1.2460000000e+003	 5.61389e+001	 1.05561e+004
1228	 1.2470000000e+003	 8.27172e+001	 1.05891e+004
1229	 1.2480000000e+003	 4.59308e+001	 1.05993e+004
1230	 1.2490000000e+003	 5.11136e+001	 1.06024e+004
1231	 1.2500000000e+003	 5.53013e+001	 1.05841e+004
1232	 1.2510000000e+003	 1.54040e+002	 1.06389e+004
1233	 1.2520000000e+003	 1.53977e+002	 1.06778e+004
1234	 1.2530000000e+003	 1.14361e+002	 1.06974e+004
1235	 1.2540000000e+003	 1.35134e+002	 1.06518e+004
1236	 1.2550000000e+003	 1.27374e+002	 1.05717e+004
1237	 1.2560000000e+003	 8.36919e+001	 1.05309e+004
1238	 1.2570000000e+003	 3.40776e+001	 1.05327e+004
1239	 1.2580000000e+003	 5.03003e+001	 1.05290e+004
1240	 1.2590000000e+003	 1.12474e+002	 1.05596e+004
1241	 1.2600000000e+003	 1.03726e+002	 1.06001e+004
1242	 1.2610000000e+003	 5.97665e+001	 1.07254e+004
1243	 1.2620000000e+003	 3.43688e+001	 1.07363e+004
1244	 1.2630000000e+003	-5.70056e+001	 1.07339e+004
1245	 1.2640000000e+003	-8.76210e+001	 1.07425e+004
1246	 1.2650000000e+003	-5.48484e+001	 1.06983e+004
1247	 1.2660000000e+003	-2.19231e+001	 1.07211e+004
1248	 1.2670000000e+003	-6.60624e+001	 1.07574e+004
1249	 1.2680000000e+003	-1.32384e+002	 1.07785e+004
1250	 1.2690000000e+003	-1.73099e+002	 1.08008e+004
1251	 1.2700000000e+003	-1.23964e+002	 1.07804e+004
1252	 1.2710000000e+003	-9.58471e+001	 1.08516e+004
1253	 1.2720000000e+003	-1.48571e+002	 1.10085e+004
1254	 1.2730000000e+003	-1.85566e+002	 1.10393e+004
1255	 1.2740000000e+003	-2.52360e+002	 1.10941e+004
1256	 1.2750000000e+003	-2.73506e+002	 1.11158e+004
1257	 1.2760000000e+003	-2.50001e+002	 1.10528e+004
1258	 1.2770000000e+003	-2.28379e+002	 1.10654e+004
1259	 1.2780000000e+003	-2.89449e+002	 1.11359e+004
1260	 1.2790000000e+003	-3.28310e+002	 1.11860e+004
1261	 1.2800000000e+003	-2.86033e+002	 1.12345e+004
1262	 1.2810000000e+003	-2.14795e+002	 1.13058e+004
1263	 1.2820000000e+003	-2.24987e+002	 1.12968e+004
1264	 1.2830000000e+003	-3.05813e+002	 1.13120e+004
1265	 1.2840000000e+003	-3.27802e+002	 1.14951e+004
1266	 1.2850000000e+003	-2.56837e+002	 1.15196e+004
1267	 1.2860000000e+003	-2.93124e+002	 1.16197e+004
1268	 1.2870000000e+003	-3.32916e+002	 1.16342e+004
1269	 1.2880000000e+003	-3.71275e+002	 1.16338e+004
1270	 1.2890000000e+003	-4.05523e+002	 1.16246e+004
1271	 1.2900000000e+003	-4.36843e+002	 1.15686e+004
1272	 1.2910000000e+003	-4.53980e+002	 1.15736e+004
1273	 1.2920000000e+003	-4.30543e+002	 1.16518e+004
1274	 1.2930000000e+003	-5.23791e+002	 1.17588e+004
1275	 1.2940000000e+003	-5.85018e+002	 1.18054e+004
1276	 1.2950000000e+003	-5.47499e+002	 1.17921e+004
1277	 1.2960000000e+003	-4.12211e+002	 1.19301e+004
1278	 1.2970000000e+003	-3.77659e+002	 1.20203e+004
1279	 1.2980000000e+003	-4.32266e+002	 1.20858e+004
1280	 1.2990000000e+003	-5.24364e+002	 1.20819e+004
1281	 1.3000000000e+003	-5.45909e+002	 1.21105e+004
1282	 1.3010000000e+003	-5.88995e+002	 1.21747e+004
1283	 1.3020000000e+003	-5.20162e+002	 1.21243e+004
1284	 1.3030000000e+003	-4.77513e+002	 1.21742e+004
1285	 1.3040000000e+003	-5.61389e+002	 1.22965e+004
1286	 1.3050000000e+003	-5.83900e+002	 1.23534e+004
1287	 1.3060000000e+003	-5.56342e+002	 1.22692e+004
1288	 1.3070000000e+003	-5.22802e+002	 1.23788e+004
1289	 1.3080000000e+003	-6.25773e+002	 1.24455e+004
1290	 1.3090000000e+003	-6.45193e+002	 1.25011e+004
1291	 1.3100000000e+003	-6.65312e+002	 1.25776e+004
1292	 1.3110000000e+003	-6.05451e+002	 1.26135e+004
1293	 1.3120000000e+003	-5.55841e+002	 1.27486e+004
1294	 1.3130000000e+003	-4.52930e+002	 1.27533e+004
1295	 1.3140000000e+003	-5.39540e+002	 1.27456e+004
1296	 1.3150000000e+003	-5.52109e+002	 1.27712e+004
1297	 1.3160000000e+003	-5.83476e+002	 1.26948e+004
1298	 1.3170000000e+003	-6.15026e+002	 1.27854e+004
1299	 1.3180000000e+003	-5.62194e+002	 1.29653e+004
1300	 1.3190000000e+003	-5.38300e+002	 1.30808e+004
1301	 1.3200000000e+003	-5.68467e+002	 1.32053e+004
1302	 1.3210000000e+003	-5.43734e+002	 1.33028e+004
1303	 1.3220000000e+003	-5.05547e+002	 1.34104e+004
1304	 1.3230000000e+003	-5.00796e+002	 1.34244e+004
1305	 1.3240000000e+003	-4.90828e+002	 1.35232e+004
1306	 1.3250000000e+003	-5.18764e+002	 1.35609e+004
1307	 1.3260000000e+003	-5.20481e+002	 1.36990e+004
1308	 1.3270000000e+003	-4.32125e+002	 1.36994e+004
1309	 1.3280000000e+003	-3.03604e+002	 1.36357e+004
1310	 1.3290000000e+003	-2.85262e+002	 1.37066e+004
1311	 1.3300000000e+003	-2.97722e+002	 1.37615e+004
1312	 1.3310000000e+003	-2.39646e+002	 1.38479e+004
1313	 1.3320000000e+003	-1.90482e+002	 1.39191e+004
1314	 1.3330000000e+003	-2.34178e+002	 1.40343e+004
1315	 1.3340000000e+003	-2.11761e+002	 1.40375e+004
1316	 1.3350000000e+003	-1.72750e+002	 1.40956e+004
1317	 1.3360000000e+003	-3.37510e+001	 1.41594e+004
1318	 1.3370000000e+003	-7.15106e+001	 1.42071e+004
1319	 1.3380000000e+003	-5.20386e+001	 1.43687e+004
1320	 1.3390000000e+003	-2.40709e+001	 1.44677e+004
1321	 1.3400000000e+003	-9.17602e+001	 1.44414e+004
1322	 1.3410000000e+003	-9.67900e+000	 1.45140e+004
1323	 1.3420000000e+003	-5.98462e+001	 1.46813e+004
1324	 1.3430000000e+003	 1.68103e+001	 1.46602e+004
1325	 1.3440000000e+003	 1.25185e+002	 1.47065e+004
1326	 1.3450000000e+003	 4.28146e+001	 1.47632e+004
1327	 1.3460000000e+003	 8.15286e+001	 1.48713e+004
1328	 1.3470000000e+003	 1.95856e+002	 1.48592e+004
1329	 1.3480000000e+003	 1.88279e+002	 1.47705e+004
1330	 1.3490000000e+003	 1.59712e+002	 1.48551e+004
1331	 1.3500000000e+003	 1.05891e+002	 1.50512e+004
1332	 1.3510000000e+003	 6.00443e+001	 1.51065e+004
1333	 1.3520000000e+003	 1.72511e+002	 1.50949e+004
1334	 1.3530000000e+003	 2.21263e+002	 1.51079e+004
1335	 1.3540000000e+003	 2.25317e+002	 1.51936e+004
1336	 1.3550000000e+003	 2.05891e+002	 1.53814e+004
1337	 1.3560000000e+003	 2.86891e+002	 1.54503e+004
1338	 1.3570000000e+003	 3.43724e+002	 1.54498e+004
1339	 1.3580000000e+003	 3.79354e+002	 1.54875e+004
1340	 1.3590000000e+003	 3.58316e+002	 1.55331e+004
1341	 1.3600000000e+003	 3.22364e+002	 1.56561e+004
1342	 1.3610000000e+003	 3.65152e+002	 1.56689e+004
1343	 1.3620000000e+003	 3.93899e+002	 1.56386e+004
1344	 1.3630000000e+003	 5.55216e+002	 1.56958e+004
1345	 1.3640000000e+003	 5.49951e+002	 1.58191e+004
1346	 1.3650000000e+003	 5.82743e+002	 1.59715e+004
1347	 1.3660000000e+003	 6.47452e+002	 1.59804e+004
1348	 1.3670000000e+003	 6.16959e+002	 1.60174e+004
1349	 1.3680000000e+003	 6.30160e+002	 1.59848e+004
1350	 1.3690000000e+003	 6.97379e+002	 1.59859e+004
1351	 1.3700000000e+003	 6.64821e+002	 1.60545e+004
1352	 1.3710000000e+003	 6.16640e+002	 1.61107e+004
1353	 1.3720000000e+003	 6.75115e+002	 1.63071e+004
1354	 1.3730000000e+003	 7.54025e+002	 1.63119e+004
1355	 1.3740000000e+003	 7.24720e+002	 1.63904e+004
1356	 1.3750000000e+003	 9.06248e+002	 1.64482e+004
1357	 1.3760000000e+003	 9.03329e+002	 1.64834e+004
1358	 1.3770000000e+003	 9.71891e+002	 1.64279e+004
1359	 1.3780000000e+003	 9.73816e+002	 1.64049e+004
1360	 1.3790000000e+003	 9.34538e+002	 1.66204e+004
1361	 1.3800000000e+003	 1.06490e+003	 1.66461e+004
1362	 1.3810000000e+003	 1.17057e+003	 1.68603e+004
1363	 1.3820000000e+003	 1.16277e+003	 1.69998e+004
1364	 1.3830000000e+003	 1.05139e+003	 1.70826e+004
1365	 1.3840000000e+003	 1.10508e+003	 1.72043e+004
1366	 1.3850000000e+003	 1.15713e+003	 1.72771e+004
1367	 1.3860000000e+003	 1.19548e+003	 1.72090e+004
1368	 1.3870000000e+003	 1.17302e+003	 1.71480e+004
1369	 1.3880000000e+003	 1.39357e+003	 1.72712e+004
1370	 1.3890000000e+003	 1.36533e+003	 1.73904e+004
1371	 1.3900000000e+003	 1.44732e+003	 1.74425e+004
1372	 1.3910000000e+003	 1.63294e+003	 1.75606e+004
1373	 1.3920000000e+003	 1.85226e+003	 1.77415e+004
1374	 1.3930000000e+003	 1.97663e+003	 1.78343e+004
1375	 1.3940000000e+003	 1.95761e+003	 1.79783e+004
1376	 1.3950000000e+003	 1.81704e+003	 1.82455e+004
1377	 1.3960000000e+003	 2.00524e+003	 1.82050e+004
1378	 1.3970000000e+003	 2.19605e+003	 1.83900e+004
1379	 1.3980000000e+003	 2.27615e+003	 1.83262e+004
1380	 1.3990000000e+003	 2.42449e+003	 1.82370e+004
1381	 1.4000000000e+003	 2.61192e+003	 1.84492e+004
1382	 1.4010000000e+003	 2.75881e+003	 1.85140e+004
1383	 1.4020000000e+003	 2.80472e+003	 1.86028e+004
1384	 1.4030000000e+003	 2.76547e+003	 1.88317e+004
1385	 1.4040000000e+003	 2.76642e+003	 1.88498e+004
1386	 1.4050000000e+003	 3.00611e+003	 1.89280e+004
1387	 1.4060000000e+003	 3.09661e+003	 1.89096e+004
1388	 1.4070000000e+003	 3.24811e+003	 1.90067e+004
1389	 1.4080000000e+003	 3.57751e+003	 1.90352e+004
1390	 1.4090000000e+003	 3.64034e+003	 1.94256e+004
1391	 1.4100000000e+003	 3.73192e+003	 1.94863e+004
1392	 1.4110000000e+003	 3.90309e+003	 1.93471e+004
1393	 1.4120000000e+003	 4.31447e+003	 1.93705e+004
1394	 1.4130000000e+003	 4.54873e+003	 1.94516e+004
1395	 1.4140000000e+003	 4.38093e+003	 1.94454e+004
1396	 1.4150000000e+003	 4.37729e+003	 1.91685e+004
1397	 1.4160000000e+003	 4.72566e+003	 1.91336e+004
1398	 1.4170000000e+003	 5.16531e+003	 1.94076e+004
1399	 1.4180000000e+003	 5.14797e+003	 1.97084e+004
1400	 1.4190000000e+003	 5.30117e+003	 1.96825e+004
1401	 1.4200000000e+003	 5.56835e+003	 1.97882e+004
1402	 1.4210000000e+003	 5.68795e+003	 2.00141e+004
1403	 1.4220000000e+003	 5.88360e+003	 2.00813e+004
1404	 1.4230000000e+003	 5.93780e+003	 2.00241e+004
1405	 1.4240000000e+003	 6.11493e+003	 1.97174e+004
1406	 1.4250000000e+003	 6.68785e+003	 1.96693e+004
1407	 1.4260000000e+003	 6.86531e+003	 1.95826e+004
1408	 1.4270000000e+003	 6.98540e+003	 1.97624e+004
1409	 1.4280000000e+003	 6.98618e+003	 1.98259e+004
1410	 1.4290000000e+003	 7.09737e+003	 1.97293e+004
1411	 1.4300000000e+003	 7.25114e+003	 1.96560e+004
1412	 1.4310000000e+003	 7.40198e+003	 1.94211e+004
1413	 1.4320000000e+003	 7.53187e+003	 1.93936e+004
1414	 1.4330000000e+003	 7.84741e+003	 1.94995e+004
1415	 1.4340000000e+003	 8.08936e+003	 1.96609e+004
1416	 1.4350000000e+003	 7.91330e+003	 1.95582e+004
1417	 1.4360000000e+003	 7.78308e+003	 1.94957e+004
1418	 1.4370000000e+003	 7.86160e+003	 1.92844e+004
1419	 1.4380000000e+003	 8.36194e+003	 1.92797e+004
1420	 1.4390000000e+003	 8.38106e+003	 1.90764e+004
1421	 1.4400000000e+003	 8.52651e+003	 1.87292e+004
1422	 1.4410000000e+003	 8.64093e+003	 1.86229e+004
1423	 1.4420000000e+003	 8.70182e+003	 1.84575e+004
1424	 1.4430000000e+003	 8.66897e+003	 1.84043e+004
1425	 1.4440000000e+003	 9.22232e+003	 1.83910e+004
1426	 1.4450000000e+003	 9.64570e+003	 1.84232e+004
1427	 1.4460000000e+003	 1.00204e+004	 1.81523e+004
1428	 1.4470000000e+003	 9.92410e+003	 1.80246e+004
1429	 1.4480000000e+003	 9.49562e+003	 1.82700e+004
1430	 1.4490000000e+003	 9.71651e+003	 1.80129e+004
1431	 1.4500000000e+003	 9.92705e+003	 1.77550e+004
1432	 1.4510000000e+003	 1.00198e+004	 1.75791e+004
1433	 1.4520000000e+003	 1.01143e+004	 1.73653e+004
1434	 1.4530000000e+003	 1.01828e+004	 1.73034e+004
1435	 1.4540000000e+003	 1.03012e+004	 1.72425e+004
1436	 1.4550000000e+003	 1.01333e+004	 1.70345e+004
1437	 1.4560000000e+003	 1.03365e+004	 1.68964e+004
1438	 1.4570000000e+003	 1.05082e+004	 1.65948e+004
1439	 1.4580000000e+003	 1.05792e+004	 1.65348e+004
1440	 1.4590000000e+003	 1.07725e+004	 1.63117e+004
1441	 1.4600000000e+003	 1.08836e+004	 1.62105e+004
1442	 1.4610000000e+003	 1.09708e+004	 1.61350e+004
1443	 1.4620000000e+003	 1.08601e+004	 1.58818e+004
1444	 1.4630000000e+003	 1.09440e+004	 1.58282e+004
1445	 1.4640000000e+003	 1.12109e+004	 1.58405e+004
1446	 1.4650000000e+003	 1.12049e+004	 1.58985e+004
1447	 1.4660000000e+003	 1.12564e+004	 1.55459e+004
1448	 1.4670000000e+003	 1.13563e+004	 1.49257e+004
1449	 1.4680000000e+003	 1.13337e+004	 1.47505e+004
1450	 1.4690000000e+003	 1.13962e+004	 1.48596e+004
1451	 1.4700000000e+003	 1.13373e+004	 1.48105e+004
1452	 1.4710000000e+003	 1.12905e+004	 1.47298e+004
1453	 1.4720000000e+003	 1.13630e+004	 1.43255e+004
1454	 1.4730000000e+003	 1.12390e+004	 1.41011e+004
1455	 1.4740000000e+003	 1.12161e+004	 1.40130e+004
1456	 1.4750000000e+003	 1.14297e+004	 1.38830e+004
1457	 1.4760000000e+003	 1.13531e+004	 1.38170e+004
1458	 1.4770000000e+003	 1.12487e+004	 1.37205e+004
1459	 1.4780000000e+003	 1.14609e+004	 1.35060e+004
1460	 1.4790000000e+003	 1.14984e+004	 1.34296e+004
1461	 1.4800000000e+003	 1.12127e+004	 1.32764e+004
1462	 1.4810000000e+003	 1.11561e+004	 1.30429e+004
1463	 1.4820000000e+003	 1.11094e+004	 1.29646e+004
1464	 1.4830000000e+003	 1.10512e+004	 1.29432e+004
1465	 1.4840000000e+003	 1.10762e+004	 1.27377e+004
1466	 1.4850000000e+003	 1.11300e+004	 1.25777e+004
1467	 1.4860000000e+003	 1.09734e+004	 1.26012e+004
1468	 1.4870000000e+003	 1.08937e+004	 1.25961e+004
1469	 1.4880000000e+003	 1.08969e+004	 1.25076e+004
1470	 1.4890000000e+003	 1.08983e+004	 1.23562e+004
1471	 1.4900000000e+003	 1.07985e+004	 1.21725e+004
1472	 1.4910000000e+003	 1.06991e+004	 1.19950e+004
1473	 1.4920000000e+003	 1.05798e+004	 1.18242e+004
1474	 1.4930000000e+003	 1.06508e+004	 1.17068e+004
1475	 1.4940000000e+003	 1.06239e+004	 1.18308e+004
1476	 1.4950000000e+003	 1.04672e+004	 1.18334e+004
1477	 1.4960000000e+003	 1.04160e+004	 1.17134e+004
1478	 1.4970000000e+003	 1.04606e+004	 1.16390e+004
1479	 1.4980000000e+003	 1.03041e+004	 1.16137e+004
1480	 1.4990000000e+003	 1.00717e+004	 1.14680e+004
1481	 1.5000000000e+003	 1.00925e+004	 1.14632e+004
1482	 1.5010000000e+003	 1.00505e+004	 1.13932e+004
1483	 1.5020000000e+003	 9.94149e+003	 1.13589e+004
1484	 1.5030000000e+003	 9.87094e+003	 1.13069e+004
1485	 1.5040000000e+003	 9.77029e+003	 1.12811e+004
1486	 1.5050000000e+003	 9.78969e+003	 1.11597e+004
1487	 1.5060000000e+003	 9.74975e+003	 1.11115e+004
1488	 1.5070000000e+003	 9.62303e+003	 1.10043e+004
1489	 1.5080000000e+003	 9.50181e+003	 1.09021e+004
1490	 1.5090000000e+003	 9.56049e+003	 1.09427e+004
1491	 1.5100000000e+003	 9.48871e+003	 1.08915e+004
1492	 1.5110000000e+003	 9.34743e+003	 1.09282e+004
1493	 1.5120000000e+003	 9.27752e+003	 1.08861e+004
1494	 1.5130000000e+003	 9.12617e+003	 1.09034e+004
1495	 1.5140000000e+003	 9.01419e+003	 1.08843e+004
1496	 1.5150000000e+003	 8.90364e+003	 1.07765e+004
1497	 1.5160000000e+003	 8.91618e+003	 1.07025e+004
1498	 1.5170000000e+003	 8.86844e+003	 1.06932e+004
1499	 1.5180000000e+003	 8.78805e+003	 1.06593e+004
1500	 1.5190000000e+003	 8.80958e+003	 1.06171e+004
1501	 1.5200000000e+003	 8.51517e+003	 1.05422e+004
1502	 1.5210000000e+003	 8.42392e+003	 1.05430e+004
1503	 1.5220000000e+003	 8.46641e+003	 1.05922e+004
1504	 1.5230000000e+003	 8.42445e+003	 1.06886e+004
1505	 1.5240000000e+003	 8.39664e+003	 1.06901e+004
1506	 1.5250000000e+003	 8.40581e+003	 1.06439e+004
1507	 1.5260000000e+003	 8.34843e+003	 1.06534e+004
1508	 1.5270000000e+003	 8.21444e+003	 1.04917e+004
1509	 1.5280000000e+003	 8.11307e+003	 1.04998e+004
1510	 1.5290000000e+003	 8.17690e+003	 1.06053e+004
1511	 1.5300000000e+003	 8.06147e+003	 1.05868e+004
1512	 1.5310000000e+003	 7.91249e+003	 1.05766e+004
1513	 1.5320000000e+003	 7.88633e+003	 1.05015e+004
1514	 1.5330000000e+003	 7.91332e+003	 1.05384e+004
1515	 1.5340000000e+003	 7.99728e+003	 1.05401e+004
1516	 1.5350000000e+003	 7.79132e+003	 1.04645e+004
1517	 1.5360000000e+003	 7.75162e+003	 1.04119e+004
1518	 1.5370000000e+003	 7.75371e+003	 1.04421e+004
1519	 1.5380000000e+003	 7.61246e+003	 1.04936e+004
1520	 1.5390000000e+003	 7.64680e+003	 1.04444e+004
1521	 1.5400000000e+003	 7.71396e+003	 1.04458e+004
1522	 1.5410000000e+003	 7.59796e+003	 1.05672e+004
1523	 1.5420000000e+003	 7.56473e+003	 1.06746e+004
1524	 1.5430000000e+003	 7.45223e+003	 1.06323e+004
1525	 1.5440000000e+003	 7.38108e+003	 1.04702e+004
1526	 1.5450000000e+003	 7.46843e+003	 1.05030e+004
1527	 1.5460000000e+003	 7.45540e+003	 1.05524e+004
1528	 1.5470000000e+003	 7.42097e+003	 1.06409e+004
1529	 1.5480000000e+003	 7.45628e+003	 1.06671e+004
1530	 1.5490000000e+003	 7.43491e+003	 1.05664e+004
1531	 1.5500000000e+003	 7.36469e+003	 1.05506e+004
1532	 1.5510000000e+003	 7.33736e+003	 1.06141e+004
1533	 1.5520000000e+003	 7.39957e+003	 1.06234e+004
1534	 1.5530000000e+003	 7.35480e+003	 1.07277e+004
1535	 1.5540000000e+003	 7.33657e+003	 1.06929e+004
1536	 1.5550000000e+003	 7.29351e+003	 1.06390e+004
1537	 1.5560000000e+003	 7.23070e+003	 1.06880e+004
1538	 1.5570000000e+003	 7.18964e+003	 1.05627e+004
1539	 1.5580000000e+003	 7.23156e+003	 1.05736e+004
1540	 1.5590000000e+003	 7.10796e+003	 1.06164e+004
1541	 1.5600000000e+003	 7.14872e+003	 1.05056e+004
1542	 1.5610000000e+003	 7.23908e+003	 1.05659e+004
1543	 1.5620000000e+003	 7.16261e+003	 1.06353e+004
1544	 1.5630000000e+003	 7.09461e+003	 1.06616e+004
1545	 1.5640000000e+003	 7.13005e+003	 1.05834e+004
1546	 1.5650000000e+003	 7.02295e+003	 1.06110e+004
1547	 1.5660000000e+003	 6.96397e+003	 1.06972e+004
1548	 1.5670000000e+003	 6.89737e+003	 1.05879e+004
1549	 1.5680000000e+003	 7.01319e+003	 1.05993e+004
1550	 1.5690000000e+003	 7.02770e+003	 1.06251e+004
1551	 1.5700000000e+003	 6.92463e+003	 1.05420e+004
1552	 1.5710000000e+003	 6.95219e+003	 1.06706e+004
1553	 1.5720000000e+003	 6.88316e+003	 1.06792e+004
1554	 1.5730000000e+003	 6.90386e+003	 1.06505e+004
1555	 1.5740000000e+003	 6.77660e+003	 1.05511e+004
1556	 1.5750000000e+003	 6.87022e+003	 1.06450e+004
1557	 1.5760000000e+003	 6.78223e+003	 1.07038e+004
1558	 1.5770000000e+003	 6.77065e+003	 1.05855e+004
1559	 1.5780000000e+003	 6.53479e+003	 1.04740e+004
1560	 1.5790000000e+003	 6.42139e+003	 1.05763e+004
1561	 1.5800000000e+003	 6.54643e+003	 1.05459e+004
1562	 1.5810000000e+003	 6.54336e+003	 1.06648e+004
1563	 1.5820000000e+003	 6.63132e+003	 1.07708e+004
1564	 1.5830000000e+003	 6.35352e+003	 1.05789e+004
1565	 1.5840000000e+003	 6.45523e+003	 1.07199e+004
1566	 1.5850000000e+003	 6.38188e+003	 1.07605e+004
1567	 1.5860000000e+003	 6.30001e+003	 1.07436e+004
1568	 1.5870000000e+003	 6.36424e+003	 1.05985e+004
1569	 1.5880000000e+003	 6.10384e+003	 1.04471e+004
1570	 1.5890000000e+003	 6.08013e+003	 1.06949e+004
1571	 1.5900000000e+003	 6.13479e+003	 1.07459e+004
1572	 1.5910000000e+003	 6.10135e+003	 1.07126e+004
1573	 1.5920000000e+003	 6.13391e+003	 1.07484e+004
1574	 1.5930000000e+003	 5.99934e+003	 1.07209e+004
1575	 1.5940000000e+003	 5.90354e+003	 1.05903e+004
1576	 1.5950000000e+003	 5.78009e+003	 1.06737e+004
1577	 1.5960000000e+003	 5.77550e+003	 1.08173e+004
1578	 1.5970000000e+003	 5.80015e+003	 1.09339e+004
1579	 1.5980000000e+003	 5.68302e+003	 1.09585e+004
1580	 1.5990000000e+003	 5.68155e+003	 1.09932e+004
1581	 1.6000000000e+003	 5.74535e+003	 1.09989e+004
1582	 1.6010000000e+003	 5.84965e+003	 1.09223e+004
1583	 1.6020000000e+003	 5.85324e+003	 1.08627e+004
1584	 1.6030000000e+003	 5.79004e+003	 1.05667e+004
1585	 1.6040000000e+003	 5.11014e+003	 1.12160e+004
1586	 1.6050000000e+003	 5.30441e+003	 1.14171e+004
1587	 1.6060000000e+003	 5.44852e+003	 1.13666e+004
1588	 1.6070000000e+003	 5.48151e+003	 1.12345e+004
1589	 1.6080000000e+003	 5.35788e+003	 1.12168e+004
1590	 1.6090000000e+003	 5.39847e+003	 1.13306e+004
1591	 1.6100000000e+003	 5.44521e+003	 1.13020e+004
1592	 1.6110000000e+003	 5.43153e+003	 1.13296e+004
1593	 1.6120000000e+003	 5.37216e+003	 1.13168e+004
1594	 1.6130000000e+003	 5.32168e+003	 1.13426e+004
1595	 1.6140000000e+003	 5.29469e+003	 1.13383e+004
1596	 1.6150000000e+003	 5.20922e+003	 1.13564e+004
1597	 1.6160000000e+003	 5.25414e+003	 1.13568e+004
1598	 1.6170000000e+003	 5.29059e+003	 1.13912e+004
1599	 1.6180000000e+003	 5.07320e+003	 1.14588e+004
1600	 1.6190000000e+003	 5.18329e+003	 1.14082e+004
1601	 1.6200000000e+003	 5.14582e+003	 1.14358e+004
TagsBegin:	 	 	 
OverLoad:	 	False	 
AverageNumber: []	 	 8.80000e+001	 
OverLoadRatio: []	 	 1.19209e-007	 
TagsEnd:	 	 	 
TagScalesBegin:	 	 	 
TagScalesEnd:	 	 	 
