Header Size:	 79	 	 
Pulse Version:	 80	 	 
Running Pulse Version:	PULSE LabShop Fast Track Version 18.1.1.9 - 2014-01-16	 	 
Decimal Symbol:	.	 	 
Date Format:	M/d/yyyy	 	 
Time Format:	HH:mm:ss:mmm	 	 
Data Type:	Complex	 	 
Slice:	False	 	 
Z-Axis type:	Linear	 	 
Z-Axis size:	1	 	 
Z-Axis unit:	 	 	 
Z-Axis first value:	 0.0000000000e+000	 	 
Z-Axis delta:	 1.0000000000e+000	 	 
X-Axis type:	Linear	 	 
X-Axis size:	1601	 	 
X-Axis unit:	Hz	 	 
X-Axis first value:	 2.0000000000e+001	 	 
X-Axis delta:	 1.0000000000e+000	 	 
	 	 	 
AmplitudeUnit:	Pa/(m/s)	 	 
Analyzer:	FFT_Spectrum_Averaging	 	 
AnalyzerName:	FFT Analyzer	 	 
	 	 	 
	 	 	 
Bipolar:	True	 	 
CenterFrequency:	 8.2000000000e+002	 	 
	 	 	 
	 	 	 
	 	 	 
	 	 	 
	 	 	 
	 	 	 
	 	 	 
	 	 	 
Domain:	1	 	 
Function:	Frequency Response	 	 
	 	 	 
InputRange:	-1.0000000000e-001	 	 
	 	 	 
	 	 	 
MultiBufferName:	Input	 	 
NBW:	 1.5000000000e+000	 	 
	 	 	 
OverlapFailed:	False	 	 
Overrun:	False	 	 
Power:	False	 	 
	 	 	 
Ratio:	True	 	 
RecordLength:	 1.0000000000e+000	 	 
ReducedSize:	True	 	 
Ref_Signal:	v	 	 
	 	 	 
	 	 	 
RefSignalUnit:	m/s	 	 
	 	 	 
	 	 	 
Signal:	p	 	 
	 	 	 
SignalUnit:	Pa	 	 
	 	 	 
	 	 	 
	 	 	 
Title:	Input Impedance	 	 
Title1:	Working : Input : Input : FFT Analyzer	 	 
	 	 	 
	 	 	 
	 	 	 
ZoomOn:	True	 	 
	 	 	 
TemplateName:	Working	 	 
MeasurementName:	Input	 	 
MeasurementSlice:	False	 	 
	 	 	 
	 	 	 
	 	 	 
EnvelopeOn:	False	 	 
	 	 	 
	 	 	 
	 	 	 
Z-index:	 	1	 
Date:	 	5/23/2022	 
Time:	 	18:35:22:499	 
Relative time:	 	 0.00000e+000	 
Z-axis:	 	 0.0000000000e+000	 
1	 2.0000000000e+001	 1.72054e+000	 5.93518e+001
2	 2.1000000000e+001	 1.62433e+000	 6.21662e+001
3	 2.2000000000e+001	 2.13940e+000	 6.46466e+001
4	 2.3000000000e+001	 2.06269e+000	 6.83330e+001
5	 2.4000000000e+001	 2.78910e+000	 7.17593e+001
6	 2.5000000000e+001	 2.73784e+000	 7.55167e+001
7	 2.6000000000e+001	 3.50603e+000	 7.91621e+001
8	 2.7000000000e+001	 3.57263e+000	 8.30834e+001
9	 2.8000000000e+001	 4.41828e+000	 8.69406e+001
10	 2.9000000000e+001	 4.20891e+000	 9.09860e+001
11	 3.0000000000e+001	 5.30293e+000	 9.53710e+001
12	 3.1000000000e+001	 5.14019e+000	 9.95855e+001
13	 3.2000000000e+001	 6.23136e+000	 1.04337e+002
14	 3.3000000000e+001	 6.56917e+000	 1.08997e+002
15	 3.4000000000e+001	 7.01461e+000	 1.13849e+002
16	 3.5000000000e+001	 8.25804e+000	 1.19193e+002
17	 3.6000000000e+001	 8.46139e+000	 1.24277e+002
18	 3.7000000000e+001	 9.49540e+000	 1.30010e+002
19	 3.8000000000e+001	 1.06804e+001	 1.35970e+002
20	 3.9000000000e+001	 1.11556e+001	 1.41876e+002
21	 4.0000000000e+001	 1.25753e+001	 1.48453e+002
22	 4.1000000000e+001	 1.40522e+001	 1.55300e+002
23	 4.2000000000e+001	 1.46734e+001	 1.62220e+002
24	 4.3000000000e+001	 1.63712e+001	 1.69929e+002
25	 4.4000000000e+001	 1.82854e+001	 1.78425e+002
26	 4.5000000000e+001	 1.96244e+001	 1.86652e+002
27	 4.6000000000e+001	 2.16434e+001	 1.95834e+002
28	 4.7000000000e+001	 2.41722e+001	 2.06089e+002
29	 4.8000000000e+001	 2.70267e+001	 2.16827e+002
30	 4.9000000000e+001	 2.92188e+001	 2.27720e+002
31	 5.0000000000e+001	 3.29554e+001	 2.40421e+002
32	 5.1000000000e+001	 3.70671e+001	 2.54191e+002
33	 5.2000000000e+001	 4.15990e+001	 2.69075e+002
34	 5.3000000000e+001	 4.61775e+001	 2.84463e+002
35	 5.4000000000e+001	 5.28157e+001	 3.02937e+002
36	 5.5000000000e+001	 6.05089e+001	 3.22841e+002
37	 5.6000000000e+001	 6.93245e+001	 3.45157e+002
38	 5.7000000000e+001	 7.96756e+001	 3.68624e+002
39	 5.8000000000e+001	 9.23937e+001	 3.97507e+002
40	 5.9000000000e+001	 1.10035e+002	 4.28544e+002
41	 6.0000000000e+001	 1.31023e+002	 4.65692e+002
42	 6.1000000000e+001	 1.57490e+002	 5.05622e+002
43	 6.2000000000e+001	 1.90644e+002	 5.52578e+002
44	 6.3000000000e+001	 2.38818e+002	 6.09110e+002
45	 6.4000000000e+001	 3.05242e+002	 6.70545e+002
46	 6.5000000000e+001	 3.95058e+002	 7.40170e+002
47	 6.6000000000e+001	 5.21718e+002	 8.08251e+002
48	 6.7000000000e+001	 7.06607e+002	 8.68933e+002
49	 6.8000000000e+001	 9.74450e+002	 8.76557e+002
50	 6.9000000000e+001	 1.30979e+003	 7.50850e+002
51	 7.0000000000e+001	 1.61856e+003	 4.24346e+002
52	 7.1000000000e+001	 1.71607e+003	-9.57150e+001
53	 7.2000000000e+001	 1.51749e+003	-5.68913e+002
54	 7.3000000000e+001	 1.17821e+003	-8.11834e+002
55	 7.4000000000e+001	 8.57722e+002	-8.68645e+002
56	 7.5000000000e+001	 6.30766e+002	-8.35263e+002
57	 7.6000000000e+001	 4.72438e+002	-7.74429e+002
58	 7.7000000000e+001	 3.61198e+002	-7.03408e+002
59	 7.8000000000e+001	 2.82708e+002	-6.41383e+002
60	 7.9000000000e+001	 2.27253e+002	-5.83077e+002
61	 8.0000000000e+001	 1.83928e+002	-5.31823e+002
62	 8.1000000000e+001	 1.52957e+002	-4.87701e+002
63	 8.2000000000e+001	 1.28550e+002	-4.50467e+002
64	 8.3000000000e+001	 1.09478e+002	-4.16258e+002
65	 8.4000000000e+001	 9.40988e+001	-3.87077e+002
66	 8.5000000000e+001	 8.20123e+001	-3.61187e+002
67	 8.6000000000e+001	 7.16179e+001	-3.37405e+002
68	 8.7000000000e+001	 6.31944e+001	-3.16496e+002
69	 8.8000000000e+001	 5.61192e+001	-2.97790e+002
70	 8.9000000000e+001	 5.03019e+001	-2.80826e+002
71	 9.0000000000e+001	 4.50244e+001	-2.65227e+002
72	 9.1000000000e+001	 4.06942e+001	-2.51191e+002
73	 9.2000000000e+001	 3.70160e+001	-2.38042e+002
74	 9.3000000000e+001	 3.36526e+001	-2.25949e+002
75	 9.4000000000e+001	 3.07508e+001	-2.14741e+002
76	 9.5000000000e+001	 2.82455e+001	-2.04471e+002
77	 9.6000000000e+001	 2.60740e+001	-1.94802e+002
78	 9.7000000000e+001	 2.39691e+001	-1.85713e+002
79	 9.8000000000e+001	 2.22214e+001	-1.77318e+002
80	 9.9000000000e+001	 2.07505e+001	-1.69255e+002
81	 1.0000000000e+002	 1.92583e+001	-1.61705e+002
82	 1.0100000000e+002	 1.80352e+001	-1.54476e+002
83	 1.0200000000e+002	 1.68310e+001	-1.47738e+002
84	 1.0300000000e+002	 1.58967e+001	-1.41240e+002
85	 1.0400000000e+002	 1.49668e+001	-1.35096e+002
86	 1.0500000000e+002	 1.40288e+001	-1.29215e+002
87	 1.0600000000e+002	 1.33690e+001	-1.23557e+002
88	 1.0700000000e+002	 1.26966e+001	-1.18092e+002
89	 1.0800000000e+002	 1.20793e+001	-1.12897e+002
90	 1.0900000000e+002	 1.14941e+001	-1.07776e+002
91	 1.1000000000e+002	 1.10131e+001	-1.02941e+002
92	 1.1100000000e+002	 1.05819e+001	-9.81688e+001
93	 1.1200000000e+002	 1.02274e+001	-9.35470e+001
94	 1.1300000000e+002	 9.81218e+000	-8.90988e+001
95	 1.1400000000e+002	 9.52671e+000	-8.46962e+001
96	 1.1500000000e+002	 9.31336e+000	-8.03676e+001
97	 1.1600000000e+002	 9.10987e+000	-7.61535e+001
98	 1.1700000000e+002	 8.93550e+000	-7.19617e+001
99	 1.1800000000e+002	 8.80068e+000	-6.78292e+001
100	 1.1900000000e+002	 8.77851e+000	-6.37509e+001
101	 1.2000000000e+002	 8.81453e+000	-5.96733e+001
102	 1.2100000000e+002	 8.89463e+000	-5.55938e+001
103	 1.2200000000e+002	 9.01389e+000	-5.15816e+001
104	 1.2300000000e+002	 9.27717e+000	-4.75015e+001
105	 1.2400000000e+002	 9.65933e+000	-4.33662e+001
106	 1.2500000000e+002	 1.01601e+001	-3.92482e+001
107	 1.2600000000e+002	 1.07717e+001	-3.50159e+001
108	 1.2700000000e+002	 1.15363e+001	-3.07195e+001
109	 1.2800000000e+002	 1.26033e+001	-2.62950e+001
110	 1.2900000000e+002	 1.39643e+001	-2.17611e+001
111	 1.3000000000e+002	 1.57186e+001	-1.70050e+001
112	 1.3100000000e+002	 1.79504e+001	-1.21848e+001
113	 1.3200000000e+002	 2.08860e+001	-7.17705e+000
114	 1.3300000000e+002	 2.48895e+001	-2.07175e+000
115	 1.3400000000e+002	 3.02099e+001	 2.74845e+000
116	 1.3500000000e+002	 3.72729e+001	 6.99306e+000
117	 1.3600000000e+002	 4.64280e+001	 9.70053e+000
118	 1.3700000000e+002	 5.75540e+001	 9.18545e+000
119	 1.3800000000e+002	 6.90251e+001	 3.62962e+000
120	 1.3900000000e+002	 7.76954e+001	-7.53367e+000
121	 1.4000000000e+002	 8.01442e+001	-2.21255e+001
122	 1.4100000000e+002	 7.52392e+001	-3.58020e+001
123	 1.4200000000e+002	 6.53830e+001	-4.49211e+001
124	 1.4300000000e+002	 5.41370e+001	-4.86614e+001
125	 1.4400000000e+002	 4.38841e+001	-4.82161e+001
126	 1.4500000000e+002	 3.55717e+001	-4.52752e+001
127	 1.4600000000e+002	 2.91656e+001	-4.11363e+001
128	 1.4700000000e+002	 2.43083e+001	-3.65092e+001
129	 1.4800000000e+002	 2.06428e+001	-3.17025e+001
130	 1.4900000000e+002	 1.79437e+001	-2.69119e+001
131	 1.5000000000e+002	 1.59277e+001	-2.22846e+001
132	 1.5100000000e+002	 1.42776e+001	-1.78835e+001
133	 1.5200000000e+002	 1.28989e+001	-1.36522e+001
134	 1.5300000000e+002	 1.18186e+001	-9.53025e+000
135	 1.5400000000e+002	 1.09361e+001	-5.56133e+000
136	 1.5500000000e+002	 1.01514e+001	-1.72751e+000
137	 1.5600000000e+002	 9.47837e+000	 2.08085e+000
138	 1.5700000000e+002	 8.91731e+000	 5.80313e+000
139	 1.5800000000e+002	 8.40534e+000	 9.46399e+000
140	 1.5900000000e+002	 7.96135e+000	 1.31209e+001
141	 1.6000000000e+002	 7.59420e+000	 1.67289e+001
142	 1.6100000000e+002	 7.31207e+000	 2.03653e+001
143	 1.6200000000e+002	 7.09052e+000	 2.39778e+001
144	 1.6300000000e+002	 6.90546e+000	 2.76282e+001
145	 1.6400000000e+002	 6.77012e+000	 3.12718e+001
146	 1.6500000000e+002	 6.69330e+000	 3.49725e+001
147	 1.6600000000e+002	 6.64690e+000	 3.87103e+001
148	 1.6700000000e+002	 6.64399e+000	 4.24806e+001
149	 1.6800000000e+002	 6.65558e+000	 4.63594e+001
150	 1.6900000000e+002	 6.68884e+000	 5.02985e+001
151	 1.7000000000e+002	 6.75311e+000	 5.43191e+001
152	 1.7100000000e+002	 6.83796e+000	 5.84519e+001
153	 1.7200000000e+002	 6.93276e+000	 6.26792e+001
154	 1.7300000000e+002	 7.03377e+000	 6.70453e+001
155	 1.7400000000e+002	 7.19374e+000	 7.15279e+001
156	 1.7500000000e+002	 7.36719e+000	 7.61858e+001
157	 1.7600000000e+002	 7.54232e+000	 8.10015e+001
158	 1.7700000000e+002	 7.74416e+000	 8.60317e+001
159	 1.7800000000e+002	 7.97554e+000	 9.12640e+001
160	 1.7900000000e+002	 8.23195e+000	 9.67532e+001
161	 1.8000000000e+002	 8.50557e+000	 1.02480e+002
162	 1.8100000000e+002	 8.83885e+000	 1.08533e+002
163	 1.8200000000e+002	 9.18917e+000	 1.14926e+002
164	 1.8300000000e+002	 9.57202e+000	 1.21725e+002
165	 1.8400000000e+002	 1.00366e+001	 1.28959e+002
166	 1.8500000000e+002	 1.05859e+001	 1.36662e+002
167	 1.8600000000e+002	 1.11485e+001	 1.45017e+002
168	 1.8700000000e+002	 1.18906e+001	 1.53949e+002
169	 1.8800000000e+002	 1.26991e+001	 1.63720e+002
170	 1.8900000000e+002	 1.38134e+001	 1.74361e+002
171	 1.9000000000e+002	 1.51140e+001	 1.86081e+002
172	 1.9100000000e+002	 1.68446e+001	 1.99030e+002
173	 1.9200000000e+002	 1.90855e+001	 2.13417e+002
174	 1.9300000000e+002	 2.19714e+001	 2.29413e+002
175	 1.9400000000e+002	 2.59904e+001	 2.47406e+002
176	 1.9500000000e+002	 3.14434e+001	 2.67632e+002
177	 1.9600000000e+002	 3.88044e+001	 2.90218e+002
178	 1.9700000000e+002	 4.88424e+001	 3.15841e+002
179	 1.9800000000e+002	 6.26084e+001	 3.44640e+002
180	 1.9900000000e+002	 8.12448e+001	 3.76420e+002
181	 2.0000000000e+002	 1.06672e+002	 4.11364e+002
182	 2.0100000000e+002	 1.41179e+002	 4.48779e+002
183	 2.0200000000e+002	 1.87731e+002	 4.87181e+002
184	 2.0300000000e+002	 2.49199e+002	 5.22560e+002
185	 2.0400000000e+002	 3.28221e+002	 5.49858e+002
186	 2.0500000000e+002	 4.24825e+002	 5.59950e+002
187	 2.0600000000e+002	 5.34621e+002	 5.43814e+002
188	 2.0700000000e+002	 6.45401e+002	 4.92472e+002
189	 2.0800000000e+002	 7.39746e+002	 4.06426e+002
190	 2.0900000000e+002	 8.03576e+002	 2.96905e+002
191	 2.1000000000e+002	 8.32185e+002	 1.80851e+002
192	 2.1100000000e+002	 8.31453e+002	 7.38588e+001
193	 2.1200000000e+002	 8.12522e+002	-1.90282e+001
194	 2.1300000000e+002	 7.83704e+002	-9.88361e+001
195	 2.1400000000e+002	 7.48567e+002	-1.68557e+002
196	 2.1500000000e+002	 7.07798e+002	-2.30273e+002
197	 2.1600000000e+002	 6.60885e+002	-2.83831e+002
198	 2.1700000000e+002	 6.08670e+002	-3.28249e+002
199	 2.1800000000e+002	 5.52942e+002	-3.61940e+002
200	 2.1900000000e+002	 4.96792e+002	-3.84707e+002
201	 2.2000000000e+002	 4.42723e+002	-3.97493e+002
202	 2.2100000000e+002	 3.92547e+002	-4.02080e+002
203	 2.2200000000e+002	 3.47011e+002	-4.00242e+002
204	 2.2300000000e+002	 3.06662e+002	-3.93943e+002
205	 2.2400000000e+002	 2.71328e+002	-3.84553e+002
206	 2.2500000000e+002	 2.40512e+002	-3.73147e+002
207	 2.2600000000e+002	 2.13654e+002	-3.60631e+002
208	 2.2700000000e+002	 1.90445e+002	-3.47526e+002
209	 2.2800000000e+002	 1.70293e+002	-3.34251e+002
210	 2.2900000000e+002	 1.52781e+002	-3.21215e+002
211	 2.3000000000e+002	 1.37505e+002	-3.08359e+002
212	 2.3100000000e+002	 1.24089e+002	-2.95985e+002
213	 2.3200000000e+002	 1.12324e+002	-2.84005e+002
214	 2.3300000000e+002	 1.02050e+002	-2.72532e+002
215	 2.3400000000e+002	 9.30163e+001	-2.61522e+002
216	 2.3500000000e+002	 8.50534e+001	-2.50968e+002
217	 2.3600000000e+002	 7.80654e+001	-2.40941e+002
218	 2.3700000000e+002	 7.19205e+001	-2.31458e+002
219	 2.3800000000e+002	 6.64877e+001	-2.22464e+002
220	 2.3900000000e+002	 6.16764e+001	-2.13924e+002
221	 2.4000000000e+002	 5.73478e+001	-2.05849e+002
222	 2.4100000000e+002	 5.35022e+001	-1.98218e+002
223	 2.4200000000e+002	 5.00018e+001	-1.90982e+002
224	 2.4300000000e+002	 4.68232e+001	-1.84059e+002
225	 2.4400000000e+002	 4.39779e+001	-1.77480e+002
226	 2.4500000000e+002	 4.13893e+001	-1.71217e+002
227	 2.4600000000e+002	 3.90034e+001	-1.65196e+002
228	 2.4700000000e+002	 3.68629e+001	-1.59438e+002
229	 2.4800000000e+002	 3.48926e+001	-1.53926e+002
230	 2.4900000000e+002	 3.30544e+001	-1.48603e+002
231	 2.5000000000e+002	 3.13878e+001	-1.43420e+002
232	 2.5100000000e+002	 2.98805e+001	-1.38639e+002
233	 2.5200000000e+002	 2.85120e+001	-1.33942e+002
234	 2.5300000000e+002	 2.72359e+001	-1.29401e+002
235	 2.5400000000e+002	 2.60725e+001	-1.24994e+002
236	 2.5500000000e+002	 2.49737e+001	-1.20765e+002
237	 2.5600000000e+002	 2.39669e+001	-1.16653e+002
238	 2.5700000000e+002	 2.30488e+001	-1.12681e+002
239	 2.5800000000e+002	 2.22001e+001	-1.08799e+002
240	 2.5900000000e+002	 2.14169e+001	-1.05049e+002
241	 2.6000000000e+002	 2.06862e+001	-1.01405e+002
242	 2.6100000000e+002	 2.00082e+001	-9.78489e+001
243	 2.6200000000e+002	 1.93769e+001	-9.43745e+001
244	 2.6300000000e+002	 1.87999e+001	-9.09906e+001
245	 2.6400000000e+002	 1.82790e+001	-8.76739e+001
246	 2.6500000000e+002	 1.77825e+001	-8.44369e+001
247	 2.6600000000e+002	 1.73368e+001	-8.12704e+001
248	 2.6700000000e+002	 1.69252e+001	-7.81576e+001
249	 2.6800000000e+002	 1.65406e+001	-7.51172e+001
250	 2.6900000000e+002	 1.61969e+001	-7.21331e+001
251	 2.7000000000e+002	 1.58665e+001	-6.91958e+001
252	 2.7100000000e+002	 1.55820e+001	-6.62935e+001
253	 2.7200000000e+002	 1.53181e+001	-6.34479e+001
254	 2.7300000000e+002	 1.50886e+001	-6.06335e+001
255	 2.7400000000e+002	 1.48721e+001	-5.78646e+001
256	 2.7500000000e+002	 1.46833e+001	-5.51287e+001
257	 2.7600000000e+002	 1.45117e+001	-5.24297e+001
258	 2.7700000000e+002	 1.43598e+001	-4.97422e+001
259	 2.7800000000e+002	 1.42414e+001	-4.70903e+001
260	 2.7900000000e+002	 1.41388e+001	-4.44582e+001
261	 2.8000000000e+002	 1.40604e+001	-4.18624e+001
262	 2.8100000000e+002	 1.39911e+001	-3.92657e+001
263	 2.8200000000e+002	 1.39419e+001	-3.66818e+001
264	 2.8300000000e+002	 1.39169e+001	-3.41209e+001
265	 2.8400000000e+002	 1.38999e+001	-3.15774e+001
266	 2.8500000000e+002	 1.39070e+001	-2.90343e+001
267	 2.8600000000e+002	 1.39347e+001	-2.64954e+001
268	 2.8700000000e+002	 1.39718e+001	-2.39717e+001
269	 2.8800000000e+002	 1.40185e+001	-2.14404e+001
270	 2.8900000000e+002	 1.40966e+001	-1.89047e+001
271	 2.9000000000e+002	 1.41860e+001	-1.63695e+001
272	 2.9100000000e+002	 1.42817e+001	-1.38275e+001
273	 2.9200000000e+002	 1.43992e+001	-1.12693e+001
274	 2.9300000000e+002	 1.45352e+001	-8.69483e+000
275	 2.9400000000e+002	 1.47011e+001	-6.10650e+000
276	 2.9500000000e+002	 1.48801e+001	-3.51414e+000
277	 2.9600000000e+002	 1.50810e+001	-8.92844e-001
278	 2.9700000000e+002	 1.52900e+001	 1.74395e+000
279	 2.9800000000e+002	 1.55271e+001	 4.41487e+000
280	 2.9900000000e+002	 1.57878e+001	 7.10694e+000
281	 3.0000000000e+002	 1.60796e+001	 9.84078e+000
282	 3.0100000000e+002	 1.63947e+001	 1.25913e+001
283	 3.0200000000e+002	 1.67319e+001	 1.53851e+001
284	 3.0300000000e+002	 1.70962e+001	 1.82184e+001
285	 3.0400000000e+002	 1.74830e+001	 2.10998e+001
286	 3.0500000000e+002	 1.78933e+001	 2.40233e+001
287	 3.0600000000e+002	 1.83406e+001	 2.69964e+001
288	 3.0700000000e+002	 1.88120e+001	 3.00280e+001
289	 3.0800000000e+002	 1.93223e+001	 3.31165e+001
290	 3.0900000000e+002	 1.98722e+001	 3.62803e+001
291	 3.1000000000e+002	 2.04512e+001	 3.95135e+001
292	 3.1100000000e+002	 2.10823e+001	 4.28315e+001
293	 3.1200000000e+002	 2.17591e+001	 4.62488e+001
294	 3.1300000000e+002	 2.24958e+001	 4.97575e+001
295	 3.1400000000e+002	 2.33058e+001	 5.33581e+001
296	 3.1500000000e+002	 2.41811e+001	 5.70431e+001
297	 3.1600000000e+002	 2.51447e+001	 6.08579e+001
298	 3.1700000000e+002	 2.61794e+001	 6.47574e+001
299	 3.1800000000e+002	 2.72886e+001	 6.87853e+001
300	 3.1900000000e+002	 2.84926e+001	 7.29262e+001
301	 3.2000000000e+002	 2.97845e+001	 7.72235e+001
302	 3.2100000000e+002	 3.11979e+001	 8.16632e+001
303	 3.2200000000e+002	 3.27117e+001	 8.62823e+001
304	 3.2300000000e+002	 3.43951e+001	 9.10692e+001
305	 3.2400000000e+002	 3.62050e+001	 9.60433e+001
306	 3.2500000000e+002	 3.82197e+001	 1.01183e+002
307	 3.2600000000e+002	 4.03959e+001	 1.06524e+002
308	 3.2700000000e+002	 4.27631e+001	 1.12087e+002
309	 3.2800000000e+002	 4.53433e+001	 1.17897e+002
310	 3.2900000000e+002	 4.81367e+001	 1.23953e+002
311	 3.3000000000e+002	 5.12294e+001	 1.30345e+002
312	 3.3100000000e+002	 5.46273e+001	 1.37025e+002
313	 3.3200000000e+002	 5.83943e+001	 1.44010e+002
314	 3.3300000000e+002	 6.25590e+001	 1.51397e+002
315	 3.3400000000e+002	 6.72047e+001	 1.59157e+002
316	 3.3500000000e+002	 7.24050e+001	 1.67308e+002
317	 3.3600000000e+002	 7.81604e+001	 1.75932e+002
318	 3.3700000000e+002	 8.46226e+001	 1.85057e+002
319	 3.3800000000e+002	 9.19523e+001	 1.94670e+002
320	 3.3900000000e+002	 1.00256e+002	 2.04812e+002
321	 3.4000000000e+002	 1.09682e+002	 2.15588e+002
322	 3.4100000000e+002	 1.20471e+002	 2.26920e+002
323	 3.4200000000e+002	 1.32891e+002	 2.38806e+002
324	 3.4300000000e+002	 1.47236e+002	 2.51210e+002
325	 3.4400000000e+002	 1.63863e+002	 2.64075e+002
326	 3.4500000000e+002	 1.83185e+002	 2.77194e+002
327	 3.4600000000e+002	 2.05693e+002	 2.90372e+002
328	 3.4700000000e+002	 2.32115e+002	 3.03211e+002
329	 3.4800000000e+002	 2.63104e+002	 3.15110e+002
330	 3.4900000000e+002	 2.99289e+002	 3.25133e+002
331	 3.5000000000e+002	 3.41157e+002	 3.31873e+002
332	 3.5100000000e+002	 3.90322e+002	 3.33351e+002
333	 3.5200000000e+002	 4.45802e+002	 3.27095e+002
334	 3.5300000000e+002	 5.06855e+002	 3.09784e+002
335	 3.5400000000e+002	 5.71130e+002	 2.77747e+002
336	 3.5500000000e+002	 6.33941e+002	 2.27781e+002
337	 3.5600000000e+002	 6.88498e+002	 1.58729e+002
338	 3.5700000000e+002	 7.26712e+002	 7.26268e+001
339	 3.5800000000e+002	 7.41789e+002	-2.38852e+001
340	 3.5900000000e+002	 7.30892e+002	-1.21009e+002
341	 3.6000000000e+002	 6.96171e+002	-2.09082e+002
342	 3.6100000000e+002	 6.43971e+002	-2.81016e+002
343	 3.6200000000e+002	 5.82307e+002	-3.33984e+002
344	 3.6300000000e+002	 5.18149e+002	-3.68878e+002
345	 3.6400000000e+002	 4.56417e+002	-3.88541e+002
346	 3.6500000000e+002	 3.99897e+002	-3.96495e+002
347	 3.6600000000e+002	 3.49764e+002	-3.96110e+002
348	 3.6700000000e+002	 3.06167e+002	-3.90109e+002
349	 3.6800000000e+002	 2.68640e+002	-3.80523e+002
350	 3.6900000000e+002	 2.36500e+002	-3.68763e+002
351	 3.7000000000e+002	 2.09051e+002	-3.55844e+002
352	 3.7100000000e+002	 1.85613e+002	-3.42417e+002
353	 3.7200000000e+002	 1.65598e+002	-3.28967e+002
354	 3.7300000000e+002	 1.48414e+002	-3.15760e+002
355	 3.7400000000e+002	 1.33593e+002	-3.02984e+002
356	 3.7500000000e+002	 1.20767e+002	-2.90721e+002
357	 3.7600000000e+002	 1.09686e+002	-2.79016e+002
358	 3.7700000000e+002	 1.00047e+002	-2.67889e+002
359	 3.7800000000e+002	 9.15989e+001	-2.57350e+002
360	 3.7900000000e+002	 8.41462e+001	-2.47398e+002
361	 3.8000000000e+002	 7.75548e+001	-2.37959e+002
362	 3.8100000000e+002	 7.17292e+001	-2.29003e+002
363	 3.8200000000e+002	 6.65476e+001	-2.20546e+002
364	 3.8300000000e+002	 6.19254e+001	-2.12556e+002
365	 3.8400000000e+002	 5.77842e+001	-2.04946e+002
366	 3.8500000000e+002	 5.40711e+001	-1.97703e+002
367	 3.8600000000e+002	 5.07418e+001	-1.90840e+002
368	 3.8700000000e+002	 4.77294e+001	-1.84293e+002
369	 3.8800000000e+002	 4.50007e+001	-1.78029e+002
370	 3.8900000000e+002	 4.25575e+001	-1.72067e+002
371	 3.9000000000e+002	 4.03181e+001	-1.66359e+002
372	 3.9100000000e+002	 3.82581e+001	-1.60883e+002
373	 3.9200000000e+002	 3.64167e+001	-1.55640e+002
374	 3.9300000000e+002	 3.47112e+001	-1.50596e+002
375	 3.9400000000e+002	 3.31648e+001	-1.45754e+002
376	 3.9500000000e+002	 3.17485e+001	-1.41089e+002
377	 3.9600000000e+002	 3.04478e+001	-1.36590e+002
378	 3.9700000000e+002	 2.92626e+001	-1.32231e+002
379	 3.9800000000e+002	 2.81685e+001	-1.28041e+002
380	 3.9900000000e+002	 2.71677e+001	-1.23951e+002
381	 4.0000000000e+002	 2.62490e+001	-1.20006e+002
382	 4.0100000000e+002	 2.54112e+001	-1.16181e+002
383	 4.0200000000e+002	 2.46484e+001	-1.12470e+002
384	 4.0300000000e+002	 2.39424e+001	-1.08846e+002
385	 4.0400000000e+002	 2.33006e+001	-1.05327e+002
386	 4.0500000000e+002	 2.26968e+001	-1.01880e+002
387	 4.0600000000e+002	 2.21608e+001	-9.85363e+001
388	 4.0700000000e+002	 2.16662e+001	-9.52597e+001
389	 4.0800000000e+002	 2.12263e+001	-9.20607e+001
390	 4.0900000000e+002	 2.08086e+001	-8.89120e+001
391	 4.1000000000e+002	 2.04420e+001	-8.58324e+001
392	 4.1100000000e+002	 2.01206e+001	-8.28108e+001
393	 4.1200000000e+002	 1.98228e+001	-7.98485e+001
394	 4.1300000000e+002	 1.95644e+001	-7.69295e+001
395	 4.1400000000e+002	 1.93371e+001	-7.40511e+001
396	 4.1500000000e+002	 1.91381e+001	-7.12238e+001
397	 4.1600000000e+002	 1.89646e+001	-6.84328e+001
398	 4.1700000000e+002	 1.88220e+001	-6.56729e+001
399	 4.1800000000e+002	 1.87119e+001	-6.29468e+001
400	 4.1900000000e+002	 1.86239e+001	-6.02513e+001
401	 4.2000000000e+002	 1.85634e+001	-5.75787e+001
402	 4.2100000000e+002	 1.85249e+001	-5.49274e+001
403	 4.2200000000e+002	 1.85119e+001	-5.23013e+001
404	 4.2300000000e+002	 1.85199e+001	-4.96850e+001
405	 4.2400000000e+002	 1.85574e+001	-4.70914e+001
406	 4.2500000000e+002	 1.86177e+001	-4.45065e+001
407	 4.2600000000e+002	 1.86974e+001	-4.19288e+001
408	 4.2700000000e+002	 1.88030e+001	-3.93624e+001
409	 4.2800000000e+002	 1.89316e+001	-3.67979e+001
410	 4.2900000000e+002	 1.90935e+001	-3.42370e+001
411	 4.3000000000e+002	 1.92697e+001	-3.16736e+001
412	 4.3100000000e+002	 1.94800e+001	-2.91190e+001
413	 4.3200000000e+002	 1.97147e+001	-2.65530e+001
414	 4.3300000000e+002	 1.99714e+001	-2.39800e+001
415	 4.3400000000e+002	 2.02541e+001	-2.14090e+001
416	 4.3500000000e+002	 2.05655e+001	-1.88252e+001
417	 4.3600000000e+002	 2.09077e+001	-1.62249e+001
418	 4.3700000000e+002	 2.12731e+001	-1.36065e+001
419	 4.3800000000e+002	 2.16660e+001	-1.09754e+001
420	 4.3900000000e+002	 2.20933e+001	-8.31465e+000
421	 4.4000000000e+002	 2.25481e+001	-5.62373e+000
422	 4.4100000000e+002	 2.30327e+001	-2.90929e+000
423	 4.4200000000e+002	 2.35678e+001	-1.69343e-001
424	 4.4300000000e+002	 2.41528e+001	 2.60519e+000
425	 4.4400000000e+002	 2.47628e+001	 5.41619e+000
426	 4.4500000000e+002	 2.54274e+001	 8.26557e+000
427	 4.4600000000e+002	 2.61331e+001	 1.11539e+001
428	 4.4700000000e+002	 2.68761e+001	 1.40894e+001
429	 4.4800000000e+002	 2.76859e+001	 1.70632e+001
430	 4.4900000000e+002	 2.85147e+001	 2.00471e+001
431	 4.5000000000e+002	 2.93367e+001	 2.30590e+001
432	 4.5100000000e+002	 3.04023e+001	 2.63001e+001
433	 4.5200000000e+002	 3.14746e+001	 2.95154e+001
434	 4.5300000000e+002	 3.25893e+001	 3.27919e+001
435	 4.5400000000e+002	 3.37825e+001	 3.61330e+001
436	 4.5500000000e+002	 3.50537e+001	 3.95416e+001
437	 4.5600000000e+002	 3.64127e+001	 4.30522e+001
438	 4.5700000000e+002	 3.78745e+001	 4.66442e+001
439	 4.5800000000e+002	 3.94432e+001	 5.03310e+001
440	 4.5900000000e+002	 4.11310e+001	 5.41052e+001
441	 4.6000000000e+002	 4.29454e+001	 5.79932e+001
442	 4.6100000000e+002	 4.48901e+001	 6.19971e+001
443	 4.6200000000e+002	 4.69923e+001	 6.61117e+001
444	 4.6300000000e+002	 4.92649e+001	 7.03263e+001
445	 4.6400000000e+002	 5.17175e+001	 7.46803e+001
446	 4.6500000000e+002	 5.43685e+001	 7.91996e+001
447	 4.6600000000e+002	 5.72326e+001	 8.38233e+001
448	 4.6700000000e+002	 6.03248e+001	 8.85915e+001
449	 4.6800000000e+002	 6.37178e+001	 9.35349e+001
450	 4.6900000000e+002	 6.74164e+001	 9.86350e+001
451	 4.7000000000e+002	 7.14196e+001	 1.03904e+002
452	 4.7100000000e+002	 7.57873e+001	 1.09334e+002
453	 4.7200000000e+002	 8.05685e+001	 1.14927e+002
454	 4.7300000000e+002	 8.58267e+001	 1.20718e+002
455	 4.7400000000e+002	 9.16182e+001	 1.26681e+002
456	 4.7500000000e+002	 9.79791e+001	 1.32793e+002
457	 4.7600000000e+002	 1.04981e+002	 1.39063e+002
458	 4.7700000000e+002	 1.12731e+002	 1.45471e+002
459	 4.7800000000e+002	 1.21309e+002	 1.52002e+002
460	 4.7900000000e+002	 1.30804e+002	 1.58548e+002
461	 4.8000000000e+002	 1.41333e+002	 1.65105e+002
462	 4.8100000000e+002	 1.53097e+002	 1.71613e+002
463	 4.8200000000e+002	 1.66202e+002	 1.77934e+002
464	 4.8300000000e+002	 1.80777e+002	 1.83946e+002
465	 4.8400000000e+002	 1.97031e+002	 1.89413e+002
466	 4.8500000000e+002	 2.15139e+002	 1.94103e+002
467	 4.8600000000e+002	 2.35256e+002	 1.97665e+002
468	 4.8700000000e+002	 2.57546e+002	 1.99678e+002
469	 4.8800000000e+002	 2.82011e+002	 1.99571e+002
470	 4.8900000000e+002	 3.08654e+002	 1.96700e+002
471	 4.9000000000e+002	 3.37270e+002	 1.90338e+002
472	 4.9100000000e+002	 3.67307e+002	 1.79647e+002
473	 4.9200000000e+002	 3.98082e+002	 1.63887e+002
474	 4.9300000000e+002	 4.28688e+002	 1.42411e+002
475	 4.9400000000e+002	 4.57740e+002	 1.14762e+002
476	 4.9500000000e+002	 4.83711e+002	 8.06982e+001
477	 4.9600000000e+002	 5.04764e+002	 4.04975e+001
478	 4.9700000000e+002	 5.18916e+002	-4.93641e+000
479	 4.9800000000e+002	 5.24392e+002	-5.37059e+001
480	 4.9900000000e+002	 5.20091e+002	-1.03278e+002
481	 5.0000000000e+002	 5.06135e+002	-1.50658e+002
482	 5.0100000000e+002	 4.83813e+002	-1.93134e+002
483	 5.0200000000e+002	 4.55299e+002	-2.28958e+002
484	 5.0300000000e+002	 4.22911e+002	-2.57333e+002
485	 5.0400000000e+002	 3.88885e+002	-2.78311e+002
486	 5.0500000000e+002	 3.54963e+002	-2.92588e+002
487	 5.0600000000e+002	 3.22400e+002	-3.01157e+002
488	 5.0700000000e+002	 2.91992e+002	-3.05105e+002
489	 5.0800000000e+002	 2.64128e+002	-3.05448e+002
490	 5.0900000000e+002	 2.38912e+002	-3.03072e+002
491	 5.1000000000e+002	 2.16314e+002	-2.98714e+002
492	 5.1100000000e+002	 1.96227e+002	-2.92969e+002
493	 5.1200000000e+002	 1.78409e+002	-2.86294e+002
494	 5.1300000000e+002	 1.62635e+002	-2.79064e+002
495	 5.1400000000e+002	 1.48644e+002	-2.71500e+002
496	 5.1500000000e+002	 1.36257e+002	-2.63786e+002
497	 5.1600000000e+002	 1.25310e+002	-2.56062e+002
498	 5.1700000000e+002	 1.15599e+002	-2.48450e+002
499	 5.1800000000e+002	 1.06936e+002	-2.41006e+002
500	 5.1900000000e+002	 9.92298e+001	-2.33777e+002
501	 5.2000000000e+002	 9.23587e+001	-2.26799e+002
502	 5.2100000000e+002	 8.61623e+001	-2.20097e+002
503	 5.2200000000e+002	 8.05613e+001	-2.13653e+002
504	 5.2300000000e+002	 7.55091e+001	-2.07466e+002
505	 5.2400000000e+002	 7.09172e+001	-2.01532e+002
506	 5.2500000000e+002	 6.67102e+001	-1.95814e+002
507	 5.2600000000e+002	 6.28416e+001	-1.90298e+002
508	 5.2700000000e+002	 5.92682e+001	-1.84971e+002
509	 5.2800000000e+002	 5.59728e+001	-1.79813e+002
510	 5.2900000000e+002	 5.29370e+001	-1.74804e+002
511	 5.3000000000e+002	 5.01678e+001	-1.69931e+002
512	 5.3100000000e+002	 4.76122e+001	-1.65192e+002
513	 5.3200000000e+002	 4.52481e+001	-1.60591e+002
514	 5.3300000000e+002	 4.31125e+001	-1.56114e+002
515	 5.3400000000e+002	 4.11475e+001	-1.51768e+002
516	 5.3500000000e+002	 3.93392e+001	-1.47546e+002
517	 5.3600000000e+002	 3.76980e+001	-1.43456e+002
518	 5.3700000000e+002	 3.61943e+001	-1.39478e+002
519	 5.3800000000e+002	 3.48251e+001	-1.35603e+002
520	 5.3900000000e+002	 3.35682e+001	-1.31839e+002
521	 5.4000000000e+002	 3.24289e+001	-1.28171e+002
522	 5.4100000000e+002	 3.13657e+001	-1.24598e+002
523	 5.4200000000e+002	 3.03938e+001	-1.21122e+002
524	 5.4300000000e+002	 2.95214e+001	-1.17727e+002
525	 5.4400000000e+002	 2.87210e+001	-1.14408e+002
526	 5.4500000000e+002	 2.79954e+001	-1.11161e+002
527	 5.4600000000e+002	 2.73319e+001	-1.07978e+002
528	 5.4700000000e+002	 2.67245e+001	-1.04877e+002
529	 5.4800000000e+002	 2.61893e+001	-1.01841e+002
530	 5.4900000000e+002	 2.57025e+001	-9.88461e+001
531	 5.5000000000e+002	 2.52527e+001	-9.59332e+001
532	 5.5100000000e+002	 2.48783e+001	-9.30534e+001
533	 5.5200000000e+002	 2.45394e+001	-9.02185e+001
534	 5.5300000000e+002	 2.42536e+001	-8.74277e+001
535	 5.5400000000e+002	 2.40044e+001	-8.46825e+001
536	 5.5500000000e+002	 2.37955e+001	-8.19865e+001
537	 5.5600000000e+002	 2.36186e+001	-7.93183e+001
538	 5.5700000000e+002	 2.34877e+001	-7.66807e+001
539	 5.5800000000e+002	 2.33906e+001	-7.40804e+001
540	 5.5900000000e+002	 2.33252e+001	-7.15089e+001
541	 5.6000000000e+002	 2.32910e+001	-6.89592e+001
542	 5.6100000000e+002	 2.32918e+001	-6.64427e+001
543	 5.6200000000e+002	 2.33145e+001	-6.39384e+001
544	 5.6300000000e+002	 2.33735e+001	-6.14585e+001
545	 5.6400000000e+002	 2.34714e+001	-5.89898e+001
546	 5.6500000000e+002	 2.35776e+001	-5.65345e+001
547	 5.6600000000e+002	 2.37285e+001	-5.40959e+001
548	 5.6700000000e+002	 2.38980e+001	-5.16659e+001
549	 5.6800000000e+002	 2.41045e+001	-4.92366e+001
550	 5.6900000000e+002	 2.43371e+001	-4.68161e+001
551	 5.7000000000e+002	 2.45985e+001	-4.43967e+001
552	 5.7100000000e+002	 2.48924e+001	-4.19818e+001
553	 5.7200000000e+002	 2.52169e+001	-3.95602e+001
554	 5.7300000000e+002	 2.55730e+001	-3.71282e+001
555	 5.7400000000e+002	 2.59535e+001	-3.46920e+001
556	 5.7500000000e+002	 2.63714e+001	-3.22433e+001
557	 5.7600000000e+002	 2.68237e+001	-2.97970e+001
558	 5.7700000000e+002	 2.73220e+001	-2.73193e+001
559	 5.7800000000e+002	 2.78494e+001	-2.48332e+001
560	 5.7900000000e+002	 2.84240e+001	-2.23296e+001
561	 5.8000000000e+002	 2.90339e+001	-1.98018e+001
562	 5.8100000000e+002	 2.96914e+001	-1.72569e+001
563	 5.8200000000e+002	 3.04012e+001	-1.46841e+001
564	 5.8300000000e+002	 3.11536e+001	-1.20852e+001
565	 5.8400000000e+002	 3.19644e+001	-9.46085e+000
566	 5.8500000000e+002	 3.28227e+001	-6.81952e+000
567	 5.8600000000e+002	 3.37473e+001	-4.13557e+000
568	 5.8700000000e+002	 3.47339e+001	-1.41633e+000
569	 5.8800000000e+002	 3.57736e+001	 1.33210e+000
570	 5.8900000000e+002	 3.68833e+001	 4.11952e+000
571	 5.9000000000e+002	 3.80679e+001	 6.95387e+000
572	 5.9100000000e+002	 3.93289e+001	 9.81979e+000
573	 5.9200000000e+002	 4.06738e+001	 1.27366e+001
574	 5.9300000000e+002	 4.21000e+001	 1.57085e+001
575	 5.9400000000e+002	 4.36233e+001	 1.87216e+001
576	 5.9500000000e+002	 4.52483e+001	 2.17816e+001
577	 5.9600000000e+002	 4.69716e+001	 2.48922e+001
578	 5.9700000000e+002	 4.88151e+001	 2.80660e+001
579	 5.9800000000e+002	 5.07929e+001	 3.13055e+001
580	 5.9900000000e+002	 5.28990e+001	 3.45913e+001
581	 6.0000000000e+002	 5.51456e+001	 3.79384e+001
582	 6.0100000000e+002	 5.75393e+001	 4.13638e+001
583	 6.0200000000e+002	 6.01061e+001	 4.48668e+001
584	 6.0300000000e+002	 6.28530e+001	 4.84315e+001
585	 6.0400000000e+002	 6.58091e+001	 5.20481e+001
586	 6.0500000000e+002	 6.89971e+001	 5.57327e+001
587	 6.0600000000e+002	 7.24094e+001	 5.94857e+001
588	 6.0700000000e+002	 7.60771e+001	 6.33221e+001
589	 6.0800000000e+002	 8.00235e+001	 6.72536e+001
590	 6.0900000000e+002	 8.42814e+001	 7.12451e+001
591	 6.1000000000e+002	 8.88891e+001	 7.52733e+001
592	 6.1100000000e+002	 9.38497e+001	 7.93443e+001
593	 6.1200000000e+002	 9.92048e+001	 8.34291e+001
594	 6.1300000000e+002	 1.05017e+002	 8.75354e+001
595	 6.1400000000e+002	 1.11365e+002	 9.16742e+001
596	 6.1500000000e+002	 1.18296e+002	 9.57857e+001
597	 6.1600000000e+002	 1.25832e+002	 9.98220e+001
598	 6.1700000000e+002	 1.34040e+002	 1.03713e+002
599	 6.1800000000e+002	 1.42998e+002	 1.07403e+002
600	 6.1900000000e+002	 1.52726e+002	 1.10836e+002
601	 6.2000000000e+002	 1.63308e+002	 1.13913e+002
602	 6.2100000000e+002	 1.74808e+002	 1.16508e+002
603	 6.2200000000e+002	 1.87277e+002	 1.18522e+002
604	 6.2300000000e+002	 2.00772e+002	 1.19757e+002
605	 6.2400000000e+002	 2.15329e+002	 1.20030e+002
606	 6.2500000000e+002	 2.30940e+002	 1.19081e+002
607	 6.2600000000e+002	 2.47580e+002	 1.16646e+002
608	 6.2700000000e+002	 2.65147e+002	 1.12412e+002
609	 6.2800000000e+002	 2.83469e+002	 1.06062e+002
610	 6.2900000000e+002	 3.02265e+002	 9.72699e+001
611	 6.3000000000e+002	 3.21181e+002	 8.56895e+001
612	 6.3100000000e+002	 3.39716e+002	 7.10822e+001
613	 6.3200000000e+002	 3.57327e+002	 5.32286e+001
614	 6.3300000000e+002	 3.73253e+002	 3.21049e+001
615	 6.3400000000e+002	 3.86683e+002	 7.82468e+000
616	 6.3500000000e+002	 3.96786e+002	-1.91643e+001
617	 6.3600000000e+002	 4.02843e+002	-4.81750e+001
618	 6.3700000000e+002	 4.04346e+002	-7.83433e+001
619	 6.3800000000e+002	 4.01051e+002	-1.08550e+002
620	 6.3900000000e+002	 3.93093e+002	-1.37664e+002
621	 6.4000000000e+002	 3.80944e+002	-1.64681e+002
622	 6.4100000000e+002	 3.65295e+002	-1.88847e+002
623	 6.4200000000e+002	 3.46985e+002	-2.09728e+002
624	 6.4300000000e+002	 3.26897e+002	-2.27012e+002
625	 6.4400000000e+002	 3.05806e+002	-2.40703e+002
626	 6.4500000000e+002	 2.84437e+002	-2.50942e+002
627	 6.4600000000e+002	 2.63395e+002	-2.58056e+002
628	 6.4700000000e+002	 2.43124e+002	-2.62442e+002
629	 6.4800000000e+002	 2.23912e+002	-2.64522e+002
630	 6.4900000000e+002	 2.06056e+002	-2.64669e+002
631	 6.5000000000e+002	 1.89689e+002	-2.63209e+002
632	 6.5100000000e+002	 1.74078e+002	-2.60922e+002
633	 6.5200000000e+002	 1.59986e+002	-2.57539e+002
634	 6.5300000000e+002	 1.47260e+002	-2.53412e+002
635	 6.5400000000e+002	 1.35679e+002	-2.48779e+002
636	 6.5500000000e+002	 1.25158e+002	-2.43812e+002
637	 6.5600000000e+002	 1.15631e+002	-2.38601e+002
638	 6.5700000000e+002	 1.07005e+002	-2.33223e+002
639	 6.5800000000e+002	 9.92072e+001	-2.27776e+002
640	 6.5900000000e+002	 9.21620e+001	-2.22334e+002
641	 6.6000000000e+002	 8.57604e+001	-2.16914e+002
642	 6.6100000000e+002	 7.99468e+001	-2.11560e+002
643	 6.6200000000e+002	 7.47027e+001	-2.06295e+002
644	 6.6300000000e+002	 6.99346e+001	-2.01134e+002
645	 6.6400000000e+002	 6.55912e+001	-1.96089e+002
646	 6.6500000000e+002	 6.16297e+001	-1.91172e+002
647	 6.6600000000e+002	 5.80442e+001	-1.86397e+002
648	 6.6700000000e+002	 5.47813e+001	-1.81756e+002
649	 6.6800000000e+002	 5.17652e+001	-1.77231e+002
650	 6.6900000000e+002	 4.89974e+001	-1.72834e+002
651	 6.7000000000e+002	 4.64776e+001	-1.68569e+002
652	 6.7100000000e+002	 4.41657e+001	-1.64423e+002
653	 6.7200000000e+002	 4.20633e+001	-1.60389e+002
654	 6.7300000000e+002	 4.01274e+001	-1.56451e+002
655	 6.7400000000e+002	 3.83455e+001	-1.52626e+002
656	 6.7500000000e+002	 3.67122e+001	-1.48893e+002
657	 6.7600000000e+002	 3.52068e+001	-1.45254e+002
658	 6.7700000000e+002	 3.38367e+001	-1.41711e+002
659	 6.7800000000e+002	 3.25817e+001	-1.38235e+002
660	 6.7900000000e+002	 3.14455e+001	-1.34852e+002
661	 6.8000000000e+002	 3.03940e+001	-1.31562e+002
662	 6.8100000000e+002	 2.94377e+001	-1.28340e+002
663	 6.8200000000e+002	 2.85798e+001	-1.25192e+002
664	 6.8300000000e+002	 2.77947e+001	-1.22097e+002
665	 6.8400000000e+002	 2.70866e+001	-1.19079e+002
666	 6.8500000000e+002	 2.64735e+001	-1.16107e+002
667	 6.8600000000e+002	 2.59121e+001	-1.13208e+002
668	 6.8700000000e+002	 2.54079e+001	-1.10372e+002
669	 6.8800000000e+002	 2.49801e+001	-1.07586e+002
670	 6.8900000000e+002	 2.46075e+001	-1.04853e+002
671	 6.9000000000e+002	 2.42774e+001	-1.02173e+002
672	 6.9100000000e+002	 2.40111e+001	-9.95385e+001
673	 6.9200000000e+002	 2.37830e+001	-9.69583e+001
674	 6.9300000000e+002	 2.36114e+001	-9.44078e+001
675	 6.9400000000e+002	 2.34688e+001	-9.18993e+001
676	 6.9500000000e+002	 2.33583e+001	-8.94361e+001
677	 6.9600000000e+002	 2.32963e+001	-8.70130e+001
678	 6.9700000000e+002	 2.32685e+001	-8.46119e+001
679	 6.9800000000e+002	 2.32730e+001	-8.22383e+001
680	 6.9900000000e+002	 2.33050e+001	-7.98977e+001
681	 7.0000000000e+002	 2.33584e+001	-7.75744e+001
682	 7.0100000000e+002	 2.34599e+001	-7.52806e+001
683	 7.0200000000e+002	 2.35814e+001	-7.30076e+001
684	 7.0300000000e+002	 2.37433e+001	-7.07466e+001
685	 7.0400000000e+002	 2.39304e+001	-6.84991e+001
686	 7.0500000000e+002	 2.41520e+001	-6.62705e+001
687	 7.0600000000e+002	 2.44009e+001	-6.40558e+001
688	 7.0700000000e+002	 2.46800e+001	-6.18439e+001
689	 7.0800000000e+002	 2.49755e+001	-5.96400e+001
690	 7.0900000000e+002	 2.53057e+001	-5.74551e+001
691	 7.1000000000e+002	 2.56730e+001	-5.52505e+001
692	 7.1100000000e+002	 2.60658e+001	-5.30566e+001
693	 7.1200000000e+002	 2.64850e+001	-5.08768e+001
694	 7.1300000000e+002	 2.69415e+001	-4.86768e+001
695	 7.1400000000e+002	 2.74289e+001	-4.64773e+001
696	 7.1500000000e+002	 2.79527e+001	-4.42737e+001
697	 7.1600000000e+002	 2.85201e+001	-4.20530e+001
698	 7.1700000000e+002	 2.91251e+001	-3.98201e+001
699	 7.1800000000e+002	 2.97644e+001	-3.75846e+001
700	 7.1900000000e+002	 3.04513e+001	-3.53362e+001
701	 7.2000000000e+002	 3.11790e+001	-3.30772e+001
702	 7.2100000000e+002	 3.19553e+001	-3.07973e+001
703	 7.2200000000e+002	 3.27907e+001	-2.84928e+001
704	 7.2300000000e+002	 3.36723e+001	-2.61836e+001
705	 7.2400000000e+002	 3.46093e+001	-2.38535e+001
706	 7.2500000000e+002	 3.55927e+001	-2.15212e+001
707	 7.2600000000e+002	 3.66481e+001	-1.91610e+001
708	 7.2700000000e+002	 3.77602e+001	-1.67590e+001
709	 7.2800000000e+002	 3.89333e+001	-1.43508e+001
710	 7.2900000000e+002	 4.01861e+001	-1.19179e+001
711	 7.3000000000e+002	 4.15039e+001	-9.45074e+000
712	 7.3100000000e+002	 4.28971e+001	-6.95249e+000
713	 7.3200000000e+002	 4.43813e+001	-4.42735e+000
714	 7.3300000000e+002	 4.59452e+001	-1.87082e+000
715	 7.3400000000e+002	 4.76115e+001	 7.19611e-001
716	 7.3500000000e+002	 4.93829e+001	 3.33874e+000
717	 7.3600000000e+002	 5.12562e+001	 5.99088e+000
718	 7.3700000000e+002	 5.32490e+001	 8.67559e+000
719	 7.3800000000e+002	 5.53740e+001	 1.13881e+001
720	 7.3900000000e+002	 5.76462e+001	 1.41367e+001
721	 7.4000000000e+002	 6.00497e+001	 1.69150e+001
722	 7.4100000000e+002	 6.26037e+001	 1.97250e+001
723	 7.4200000000e+002	 6.53502e+001	 2.25479e+001
724	 7.4300000000e+002	 6.82706e+001	 2.53862e+001
725	 7.4400000000e+002	 7.13680e+001	 2.82594e+001
726	 7.4500000000e+002	 7.46648e+001	 3.11477e+001
727	 7.4600000000e+002	 7.81886e+001	 3.40353e+001
728	 7.4700000000e+002	 8.19616e+001	 3.69274e+001
729	 7.4800000000e+002	 8.59727e+001	 3.98081e+001
730	 7.4900000000e+002	 9.03231e+001	 4.26268e+001
731	 7.5000000000e+002	 9.50930e+001	 4.53797e+001
732	 7.5100000000e+002	 9.97952e+001	 4.82969e+001
733	 7.5200000000e+002	 1.04982e+002	 5.10724e+001
734	 7.5300000000e+002	 1.10603e+002	 5.37404e+001
735	 7.5400000000e+002	 1.16625e+002	 5.63081e+001
736	 7.5500000000e+002	 1.23066e+002	 5.87255e+001
737	 7.5600000000e+002	 1.29977e+002	 6.09883e+001
738	 7.5700000000e+002	 1.37401e+002	 6.30266e+001
739	 7.5800000000e+002	 1.45378e+002	 6.47886e+001
740	 7.5900000000e+002	 1.53917e+002	 6.62046e+001
741	 7.6000000000e+002	 1.63053e+002	 6.71759e+001
742	 7.6100000000e+002	 1.72834e+002	 6.76269e+001
743	 7.6200000000e+002	 1.83257e+002	 6.74158e+001
744	 7.6300000000e+002	 1.94290e+002	 6.64029e+001
745	 7.6400000000e+002	 2.05945e+002	 6.44540e+001
746	 7.6500000000e+002	 2.18160e+002	 6.13914e+001
747	 7.6600000000e+002	 2.30836e+002	 5.70510e+001
748	 7.6700000000e+002	 2.43839e+002	 5.12415e+001
749	 7.6800000000e+002	 2.56998e+002	 4.38139e+001
750	 7.6900000000e+002	 2.70062e+002	 3.45575e+001
751	 7.7000000000e+002	 2.82732e+002	 2.33578e+001
752	 7.7100000000e+002	 2.94616e+002	 1.01290e+001
753	 7.7200000000e+002	 3.05328e+002	-5.04378e+000
754	 7.7300000000e+002	 3.14451e+002	-2.21165e+001
755	 7.7400000000e+002	 3.21575e+002	-4.08191e+001
756	 7.7500000000e+002	 3.26291e+002	-6.07839e+001
757	 7.7600000000e+002	 3.28308e+002	-8.15875e+001
758	 7.7700000000e+002	 3.27497e+002	-1.02708e+002
759	 7.7800000000e+002	 3.23735e+002	-1.23553e+002
760	 7.7900000000e+002	 3.17223e+002	-1.43560e+002
761	 7.8000000000e+002	 3.08164e+002	-1.62244e+002
762	 7.8100000000e+002	 2.96980e+002	-1.79132e+002
763	 7.8200000000e+002	 2.84103e+002	-1.93969e+002
764	 7.8300000000e+002	 2.69999e+002	-2.06570e+002
765	 7.8400000000e+002	 2.55163e+002	-2.16913e+002
766	 7.8500000000e+002	 2.40026e+002	-2.25090e+002
767	 7.8600000000e+002	 2.24919e+002	-2.31256e+002
768	 7.8700000000e+002	 2.10116e+002	-2.35564e+002
769	 7.8800000000e+002	 1.95865e+002	-2.38257e+002
770	 7.8900000000e+002	 1.82236e+002	-2.39570e+002
771	 7.9000000000e+002	 1.69368e+002	-2.39704e+002
772	 7.9100000000e+002	 1.57311e+002	-2.38865e+002
773	 7.9200000000e+002	 1.46042e+002	-2.37209e+002
774	 7.9300000000e+002	 1.35628e+002	-2.34925e+002
775	 7.9400000000e+002	 1.26009e+002	-2.32117e+002
776	 7.9500000000e+002	 1.17112e+002	-2.28899e+002
777	 7.9600000000e+002	 1.08943e+002	-2.25405e+002
778	 7.9700000000e+002	 1.01433e+002	-2.21710e+002
779	 7.9800000000e+002	 9.45359e+001	-2.17819e+002
780	 7.9900000000e+002	 8.82077e+001	-2.13808e+002
781	 8.0000000000e+002	 8.24017e+001	-2.09754e+002
782	 8.0100000000e+002	 7.70854e+001	-2.05681e+002
783	 8.0200000000e+002	 7.22046e+001	-2.01603e+002
784	 8.0300000000e+002	 6.77171e+001	-1.97552e+002
785	 8.0400000000e+002	 6.36057e+001	-1.93537e+002
786	 8.0500000000e+002	 5.98252e+001	-1.89561e+002
787	 8.0600000000e+002	 5.63565e+001	-1.85631e+002
788	 8.0700000000e+002	 5.31727e+001	-1.81761e+002
789	 8.0800000000e+002	 5.02590e+001	-1.77973e+002
790	 8.0900000000e+002	 4.75790e+001	-1.74272e+002
791	 8.1000000000e+002	 4.51157e+001	-1.70638e+002
792	 8.1100000000e+002	 4.28434e+001	-1.67083e+002
793	 8.1200000000e+002	 4.07534e+001	-1.63581e+002
794	 8.1300000000e+002	 3.88231e+001	-1.60177e+002
795	 8.1400000000e+002	 3.70466e+001	-1.56855e+002
796	 8.1500000000e+002	 3.54286e+001	-1.53638e+002
797	 8.1600000000e+002	 3.39400e+001	-1.50458e+002
798	 8.1700000000e+002	 3.25642e+001	-1.47346e+002
799	 8.1800000000e+002	 3.12979e+001	-1.44298e+002
800	 8.1900000000e+002	 3.01283e+001	-1.41341e+002
801	 8.2000000000e+002	 2.90644e+001	-1.38423e+002
802	 8.2100000000e+002	 2.80775e+001	-1.35543e+002
803	 8.2200000000e+002	 2.71859e+001	-1.32719e+002
804	 8.2300000000e+002	 2.63841e+001	-1.29974e+002
805	 8.2400000000e+002	 2.56445e+001	-1.27266e+002
806	 8.2500000000e+002	 2.49738e+001	-1.24602e+002
807	 8.2600000000e+002	 2.43799e+001	-1.21996e+002
808	 8.2700000000e+002	 2.38515e+001	-1.19443e+002
809	 8.2800000000e+002	 2.33698e+001	-1.16931e+002
810	 8.2900000000e+002	 2.29413e+001	-1.14464e+002
811	 8.3000000000e+002	 2.26039e+001	-1.12036e+002
812	 8.3100000000e+002	 2.22854e+001	-1.09643e+002
813	 8.3200000000e+002	 2.20033e+001	-1.07290e+002
814	 8.3300000000e+002	 2.17852e+001	-1.04972e+002
815	 8.3400000000e+002	 2.16028e+001	-1.02686e+002
816	 8.3500000000e+002	 2.14534e+001	-1.00419e+002
817	 8.3600000000e+002	 2.13533e+001	-9.81740e+001
818	 8.3700000000e+002	 2.12956e+001	-9.59560e+001
819	 8.3800000000e+002	 2.12678e+001	-9.37722e+001
820	 8.3900000000e+002	 2.12750e+001	-9.16263e+001
821	 8.4000000000e+002	 2.13109e+001	-8.94900e+001
822	 8.4100000000e+002	 2.13858e+001	-8.73710e+001
823	 8.4200000000e+002	 2.15084e+001	-8.52618e+001
824	 8.4300000000e+002	 2.16729e+001	-8.31443e+001
825	 8.4400000000e+002	 2.18631e+001	-8.10790e+001
826	 8.4500000000e+002	 2.20750e+001	-7.90416e+001
827	 8.4600000000e+002	 2.23236e+001	-7.70000e+001
828	 8.4700000000e+002	 2.26151e+001	-7.49556e+001
829	 8.4800000000e+002	 2.29461e+001	-7.28992e+001
830	 8.4900000000e+002	 2.32974e+001	-7.08959e+001
831	 8.5000000000e+002	 2.36759e+001	-6.89144e+001
832	 8.5100000000e+002	 2.40978e+001	-6.68985e+001
833	 8.5200000000e+002	 2.45549e+001	-6.48868e+001
834	 8.5300000000e+002	 2.50344e+001	-6.28993e+001
835	 8.5400000000e+002	 2.55633e+001	-6.09086e+001
836	 8.5500000000e+002	 2.61286e+001	-5.89079e+001
837	 8.5600000000e+002	 2.67291e+001	-5.69180e+001
838	 8.5700000000e+002	 2.73549e+001	-5.49233e+001
839	 8.5800000000e+002	 2.80445e+001	-5.29236e+001
840	 8.5900000000e+002	 2.87566e+001	-5.09221e+001
841	 8.6000000000e+002	 2.95048e+001	-4.89114e+001
842	 8.6100000000e+002	 3.03230e+001	-4.68881e+001
843	 8.6200000000e+002	 3.11611e+001	-4.48791e+001
844	 8.6300000000e+002	 3.20536e+001	-4.28505e+001
845	 8.6400000000e+002	 3.29958e+001	-4.08018e+001
846	 8.6500000000e+002	 3.39826e+001	-3.87546e+001
847	 8.6600000000e+002	 3.50515e+001	-3.66792e+001
848	 8.6700000000e+002	 3.61466e+001	-3.46098e+001
849	 8.6800000000e+002	 3.73332e+001	-3.25143e+001
850	 8.6900000000e+002	 3.85624e+001	-3.04119e+001
851	 8.7000000000e+002	 3.98591e+001	-2.82852e+001
852	 8.7100000000e+002	 4.12364e+001	-2.61525e+001
853	 8.7200000000e+002	 4.26831e+001	-2.39998e+001
854	 8.7300000000e+002	 4.42276e+001	-2.18210e+001
855	 8.7400000000e+002	 4.58399e+001	-1.96313e+001
856	 8.7500000000e+002	 4.75389e+001	-1.74264e+001
857	 8.7600000000e+002	 4.93440e+001	-1.51978e+001
858	 8.7700000000e+002	 5.12515e+001	-1.29593e+001
859	 8.7800000000e+002	 5.32695e+001	-1.06903e+001
860	 8.7900000000e+002	 5.54051e+001	-8.40012e+000
861	 8.8000000000e+002	 5.76860e+001	-6.09149e+000
862	 8.8100000000e+002	 6.00962e+001	-3.77273e+000
863	 8.8200000000e+002	 6.26645e+001	-1.46821e+000
864	 8.8300000000e+002	 6.53961e+001	 8.44137e-001
865	 8.8400000000e+002	 6.83140e+001	 3.15407e+000
866	 8.8500000000e+002	 7.14032e+001	 5.46182e+000
867	 8.8600000000e+002	 7.46828e+001	 7.76016e+000
868	 8.8700000000e+002	 7.81696e+001	 1.00151e+001
869	 8.8800000000e+002	 8.18961e+001	 1.22222e+001
870	 8.8900000000e+002	 8.58434e+001	 1.43873e+001
871	 8.9000000000e+002	 9.00393e+001	 1.64702e+001
872	 8.9100000000e+002	 9.45111e+001	 1.84986e+001
873	 8.9200000000e+002	 9.92810e+001	 2.03977e+001
874	 8.9300000000e+002	 1.04324e+002	 2.21614e+001
875	 8.9400000000e+002	 1.09660e+002	 2.37818e+001
876	 8.9500000000e+002	 1.15326e+002	 2.52294e+001
877	 8.9600000000e+002	 1.21332e+002	 2.64554e+001
878	 8.9700000000e+002	 1.27700e+002	 2.74329e+001
879	 8.9800000000e+002	 1.34432e+002	 2.81074e+001
880	 8.9900000000e+002	 1.41545e+002	 2.84296e+001
881	 9.0000000000e+002	 1.49034e+002	 2.83453e+001
882	 9.0100000000e+002	 1.56891e+002	 2.77788e+001
883	 9.0200000000e+002	 1.65109e+002	 2.66591e+001
884	 9.0300000000e+002	 1.73679e+002	 2.49121e+001
885	 9.0400000000e+002	 1.82554e+002	 2.24227e+001
886	 9.0500000000e+002	 1.91650e+002	 1.91147e+001
887	 9.0600000000e+002	 2.00920e+002	 1.49168e+001
888	 9.0700000000e+002	 2.10277e+002	 9.74827e+000
889	 9.0800000000e+002	 2.19608e+002	 3.52339e+000
890	 9.0900000000e+002	 2.28755e+002	-3.81326e+000
891	 9.1000000000e+002	 2.37576e+002	-1.23400e+001
892	 9.1100000000e+002	 2.45903e+002	-2.20578e+001
893	 9.1200000000e+002	 2.53516e+002	-3.29752e+001
894	 9.1300000000e+002	 2.60232e+002	-4.50375e+001
895	 9.1400000000e+002	 2.65825e+002	-5.81834e+001
896	 9.1500000000e+002	 2.70028e+002	-7.22854e+001
897	 9.1600000000e+002	 2.72671e+002	-8.71165e+001
898	 9.1700000000e+002	 2.73608e+002	-1.02434e+002
899	 9.1800000000e+002	 2.72713e+002	-1.17956e+002
900	 9.1900000000e+002	 2.69914e+002	-1.33354e+002
901	 9.2000000000e+002	 2.65323e+002	-1.48312e+002
902	 9.2100000000e+002	 2.58986e+002	-1.62513e+002
903	 9.2200000000e+002	 2.51118e+002	-1.75700e+002
904	 9.2300000000e+002	 2.41935e+002	-1.87626e+002
905	 9.2400000000e+002	 2.31703e+002	-1.98156e+002
906	 9.2500000000e+002	 2.20693e+002	-2.07200e+002
907	 9.2600000000e+002	 2.09162e+002	-2.14741e+002
908	 9.2700000000e+002	 1.97402e+002	-2.20758e+002
909	 9.2800000000e+002	 1.85612e+002	-2.25364e+002
910	 9.2900000000e+002	 1.73992e+002	-2.28660e+002
911	 9.3000000000e+002	 1.62708e+002	-2.30769e+002
912	 9.3100000000e+002	 1.51883e+002	-2.31807e+002
913	 9.3200000000e+002	 1.41574e+002	-2.31946e+002
914	 9.3300000000e+002	 1.31844e+002	-2.31316e+002
915	 9.3400000000e+002	 1.22714e+002	-2.30062e+002
916	 9.3500000000e+002	 1.14193e+002	-2.28285e+002
917	 9.3600000000e+002	 1.06256e+002	-2.26099e+002
918	 9.3700000000e+002	 9.89012e+001	-2.23578e+002
919	 9.3800000000e+002	 9.21027e+001	-2.20794e+002
920	 9.3900000000e+002	 8.57895e+001	-2.17821e+002
921	 9.4000000000e+002	 7.99556e+001	-2.14704e+002
922	 9.4100000000e+002	 7.45655e+001	-2.11486e+002
923	 9.4200000000e+002	 6.95780e+001	-2.08209e+002
924	 9.4300000000e+002	 6.49910e+001	-2.04863e+002
925	 9.4400000000e+002	 6.07512e+001	-2.01500e+002
926	 9.4500000000e+002	 5.68332e+001	-1.98157e+002
927	 9.4600000000e+002	 5.32148e+001	-1.94836e+002
928	 9.4700000000e+002	 4.98836e+001	-1.91516e+002
929	 9.4800000000e+002	 4.67921e+001	-1.88246e+002
930	 9.4900000000e+002	 4.39556e+001	-1.84981e+002
931	 9.5000000000e+002	 4.13625e+001	-1.81733e+002
932	 9.5100000000e+002	 3.88270e+001	-1.78647e+002
933	 9.5200000000e+002	 3.65334e+001	-1.75573e+002
934	 9.5300000000e+002	 3.44306e+001	-1.72527e+002
935	 9.5400000000e+002	 3.24838e+001	-1.69527e+002
936	 9.5500000000e+002	 3.06837e+001	-1.66599e+002
937	 9.5600000000e+002	 2.90003e+001	-1.63717e+002
938	 9.5700000000e+002	 2.74312e+001	-1.60894e+002
939	 9.5800000000e+002	 2.59838e+001	-1.58099e+002
940	 9.5900000000e+002	 2.46483e+001	-1.55355e+002
941	 9.6000000000e+002	 2.33878e+001	-1.52663e+002
942	 9.6100000000e+002	 2.22562e+001	-1.50018e+002
943	 9.6200000000e+002	 2.12044e+001	-1.47409e+002
944	 9.6300000000e+002	 2.02301e+001	-1.44832e+002
945	 9.6400000000e+002	 1.93344e+001	-1.42299e+002
946	 9.6500000000e+002	 1.85193e+001	-1.39811e+002
947	 9.6600000000e+002	 1.77813e+001	-1.37362e+002
948	 9.6700000000e+002	 1.70929e+001	-1.34938e+002
949	 9.6800000000e+002	 1.64954e+001	-1.32541e+002
950	 9.6900000000e+002	 1.59685e+001	-1.30172e+002
951	 9.7000000000e+002	 1.55015e+001	-1.27856e+002
952	 9.7100000000e+002	 1.50865e+001	-1.25573e+002
953	 9.7200000000e+002	 1.47231e+001	-1.23321e+002
954	 9.7300000000e+002	 1.44297e+001	-1.21111e+002
955	 9.7400000000e+002	 1.41998e+001	-1.18928e+002
956	 9.7500000000e+002	 1.40108e+001	-1.16769e+002
957	 9.7600000000e+002	 1.38570e+001	-1.14658e+002
958	 9.7700000000e+002	 1.37614e+001	-1.12571e+002
959	 9.7800000000e+002	 1.37041e+001	-1.10516e+002
960	 9.7900000000e+002	 1.36955e+001	-1.08492e+002
961	 9.8000000000e+002	 1.37105e+001	-1.06492e+002
962	 9.8100000000e+002	 1.37722e+001	-1.04514e+002
963	 9.8200000000e+002	 1.38809e+001	-1.02563e+002
964	 9.8300000000e+002	 1.40196e+001	-1.00639e+002
965	 9.8400000000e+002	 1.41826e+001	-9.87460e+001
966	 9.8500000000e+002	 1.43861e+001	-9.68731e+001
967	 9.8600000000e+002	 1.46058e+001	-9.50133e+001
968	 9.8700000000e+002	 1.48651e+001	-9.31677e+001
969	 9.8800000000e+002	 1.51676e+001	-9.13500e+001
970	 9.8900000000e+002	 1.54927e+001	-8.95296e+001
971	 9.9000000000e+002	 1.58379e+001	-8.77237e+001
972	 9.9100000000e+002	 1.62232e+001	-8.59481e+001
973	 9.9200000000e+002	 1.66412e+001	-8.41833e+001
974	 9.9300000000e+002	 1.70968e+001	-8.24226e+001
975	 9.9400000000e+002	 1.75721e+001	-8.06669e+001
976	 9.9500000000e+002	 1.80887e+001	-7.89240e+001
977	 9.9600000000e+002	 1.86327e+001	-7.71821e+001
978	 9.9700000000e+002	 1.91994e+001	-7.54619e+001
979	 9.9800000000e+002	 1.98039e+001	-7.37313e+001
980	 9.9900000000e+002	 2.04600e+001	-7.19951e+001
981	 1.0000000000e+003	 2.11359e+001	-7.02584e+001
982	 1.0010000000e+003	 2.18502e+001	-6.85489e+001
983	 1.0020000000e+003	 2.26140e+001	-6.68285e+001
984	 1.0030000000e+003	 2.34240e+001	-6.51022e+001
985	 1.0040000000e+003	 2.42854e+001	-6.33771e+001
986	 1.0050000000e+003	 2.51766e+001	-6.16588e+001
987	 1.0060000000e+003	 2.61306e+001	-5.99501e+001
988	 1.0070000000e+003	 2.71327e+001	-5.82295e+001
989	 1.0080000000e+003	 2.81813e+001	-5.65234e+001
990	 1.0090000000e+003	 2.92841e+001	-5.48054e+001
991	 1.0100000000e+003	 3.04280e+001	-5.30846e+001
992	 1.0110000000e+003	 3.16393e+001	-5.13811e+001
993	 1.0120000000e+003	 3.29189e+001	-4.96705e+001
994	 1.0130000000e+003	 3.42575e+001	-4.79417e+001
995	 1.0140000000e+003	 3.56673e+001	-4.62418e+001
996	 1.0150000000e+003	 3.71370e+001	-4.45236e+001
997	 1.0160000000e+003	 3.86718e+001	-4.28078e+001
998	 1.0170000000e+003	 4.03195e+001	-4.11158e+001
999	 1.0180000000e+003	 4.20316e+001	-3.94103e+001
1000	 1.0190000000e+003	 4.38224e+001	-3.77124e+001
1001	 1.0200000000e+003	 4.57306e+001	-3.60457e+001
1002	 1.0210000000e+003	 4.77261e+001	-3.43826e+001
1003	 1.0220000000e+003	 4.98324e+001	-3.27113e+001
1004	 1.0230000000e+003	 5.20357e+001	-3.10885e+001
1005	 1.0240000000e+003	 5.43459e+001	-2.95019e+001
1006	 1.0250000000e+003	 5.67858e+001	-2.79037e+001
1007	 1.0260000000e+003	 5.93525e+001	-2.63327e+001
1008	 1.0270000000e+003	 6.20510e+001	-2.48392e+001
1009	 1.0280000000e+003	 6.48861e+001	-2.34088e+001
1010	 1.0290000000e+003	 6.78583e+001	-2.20096e+001
1011	 1.0300000000e+003	 7.09868e+001	-2.06424e+001
1012	 1.0310000000e+003	 7.42804e+001	-1.93670e+001
1013	 1.0320000000e+003	 7.77360e+001	-1.82110e+001
1014	 1.0330000000e+003	 8.13647e+001	-1.71471e+001
1015	 1.0340000000e+003	 8.51826e+001	-1.61594e+001
1016	 1.0350000000e+003	 8.91948e+001	-1.52822e+001
1017	 1.0360000000e+003	 9.33999e+001	-1.45539e+001
1018	 1.0370000000e+003	 9.78042e+001	-1.40275e+001
1019	 1.0380000000e+003	 1.02392e+002	-1.37202e+001
1020	 1.0390000000e+003	 1.07181e+002	-1.36110e+001
1021	 1.0400000000e+003	 1.12196e+002	-1.37226e+001
1022	 1.0410000000e+003	 1.17439e+002	-1.40965e+001
1023	 1.0420000000e+003	 1.22907e+002	-1.47870e+001
1024	 1.0430000000e+003	 1.28555e+002	-1.58489e+001
1025	 1.0440000000e+003	 1.34366e+002	-1.72916e+001
1026	 1.0450000000e+003	 1.40324e+002	-1.91756e+001
1027	 1.0460000000e+003	 1.46407e+002	-2.15566e+001
1028	 1.0470000000e+003	 1.52554e+002	-2.44472e+001
1029	 1.0480000000e+003	 1.58774e+002	-2.78996e+001
1030	 1.0490000000e+003	 1.64983e+002	-3.19401e+001
1031	 1.0500000000e+003	 1.71134e+002	-3.65914e+001
1032	 1.0510000000e+003	 1.77162e+002	-4.19659e+001
1033	 1.0520000000e+003	 1.82981e+002	-4.80353e+001
1034	 1.0530000000e+003	 1.88473e+002	-5.48189e+001
1035	 1.0540000000e+003	 1.93555e+002	-6.23065e+001
1036	 1.0550000000e+003	 1.98096e+002	-7.04748e+001
1037	 1.0560000000e+003	 2.02004e+002	-7.93157e+001
1038	 1.0570000000e+003	 2.05173e+002	-8.87625e+001
1039	 1.0580000000e+003	 2.07487e+002	-9.87145e+001
1040	 1.0590000000e+003	 2.08816e+002	-1.09066e+002
1041	 1.0600000000e+003	 2.09115e+002	-1.19689e+002
1042	 1.0610000000e+003	 2.08312e+002	-1.30472e+002
1043	 1.0620000000e+003	 2.06385e+002	-1.41225e+002
1044	 1.0630000000e+003	 2.03322e+002	-1.51773e+002
1045	 1.0640000000e+003	 1.99128e+002	-1.61953e+002
1046	 1.0650000000e+003	 1.93928e+002	-1.71590e+002
1047	 1.0660000000e+003	 1.87785e+002	-1.80549e+002
1048	 1.0670000000e+003	 1.80878e+002	-1.88695e+002
1049	 1.0680000000e+003	 1.73357e+002	-1.95941e+002
1050	 1.0690000000e+003	 1.65310e+002	-2.02246e+002
1051	 1.0700000000e+003	 1.56918e+002	-2.07621e+002
1052	 1.0710000000e+003	 1.48321e+002	-2.12098e+002
1053	 1.0720000000e+003	 1.39644e+002	-2.15664e+002
1054	 1.0730000000e+003	 1.30990e+002	-2.18376e+002
1055	 1.0740000000e+003	 1.22463e+002	-2.20280e+002
1056	 1.0750000000e+003	 1.14160e+002	-2.21421e+002
1057	 1.0760000000e+003	 1.06138e+002	-2.21867e+002
1058	 1.0770000000e+003	 9.84244e+001	-2.21757e+002
1059	 1.0780000000e+003	 9.10641e+001	-2.21130e+002
1060	 1.0790000000e+003	 8.40594e+001	-2.20064e+002
1061	 1.0800000000e+003	 7.74351e+001	-2.18620e+002
1062	 1.0810000000e+003	 7.12328e+001	-2.16835e+002
1063	 1.0820000000e+003	 6.54126e+001	-2.14798e+002
1064	 1.0830000000e+003	 5.99465e+001	-2.12544e+002
1065	 1.0840000000e+003	 5.48123e+001	-2.10118e+002
1066	 1.0850000000e+003	 5.00369e+001	-2.07526e+002
1067	 1.0860000000e+003	 4.56067e+001	-2.04816e+002
1068	 1.0870000000e+003	 4.14613e+001	-2.02050e+002
1069	 1.0880000000e+003	 3.75959e+001	-1.99208e+002
1070	 1.0890000000e+003	 3.40299e+001	-1.96323e+002
1071	 1.0900000000e+003	 3.07358e+001	-1.93411e+002
1072	 1.0910000000e+003	 2.76400e+001	-1.90496e+002
1073	 1.0920000000e+003	 2.47860e+001	-1.87574e+002
1074	 1.0930000000e+003	 2.21664e+001	-1.84648e+002
1075	 1.0940000000e+003	 1.97241e+001	-1.81726e+002
1076	 1.0950000000e+003	 1.74583e+001	-1.78841e+002
1077	 1.0960000000e+003	 1.53786e+001	-1.75985e+002
1078	 1.0970000000e+003	 1.34551e+001	-1.73175e+002
1079	 1.0980000000e+003	 1.16798e+001	-1.70375e+002
1080	 1.0990000000e+003	 1.00680e+001	-1.67616e+002
1081	 1.1000000000e+003	 8.56341e+000	-1.64912e+002
1082	 1.1010000000e+003	 7.20029e+000	-1.62243e+002
1083	 1.1020000000e+003	 5.96876e+000	-1.59616e+002
1084	 1.1030000000e+003	 4.80032e+000	-1.57026e+002
1085	 1.1040000000e+003	 3.75109e+000	-1.54478e+002
1086	 1.1050000000e+003	 2.80939e+000	-1.51983e+002
1087	 1.1060000000e+003	 1.96080e+000	-1.49534e+002
1088	 1.1070000000e+003	 1.19873e+000	-1.47124e+002
1089	 1.1080000000e+003	 5.04795e-001	-1.44750e+002
1090	 1.1090000000e+003	-9.24954e-002	-1.42424e+002
1091	 1.1100000000e+003	-6.44006e-001	-1.40153e+002
1092	 1.1110000000e+003	-1.13646e+000	-1.37929e+002
1093	 1.1120000000e+003	-1.54980e+000	-1.35740e+002
1094	 1.1130000000e+003	-1.89698e+000	-1.33591e+002
1095	 1.1140000000e+003	-2.19404e+000	-1.31470e+002
1096	 1.1150000000e+003	-2.44196e+000	-1.29399e+002
1097	 1.1160000000e+003	-2.64077e+000	-1.27379e+002
1098	 1.1170000000e+003	-2.78568e+000	-1.25375e+002
1099	 1.1180000000e+003	-2.88486e+000	-1.23414e+002
1100	 1.1190000000e+003	-2.93635e+000	-1.21492e+002
1101	 1.1200000000e+003	-2.95422e+000	-1.19610e+002
1102	 1.1210000000e+003	-2.93564e+000	-1.17773e+002
1103	 1.1220000000e+003	-2.87948e+000	-1.15975e+002
1104	 1.1230000000e+003	-2.79839e+000	-1.14207e+002
1105	 1.1240000000e+003	-2.70654e+000	-1.12455e+002
1106	 1.1250000000e+003	-2.57579e+000	-1.10740e+002
1107	 1.1260000000e+003	-2.40967e+000	-1.09049e+002
1108	 1.1270000000e+003	-2.24608e+000	-1.07387e+002
1109	 1.1280000000e+003	-2.04184e+000	-1.05736e+002
1110	 1.1290000000e+003	-1.81465e+000	-1.04102e+002
1111	 1.1300000000e+003	-1.58296e+000	-1.02493e+002
1112	 1.1310000000e+003	-1.31530e+000	-1.00892e+002
1113	 1.1320000000e+003	-1.02588e+000	-9.93099e+001
1114	 1.1330000000e+003	-7.23110e-001	-9.77247e+001
1115	 1.1340000000e+003	-3.83503e-001	-9.61397e+001
1116	 1.1350000000e+003	-9.12423e-003	-9.45578e+001
1117	 1.1360000000e+003	 3.87096e-001	-9.29944e+001
1118	 1.1370000000e+003	 8.25317e-001	-9.14312e+001
1119	 1.1380000000e+003	 1.30477e+000	-8.98625e+001
1120	 1.1390000000e+003	 1.82069e+000	-8.83058e+001
1121	 1.1400000000e+003	 2.37036e+000	-8.67664e+001
1122	 1.1410000000e+003	 2.95563e+000	-8.52359e+001
1123	 1.1420000000e+003	 3.58568e+000	-8.37286e+001
1124	 1.1430000000e+003	 4.26648e+000	-8.22216e+001
1125	 1.1440000000e+003	 4.98377e+000	-8.07417e+001
1126	 1.1450000000e+003	 5.72367e+000	-7.92743e+001
1127	 1.1460000000e+003	 6.50923e+000	-7.78207e+001
1128	 1.1470000000e+003	 7.32754e+000	-7.63863e+001
1129	 1.1480000000e+003	 8.17836e+000	-7.49605e+001
1130	 1.1490000000e+003	 9.07169e+000	-7.35761e+001
1131	 1.1500000000e+003	 1.00068e+001	-7.22533e+001
1132	 1.1510000000e+003	 1.09799e+001	-7.07897e+001
1133	 1.1520000000e+003	 1.19935e+001	-6.93918e+001
1134	 1.1530000000e+003	 1.30492e+001	-6.80331e+001
1135	 1.1540000000e+003	 1.41530e+001	-6.66864e+001
1136	 1.1550000000e+003	 1.53016e+001	-6.53536e+001
1137	 1.1560000000e+003	 1.64916e+001	-6.40324e+001
1138	 1.1570000000e+003	 1.77361e+001	-6.27268e+001
1139	 1.1580000000e+003	 1.90253e+001	-6.14392e+001
1140	 1.1590000000e+003	 2.03761e+001	-6.01735e+001
1141	 1.1600000000e+003	 2.17820e+001	-5.89195e+001
1142	 1.1610000000e+003	 2.32398e+001	-5.76833e+001
1143	 1.1620000000e+003	 2.47551e+001	-5.64692e+001
1144	 1.1630000000e+003	 2.63445e+001	-5.52777e+001
1145	 1.1640000000e+003	 2.79911e+001	-5.41135e+001
1146	 1.1650000000e+003	 2.97063e+001	-5.29681e+001
1147	 1.1660000000e+003	 3.14996e+001	-5.18602e+001
1148	 1.1670000000e+003	 3.33665e+001	-5.07839e+001
1149	 1.1680000000e+003	 3.53089e+001	-4.97416e+001
1150	 1.1690000000e+003	 3.73289e+001	-4.87366e+001
1151	 1.1700000000e+003	 3.94334e+001	-4.77812e+001
1152	 1.1710000000e+003	 4.16283e+001	-4.68765e+001
1153	 1.1720000000e+003	 4.39142e+001	-4.60356e+001
1154	 1.1730000000e+003	 4.62876e+001	-4.52507e+001
1155	 1.1740000000e+003	 4.87552e+001	-4.45323e+001
1156	 1.1750000000e+003	 5.13223e+001	-4.38908e+001
1157	 1.1760000000e+003	 5.39828e+001	-4.33332e+001
1158	 1.1770000000e+003	 5.67484e+001	-4.28756e+001
1159	 1.1780000000e+003	 5.96279e+001	-4.25122e+001
1160	 1.1790000000e+003	 6.25913e+001	-4.22576e+001
1161	 1.1800000000e+003	 6.56660e+001	-4.21238e+001
1162	 1.1810000000e+003	 6.88471e+001	-4.21184e+001
1163	 1.1820000000e+003	 7.21427e+001	-4.22672e+001
1164	 1.1830000000e+003	 7.55272e+001	-4.25835e+001
1165	 1.1840000000e+003	 7.90220e+001	-4.30643e+001
1166	 1.1850000000e+003	 8.26330e+001	-4.37390e+001
1167	 1.1860000000e+003	 8.63263e+001	-4.46246e+001
1168	 1.1870000000e+003	 9.01037e+001	-4.57308e+001
1169	 1.1880000000e+003	 9.39634e+001	-4.71043e+001
1170	 1.1890000000e+003	 9.78824e+001	-4.87439e+001
1171	 1.1900000000e+003	 1.01863e+002	-5.06718e+001
1172	 1.1910000000e+003	 1.05868e+002	-5.29020e+001
1173	 1.1920000000e+003	 1.09897e+002	-5.54746e+001
1174	 1.1930000000e+003	 1.13907e+002	-5.84227e+001
1175	 1.1940000000e+003	 1.17872e+002	-6.17515e+001
1176	 1.1950000000e+003	 1.21749e+002	-6.54904e+001
1177	 1.1960000000e+003	 1.25492e+002	-6.96395e+001
1178	 1.1970000000e+003	 1.29047e+002	-7.42207e+001
1179	 1.1980000000e+003	 1.32388e+002	-7.92450e+001
1180	 1.1990000000e+003	 1.35422e+002	-8.47372e+001
1181	 1.2000000000e+003	 1.38072e+002	-9.06613e+001
1182	 1.2010000000e+003	 1.40290e+002	-9.69691e+001
1183	 1.2020000000e+003	 1.41965e+002	-1.03627e+002
1184	 1.2030000000e+003	 1.43066e+002	-1.10603e+002
1185	 1.2040000000e+003	 1.43515e+002	-1.17819e+002
1186	 1.2050000000e+003	 1.43308e+002	-1.25167e+002
1187	 1.2060000000e+003	 1.42372e+002	-1.32565e+002
1188	 1.2070000000e+003	 1.40727e+002	-1.39941e+002
1189	 1.2080000000e+003	 1.38350e+002	-1.47170e+002
1190	 1.2090000000e+003	 1.35269e+002	-1.54159e+002
1191	 1.2100000000e+003	 1.31544e+002	-1.60824e+002
1192	 1.2110000000e+003	 1.27215e+002	-1.67067e+002
1193	 1.2120000000e+003	 1.22354e+002	-1.72816e+002
1194	 1.2130000000e+003	 1.17034e+002	-1.78025e+002
1195	 1.2140000000e+003	 1.11348e+002	-1.82652e+002
1196	 1.2150000000e+003	 1.05379e+002	-1.86697e+002
1197	 1.2160000000e+003	 9.92033e+001	-1.90134e+002
1198	 1.2170000000e+003	 9.29428e+001	-1.92968e+002
1199	 1.2180000000e+003	 8.66245e+001	-1.95196e+002
1200	 1.2190000000e+003	 8.03251e+001	-1.96865e+002
1201	 1.2200000000e+003	 7.40815e+001	-1.98013e+002
1202	 1.2210000000e+003	 6.79543e+001	-1.98679e+002
1203	 1.2220000000e+003	 6.20069e+001	-1.98883e+002
1204	 1.2230000000e+003	 5.62627e+001	-1.98683e+002
1205	 1.2240000000e+003	 5.07415e+001	-1.98087e+002
1206	 1.2250000000e+003	 4.54610e+001	-1.97180e+002
1207	 1.2260000000e+003	 4.04298e+001	-1.96017e+002
1208	 1.2270000000e+003	 3.56501e+001	-1.94583e+002
1209	 1.2280000000e+003	 3.11423e+001	-1.92943e+002
1210	 1.2290000000e+003	 2.68833e+001	-1.91135e+002
1211	 1.2300000000e+003	 2.28738e+001	-1.89162e+002
1212	 1.2310000000e+003	 1.90923e+001	-1.87063e+002
1213	 1.2320000000e+003	 1.55439e+001	-1.84878e+002
1214	 1.2330000000e+003	 1.22352e+001	-1.82605e+002
1215	 1.2340000000e+003	 9.13531e+000	-1.80256e+002
1216	 1.2350000000e+003	 6.24696e+000	-1.77851e+002
1217	 1.2360000000e+003	 3.58195e+000	-1.75392e+002
1218	 1.2370000000e+003	 1.09155e+000	-1.72922e+002
1219	 1.2380000000e+003	-1.22001e+000	-1.70449e+002
1220	 1.2390000000e+003	-3.34562e+000	-1.67967e+002
1221	 1.2400000000e+003	-5.30283e+000	-1.65481e+002
1222	 1.2410000000e+003	-7.11496e+000	-1.63011e+002
1223	 1.2420000000e+003	-8.79585e+000	-1.60541e+002
1224	 1.2430000000e+003	-1.03421e+001	-1.58117e+002
1225	 1.2440000000e+003	-1.17472e+001	-1.55713e+002
1226	 1.2450000000e+003	-1.30364e+001	-1.53326e+002
1227	 1.2460000000e+003	-1.41980e+001	-1.50974e+002
1228	 1.2470000000e+003	-1.52731e+001	-1.48680e+002
1229	 1.2480000000e+003	-1.62458e+001	-1.46410e+002
1230	 1.2490000000e+003	-1.71244e+001	-1.44164e+002
1231	 1.2500000000e+003	-1.79005e+001	-1.41930e+002
1232	 1.2510000000e+003	-1.86676e+001	-1.39844e+002
1233	 1.2520000000e+003	-1.93363e+001	-1.37731e+002
1234	 1.2530000000e+003	-1.99264e+001	-1.35647e+002
1235	 1.2540000000e+003	-2.04568e+001	-1.33612e+002
1236	 1.2550000000e+003	-2.09271e+001	-1.31601e+002
1237	 1.2560000000e+003	-2.13302e+001	-1.29612e+002
1238	 1.2570000000e+003	-2.16901e+001	-1.27678e+002
1239	 1.2580000000e+003	-2.19932e+001	-1.25765e+002
1240	 1.2590000000e+003	-2.22468e+001	-1.23891e+002
1241	 1.2600000000e+003	-2.24587e+001	-1.22065e+002
1242	 1.2610000000e+003	-2.26258e+001	-1.20264e+002
1243	 1.2620000000e+003	-2.27511e+001	-1.18480e+002
1244	 1.2630000000e+003	-2.28409e+001	-1.16727e+002
1245	 1.2640000000e+003	-2.28934e+001	-1.15001e+002
1246	 1.2650000000e+003	-2.29099e+001	-1.13296e+002
1247	 1.2660000000e+003	-2.29052e+001	-1.11627e+002
1248	 1.2670000000e+003	-2.28579e+001	-1.09986e+002
1249	 1.2680000000e+003	-2.27689e+001	-1.08360e+002
1250	 1.2690000000e+003	-2.26558e+001	-1.06761e+002
1251	 1.2700000000e+003	-2.25135e+001	-1.05190e+002
1252	 1.2710000000e+003	-2.23414e+001	-1.03637e+002
1253	 1.2720000000e+003	-2.21451e+001	-1.02112e+002
1254	 1.2730000000e+003	-2.19185e+001	-1.00603e+002
1255	 1.2740000000e+003	-2.16457e+001	-9.91145e+001
1256	 1.2750000000e+003	-2.13416e+001	-9.76405e+001
1257	 1.2760000000e+003	-2.10270e+001	-9.61916e+001
1258	 1.2770000000e+003	-2.06904e+001	-9.47671e+001
1259	 1.2780000000e+003	-2.03163e+001	-9.33648e+001
1260	 1.2790000000e+003	-1.99232e+001	-9.19663e+001
1261	 1.2800000000e+003	-1.95059e+001	-9.06013e+001
1262	 1.2810000000e+003	-1.90569e+001	-8.92549e+001
1263	 1.2820000000e+003	-1.85749e+001	-8.79215e+001
1264	 1.2830000000e+003	-1.80786e+001	-8.66092e+001
1265	 1.2840000000e+003	-1.75562e+001	-8.53234e+001
1266	 1.2850000000e+003	-1.70133e+001	-8.40581e+001
1267	 1.2860000000e+003	-1.64402e+001	-8.28009e+001
1268	 1.2870000000e+003	-1.58450e+001	-8.15624e+001
1269	 1.2880000000e+003	-1.52247e+001	-8.03464e+001
1270	 1.2890000000e+003	-1.45785e+001	-7.91433e+001
1271	 1.2900000000e+003	-1.39179e+001	-7.79599e+001
1272	 1.2910000000e+003	-1.32277e+001	-7.67894e+001
1273	 1.2920000000e+003	-1.25136e+001	-7.56346e+001
1274	 1.2930000000e+003	-1.17729e+001	-7.45002e+001
1275	 1.2940000000e+003	-1.10015e+001	-7.33804e+001
1276	 1.2950000000e+003	-1.02094e+001	-7.22767e+001
1277	 1.2960000000e+003	-9.38757e+000	-7.11984e+001
1278	 1.2970000000e+003	-8.53308e+000	-7.01339e+001
1279	 1.2980000000e+003	-7.64800e+000	-6.90837e+001
1280	 1.2990000000e+003	-6.74014e+000	-6.80439e+001
1281	 1.3000000000e+003	-5.81374e+000	-6.70262e+001
1282	 1.3010000000e+003	-4.84667e+000	-6.60435e+001
1283	 1.3020000000e+003	-3.84593e+000	-6.50661e+001
1284	 1.3030000000e+003	-2.81720e+000	-6.41090e+001
1285	 1.3040000000e+003	-1.75373e+000	-6.31805e+001
1286	 1.3050000000e+003	-6.57681e-001	-6.22739e+001
1287	 1.3060000000e+003	 4.74558e-001	-6.13872e+001
1288	 1.3070000000e+003	 1.63488e+000	-6.05253e+001
1289	 1.3080000000e+003	 2.83662e+000	-5.96916e+001
1290	 1.3090000000e+003	 4.08059e+000	-5.88884e+001
1291	 1.3100000000e+003	 5.35889e+000	-5.81100e+001
1292	 1.3110000000e+003	 6.67088e+000	-5.73682e+001
1293	 1.3120000000e+003	 8.02423e+000	-5.66605e+001
1294	 1.3130000000e+003	 9.40907e+000	-5.59872e+001
1295	 1.3140000000e+003	 1.08333e+001	-5.53438e+001
1296	 1.3150000000e+003	 1.23018e+001	-5.47431e+001
1297	 1.3160000000e+003	 1.38061e+001	-5.41865e+001
1298	 1.3170000000e+003	 1.53544e+001	-5.36751e+001
1299	 1.3180000000e+003	 1.69502e+001	-5.32163e+001
1300	 1.3190000000e+003	 1.85842e+001	-5.27972e+001
1301	 1.3200000000e+003	 2.02639e+001	-5.24174e+001
1302	 1.3210000000e+003	 2.19873e+001	-5.21021e+001
1303	 1.3220000000e+003	 2.37528e+001	-5.18454e+001
1304	 1.3230000000e+003	 2.55679e+001	-5.16536e+001
1305	 1.3240000000e+003	 2.74279e+001	-5.15340e+001
1306	 1.3250000000e+003	 2.93331e+001	-5.14887e+001
1307	 1.3260000000e+003	 3.12865e+001	-5.15214e+001
1308	 1.3270000000e+003	 3.32784e+001	-5.16420e+001
1309	 1.3280000000e+003	 3.53185e+001	-5.18587e+001
1310	 1.3290000000e+003	 3.74016e+001	-5.21826e+001
1311	 1.3300000000e+003	 3.95134e+001	-5.26120e+001
1312	 1.3310000000e+003	 4.16561e+001	-5.31518e+001
1313	 1.3320000000e+003	 4.38205e+001	-5.38050e+001
1314	 1.3330000000e+003	 4.60183e+001	-5.45940e+001
1315	 1.3340000000e+003	 4.82404e+001	-5.55209e+001
1316	 1.3350000000e+003	 5.04705e+001	-5.65955e+001
1317	 1.3360000000e+003	 5.27000e+001	-5.78412e+001
1318	 1.3370000000e+003	 5.49184e+001	-5.92419e+001
1319	 1.3380000000e+003	 5.71228e+001	-6.08299e+001
1320	 1.3390000000e+003	 5.92888e+001	-6.25977e+001
1321	 1.3400000000e+003	 6.14244e+001	-6.45656e+001
1322	 1.3410000000e+003	 6.34699e+001	-6.67467e+001
1323	 1.3420000000e+003	 6.54220e+001	-6.91382e+001
1324	 1.3430000000e+003	 6.72493e+001	-7.17287e+001
1325	 1.3440000000e+003	 6.89323e+001	-7.45348e+001
1326	 1.3450000000e+003	 7.04439e+001	-7.75526e+001
1327	 1.3460000000e+003	 7.17510e+001	-8.07660e+001
1328	 1.3470000000e+003	 7.27974e+001	-8.41649e+001
1329	 1.3480000000e+003	 7.35642e+001	-8.77363e+001
1330	 1.3490000000e+003	 7.40901e+001	-9.14486e+001
1331	 1.3500000000e+003	 7.43340e+001	-9.52884e+001
1332	 1.3510000000e+003	 7.39899e+001	-9.90974e+001
1333	 1.3520000000e+003	 7.34016e+001	-1.02949e+002
1334	 1.3530000000e+003	 7.24680e+001	-1.06776e+002
1335	 1.3540000000e+003	 7.11639e+001	-1.10519e+002
1336	 1.3550000000e+003	 6.95015e+001	-1.14127e+002
1337	 1.3560000000e+003	 6.75021e+001	-1.17554e+002
1338	 1.3570000000e+003	 6.52159e+001	-1.20767e+002
1339	 1.3580000000e+003	 6.26642e+001	-1.23743e+002
1340	 1.3590000000e+003	 5.98572e+001	-1.26441e+002
1341	 1.3600000000e+003	 5.68489e+001	-1.28809e+002
1342	 1.3610000000e+003	 5.36937e+001	-1.30860e+002
1343	 1.3620000000e+003	 5.04205e+001	-1.32589e+002
1344	 1.3630000000e+003	 4.71030e+001	-1.34004e+002
1345	 1.3640000000e+003	 4.37600e+001	-1.35103e+002
1346	 1.3650000000e+003	 4.04302e+001	-1.35896e+002
1347	 1.3660000000e+003	 3.71515e+001	-1.36381e+002
1348	 1.3670000000e+003	 3.39453e+001	-1.36589e+002
1349	 1.3680000000e+003	 3.08462e+001	-1.36553e+002
1350	 1.3690000000e+003	 2.78705e+001	-1.36305e+002
1351	 1.3700000000e+003	 2.50197e+001	-1.35867e+002
1352	 1.3710000000e+003	 2.23123e+001	-1.35259e+002
1353	 1.3720000000e+003	 1.97620e+001	-1.34505e+002
1354	 1.3730000000e+003	 1.73633e+001	-1.33626e+002
1355	 1.3740000000e+003	 1.51102e+001	-1.32642e+002
1356	 1.3750000000e+003	 1.30060e+001	-1.31578e+002
1357	 1.3760000000e+003	 1.10515e+001	-1.30442e+002
1358	 1.3770000000e+003	 9.23210e+000	-1.29272e+002
1359	 1.3780000000e+003	 7.55063e+000	-1.28052e+002
1360	 1.3790000000e+003	 5.99671e+000	-1.26811e+002
1361	 1.3800000000e+003	 4.55717e+000	-1.25554e+002
1362	 1.3810000000e+003	 3.23580e+000	-1.24300e+002
1363	 1.3820000000e+003	 2.01544e+000	-1.23037e+002
1364	 1.3830000000e+003	 8.89668e-001	-1.21783e+002
1365	 1.3840000000e+003	-1.57217e-001	-1.20551e+002
1366	 1.3850000000e+003	-1.14149e+000	-1.19340e+002
1367	 1.3860000000e+003	-2.04914e+000	-1.18147e+002
1368	 1.3870000000e+003	-2.89164e+000	-1.16965e+002
1369	 1.3880000000e+003	-3.67711e+000	-1.15790e+002
1370	 1.3890000000e+003	-4.40834e+000	-1.14634e+002
1371	 1.3900000000e+003	-5.10780e+000	-1.13501e+002
1372	 1.3910000000e+003	-5.75813e+000	-1.12386e+002
1373	 1.3920000000e+003	-6.36670e+000	-1.11282e+002
1374	 1.3930000000e+003	-6.93710e+000	-1.10194e+002
1375	 1.3940000000e+003	-7.46851e+000	-1.09114e+002
1376	 1.3950000000e+003	-7.98328e+000	-1.08052e+002
1377	 1.3960000000e+003	-8.46574e+000	-1.06991e+002
1378	 1.3970000000e+003	-8.91228e+000	-1.05936e+002
1379	 1.3980000000e+003	-9.34067e+000	-1.04897e+002
1380	 1.3990000000e+003	-9.74054e+000	-1.03869e+002
1381	 1.4000000000e+003	-1.01039e+001	-1.02833e+002
1382	 1.4010000000e+003	-1.04457e+001	-1.01797e+002
1383	 1.4020000000e+003	-1.07677e+001	-1.00773e+002
1384	 1.4030000000e+003	-1.10581e+001	-9.97500e+001
1385	 1.4040000000e+003	-1.13282e+001	-9.87333e+001
1386	 1.4050000000e+003	-1.15752e+001	-9.77125e+001
1387	 1.4060000000e+003	-1.17876e+001	-9.66986e+001
1388	 1.4070000000e+003	-1.19690e+001	-9.56933e+001
1389	 1.4080000000e+003	-1.21274e+001	-9.47008e+001
1390	 1.4090000000e+003	-1.22626e+001	-9.36974e+001
1391	 1.4100000000e+003	-1.23776e+001	-9.27040e+001
1392	 1.4110000000e+003	-1.24672e+001	-9.17167e+001
1393	 1.4120000000e+003	-1.25288e+001	-9.07386e+001
1394	 1.4130000000e+003	-1.25656e+001	-8.97641e+001
1395	 1.4140000000e+003	-1.25650e+001	-8.87926e+001
1396	 1.4150000000e+003	-1.25452e+001	-8.78342e+001
1397	 1.4160000000e+003	-1.25167e+001	-8.68779e+001
1398	 1.4170000000e+003	-1.24617e+001	-8.59371e+001
1399	 1.4180000000e+003	-1.23797e+001	-8.50020e+001
1400	 1.4190000000e+003	-1.22795e+001	-8.40716e+001
1401	 1.4200000000e+003	-1.21503e+001	-8.31597e+001
1402	 1.4210000000e+003	-1.19905e+001	-8.22455e+001
1403	 1.4220000000e+003	-1.18329e+001	-8.13531e+001
1404	 1.4230000000e+003	-1.16558e+001	-8.04648e+001
1405	 1.4240000000e+003	-1.14551e+001	-7.95825e+001
1406	 1.4250000000e+003	-1.12272e+001	-7.87062e+001
1407	 1.4260000000e+003	-1.09770e+001	-7.78427e+001
1408	 1.4270000000e+003	-1.07065e+001	-7.69869e+001
1409	 1.4280000000e+003	-1.04241e+001	-7.61374e+001
1410	 1.4290000000e+003	-1.01253e+001	-7.52974e+001
1411	 1.4300000000e+003	-9.80754e+000	-7.44734e+001
1412	 1.4310000000e+003	-9.47143e+000	-7.36594e+001
1413	 1.4320000000e+003	-9.11311e+000	-7.28509e+001
1414	 1.4330000000e+003	-8.74002e+000	-7.20494e+001
1415	 1.4340000000e+003	-8.33865e+000	-7.12614e+001
1416	 1.4350000000e+003	-7.92795e+000	-7.04829e+001
1417	 1.4360000000e+003	-7.50770e+000	-6.97157e+001
1418	 1.4370000000e+003	-7.06351e+000	-6.89557e+001
1419	 1.4380000000e+003	-6.60447e+000	-6.82135e+001
1420	 1.4390000000e+003	-6.12495e+000	-6.74687e+001
1421	 1.4400000000e+003	-5.62743e+000	-6.67325e+001
1422	 1.4410000000e+003	-5.10886e+000	-6.60102e+001
1423	 1.4420000000e+003	-4.57566e+000	-6.52927e+001
1424	 1.4430000000e+003	-4.02976e+000	-6.45882e+001
1425	 1.4440000000e+003	-3.46000e+000	-6.38731e+001
1426	 1.4450000000e+003	-2.86496e+000	-6.31802e+001
1427	 1.4460000000e+003	-2.25029e+000	-6.24969e+001
1428	 1.4470000000e+003	-1.61736e+000	-6.18199e+001
1429	 1.4480000000e+003	-9.60810e-001	-6.11502e+001
1430	 1.4490000000e+003	-3.02142e-001	-6.04850e+001
1431	 1.4500000000e+003	 3.58107e-001	-5.98005e+001
1432	 1.4510000000e+003	 1.13893e+000	-5.91998e+001
1433	 1.4520000000e+003	 1.92035e+000	-5.85742e+001
1434	 1.4530000000e+003	 2.71697e+000	-5.79501e+001
1435	 1.4540000000e+003	 3.52664e+000	-5.73439e+001
1436	 1.4550000000e+003	 4.36271e+000	-5.67664e+001
1437	 1.4560000000e+003	 5.23575e+000	-5.61938e+001
1438	 1.4570000000e+003	 6.15697e+000	-5.56306e+001
1439	 1.4580000000e+003	 7.12204e+000	-5.50800e+001
1440	 1.4590000000e+003	 8.10311e+000	-5.45537e+001
1441	 1.4600000000e+003	 9.09604e+000	-5.40625e+001
1442	 1.4610000000e+003	 1.01379e+001	-5.36020e+001
1443	 1.4620000000e+003	 1.12604e+001	-5.31543e+001
1444	 1.4630000000e+003	 1.24306e+001	-5.27225e+001
1445	 1.4640000000e+003	 1.35908e+001	-5.23383e+001
1446	 1.4650000000e+003	 1.47562e+001	-5.20142e+001
1447	 1.4660000000e+003	 1.60321e+001	-5.17274e+001
1448	 1.4670000000e+003	 1.74059e+001	-5.14538e+001
1449	 1.4680000000e+003	 1.87443e+001	-5.12241e+001
1450	 1.4690000000e+003	 2.00359e+001	-5.10805e+001
1451	 1.4700000000e+003	 2.14710e+001	-5.10066e+001
1452	 1.4710000000e+003	 2.30365e+001	-5.09647e+001
1453	 1.4720000000e+003	 2.44969e+001	-5.09827e+001
1454	 1.4730000000e+003	 2.59078e+001	-5.10973e+001
1455	 1.4740000000e+003	 2.75636e+001	-5.13110e+001
1456	 1.4750000000e+003	 2.92657e+001	-5.15768e+001
1457	 1.4760000000e+003	 3.07151e+001	-5.18925e+001
1458	 1.4770000000e+003	 3.23398e+001	-5.23800e+001
1459	 1.4780000000e+003	 3.41954e+001	-5.29878e+001
1460	 1.4790000000e+003	 3.57337e+001	-5.35583e+001
1461	 1.4800000000e+003	 3.72859e+001	-5.43200e+001
1462	 1.4810000000e+003	 3.91876e+001	-5.53281e+001
1463	 1.4820000000e+003	 4.07354e+001	-5.62126e+001
1464	 1.4830000000e+003	 4.21961e+001	-5.72830e+001
1465	 1.4840000000e+003	 4.40552e+001	-5.87470e+001
1466	 1.4850000000e+003	 4.54667e+001	-5.99269e+001
1467	 1.4860000000e+003	 4.68467e+001	-6.14011e+001
1468	 1.4870000000e+003	 4.85641e+001	-6.33070e+001
1469	 1.4880000000e+003	 4.96873e+001	-6.46974e+001
1470	 1.4890000000e+003	 5.09924e+001	-6.67524e+001
1471	 1.4900000000e+003	 5.23572e+001	-6.89446e+001
1472	 1.4910000000e+003	 5.31363e+001	-7.05946e+001
1473	 1.4920000000e+003	 5.42536e+001	-7.33649e+001
1474	 1.4930000000e+003	 5.50212e+001	-7.53761e+001
1475	 1.4940000000e+003	 5.55369e+001	-7.78074e+001
1476	 1.4950000000e+003	 5.61472e+001	-8.07853e+001
1477	 1.4960000000e+003	 5.62888e+001	-8.26599e+001
1478	 1.4970000000e+003	 5.63448e+001	-8.60957e+001
1479	 1.4980000000e+003	 5.63217e+001	-8.81518e+001
1480	 1.4990000000e+003	 5.57716e+001	-9.12331e+001
1481	 1.5000000000e+003	 5.53251e+001	-9.39827e+001
1482	 1.5010000000e+003	 5.44716e+001	-9.62896e+001
1483	 1.5020000000e+003	 5.32903e+001	-9.95596e+001
1484	 1.5030000000e+003	 5.23360e+001	-1.01250e+002
1485	 1.5040000000e+003	 5.03940e+001	-1.04538e+002
1486	 1.5050000000e+003	 4.93751e+001	-1.05925e+002
1487	 1.5060000000e+003	 4.68289e+001	-1.08844e+002
1488	 1.5070000000e+003	 4.56527e+001	-1.10089e+002
1489	 1.5080000000e+003	 4.26827e+001	-1.12455e+002
1490	 1.5090000000e+003	 4.13239e+001	-1.13524e+002
1491	 1.5100000000e+003	 3.80912e+001	-1.15300e+002
1492	 1.5110000000e+003	 3.66194e+001	-1.16138e+002
1493	 1.5120000000e+003	 3.32322e+001	-1.17344e+002
1494	 1.5130000000e+003	 3.17776e+001	-1.17893e+002
1495	 1.5140000000e+003	 2.82837e+001	-1.18604e+002
1496	 1.5150000000e+003	 2.69252e+001	-1.18858e+002
1497	 1.5160000000e+003	 2.34345e+001	-1.19086e+002
1498	 1.5170000000e+003	 2.21879e+001	-1.19063e+002
1499	 1.5180000000e+003	 1.88643e+001	-1.18924e+002
1500	 1.5190000000e+003	 1.76054e+001	-1.18635e+002
1501	 1.5200000000e+003	 1.48183e+001	-1.18267e+002
1502	 1.5210000000e+003	 1.33057e+001	-1.17675e+002
1503	 1.5220000000e+003	 1.14254e+001	-1.17275e+002
1504	 1.5230000000e+003	 9.33591e+000	-1.16280e+002
1505	 1.5240000000e+003	 8.26993e+000	-1.15893e+002
1506	 1.5250000000e+003	 5.79285e+000	-1.14615e+002
1507	 1.5260000000e+003	 5.01873e+000	-1.14096e+002
1508	 1.5270000000e+003	 2.99660e+000	-1.12985e+002
1509	 1.5280000000e+003	 1.94539e+000	-1.12029e+002
1510	 1.5290000000e+003	 1.04082e+000	-1.11449e+002
1511	 1.5300000000e+003	-7.44794e-001	-1.09861e+002
1512	 1.5310000000e+003	-1.29813e+000	-1.09282e+002
1513	 1.5320000000e+003	-2.66979e+000	-1.08100e+002
1514	 1.5330000000e+003	-3.58602e+000	-1.06921e+002
1515	 1.5340000000e+003	-4.09888e+000	-1.06367e+002
1516	 1.5350000000e+003	-5.46536e+000	-1.04711e+002
1517	 1.5360000000e+003	-5.93678e+000	-1.03927e+002
1518	 1.5370000000e+003	-6.43611e+000	-1.03304e+002
1519	 1.5380000000e+003	-7.54924e+000	-1.01566e+002
1520	 1.5390000000e+003	-7.88703e+000	-1.00899e+002
1521	 1.5400000000e+003	-8.30639e+000	-1.00225e+002
1522	 1.5410000000e+003	-9.18293e+000	-9.84943e+001
1523	 1.5420000000e+003	-9.44813e+000	-9.78658e+001
1524	 1.5430000000e+003	-9.75191e+000	-9.72542e+001
1525	 1.5440000000e+003	-1.04364e+001	-9.55303e+001
1526	 1.5450000000e+003	-1.06723e+001	-9.48655e+001
1527	 1.5460000000e+003	-1.08845e+001	-9.42935e+001
1528	 1.5470000000e+003	-1.13439e+001	-9.28476e+001
1529	 1.5480000000e+003	-1.15972e+001	-9.18756e+001
1530	 1.5490000000e+003	-1.17564e+001	-9.13047e+001
1531	 1.5500000000e+003	-1.19688e+001	-9.06544e+001
1532	 1.5510000000e+003	-1.22560e+001	-8.89462e+001
1533	 1.5520000000e+003	-1.23574e+001	-8.83420e+001
1534	 1.5530000000e+003	-1.24465e+001	-8.77561e+001
1535	 1.5540000000e+003	-1.25510e+001	-8.68697e+001
1536	 1.5550000000e+003	-1.26875e+001	-8.54348e+001
1537	 1.5560000000e+003	-1.27268e+001	-8.48697e+001
1538	 1.5570000000e+003	-1.27543e+001	-8.42743e+001
1539	 1.5580000000e+003	-1.27654e+001	-8.35795e+001
1540	 1.5590000000e+003	-1.27467e+001	-8.20410e+001
1541	 1.5600000000e+003	-1.27416e+001	-8.14706e+001
1542	 1.5610000000e+003	-1.27117e+001	-8.08838e+001
1543	 1.5620000000e+003	-1.26615e+001	-8.03315e+001
1544	 1.5630000000e+003	-1.25320e+001	-7.91852e+001
1545	 1.5640000000e+003	-1.24154e+001	-7.81631e+001
1546	 1.5650000000e+003	-1.23313e+001	-7.76176e+001
1547	 1.5660000000e+003	-1.22269e+001	-7.70203e+001
1548	 1.5670000000e+003	-1.21214e+001	-7.64551e+001
1549	 1.5680000000e+003	-1.19796e+001	-7.57827e+001
1550	 1.5690000000e+003	-1.16353e+001	-7.44110e+001
1551	 1.5700000000e+003	-1.14873e+001	-7.38935e+001
1552	 1.5710000000e+003	-1.13108e+001	-7.33210e+001
1553	 1.5720000000e+003	-1.11243e+001	-7.27355e+001
1554	 1.5730000000e+003	-1.09325e+001	-7.21789e+001
1555	 1.5740000000e+003	-1.07556e+001	-7.16762e+001
1556	 1.5750000000e+003	-1.02047e+001	-7.03549e+001
1557	 1.5760000000e+003	-9.96651e+000	-6.97982e+001
1558	 1.5770000000e+003	-9.72697e+000	-6.92945e+001
1559	 1.5780000000e+003	-9.45495e+000	-6.87431e+001
1560	 1.5790000000e+003	-9.16191e+000	-6.81858e+001
1561	 1.5800000000e+003	-8.86955e+000	-6.76289e+001
1562	 1.5810000000e+003	-8.56882e+000	-6.70933e+001
1563	 1.5820000000e+003	-8.26876e+000	-6.65981e+001
1564	 1.5830000000e+003	-7.97262e+000	-6.61277e+001
1565	 1.5840000000e+003	-7.20270e+000	-6.49551e+001
1566	 1.5850000000e+003	-6.88406e+000	-6.45140e+001
1567	 1.5860000000e+003	-6.54499e+000	-6.40519e+001
1568	 1.5870000000e+003	-6.17204e+000	-6.35583e+001
1569	 1.5880000000e+003	-5.78062e+000	-6.30617e+001
1570	 1.5890000000e+003	-5.36495e+000	-6.25650e+001
1571	 1.5900000000e+003	-4.93184e+000	-6.20711e+001
1572	 1.5910000000e+003	-4.48696e+000	-6.15805e+001
1573	 1.5920000000e+003	-4.02747e+000	-6.10930e+001
1574	 1.5930000000e+003	-3.55548e+000	-6.06167e+001
1575	 1.5940000000e+003	-3.06363e+000	-6.01438e+001
1576	 1.5950000000e+003	-2.56543e+000	-5.96867e+001
1577	 1.5960000000e+003	-2.05436e+000	-5.92292e+001
1578	 1.5970000000e+003	-1.52052e+000	-5.87849e+001
1579	 1.5980000000e+003	-9.66894e-001	-5.83509e+001
1580	 1.5990000000e+003	-4.01130e-001	-5.79254e+001
1581	 1.6000000000e+003	 1.74338e-001	-5.75135e+001
1582	 1.6010000000e+003	 7.68627e-001	-5.71023e+001
1583	 1.6020000000e+003	 1.39864e+000	-5.67098e+001
1584	 1.6030000000e+003	 2.02157e+000	-5.63206e+001
1585	 1.6040000000e+003	 2.66441e+000	-5.59527e+001
1586	 1.6050000000e+003	 3.34061e+000	-5.56201e+001
1587	 1.6060000000e+003	 4.05801e+000	-5.52686e+001
1588	 1.6070000000e+003	 4.77184e+000	-5.49518e+001
1589	 1.6080000000e+003	 5.51008e+000	-5.46271e+001
1590	 1.6090000000e+003	 6.24359e+000	-5.42923e+001
1591	 1.6100000000e+003	 7.00951e+000	-5.39690e+001
1592	 1.6110000000e+003	 7.79184e+000	-5.36742e+001
1593	 1.6120000000e+003	 8.61390e+000	-5.34495e+001
1594	 1.6130000000e+003	 9.47666e+000	-5.31712e+001
1595	 1.6140000000e+003	 1.03591e+001	-5.29477e+001
1596	 1.6150000000e+003	 1.12359e+001	-5.26372e+001
1597	 1.6160000000e+003	 1.19955e+001	-5.22698e+001
1598	 1.6170000000e+003	 1.29460e+001	-5.20872e+001
1599	 1.6180000000e+003	 1.39041e+001	-5.18185e+001
1600	 1.6190000000e+003	 1.46144e+001	-5.14897e+001
1601	 1.6200000000e+003	 1.53210e+001	-5.11384e+001
TagsBegin:	 	 	 
OverLoad:	 	False	 
AverageNumber: []	 	 8.80000e+001	 
OverLoadRatio: []	 	 1.19209e-007	 
TagsEnd:	 	 	 
TagScalesBegin:	 	 	 
TagScalesEnd:	 	 	 
