Header Size:	 79	 	 
Pulse Version:	 80	 	 
Running Pulse Version:	PULSE LabShop Fast Track Version 18.1.1.9 - 2014-01-16	 	 
Decimal Symbol:	.	 	 
Date Format:	M/d/yyyy	 	 
Time Format:	HH:mm:ss:mmm	 	 
Data Type:	Complex	 	 
Slice:	False	 	 
Z-Axis type:	Linear	 	 
Z-Axis size:	1	 	 
Z-Axis unit:	 	 	 
Z-Axis first value:	 0.0000000000e+000	 	 
Z-Axis delta:	 1.0000000000e+000	 	 
X-Axis type:	Linear	 	 
X-Axis size:	1601	 	 
X-Axis unit:	Hz	 	 
X-Axis first value:	 2.0000000000e+001	 	 
X-Axis delta:	 1.0000000000e+000	 	 
	 	 	 
AmplitudeUnit:	Pa/(m/s)	 	 
Analyzer:	FFT_Spectrum_Averaging	 	 
AnalyzerName:	FFT Analyzer	 	 
	 	 	 
	 	 	 
Bipolar:	True	 	 
CenterFrequency:	 8.2000000000e+002	 	 
	 	 	 
	 	 	 
	 	 	 
	 	 	 
	 	 	 
	 	 	 
	 	 	 
	 	 	 
Domain:	1	 	 
Function:	Frequency Response	 	 
	 	 	 
InputRange:	 1.0000000000e-001	 	 
	 	 	 
	 	 	 
MultiBufferName:	Input	 	 
NBW:	 1.5000000000e+000	 	 
	 	 	 
OverlapFailed:	False	 	 
Overrun:	False	 	 
Power:	False	 	 
	 	 	 
Ratio:	True	 	 
RecordLength:	 1.0000000000e+000	 	 
ReducedSize:	True	 	 
Ref_Signal:	v	 	 
	 	 	 
	 	 	 
RefSignalUnit:	m/s	 	 
	 	 	 
	 	 	 
Signal:	p	 	 
	 	 	 
SignalUnit:	Pa	 	 
	 	 	 
	 	 	 
	 	 	 
Title:	Input Impedance	 	 
Title1:	Working : Input : Input : FFT Analyzer	 	 
	 	 	 
	 	 	 
	 	 	 
ZoomOn:	True	 	 
	 	 	 
TemplateName:	Working	 	 
MeasurementName:	Input	 	 
MeasurementSlice:	False	 	 
	 	 	 
	 	 	 
	 	 	 
EnvelopeOn:	False	 	 
	 	 	 
	 	 	 
	 	 	 
Z-index:	 	1	 
Date:	 	5/11/2022	 
Time:	 	09:46:02:499	 
Relative time:	 	 0.00000e+000	 
Z-axis:	 	 0.0000000000e+000	 
1	 2.0000000000e+001	 1.87538e+000	 5.97887e+001
2	 2.1000000000e+001	 2.18020e+000	 6.31057e+001
3	 2.2000000000e+001	 2.34692e+000	 6.65017e+001
4	 2.3000000000e+001	 2.55890e+000	 7.01716e+001
5	 2.4000000000e+001	 2.99606e+000	 7.36486e+001
6	 2.5000000000e+001	 3.37002e+000	 7.69495e+001
7	 2.6000000000e+001	 3.81371e+000	 8.16340e+001
8	 2.7000000000e+001	 4.25953e+000	 8.49714e+001
9	 2.8000000000e+001	 4.76209e+000	 8.90116e+001
10	 2.9000000000e+001	 5.22409e+000	 9.35915e+001
11	 3.0000000000e+001	 5.67606e+000	 9.75171e+001
12	 3.1000000000e+001	 6.34635e+000	 1.02316e+002
13	 3.2000000000e+001	 6.89620e+000	 1.06718e+002
14	 3.3000000000e+001	 7.55682e+000	 1.11690e+002
15	 3.4000000000e+001	 8.28241e+000	 1.16474e+002
16	 3.5000000000e+001	 9.12552e+000	 1.22049e+002
17	 3.6000000000e+001	 9.87702e+000	 1.27370e+002
18	 3.7000000000e+001	 1.09317e+001	 1.33157e+002
19	 3.8000000000e+001	 1.18795e+001	 1.39048e+002
20	 3.9000000000e+001	 1.29569e+001	 1.45444e+002
21	 4.0000000000e+001	 1.41429e+001	 1.51687e+002
22	 4.1000000000e+001	 1.54439e+001	 1.58537e+002
23	 4.2000000000e+001	 1.68595e+001	 1.65706e+002
24	 4.3000000000e+001	 1.87508e+001	 1.74123e+002
25	 4.4000000000e+001	 2.06311e+001	 1.82814e+002
26	 4.5000000000e+001	 2.25457e+001	 1.90992e+002
27	 4.6000000000e+001	 2.45368e+001	 1.99252e+002
28	 4.7000000000e+001	 2.71927e+001	 2.10375e+002
29	 4.8000000000e+001	 3.04619e+001	 2.22145e+002
30	 4.9000000000e+001	 3.29993e+001	 2.31458e+002
31	 5.0000000000e+001	 3.71802e+001	 2.45438e+002
32	 5.1000000000e+001	 4.19268e+001	 2.59898e+002
33	 5.2000000000e+001	 4.64314e+001	 2.73576e+002
34	 5.3000000000e+001	 5.22622e+001	 2.89962e+002
35	 5.4000000000e+001	 5.86246e+001	 3.05599e+002
36	 5.5000000000e+001	 6.66696e+001	 3.26727e+002
37	 5.6000000000e+001	 7.76512e+001	 3.50395e+002
38	 5.7000000000e+001	 8.97857e+001	 3.74588e+002
39	 5.8000000000e+001	 1.03387e+002	 4.01665e+002
40	 5.9000000000e+001	 1.20846e+002	 4.30519e+002
41	 6.0000000000e+001	 1.43208e+002	 4.66073e+002
42	 6.1000000000e+001	 1.73133e+002	 5.07505e+002
43	 6.2000000000e+001	 2.05281e+002	 5.45318e+002
44	 6.3000000000e+001	 2.59149e+002	 6.03660e+002
45	 6.4000000000e+001	 3.22122e+002	 6.54974e+002
46	 6.5000000000e+001	 4.03969e+002	 7.10062e+002
47	 6.6000000000e+001	 5.32404e+002	 7.71756e+002
48	 6.7000000000e+001	 7.34867e+002	 8.14233e+002
49	 6.8000000000e+001	 9.45521e+002	 8.10775e+002
50	 6.9000000000e+001	 1.20958e+003	 7.08560e+002
51	 7.0000000000e+001	 1.49062e+003	 4.33826e+002
52	 7.1000000000e+001	 1.60703e+003	-2.42046e+001
53	 7.2000000000e+001	 1.49119e+003	-4.28663e+002
54	 7.3000000000e+001	 1.19861e+003	-7.09330e+002
55	 7.4000000000e+001	 9.31134e+002	-8.04307e+002
56	 7.5000000000e+001	 7.07219e+002	-8.06153e+002
57	 7.6000000000e+001	 5.27423e+002	-7.61350e+002
58	 7.7000000000e+001	 4.19039e+002	-7.11094e+002
59	 7.8000000000e+001	 3.22358e+002	-6.46708e+002
60	 7.9000000000e+001	 2.56687e+002	-5.92407e+002
61	 8.0000000000e+001	 2.15957e+002	-5.50545e+002
62	 8.1000000000e+001	 1.79663e+002	-5.06909e+002
63	 8.2000000000e+001	 1.47182e+002	-4.63250e+002
64	 8.3000000000e+001	 1.26808e+002	-4.32381e+002
65	 8.4000000000e+001	 1.09021e+002	-4.02091e+002
66	 8.5000000000e+001	 9.51969e+001	-3.76564e+002
67	 8.6000000000e+001	 8.30914e+001	-3.52922e+002
68	 8.7000000000e+001	 7.34353e+001	-3.30564e+002
69	 8.8000000000e+001	 6.51607e+001	-3.11956e+002
70	 8.9000000000e+001	 5.90348e+001	-2.96437e+002
71	 9.0000000000e+001	 5.18187e+001	-2.77033e+002
72	 9.1000000000e+001	 4.71998e+001	-2.64091e+002
73	 9.2000000000e+001	 4.34706e+001	-2.52611e+002
74	 9.3000000000e+001	 3.91348e+001	-2.38282e+002
75	 9.4000000000e+001	 3.56234e+001	-2.26534e+002
76	 9.5000000000e+001	 3.28616e+001	-2.16745e+002
77	 9.6000000000e+001	 3.03648e+001	-2.07431e+002
78	 9.7000000000e+001	 2.77254e+001	-1.96951e+002
79	 9.8000000000e+001	 2.57297e+001	-1.88685e+002
80	 9.9000000000e+001	 2.40588e+001	-1.81347e+002
81	 1.0000000000e+002	 2.21180e+001	-1.72913e+002
82	 1.0100000000e+002	 2.07399e+001	-1.65975e+002
83	 1.0200000000e+002	 1.94509e+001	-1.59127e+002
84	 1.0300000000e+002	 1.80857e+001	-1.52319e+002
85	 1.0400000000e+002	 1.70825e+001	-1.46399e+002
86	 1.0500000000e+002	 1.59741e+001	-1.40624e+002
87	 1.0600000000e+002	 1.51138e+001	-1.34846e+002
88	 1.0700000000e+002	 1.42356e+001	-1.29320e+002
89	 1.0800000000e+002	 1.34050e+001	-1.24498e+002
90	 1.0900000000e+002	 1.28891e+001	-1.19272e+002
91	 1.1000000000e+002	 1.20559e+001	-1.14634e+002
92	 1.1100000000e+002	 1.15413e+001	-1.10060e+002
93	 1.1200000000e+002	 1.09332e+001	-1.05517e+002
94	 1.1300000000e+002	 1.03643e+001	-1.01207e+002
95	 1.1400000000e+002	 9.93983e+000	-9.75301e+001
96	 1.1500000000e+002	 9.33802e+000	-9.27042e+001
97	 1.1600000000e+002	 9.03707e+000	-8.89525e+001
98	 1.1700000000e+002	 8.63871e+000	-8.56005e+001
99	 1.1800000000e+002	 8.37036e+000	-8.19687e+001
100	 1.1900000000e+002	 7.98049e+000	-7.78242e+001
101	 1.2000000000e+002	 7.69632e+000	-7.44478e+001
102	 1.2100000000e+002	 7.39657e+000	-7.10841e+001
103	 1.2200000000e+002	 7.11569e+000	-6.75291e+001
104	 1.2300000000e+002	 6.99121e+000	-6.44105e+001
105	 1.2400000000e+002	 6.80485e+000	-6.12035e+001
106	 1.2500000000e+002	 6.63345e+000	-5.77583e+001
107	 1.2600000000e+002	 6.46157e+000	-5.47337e+001
108	 1.2700000000e+002	 6.39811e+000	-5.19537e+001
109	 1.2800000000e+002	 6.12747e+000	-4.84080e+001
110	 1.2900000000e+002	 6.14870e+000	-4.58352e+001
111	 1.3000000000e+002	 6.01288e+000	-4.24715e+001
112	 1.3100000000e+002	 5.92956e+000	-4.01775e+001
113	 1.3200000000e+002	 5.88095e+000	-3.67086e+001
114	 1.3300000000e+002	 5.82736e+000	-3.43148e+001
115	 1.3400000000e+002	 5.75241e+000	-3.13613e+001
116	 1.3500000000e+002	 5.75185e+000	-2.87764e+001
117	 1.3600000000e+002	 5.65117e+000	-2.56481e+001
118	 1.3700000000e+002	 5.71871e+000	-2.29981e+001
119	 1.3800000000e+002	 5.67976e+000	-2.03395e+001
120	 1.3900000000e+002	 5.69902e+000	-1.74902e+001
121	 1.4000000000e+002	 5.70675e+000	-1.48727e+001
122	 1.4100000000e+002	 5.70263e+000	-1.18553e+001
123	 1.4200000000e+002	 5.82097e+000	-9.38739e+000
124	 1.4300000000e+002	 5.85532e+000	-6.34028e+000
125	 1.4400000000e+002	 5.92127e+000	-3.98139e+000
126	 1.4500000000e+002	 6.05278e+000	-1.00659e+000
127	 1.4600000000e+002	 5.99838e+000	 1.93188e+000
128	 1.4700000000e+002	 6.13268e+000	 4.29168e+000
129	 1.4800000000e+002	 6.20984e+000	 7.28208e+000
130	 1.4900000000e+002	 6.27975e+000	 1.00928e+001
131	 1.5000000000e+002	 6.56030e+000	 1.31519e+001
132	 1.5100000000e+002	 6.62103e+000	 1.57676e+001
133	 1.5200000000e+002	 6.87824e+000	 1.87656e+001
134	 1.5300000000e+002	 6.94017e+000	 2.17259e+001
135	 1.5400000000e+002	 7.21636e+000	 2.44512e+001
136	 1.5500000000e+002	 7.39115e+000	 2.72842e+001
137	 1.5600000000e+002	 7.62944e+000	 3.08701e+001
138	 1.5700000000e+002	 7.88889e+000	 3.39568e+001
139	 1.5800000000e+002	 8.09747e+000	 3.68315e+001
140	 1.5900000000e+002	 8.41510e+000	 4.00070e+001
141	 1.6000000000e+002	 8.75331e+000	 4.35462e+001
142	 1.6100000000e+002	 9.03409e+000	 4.63426e+001
143	 1.6200000000e+002	 9.44075e+000	 4.99673e+001
144	 1.6300000000e+002	 9.86988e+000	 5.36477e+001
145	 1.6400000000e+002	 1.02456e+001	 5.71022e+001
146	 1.6500000000e+002	 1.06951e+001	 6.07943e+001
147	 1.6600000000e+002	 1.11714e+001	 6.43122e+001
148	 1.6700000000e+002	 1.16412e+001	 6.82169e+001
149	 1.6800000000e+002	 1.22636e+001	 7.26219e+001
150	 1.6900000000e+002	 1.27965e+001	 7.59802e+001
151	 1.7000000000e+002	 1.33466e+001	 8.03739e+001
152	 1.7100000000e+002	 1.42525e+001	 8.52842e+001
153	 1.7200000000e+002	 1.48614e+001	 8.91906e+001
154	 1.7300000000e+002	 1.56479e+001	 9.38165e+001
155	 1.7400000000e+002	 1.66429e+001	 9.90421e+001
156	 1.7500000000e+002	 1.75221e+001	 1.03896e+002
157	 1.7600000000e+002	 1.85362e+001	 1.09210e+002
158	 1.7700000000e+002	 1.97062e+001	 1.14536e+002
159	 1.7800000000e+002	 2.10035e+001	 1.20759e+002
160	 1.7900000000e+002	 2.23689e+001	 1.26599e+002
161	 1.8000000000e+002	 2.36446e+001	 1.32178e+002
162	 1.8100000000e+002	 2.54990e+001	 1.39139e+002
163	 1.8200000000e+002	 2.73007e+001	 1.46430e+002
164	 1.8300000000e+002	 2.92857e+001	 1.53900e+002
165	 1.8400000000e+002	 3.15252e+001	 1.61426e+002
166	 1.8500000000e+002	 3.38778e+001	 1.69735e+002
167	 1.8600000000e+002	 3.70993e+001	 1.79525e+002
168	 1.8700000000e+002	 3.96717e+001	 1.87282e+002
169	 1.8800000000e+002	 4.31305e+001	 1.97706e+002
170	 1.8900000000e+002	 4.76134e+001	 2.09036e+002
171	 1.9000000000e+002	 5.18731e+001	 2.20396e+002
172	 1.9100000000e+002	 5.72648e+001	 2.32688e+002
173	 1.9200000000e+002	 6.25346e+001	 2.45096e+002
174	 1.9300000000e+002	 7.02706e+001	 2.61576e+002
175	 1.9400000000e+002	 7.88880e+001	 2.78257e+002
176	 1.9500000000e+002	 8.67147e+001	 2.93166e+002
177	 1.9600000000e+002	 9.80000e+001	 3.11472e+002
178	 1.9700000000e+002	 1.11417e+002	 3.33456e+002
179	 1.9800000000e+002	 1.29009e+002	 3.58319e+002
180	 1.9900000000e+002	 1.47954e+002	 3.82876e+002
181	 2.0000000000e+002	 1.70435e+002	 4.08193e+002
182	 2.0100000000e+002	 2.00079e+002	 4.40064e+002
183	 2.0200000000e+002	 2.38709e+002	 4.72327e+002
184	 2.0300000000e+002	 2.85288e+002	 5.08603e+002
185	 2.0400000000e+002	 3.47584e+002	 5.43645e+002
186	 2.0500000000e+002	 4.14585e+002	 5.73939e+002
187	 2.0600000000e+002	 5.31662e+002	 6.01634e+002
188	 2.0700000000e+002	 6.54463e+002	 6.11450e+002
189	 2.0800000000e+002	 8.00801e+002	 5.86286e+002
190	 2.0900000000e+002	 9.83759e+002	 4.94275e+002
191	 2.1000000000e+002	 1.15669e+003	 3.18954e+002
192	 2.1100000000e+002	 1.23609e+003	 8.84868e+001
193	 2.1200000000e+002	 1.23115e+003	-1.92135e+002
194	 2.1300000000e+002	 1.10942e+003	-4.11247e+002
195	 2.1400000000e+002	 9.59393e+002	-5.50749e+002
196	 2.1500000000e+002	 7.86886e+002	-6.26224e+002
197	 2.1600000000e+002	 6.21414e+002	-6.45914e+002
198	 2.1700000000e+002	 5.15025e+002	-6.41175e+002
199	 2.1800000000e+002	 4.18343e+002	-6.11479e+002
200	 2.1900000000e+002	 3.37941e+002	-5.79705e+002
201	 2.2000000000e+002	 2.76961e+002	-5.45226e+002
202	 2.2100000000e+002	 2.36040e+002	-5.14628e+002
203	 2.2200000000e+002	 1.93804e+002	-4.80915e+002
204	 2.2300000000e+002	 1.64698e+002	-4.50616e+002
205	 2.2400000000e+002	 1.39638e+002	-4.23864e+002
206	 2.2500000000e+002	 1.16912e+002	-3.91875e+002
207	 2.2600000000e+002	 1.03250e+002	-3.72972e+002
208	 2.2700000000e+002	 9.00089e+001	-3.49080e+002
209	 2.2800000000e+002	 7.89921e+001	-3.29465e+002
210	 2.2900000000e+002	 7.16430e+001	-3.12685e+002
211	 2.3000000000e+002	 6.31447e+001	-2.93871e+002
212	 2.3100000000e+002	 5.76613e+001	-2.79233e+002
213	 2.3200000000e+002	 5.28320e+001	-2.66040e+002
214	 2.3300000000e+002	 4.81266e+001	-2.52864e+002
215	 2.3400000000e+002	 4.45220e+001	-2.41604e+002
216	 2.3500000000e+002	 4.15380e+001	-2.31916e+002
217	 2.3600000000e+002	 3.81363e+001	-2.20549e+002
218	 2.3700000000e+002	 3.57402e+001	-2.12042e+002
219	 2.3800000000e+002	 3.32643e+001	-2.03285e+002
220	 2.3900000000e+002	 3.14417e+001	-1.95717e+002
221	 2.4000000000e+002	 2.93050e+001	-1.87754e+002
222	 2.4100000000e+002	 2.78155e+001	-1.81018e+002
223	 2.4200000000e+002	 2.61273e+001	-1.73877e+002
224	 2.4300000000e+002	 2.47205e+001	-1.67633e+002
225	 2.4400000000e+002	 2.34463e+001	-1.61252e+002
226	 2.4500000000e+002	 2.22397e+001	-1.55302e+002
227	 2.4600000000e+002	 2.11662e+001	-1.49976e+002
228	 2.4700000000e+002	 2.03652e+001	-1.44946e+002
229	 2.4800000000e+002	 1.92923e+001	-1.39406e+002
230	 2.4900000000e+002	 1.84890e+001	-1.34519e+002
231	 2.5000000000e+002	 1.77872e+001	-1.29766e+002
232	 2.5100000000e+002	 1.69553e+001	-1.24995e+002
233	 2.5200000000e+002	 1.64840e+001	-1.21370e+002
234	 2.5300000000e+002	 1.59083e+001	-1.17104e+002
235	 2.5400000000e+002	 1.51663e+001	-1.12658e+002
236	 2.5500000000e+002	 1.47457e+001	-1.08727e+002
237	 2.5600000000e+002	 1.42354e+001	-1.05003e+002
238	 2.5700000000e+002	 1.38654e+001	-1.01504e+002
239	 2.5800000000e+002	 1.34045e+001	-9.75758e+001
240	 2.5900000000e+002	 1.29906e+001	-9.42794e+001
241	 2.6000000000e+002	 1.26521e+001	-9.09051e+001
242	 2.6100000000e+002	 1.23267e+001	-8.74231e+001
243	 2.6200000000e+002	 1.19164e+001	-8.40660e+001
244	 2.6300000000e+002	 1.16594e+001	-8.06530e+001
245	 2.6400000000e+002	 1.13166e+001	-7.76661e+001
246	 2.6500000000e+002	 1.10638e+001	-7.44281e+001
247	 2.6600000000e+002	 1.09313e+001	-7.11955e+001
248	 2.6700000000e+002	 1.07269e+001	-6.84285e+001
249	 2.6800000000e+002	 1.06051e+001	-6.56386e+001
250	 2.6900000000e+002	 1.05343e+001	-6.21202e+001
251	 2.7000000000e+002	 1.04382e+001	-5.93631e+001
252	 2.7100000000e+002	 1.04180e+001	-5.66635e+001
253	 2.7200000000e+002	 1.02536e+001	-5.38806e+001
254	 2.7300000000e+002	 1.03010e+001	-5.11028e+001
255	 2.7400000000e+002	 1.01945e+001	-4.81920e+001
256	 2.7500000000e+002	 1.01665e+001	-4.57600e+001
257	 2.7600000000e+002	 1.01481e+001	-4.30933e+001
258	 2.7700000000e+002	 1.01401e+001	-4.02198e+001
259	 2.7800000000e+002	 1.00508e+001	-3.76836e+001
260	 2.7900000000e+002	 1.01690e+001	-3.50672e+001
261	 2.8000000000e+002	 1.01781e+001	-3.22600e+001
262	 2.8100000000e+002	 1.02624e+001	-2.93011e+001
263	 2.8200000000e+002	 1.03498e+001	-2.72812e+001
264	 2.8300000000e+002	 1.04375e+001	-2.43813e+001
265	 2.8400000000e+002	 1.03964e+001	-2.17490e+001
266	 2.8500000000e+002	 1.05962e+001	-1.90998e+001
267	 2.8600000000e+002	 1.06375e+001	-1.63933e+001
268	 2.8700000000e+002	 1.08068e+001	-1.38175e+001
269	 2.8800000000e+002	 1.08949e+001	-1.12951e+001
270	 2.8900000000e+002	 1.10488e+001	-8.44967e+000
271	 2.9000000000e+002	 1.12796e+001	-5.64487e+000
272	 2.9100000000e+002	 1.14872e+001	-2.84827e+000
273	 2.9200000000e+002	 1.17480e+001	-2.38669e-001
274	 2.9300000000e+002	 1.19672e+001	 2.21671e+000
275	 2.9400000000e+002	 1.21653e+001	 4.89804e+000
276	 2.9500000000e+002	 1.24942e+001	 7.95557e+000
277	 2.9600000000e+002	 1.27373e+001	 1.07246e+001
278	 2.9700000000e+002	 1.30875e+001	 1.36643e+001
279	 2.9800000000e+002	 1.34344e+001	 1.65439e+001
280	 2.9900000000e+002	 1.36970e+001	 1.95168e+001
281	 3.0000000000e+002	 1.41533e+001	 2.25407e+001
282	 3.0100000000e+002	 1.45625e+001	 2.58406e+001
283	 3.0200000000e+002	 1.50437e+001	 2.92944e+001
284	 3.0300000000e+002	 1.54806e+001	 3.21448e+001
285	 3.0400000000e+002	 1.59606e+001	 3.52489e+001
286	 3.0500000000e+002	 1.64744e+001	 3.81942e+001
287	 3.0600000000e+002	 1.71363e+001	 4.21644e+001
288	 3.0700000000e+002	 1.77286e+001	 4.55545e+001
289	 3.0800000000e+002	 1.84444e+001	 4.91449e+001
290	 3.0900000000e+002	 1.90609e+001	 5.25119e+001
291	 3.1000000000e+002	 1.99014e+001	 5.65535e+001
292	 3.1100000000e+002	 2.07298e+001	 6.02689e+001
293	 3.1200000000e+002	 2.16191e+001	 6.44941e+001
294	 3.1300000000e+002	 2.26898e+001	 6.88714e+001
295	 3.1400000000e+002	 2.35900e+001	 7.26832e+001
296	 3.1500000000e+002	 2.48171e+001	 7.73559e+001
297	 3.1600000000e+002	 2.60541e+001	 8.21960e+001
298	 3.1700000000e+002	 2.72108e+001	 8.62749e+001
299	 3.1800000000e+002	 2.87413e+001	 9.15187e+001
300	 3.1900000000e+002	 3.01718e+001	 9.65643e+001
301	 3.2000000000e+002	 3.20015e+001	 1.01907e+002
302	 3.2100000000e+002	 3.37248e+001	 1.07519e+002
303	 3.2200000000e+002	 3.58167e+001	 1.13435e+002
304	 3.2300000000e+002	 3.79303e+001	 1.19273e+002
305	 3.2400000000e+002	 4.03809e+001	 1.25394e+002
306	 3.2500000000e+002	 4.31496e+001	 1.32673e+002
307	 3.2600000000e+002	 4.60937e+001	 1.39716e+002
308	 3.2700000000e+002	 4.92070e+001	 1.47044e+002
309	 3.2800000000e+002	 5.31075e+001	 1.55399e+002
310	 3.2900000000e+002	 5.71469e+001	 1.63828e+002
311	 3.3000000000e+002	 6.09559e+001	 1.71387e+002
312	 3.3100000000e+002	 6.61936e+001	 1.81047e+002
313	 3.3200000000e+002	 7.15832e+001	 1.90581e+002
314	 3.3300000000e+002	 7.89306e+001	 2.02876e+002
315	 3.3400000000e+002	 8.56794e+001	 2.13237e+002
316	 3.3500000000e+002	 9.35695e+001	 2.25101e+002
317	 3.3600000000e+002	 1.02749e+002	 2.37082e+002
318	 3.3700000000e+002	 1.14207e+002	 2.51241e+002
319	 3.3800000000e+002	 1.28538e+002	 2.68888e+002
320	 3.3900000000e+002	 1.42893e+002	 2.83317e+002
321	 3.4000000000e+002	 1.59399e+002	 2.99138e+002
322	 3.4100000000e+002	 1.80045e+002	 3.17317e+002
323	 3.4200000000e+002	 2.03146e+002	 3.33845e+002
324	 3.4300000000e+002	 2.34290e+002	 3.54342e+002
325	 3.4400000000e+002	 2.72383e+002	 3.73795e+002
326	 3.4500000000e+002	 3.11809e+002	 3.89941e+002
327	 3.4600000000e+002	 3.66090e+002	 4.04729e+002
328	 3.4700000000e+002	 4.27982e+002	 4.14943e+002
329	 3.4800000000e+002	 5.03977e+002	 4.12465e+002
330	 3.4900000000e+002	 5.87819e+002	 3.99430e+002
331	 3.5000000000e+002	 6.79486e+002	 3.56780e+002
332	 3.5100000000e+002	 7.79362e+002	 2.85117e+002
333	 3.5200000000e+002	 8.52254e+002	 1.86829e+002
334	 3.5300000000e+002	 8.98109e+002	 5.90250e+001
335	 3.5400000000e+002	 9.07333e+002	-9.22663e+001
336	 3.5500000000e+002	 8.69442e+002	-2.25866e+002
337	 3.5600000000e+002	 7.97330e+002	-3.37370e+002
338	 3.5700000000e+002	 7.08277e+002	-4.14474e+002
339	 3.5800000000e+002	 6.08377e+002	-4.62755e+002
340	 3.5900000000e+002	 5.23497e+002	-4.84491e+002
341	 3.6000000000e+002	 4.50297e+002	-4.87779e+002
342	 3.6100000000e+002	 3.76531e+002	-4.80645e+002
343	 3.6200000000e+002	 3.17146e+002	-4.64152e+002
344	 3.6300000000e+002	 2.78781e+002	-4.49504e+002
345	 3.6400000000e+002	 2.45876e+002	-4.33117e+002
346	 3.6500000000e+002	 2.06771e+002	-4.08464e+002
347	 3.6600000000e+002	 1.81791e+002	-3.90462e+002
348	 3.6700000000e+002	 1.59581e+002	-3.70912e+002
349	 3.6800000000e+002	 1.42328e+002	-3.54864e+002
350	 3.6900000000e+002	 1.26051e+002	-3.38098e+002
351	 3.7000000000e+002	 1.14629e+002	-3.23399e+002
352	 3.7100000000e+002	 1.01067e+002	-3.06957e+002
353	 3.7200000000e+002	 9.18782e+001	-2.93811e+002
354	 3.7300000000e+002	 8.46752e+001	-2.83102e+002
355	 3.7400000000e+002	 7.69489e+001	-2.70514e+002
356	 3.7500000000e+002	 7.05145e+001	-2.59721e+002
357	 3.7600000000e+002	 6.48461e+001	-2.49389e+002
358	 3.7700000000e+002	 5.89119e+001	-2.37806e+002
359	 3.7800000000e+002	 5.55253e+001	-2.30539e+002
360	 3.7900000000e+002	 5.13850e+001	-2.21982e+002
361	 3.8000000000e+002	 4.77067e+001	-2.12578e+002
362	 3.8100000000e+002	 4.45331e+001	-2.05600e+002
363	 3.8200000000e+002	 4.19130e+001	-1.98285e+002
364	 3.8300000000e+002	 3.94579e+001	-1.91850e+002
365	 3.8400000000e+002	 3.68308e+001	-1.84404e+002
366	 3.8500000000e+002	 3.52074e+001	-1.78982e+002
367	 3.8600000000e+002	 3.30601e+001	-1.72692e+002
368	 3.8700000000e+002	 3.13670e+001	-1.66847e+002
369	 3.8800000000e+002	 2.98996e+001	-1.61658e+002
370	 3.8900000000e+002	 2.85259e+001	-1.56627e+002
371	 3.9000000000e+002	 2.71337e+001	-1.51407e+002
372	 3.9100000000e+002	 2.59782e+001	-1.46328e+002
373	 3.9200000000e+002	 2.49024e+001	-1.42089e+002
374	 3.9300000000e+002	 2.39919e+001	-1.37484e+002
375	 3.9400000000e+002	 2.29819e+001	-1.32949e+002
376	 3.9500000000e+002	 2.20530e+001	-1.28494e+002
377	 3.9600000000e+002	 2.13385e+001	-1.24764e+002
378	 3.9700000000e+002	 2.06825e+001	-1.20832e+002
379	 3.9800000000e+002	 1.99857e+001	-1.16930e+002
380	 3.9900000000e+002	 1.93985e+001	-1.13040e+002
381	 4.0000000000e+002	 1.89304e+001	-1.09662e+002
382	 4.0100000000e+002	 1.83147e+001	-1.05738e+002
383	 4.0200000000e+002	 1.79157e+001	-1.02603e+002
384	 4.0300000000e+002	 1.75214e+001	-9.94307e+001
385	 4.0400000000e+002	 1.71137e+001	-9.58754e+001
386	 4.0500000000e+002	 1.68027e+001	-9.26163e+001
387	 4.0600000000e+002	 1.65397e+001	-8.94819e+001
388	 4.0700000000e+002	 1.63112e+001	-8.65779e+001
389	 4.0800000000e+002	 1.59409e+001	-8.32999e+001
390	 4.0900000000e+002	 1.58816e+001	-8.01738e+001
391	 4.1000000000e+002	 1.55677e+001	-7.71489e+001
392	 4.1100000000e+002	 1.55118e+001	-7.45031e+001
393	 4.1200000000e+002	 1.53258e+001	-7.15732e+001
394	 4.1300000000e+002	 1.52428e+001	-6.86456e+001
395	 4.1400000000e+002	 1.50938e+001	-6.55169e+001
396	 4.1500000000e+002	 1.51143e+001	-6.33269e+001
397	 4.1600000000e+002	 1.49994e+001	-6.02961e+001
398	 4.1700000000e+002	 1.49928e+001	-5.74079e+001
399	 4.1800000000e+002	 1.50077e+001	-5.49413e+001
400	 4.1900000000e+002	 1.50620e+001	-5.22913e+001
401	 4.2000000000e+002	 1.50836e+001	-4.93482e+001
402	 4.2100000000e+002	 1.51813e+001	-4.67207e+001
403	 4.2200000000e+002	 1.51566e+001	-4.41281e+001
404	 4.2300000000e+002	 1.52770e+001	-4.16177e+001
405	 4.2400000000e+002	 1.54358e+001	-3.86120e+001
406	 4.2500000000e+002	 1.55946e+001	-3.61334e+001
407	 4.2600000000e+002	 1.57435e+001	-3.33359e+001
408	 4.2700000000e+002	 1.59375e+001	-3.09245e+001
409	 4.2800000000e+002	 1.62195e+001	-2.79843e+001
410	 4.2900000000e+002	 1.63790e+001	-2.57242e+001
411	 4.3000000000e+002	 1.66378e+001	-2.26488e+001
412	 4.3100000000e+002	 1.69950e+001	-2.02116e+001
413	 4.3200000000e+002	 1.73093e+001	-1.72245e+001
414	 4.3300000000e+002	 1.77075e+001	-1.46426e+001
415	 4.3400000000e+002	 1.79895e+001	-1.18309e+001
416	 4.3500000000e+002	 1.83916e+001	-8.96587e+000
417	 4.3600000000e+002	 1.88599e+001	-6.20331e+000
418	 4.3700000000e+002	 1.92331e+001	-3.58686e+000
419	 4.3800000000e+002	 1.97467e+001	-4.63314e-001
420	 4.3900000000e+002	 2.02782e+001	 2.37035e+000
421	 4.4000000000e+002	 2.08692e+001	 5.24995e+000
422	 4.4100000000e+002	 2.13207e+001	 8.48403e+000
423	 4.4200000000e+002	 2.21157e+001	 1.15845e+001
424	 4.4300000000e+002	 2.27072e+001	 1.44131e+001
425	 4.4400000000e+002	 2.34884e+001	 1.76212e+001
426	 4.4500000000e+002	 2.42844e+001	 2.07855e+001
427	 4.4600000000e+002	 2.49916e+001	 2.38186e+001
428	 4.4700000000e+002	 2.59620e+001	 2.75764e+001
429	 4.4800000000e+002	 2.68703e+001	 3.09351e+001
430	 4.4900000000e+002	 2.78236e+001	 3.42727e+001
431	 4.5000000000e+002	 2.89337e+001	 3.80812e+001
432	 4.5100000000e+002	 2.99758e+001	 4.14715e+001
433	 4.5200000000e+002	 3.13159e+001	 4.54682e+001
434	 4.5300000000e+002	 3.26499e+001	 4.95933e+001
435	 4.5400000000e+002	 3.38138e+001	 5.28294e+001
436	 4.5500000000e+002	 3.53259e+001	 5.71703e+001
437	 4.5600000000e+002	 3.72274e+001	 6.19506e+001
438	 4.5700000000e+002	 3.87093e+001	 6.57518e+001
439	 4.5800000000e+002	 4.04761e+001	 6.99465e+001
440	 4.5900000000e+002	 4.25554e+001	 7.50076e+001
441	 4.6000000000e+002	 4.48740e+001	 7.98930e+001
442	 4.6100000000e+002	 4.72681e+001	 8.48246e+001
443	 4.6200000000e+002	 4.97649e+001	 9.02617e+001
444	 4.6300000000e+002	 5.23491e+001	 9.50628e+001
445	 4.6400000000e+002	 5.57498e+001	 1.01718e+002
446	 4.6500000000e+002	 5.90271e+001	 1.07357e+002
447	 4.6600000000e+002	 6.23004e+001	 1.13017e+002
448	 4.6700000000e+002	 6.60920e+001	 1.19042e+002
449	 4.6800000000e+002	 7.08283e+001	 1.26312e+002
450	 4.6900000000e+002	 7.56826e+001	 1.33252e+002
451	 4.7000000000e+002	 8.11836e+001	 1.40567e+002
452	 4.7100000000e+002	 8.65841e+001	 1.47964e+002
453	 4.7200000000e+002	 9.34532e+001	 1.56262e+002
454	 4.7300000000e+002	 1.00990e+002	 1.64735e+002
455	 4.7400000000e+002	 1.08996e+002	 1.73409e+002
456	 4.7500000000e+002	 1.17867e+002	 1.81855e+002
457	 4.7600000000e+002	 1.28583e+002	 1.91865e+002
458	 4.7700000000e+002	 1.40463e+002	 2.01322e+002
459	 4.7800000000e+002	 1.53369e+002	 2.10822e+002
460	 4.7900000000e+002	 1.70197e+002	 2.21915e+002
461	 4.8000000000e+002	 1.85288e+002	 2.31364e+002
462	 4.8100000000e+002	 2.05903e+002	 2.41673e+002
463	 4.8200000000e+002	 2.29000e+002	 2.51173e+002
464	 4.8300000000e+002	 2.53584e+002	 2.58956e+002
465	 4.8400000000e+002	 2.82962e+002	 2.66557e+002
466	 4.8500000000e+002	 3.15690e+002	 2.71098e+002
467	 4.8600000000e+002	 3.57137e+002	 2.73069e+002
468	 4.8700000000e+002	 3.99251e+002	 2.68586e+002
469	 4.8800000000e+002	 4.45915e+002	 2.58494e+002
470	 4.8900000000e+002	 4.93510e+002	 2.38785e+002
471	 4.9000000000e+002	 5.46527e+002	 2.07192e+002
472	 4.9100000000e+002	 5.96795e+002	 1.61016e+002
473	 4.9200000000e+002	 6.38581e+002	 9.98128e+001
474	 4.9300000000e+002	 6.67855e+002	 3.80873e+001
475	 4.9400000000e+002	 6.80644e+002	-4.22697e+001
476	 4.9500000000e+002	 6.77253e+002	-1.30740e+002
477	 4.9600000000e+002	 6.53926e+002	-1.94977e+002
478	 4.9700000000e+002	 6.13052e+002	-2.69278e+002
479	 4.9800000000e+002	 5.65929e+002	-3.16714e+002
480	 4.9900000000e+002	 5.15577e+002	-3.52745e+002
481	 5.0000000000e+002	 4.59161e+002	-3.78718e+002
482	 5.0100000000e+002	 4.05516e+002	-3.92105e+002
483	 5.0200000000e+002	 3.57526e+002	-3.96998e+002
484	 5.0300000000e+002	 3.17019e+002	-3.95641e+002
485	 5.0400000000e+002	 2.77149e+002	-3.88653e+002
486	 5.0500000000e+002	 2.48422e+002	-3.81133e+002
487	 5.0600000000e+002	 2.18755e+002	-3.70179e+002
488	 5.0700000000e+002	 1.94666e+002	-3.58407e+002
489	 5.0800000000e+002	 1.72811e+002	-3.45915e+002
490	 5.0900000000e+002	 1.55586e+002	-3.34363e+002
491	 5.1000000000e+002	 1.40724e+002	-3.22765e+002
492	 5.1100000000e+002	 1.27412e+002	-3.11440e+002
493	 5.1200000000e+002	 1.14301e+002	-2.99219e+002
494	 5.1300000000e+002	 1.04981e+002	-2.89327e+002
495	 5.1400000000e+002	 9.50483e+001	-2.78375e+002
496	 5.1500000000e+002	 8.77953e+001	-2.68918e+002
497	 5.1600000000e+002	 8.10737e+001	-2.60667e+002
498	 5.1700000000e+002	 7.44848e+001	-2.50877e+002
499	 5.1800000000e+002	 6.87000e+001	-2.42881e+002
500	 5.1900000000e+002	 6.43926e+001	-2.35535e+002
501	 5.2000000000e+002	 5.93789e+001	-2.26973e+002
502	 5.2100000000e+002	 5.53722e+001	-2.19693e+002
503	 5.2200000000e+002	 5.20272e+001	-2.12968e+002
504	 5.2300000000e+002	 4.87545e+001	-2.06492e+002
505	 5.2400000000e+002	 4.61207e+001	-2.00601e+002
506	 5.2500000000e+002	 4.32464e+001	-1.94606e+002
507	 5.2600000000e+002	 4.05954e+001	-1.88219e+002
508	 5.2700000000e+002	 3.86662e+001	-1.83302e+002
509	 5.2800000000e+002	 3.64164e+001	-1.77390e+002
510	 5.2900000000e+002	 3.49363e+001	-1.73027e+002
511	 5.3000000000e+002	 3.32563e+001	-1.67990e+002
512	 5.3100000000e+002	 3.15307e+001	-1.62780e+002
513	 5.3200000000e+002	 3.03657e+001	-1.58463e+002
514	 5.3300000000e+002	 2.90161e+001	-1.54331e+002
515	 5.3400000000e+002	 2.78199e+001	-1.49309e+002
516	 5.3500000000e+002	 2.67138e+001	-1.45700e+002
517	 5.3600000000e+002	 2.58601e+001	-1.41844e+002
518	 5.3700000000e+002	 2.48365e+001	-1.37874e+002
519	 5.3800000000e+002	 2.40761e+001	-1.33878e+002
520	 5.3900000000e+002	 2.33771e+001	-1.30405e+002
521	 5.4000000000e+002	 2.26073e+001	-1.26784e+002
522	 5.4100000000e+002	 2.19718e+001	-1.22959e+002
523	 5.4200000000e+002	 2.13452e+001	-1.19707e+002
524	 5.4300000000e+002	 2.09925e+001	-1.16737e+002
525	 5.4400000000e+002	 2.04262e+001	-1.13092e+002
526	 5.4500000000e+002	 2.00529e+001	-1.09916e+002
527	 5.4600000000e+002	 1.96116e+001	-1.07104e+002
528	 5.4700000000e+002	 1.92417e+001	-1.03614e+002
529	 5.4800000000e+002	 1.89248e+001	-1.00723e+002
530	 5.4900000000e+002	 1.87786e+001	-9.79192e+001
531	 5.5000000000e+002	 1.86335e+001	-9.48097e+001
532	 5.5100000000e+002	 1.83204e+001	-9.19351e+001
533	 5.5200000000e+002	 1.81499e+001	-8.91065e+001
534	 5.5300000000e+002	 1.80467e+001	-8.64111e+001
535	 5.5400000000e+002	 1.79940e+001	-8.34593e+001
536	 5.5500000000e+002	 1.78612e+001	-8.08236e+001
537	 5.5600000000e+002	 1.77862e+001	-7.81442e+001
538	 5.5700000000e+002	 1.78242e+001	-7.52254e+001
539	 5.5800000000e+002	 1.79764e+001	-7.27385e+001
540	 5.5900000000e+002	 1.79133e+001	-6.98568e+001
541	 5.6000000000e+002	 1.79201e+001	-6.75596e+001
542	 5.6100000000e+002	 1.80224e+001	-6.46693e+001
543	 5.6200000000e+002	 1.81608e+001	-6.19096e+001
544	 5.6300000000e+002	 1.83188e+001	-5.94631e+001
545	 5.6400000000e+002	 1.84817e+001	-5.69810e+001
546	 5.6500000000e+002	 1.86293e+001	-5.45803e+001
547	 5.6600000000e+002	 1.89340e+001	-5.14461e+001
548	 5.6700000000e+002	 1.91636e+001	-4.90606e+001
549	 5.6800000000e+002	 1.94775e+001	-4.67624e+001
550	 5.6900000000e+002	 1.98387e+001	-4.38322e+001
551	 5.7000000000e+002	 2.01263e+001	-4.12899e+001
552	 5.7100000000e+002	 2.05160e+001	-3.87376e+001
553	 5.7200000000e+002	 2.09056e+001	-3.58777e+001
554	 5.7300000000e+002	 2.13724e+001	-3.35967e+001
555	 5.7400000000e+002	 2.19721e+001	-3.04284e+001
556	 5.7500000000e+002	 2.23779e+001	-2.79691e+001
557	 5.7600000000e+002	 2.28625e+001	-2.57889e+001
558	 5.7700000000e+002	 2.34822e+001	-2.24798e+001
559	 5.7800000000e+002	 2.43172e+001	-1.95292e+001
560	 5.7900000000e+002	 2.48675e+001	-1.69940e+001
561	 5.8000000000e+002	 2.56240e+001	-1.42013e+001
562	 5.8100000000e+002	 2.63559e+001	-1.13235e+001
563	 5.8200000000e+002	 2.72279e+001	-8.13191e+000
564	 5.8300000000e+002	 2.79804e+001	-5.56993e+000
565	 5.8400000000e+002	 2.89380e+001	-2.78553e+000
566	 5.8500000000e+002	 3.01326e+001	 7.04349e-001
567	 5.8600000000e+002	 3.09700e+001	 3.36706e+000
568	 5.8700000000e+002	 3.21168e+001	 6.32744e+000
569	 5.8800000000e+002	 3.32757e+001	 9.65380e+000
570	 5.8900000000e+002	 3.47053e+001	 1.30217e+001
571	 5.9000000000e+002	 3.60091e+001	 1.63526e+001
572	 5.9100000000e+002	 3.70697e+001	 1.92580e+001
573	 5.9200000000e+002	 3.88018e+001	 2.28634e+001
574	 5.9300000000e+002	 4.02947e+001	 2.62611e+001
575	 5.9400000000e+002	 4.20672e+001	 2.98107e+001
576	 5.9500000000e+002	 4.41061e+001	 3.39525e+001
577	 5.9600000000e+002	 4.57858e+001	 3.74005e+001
578	 5.9700000000e+002	 4.78798e+001	 4.11802e+001
579	 5.9800000000e+002	 4.99141e+001	 4.48376e+001
580	 5.9900000000e+002	 5.25237e+001	 4.91183e+001
581	 6.0000000000e+002	 5.51042e+001	 5.33574e+001
582	 6.0100000000e+002	 5.79070e+001	 5.76841e+001
583	 6.0200000000e+002	 6.10117e+001	 6.23562e+001
584	 6.0300000000e+002	 6.39204e+001	 6.66627e+001
585	 6.0400000000e+002	 6.74876e+001	 7.14557e+001
586	 6.0500000000e+002	 7.09029e+001	 7.59899e+001
587	 6.0600000000e+002	 7.51633e+001	 8.11436e+001
588	 6.0700000000e+002	 7.92593e+001	 8.60669e+001
589	 6.0800000000e+002	 8.38928e+001	 9.11000e+001
590	 6.0900000000e+002	 8.96894e+001	 9.71332e+001
591	 6.1000000000e+002	 9.53861e+001	 1.03129e+002
592	 6.1100000000e+002	 1.01421e+002	 1.08409e+002
593	 6.1200000000e+002	 1.07922e+002	 1.14250e+002
594	 6.1300000000e+002	 1.15073e+002	 1.20150e+002
595	 6.1400000000e+002	 1.23985e+002	 1.26359e+002
596	 6.1500000000e+002	 1.34162e+002	 1.33538e+002
597	 6.1600000000e+002	 1.42627e+002	 1.38875e+002
598	 6.1700000000e+002	 1.55141e+002	 1.45825e+002
599	 6.1800000000e+002	 1.67121e+002	 1.51412e+002
600	 6.1900000000e+002	 1.79974e+002	 1.56816e+002
601	 6.2000000000e+002	 1.97595e+002	 1.62988e+002
602	 6.2100000000e+002	 2.14006e+002	 1.67150e+002
603	 6.2200000000e+002	 2.32784e+002	 1.70824e+002
604	 6.2300000000e+002	 2.53617e+002	 1.73195e+002
605	 6.2400000000e+002	 2.74304e+002	 1.74175e+002
606	 6.2500000000e+002	 3.01339e+002	 1.72985e+002
607	 6.2600000000e+002	 3.27773e+002	 1.68038e+002
608	 6.2700000000e+002	 3.60984e+002	 1.59119e+002
609	 6.2800000000e+002	 3.88901e+002	 1.47174e+002
610	 6.2900000000e+002	 4.19463e+002	 1.28602e+002
611	 6.3000000000e+002	 4.50518e+002	 1.04498e+002
612	 6.3100000000e+002	 4.78354e+002	 7.40741e+001
613	 6.3200000000e+002	 5.02357e+002	 3.71015e+001
614	 6.3300000000e+002	 5.21445e+002	-7.83122e+000
615	 6.3400000000e+002	 5.32352e+002	-5.74284e+001
616	 6.3500000000e+002	 5.32304e+002	-1.11988e+002
617	 6.3600000000e+002	 5.24320e+002	-1.55139e+002
618	 6.3700000000e+002	 5.08086e+002	-1.98231e+002
619	 6.3800000000e+002	 4.81377e+002	-2.42241e+002
620	 6.3900000000e+002	 4.55354e+002	-2.72218e+002
621	 6.4000000000e+002	 4.12998e+002	-3.05610e+002
622	 6.4100000000e+002	 3.81592e+002	-3.22892e+002
623	 6.4200000000e+002	 3.51187e+002	-3.33798e+002
624	 6.4300000000e+002	 3.16981e+002	-3.42500e+002
625	 6.4400000000e+002	 2.86055e+002	-3.45525e+002
626	 6.4500000000e+002	 2.55210e+002	-3.45633e+002
627	 6.4600000000e+002	 2.31803e+002	-3.42636e+002
628	 6.4700000000e+002	 2.07600e+002	-3.38173e+002
629	 6.4800000000e+002	 1.86061e+002	-3.30727e+002
630	 6.4900000000e+002	 1.68867e+002	-3.24085e+002
631	 6.5000000000e+002	 1.52884e+002	-3.16278e+002
632	 6.5100000000e+002	 1.38233e+002	-3.07938e+002
633	 6.5200000000e+002	 1.25488e+002	-2.99597e+002
634	 6.5300000000e+002	 1.13547e+002	-2.90763e+002
635	 6.5400000000e+002	 1.03380e+002	-2.82498e+002
636	 6.5500000000e+002	 9.47010e+001	-2.74302e+002
637	 6.5600000000e+002	 8.69179e+001	-2.66620e+002
638	 6.5700000000e+002	 7.98969e+001	-2.58821e+002
639	 6.5800000000e+002	 7.36490e+001	-2.51893e+002
640	 6.5900000000e+002	 6.79150e+001	-2.44441e+002
641	 6.6000000000e+002	 6.23783e+001	-2.36591e+002
642	 6.6100000000e+002	 5.81883e+001	-2.30636e+002
643	 6.6200000000e+002	 5.46543e+001	-2.24233e+002
644	 6.6300000000e+002	 5.00636e+001	-2.17592e+002
645	 6.6400000000e+002	 4.67977e+001	-2.11711e+002
646	 6.6500000000e+002	 4.36458e+001	-2.05856e+002
647	 6.6600000000e+002	 4.10098e+001	-2.00590e+002
648	 6.6700000000e+002	 3.85534e+001	-1.95324e+002
649	 6.6800000000e+002	 3.62448e+001	-1.89881e+002
650	 6.6900000000e+002	 3.42728e+001	-1.85212e+002
651	 6.7000000000e+002	 3.25968e+001	-1.80249e+002
652	 6.7100000000e+002	 3.10063e+001	-1.76021e+002
653	 6.7200000000e+002	 2.90188e+001	-1.70342e+002
654	 6.7300000000e+002	 2.80324e+001	-1.66844e+002
655	 6.7400000000e+002	 2.68106e+001	-1.62616e+002
656	 6.7500000000e+002	 2.56115e+001	-1.58177e+002
657	 6.7600000000e+002	 2.46993e+001	-1.54522e+002
658	 6.7700000000e+002	 2.36315e+001	-1.50313e+002
659	 6.7800000000e+002	 2.28984e+001	-1.46919e+002
660	 6.7900000000e+002	 2.21573e+001	-1.43304e+002
661	 6.8000000000e+002	 2.14031e+001	-1.39540e+002
662	 6.8100000000e+002	 2.09216e+001	-1.36205e+002
663	 6.8200000000e+002	 2.03207e+001	-1.32718e+002
664	 6.8300000000e+002	 1.99361e+001	-1.29800e+002
665	 6.8400000000e+002	 1.95621e+001	-1.26023e+002
666	 6.8500000000e+002	 1.92314e+001	-1.23181e+002
667	 6.8600000000e+002	 1.89904e+001	-1.20074e+002
668	 6.8700000000e+002	 1.89472e+001	-1.16450e+002
669	 6.8800000000e+002	 1.88269e+001	-1.13819e+002
670	 6.8900000000e+002	 1.86441e+001	-1.10804e+002
671	 6.9000000000e+002	 1.85824e+001	-1.07886e+002
672	 6.9100000000e+002	 1.85772e+001	-1.04996e+002
673	 6.9200000000e+002	 1.86373e+001	-1.02346e+002
674	 6.9300000000e+002	 1.87233e+001	-9.92744e+001
675	 6.9400000000e+002	 1.88412e+001	-9.67750e+001
676	 6.9500000000e+002	 1.90881e+001	-9.41591e+001
677	 6.9600000000e+002	 1.94492e+001	-9.12304e+001
678	 6.9700000000e+002	 1.98539e+001	-8.85434e+001
679	 6.9800000000e+002	 2.01885e+001	-8.61320e+001
680	 6.9900000000e+002	 2.06020e+001	-8.36798e+001
681	 7.0000000000e+002	 2.10717e+001	-8.12911e+001
682	 7.0100000000e+002	 2.16094e+001	-7.87815e+001
683	 7.0200000000e+002	 2.22670e+001	-7.65243e+001
684	 7.0300000000e+002	 2.29060e+001	-7.42292e+001
685	 7.0400000000e+002	 2.35933e+001	-7.21949e+001
686	 7.0500000000e+002	 2.41630e+001	-6.99102e+001
687	 7.0600000000e+002	 2.47024e+001	-6.81833e+001
688	 7.0700000000e+002	 2.53832e+001	-6.62347e+001
689	 7.0800000000e+002	 2.60224e+001	-6.42428e+001
690	 7.0900000000e+002	 2.64730e+001	-6.23922e+001
691	 7.1000000000e+002	 2.67997e+001	-6.06656e+001
692	 7.1100000000e+002	 2.70453e+001	-5.85938e+001
693	 7.1200000000e+002	 2.72343e+001	-5.69298e+001
694	 7.1300000000e+002	 2.74618e+001	-5.48374e+001
695	 7.1400000000e+002	 2.76096e+001	-5.26533e+001
696	 7.1500000000e+002	 2.78243e+001	-5.05786e+001
697	 7.1600000000e+002	 2.82501e+001	-4.82043e+001
698	 7.1700000000e+002	 2.84264e+001	-4.58380e+001
699	 7.1800000000e+002	 2.88714e+001	-4.30724e+001
700	 7.1900000000e+002	 2.92442e+001	-4.07818e+001
701	 7.2000000000e+002	 2.98375e+001	-3.79889e+001
702	 7.2100000000e+002	 3.05449e+001	-3.49294e+001
703	 7.2200000000e+002	 3.11971e+001	-3.25602e+001
704	 7.2300000000e+002	 3.19999e+001	-2.98586e+001
705	 7.2400000000e+002	 3.28563e+001	-2.71786e+001
706	 7.2500000000e+002	 3.39157e+001	-2.41099e+001
707	 7.2600000000e+002	 3.50824e+001	-2.12730e+001
708	 7.2700000000e+002	 3.62994e+001	-1.84320e+001
709	 7.2800000000e+002	 3.74113e+001	-1.58225e+001
710	 7.2900000000e+002	 3.89856e+001	-1.26462e+001
711	 7.3000000000e+002	 4.04768e+001	-9.38383e+000
712	 7.3100000000e+002	 4.18323e+001	-6.72996e+000
713	 7.3200000000e+002	 4.38383e+001	-3.17483e+000
714	 7.3300000000e+002	 4.57481e+001	-1.17750e-001
715	 7.3400000000e+002	 4.77046e+001	 2.94189e+000
716	 7.3500000000e+002	 4.95963e+001	 6.02480e+000
717	 7.3600000000e+002	 5.20576e+001	 9.65926e+000
718	 7.3700000000e+002	 5.41848e+001	 1.26282e+001
719	 7.3800000000e+002	 5.67308e+001	 1.60118e+001
720	 7.3900000000e+002	 5.95894e+001	 1.94961e+001
721	 7.4000000000e+002	 6.26931e+001	 2.33189e+001
722	 7.4100000000e+002	 6.61288e+001	 2.67089e+001
723	 7.4200000000e+002	 6.93833e+001	 3.02420e+001
724	 7.4300000000e+002	 7.30620e+001	 3.38524e+001
725	 7.4400000000e+002	 7.71641e+001	 3.77554e+001
726	 7.4500000000e+002	 8.17529e+001	 4.15538e+001
727	 7.4600000000e+002	 8.67047e+001	 4.56286e+001
728	 7.4700000000e+002	 9.10199e+001	 4.87699e+001
729	 7.4800000000e+002	 9.67266e+001	 5.25928e+001
730	 7.4900000000e+002	 1.03004e+002	 5.63908e+001
731	 7.5000000000e+002	 1.09501e+002	 5.99070e+001
732	 7.5100000000e+002	 1.17433e+002	 6.34213e+001
733	 7.5200000000e+002	 1.24539e+002	 6.64031e+001
734	 7.5300000000e+002	 1.32976e+002	 6.90261e+001
735	 7.5400000000e+002	 1.41821e+002	 7.14442e+001
736	 7.5500000000e+002	 1.51730e+002	 7.32307e+001
737	 7.5600000000e+002	 1.62721e+002	 7.47186e+001
738	 7.5700000000e+002	 1.73613e+002	 7.49088e+001
739	 7.5800000000e+002	 1.86021e+002	 7.41080e+001
740	 7.5900000000e+002	 1.96854e+002	 7.30500e+001
741	 7.6000000000e+002	 2.10463e+002	 6.97254e+001
742	 7.6100000000e+002	 2.24499e+002	 6.46067e+001
743	 7.6200000000e+002	 2.36063e+002	 5.89889e+001
744	 7.6300000000e+002	 2.49073e+002	 5.04700e+001
745	 7.6400000000e+002	 2.60182e+002	 4.17384e+001
746	 7.6500000000e+002	 2.70827e+002	 3.03512e+001
747	 7.6600000000e+002	 2.80681e+002	 1.71632e+001
748	 7.6700000000e+002	 2.87821e+002	 4.28838e+000
749	 7.6800000000e+002	 2.93075e+002	-9.18206e+000
750	 7.6900000000e+002	 2.96902e+002	-2.34130e+001
751	 7.7000000000e+002	 2.98841e+002	-3.52883e+001
752	 7.7100000000e+002	 3.00530e+002	-4.92416e+001
753	 7.7200000000e+002	 3.00464e+002	-6.04861e+001
754	 7.7300000000e+002	 3.00323e+002	-7.37121e+001
755	 7.7400000000e+002	 2.99607e+002	-8.40134e+001
756	 7.7500000000e+002	 2.98214e+002	-9.41183e+001
757	 7.7600000000e+002	 2.96376e+002	-1.06053e+002
758	 7.7700000000e+002	 2.93827e+002	-1.15924e+002
759	 7.7800000000e+002	 2.91306e+002	-1.24977e+002
760	 7.7900000000e+002	 2.88624e+002	-1.33589e+002
761	 7.8000000000e+002	 2.86682e+002	-1.42394e+002
762	 7.8100000000e+002	 2.84242e+002	-1.51563e+002
763	 7.8200000000e+002	 2.81845e+002	-1.62761e+002
764	 7.8300000000e+002	 2.80116e+002	-1.71211e+002
765	 7.8400000000e+002	 2.76867e+002	-1.82206e+002
766	 7.8500000000e+002	 2.72456e+002	-1.93668e+002
767	 7.8600000000e+002	 2.65863e+002	-2.06668e+002
768	 7.8700000000e+002	 2.58500e+002	-2.18561e+002
769	 7.8800000000e+002	 2.49615e+002	-2.29313e+002
770	 7.8900000000e+002	 2.39293e+002	-2.38516e+002
771	 7.9000000000e+002	 2.26357e+002	-2.48388e+002
772	 7.9100000000e+002	 2.14072e+002	-2.55200e+002
773	 7.9200000000e+002	 1.99563e+002	-2.60443e+002
774	 7.9300000000e+002	 1.85933e+002	-2.63723e+002
775	 7.9400000000e+002	 1.72587e+002	-2.65112e+002
776	 7.9500000000e+002	 1.58736e+002	-2.65095e+002
777	 7.9600000000e+002	 1.47260e+002	-2.64260e+002
778	 7.9700000000e+002	 1.37710e+002	-2.62604e+002
779	 7.9800000000e+002	 1.26064e+002	-2.59611e+002
780	 7.9900000000e+002	 1.16299e+002	-2.56292e+002
781	 8.0000000000e+002	 1.07323e+002	-2.52581e+002
782	 8.0100000000e+002	 9.90235e+001	-2.48605e+002
783	 8.0200000000e+002	 9.27710e+001	-2.44817e+002
784	 8.0300000000e+002	 8.56897e+001	-2.40371e+002
785	 8.0400000000e+002	 7.90083e+001	-2.35524e+002
786	 8.0500000000e+002	 7.42446e+001	-2.31659e+002
787	 8.0600000000e+002	 6.84220e+001	-2.26757e+002
788	 8.0700000000e+002	 6.39295e+001	-2.22721e+002
789	 8.0800000000e+002	 5.97941e+001	-2.18355e+002
790	 8.0900000000e+002	 5.56029e+001	-2.13845e+002
791	 8.1000000000e+002	 5.19850e+001	-2.09411e+002
792	 8.1100000000e+002	 4.83745e+001	-2.05157e+002
793	 8.1200000000e+002	 4.52038e+001	-2.01102e+002
794	 8.1300000000e+002	 4.26756e+001	-1.97219e+002
795	 8.1400000000e+002	 4.02471e+001	-1.92801e+002
796	 8.1500000000e+002	 3.75190e+001	-1.88569e+002
797	 8.1600000000e+002	 3.51878e+001	-1.85034e+002
798	 8.1700000000e+002	 3.35813e+001	-1.81903e+002
799	 8.1800000000e+002	 3.15206e+001	-1.77394e+002
800	 8.1900000000e+002	 2.96971e+001	-1.73494e+002
801	 8.2000000000e+002	 2.84700e+001	-1.70005e+002
802	 8.2100000000e+002	 2.71340e+001	-1.66664e+002
803	 8.2200000000e+002	 2.59319e+001	-1.63250e+002
804	 8.2300000000e+002	 2.45428e+001	-1.59527e+002
805	 8.2400000000e+002	 2.36126e+001	-1.56393e+002
806	 8.2500000000e+002	 2.28898e+001	-1.53383e+002
807	 8.2600000000e+002	 2.19168e+001	-1.49535e+002
808	 8.2700000000e+002	 2.12496e+001	-1.46676e+002
809	 8.2800000000e+002	 2.08253e+001	-1.44011e+002
810	 8.2900000000e+002	 2.01665e+001	-1.40355e+002
811	 8.3000000000e+002	 1.95818e+001	-1.37314e+002
812	 8.3100000000e+002	 1.92795e+001	-1.34969e+002
813	 8.3200000000e+002	 1.89923e+001	-1.31863e+002
814	 8.3300000000e+002	 1.88249e+001	-1.29064e+002
815	 8.3400000000e+002	 1.85576e+001	-1.26313e+002
816	 8.3500000000e+002	 1.85697e+001	-1.23602e+002
817	 8.3600000000e+002	 1.85805e+001	-1.20781e+002
818	 8.3700000000e+002	 1.86953e+001	-1.18245e+002
819	 8.3800000000e+002	 1.87628e+001	-1.15983e+002
820	 8.3900000000e+002	 1.90202e+001	-1.13250e+002
821	 8.4000000000e+002	 1.93770e+001	-1.10864e+002
822	 8.4100000000e+002	 1.95845e+001	-1.08230e+002
823	 8.4200000000e+002	 1.96526e+001	-1.06257e+002
824	 8.4300000000e+002	 2.00370e+001	-1.03807e+002
825	 8.4400000000e+002	 2.05090e+001	-1.01417e+002
826	 8.4500000000e+002	 2.09901e+001	-9.91431e+001
827	 8.4600000000e+002	 2.12938e+001	-9.70374e+001
828	 8.4700000000e+002	 2.19100e+001	-9.51113e+001
829	 8.4800000000e+002	 2.24587e+001	-9.32701e+001
830	 8.4900000000e+002	 2.29728e+001	-9.08798e+001
831	 8.5000000000e+002	 2.34742e+001	-8.87653e+001
832	 8.5100000000e+002	 2.39079e+001	-8.72255e+001
833	 8.5200000000e+002	 2.44345e+001	-8.51675e+001
834	 8.5300000000e+002	 2.48853e+001	-8.31594e+001
835	 8.5400000000e+002	 2.53065e+001	-8.12926e+001
836	 8.5500000000e+002	 2.58254e+001	-7.95079e+001
837	 8.5600000000e+002	 2.64952e+001	-7.74415e+001
838	 8.5700000000e+002	 2.69002e+001	-7.55616e+001
839	 8.5800000000e+002	 2.74104e+001	-7.37296e+001
840	 8.5900000000e+002	 2.77786e+001	-7.17733e+001
841	 8.6000000000e+002	 2.82543e+001	-6.95541e+001
842	 8.6100000000e+002	 2.88060e+001	-6.75435e+001
843	 8.6200000000e+002	 2.93499e+001	-6.54286e+001
844	 8.6300000000e+002	 3.00794e+001	-6.32083e+001
845	 8.6400000000e+002	 3.07973e+001	-6.07405e+001
846	 8.6500000000e+002	 3.15865e+001	-5.84174e+001
847	 8.6600000000e+002	 3.21904e+001	-5.63760e+001
848	 8.6700000000e+002	 3.34231e+001	-5.37064e+001
849	 8.6800000000e+002	 3.42288e+001	-5.14404e+001
850	 8.6900000000e+002	 3.53147e+001	-4.90339e+001
851	 8.7000000000e+002	 3.65171e+001	-4.65288e+001
852	 8.7100000000e+002	 3.79090e+001	-4.41129e+001
853	 8.7200000000e+002	 3.92642e+001	-4.15854e+001
854	 8.7300000000e+002	 4.08423e+001	-3.90858e+001
855	 8.7400000000e+002	 4.24709e+001	-3.64595e+001
856	 8.7500000000e+002	 4.41060e+001	-3.40367e+001
857	 8.7600000000e+002	 4.58452e+001	-3.16089e+001
858	 8.7700000000e+002	 4.80075e+001	-2.88932e+001
859	 8.7800000000e+002	 4.98569e+001	-2.64692e+001
860	 8.7900000000e+002	 5.20176e+001	-2.39105e+001
861	 8.8000000000e+002	 5.45936e+001	-2.09693e+001
862	 8.8100000000e+002	 5.69429e+001	-1.84684e+001
863	 8.8200000000e+002	 5.91791e+001	-1.62135e+001
864	 8.8300000000e+002	 6.23116e+001	-1.33055e+001
865	 8.8400000000e+002	 6.48907e+001	-1.09692e+001
866	 8.8500000000e+002	 6.78861e+001	-8.45388e+000
867	 8.8600000000e+002	 7.15645e+001	-5.57623e+000
868	 8.8700000000e+002	 7.47979e+001	-3.06055e+000
869	 8.8800000000e+002	 7.81786e+001	-7.51346e-001
870	 8.8900000000e+002	 8.21939e+001	 1.99446e+000
871	 8.9000000000e+002	 8.63129e+001	 4.44284e+000
872	 8.9100000000e+002	 9.04469e+001	 7.03834e+000
873	 8.9200000000e+002	 9.50797e+001	 9.45811e+000
874	 8.9300000000e+002	 1.00326e+002	 1.19026e+001
875	 8.9400000000e+002	 1.05076e+002	 1.40064e+001
876	 8.9500000000e+002	 1.10139e+002	 1.59095e+001
877	 8.9600000000e+002	 1.17005e+002	 1.85512e+001
878	 8.9700000000e+002	 1.21915e+002	 2.00087e+001
879	 8.9800000000e+002	 1.29982e+002	 2.20389e+001
880	 8.9900000000e+002	 1.36870e+002	 2.33906e+001
881	 9.0000000000e+002	 1.43072e+002	 2.46176e+001
882	 9.0100000000e+002	 1.51948e+002	 2.55074e+001
883	 9.0200000000e+002	 1.60326e+002	 2.63502e+001
884	 9.0300000000e+002	 1.69998e+002	 2.62993e+001
885	 9.0400000000e+002	 1.78668e+002	 2.56393e+001
886	 9.0500000000e+002	 1.87898e+002	 2.46423e+001
887	 9.0600000000e+002	 1.98650e+002	 2.24493e+001
888	 9.0700000000e+002	 2.11111e+002	 1.95484e+001
889	 9.0800000000e+002	 2.20707e+002	 1.60753e+001
890	 9.0900000000e+002	 2.32982e+002	 1.07367e+001
891	 9.1000000000e+002	 2.45708e+002	 3.98862e+000
892	 9.1100000000e+002	 2.56461e+002	-3.24023e+000
893	 9.1200000000e+002	 2.68053e+002	-1.26821e+001
894	 9.1300000000e+002	 2.79968e+002	-2.41596e+001
895	 9.1400000000e+002	 2.89357e+002	-3.58463e+001
896	 9.1500000000e+002	 2.99746e+002	-5.15452e+001
897	 9.1600000000e+002	 3.06604e+002	-6.55299e+001
898	 9.1700000000e+002	 3.14289e+002	-8.44374e+001
899	 9.1800000000e+002	 3.18361e+002	-1.00305e+002
900	 9.1900000000e+002	 3.20497e+002	-1.23374e+002
901	 9.2000000000e+002	 3.20656e+002	-1.40389e+002
902	 9.2100000000e+002	 3.18130e+002	-1.59725e+002
903	 9.2200000000e+002	 3.13136e+002	-1.79110e+002
904	 9.2300000000e+002	 3.04655e+002	-1.98236e+002
905	 9.2400000000e+002	 2.95267e+002	-2.14951e+002
906	 9.2500000000e+002	 2.83679e+002	-2.30333e+002
907	 9.2600000000e+002	 2.71606e+002	-2.43652e+002
908	 9.2700000000e+002	 2.58833e+002	-2.54423e+002
909	 9.2800000000e+002	 2.44788e+002	-2.63646e+002
910	 9.2900000000e+002	 2.28246e+002	-2.72961e+002
911	 9.3000000000e+002	 2.15832e+002	-2.77453e+002
912	 9.3100000000e+002	 2.02063e+002	-2.82108e+002
913	 9.3200000000e+002	 1.86137e+002	-2.85017e+002
914	 9.3300000000e+002	 1.72920e+002	-2.86621e+002
915	 9.3400000000e+002	 1.61081e+002	-2.87147e+002
916	 9.3500000000e+002	 1.48667e+002	-2.86103e+002
917	 9.3600000000e+002	 1.38098e+002	-2.84997e+002
918	 9.3700000000e+002	 1.26740e+002	-2.82815e+002
919	 9.3800000000e+002	 1.16567e+002	-2.80304e+002
920	 9.3900000000e+002	 1.07971e+002	-2.77052e+002
921	 9.4000000000e+002	 1.00025e+002	-2.73916e+002
922	 9.4100000000e+002	 9.11751e+001	-2.69319e+002
923	 9.4200000000e+002	 8.44853e+001	-2.66060e+002
924	 9.4300000000e+002	 7.81244e+001	-2.62286e+002
925	 9.4400000000e+002	 7.22135e+001	-2.58122e+002
926	 9.4500000000e+002	 6.61540e+001	-2.53284e+002
927	 9.4600000000e+002	 6.11347e+001	-2.49572e+002
928	 9.4700000000e+002	 5.64480e+001	-2.45514e+002
929	 9.4800000000e+002	 5.24346e+001	-2.41654e+002
930	 9.4900000000e+002	 4.82974e+001	-2.37222e+002
931	 9.5000000000e+002	 4.49750e+001	-2.33769e+002
932	 9.5100000000e+002	 4.12272e+001	-2.29749e+002
933	 9.5200000000e+002	 3.82199e+001	-2.25773e+002
934	 9.5300000000e+002	 3.51844e+001	-2.22240e+002
935	 9.5400000000e+002	 3.23105e+001	-2.18105e+002
936	 9.5500000000e+002	 3.00923e+001	-2.14653e+002
937	 9.5600000000e+002	 2.75232e+001	-2.10958e+002
938	 9.5700000000e+002	 2.54740e+001	-2.07596e+002
939	 9.5800000000e+002	 2.33343e+001	-2.03987e+002
940	 9.5900000000e+002	 2.16703e+001	-2.00588e+002
941	 9.6000000000e+002	 1.98811e+001	-1.97424e+002
942	 9.6100000000e+002	 1.85297e+001	-1.94285e+002
943	 9.6200000000e+002	 1.68204e+001	-1.91254e+002
944	 9.6300000000e+002	 1.55376e+001	-1.87673e+002
945	 9.6400000000e+002	 1.45076e+001	-1.85248e+002
946	 9.6500000000e+002	 1.31724e+001	-1.81471e+002
947	 9.6600000000e+002	 1.25658e+001	-1.79236e+002
948	 9.6700000000e+002	 1.15633e+001	-1.75879e+002
949	 9.6800000000e+002	 1.07635e+001	-1.72985e+002
950	 9.6900000000e+002	 9.97945e+000	-1.70166e+002
951	 9.7000000000e+002	 9.26736e+000	-1.67406e+002
952	 9.7100000000e+002	 8.54265e+000	-1.64474e+002
953	 9.7200000000e+002	 8.04317e+000	-1.61906e+002
954	 9.7300000000e+002	 7.65090e+000	-1.59585e+002
955	 9.7400000000e+002	 7.21604e+000	-1.56945e+002
956	 9.7500000000e+002	 6.86556e+000	-1.54313e+002
957	 9.7600000000e+002	 6.66085e+000	-1.51977e+002
958	 9.7700000000e+002	 6.52668e+000	-1.49261e+002
959	 9.7800000000e+002	 6.24752e+000	-1.46542e+002
960	 9.7900000000e+002	 6.17146e+000	-1.44153e+002
961	 9.8000000000e+002	 6.01977e+000	-1.42024e+002
962	 9.8100000000e+002	 6.10132e+000	-1.39829e+002
963	 9.8200000000e+002	 6.33665e+000	-1.37215e+002
964	 9.8300000000e+002	 6.41221e+000	-1.35375e+002
965	 9.8400000000e+002	 6.33726e+000	-1.32964e+002
966	 9.8500000000e+002	 6.39913e+000	-1.30760e+002
967	 9.8600000000e+002	 6.74979e+000	-1.28692e+002
968	 9.8700000000e+002	 7.23153e+000	-1.26411e+002
969	 9.8800000000e+002	 7.41574e+000	-1.24527e+002
970	 9.8900000000e+002	 7.84546e+000	-1.22131e+002
971	 9.9000000000e+002	 8.25823e+000	-1.20082e+002
972	 9.9100000000e+002	 8.69833e+000	-1.18115e+002
973	 9.9200000000e+002	 9.21644e+000	-1.15862e+002
974	 9.9300000000e+002	 9.59750e+000	-1.14109e+002
975	 9.9400000000e+002	 9.99397e+000	-1.11861e+002
976	 9.9500000000e+002	 1.06258e+001	-1.09967e+002
977	 9.9600000000e+002	 1.12072e+001	-1.08079e+002
978	 9.9700000000e+002	 1.18331e+001	-1.06111e+002
979	 9.9800000000e+002	 1.25802e+001	-1.03934e+002
980	 9.9900000000e+002	 1.33508e+001	-1.01982e+002
981	 1.0000000000e+003	 1.41870e+001	-9.99652e+001
982	 1.0010000000e+003	 1.50119e+001	-9.83629e+001
983	 1.0020000000e+003	 1.59982e+001	-9.61646e+001
984	 1.0030000000e+003	 1.69756e+001	-9.42637e+001
985	 1.0040000000e+003	 1.80073e+001	-9.24494e+001
986	 1.0050000000e+003	 1.89681e+001	-9.03956e+001
987	 1.0060000000e+003	 2.00595e+001	-8.86368e+001
988	 1.0070000000e+003	 2.14308e+001	-8.65673e+001
989	 1.0080000000e+003	 2.26501e+001	-8.47764e+001
990	 1.0090000000e+003	 2.38167e+001	-8.30444e+001
991	 1.0100000000e+003	 2.50777e+001	-8.13451e+001
992	 1.0110000000e+003	 2.65672e+001	-7.94746e+001
993	 1.0120000000e+003	 2.82708e+001	-7.73818e+001
994	 1.0130000000e+003	 2.95461e+001	-7.57155e+001
995	 1.0140000000e+003	 3.13023e+001	-7.38789e+001
996	 1.0150000000e+003	 3.30583e+001	-7.20225e+001
997	 1.0160000000e+003	 3.46384e+001	-7.05100e+001
998	 1.0170000000e+003	 3.66899e+001	-6.86926e+001
999	 1.0180000000e+003	 3.86055e+001	-6.70925e+001
1000	 1.0190000000e+003	 4.07659e+001	-6.51943e+001
1001	 1.0200000000e+003	 4.26573e+001	-6.37169e+001
1002	 1.0210000000e+003	 4.49364e+001	-6.21420e+001
1003	 1.0220000000e+003	 4.76388e+001	-6.04052e+001
1004	 1.0230000000e+003	 4.98438e+001	-5.89037e+001
1005	 1.0240000000e+003	 5.23596e+001	-5.73779e+001
1006	 1.0250000000e+003	 5.52406e+001	-5.59900e+001
1007	 1.0260000000e+003	 5.81566e+001	-5.45427e+001
1008	 1.0270000000e+003	 6.11227e+001	-5.32822e+001
1009	 1.0280000000e+003	 6.41608e+001	-5.20459e+001
1010	 1.0290000000e+003	 6.72912e+001	-5.09852e+001
1011	 1.0300000000e+003	 7.05199e+001	-4.99455e+001
1012	 1.0310000000e+003	 7.43854e+001	-4.87846e+001
1013	 1.0320000000e+003	 7.77771e+001	-4.78932e+001
1014	 1.0330000000e+003	 8.17716e+001	-4.71672e+001
1015	 1.0340000000e+003	 8.56573e+001	-4.65562e+001
1016	 1.0350000000e+003	 8.94604e+001	-4.61927e+001
1017	 1.0360000000e+003	 9.41635e+001	-4.57328e+001
1018	 1.0370000000e+003	 9.83144e+001	-4.57039e+001
1019	 1.0380000000e+003	 1.02526e+002	-4.57815e+001
1020	 1.0390000000e+003	 1.08021e+002	-4.60282e+001
1021	 1.0400000000e+003	 1.12559e+002	-4.65572e+001
1022	 1.0410000000e+003	 1.16902e+002	-4.71808e+001
1023	 1.0420000000e+003	 1.23081e+002	-4.85536e+001
1024	 1.0430000000e+003	 1.28486e+002	-4.97669e+001
1025	 1.0440000000e+003	 1.33267e+002	-5.12360e+001
1026	 1.0450000000e+003	 1.39300e+002	-5.33590e+001
1027	 1.0460000000e+003	 1.44986e+002	-5.57072e+001
1028	 1.0470000000e+003	 1.50834e+002	-5.87701e+001
1029	 1.0480000000e+003	 1.57054e+002	-6.24174e+001
1030	 1.0490000000e+003	 1.62753e+002	-6.62408e+001
1031	 1.0500000000e+003	 1.69055e+002	-7.12385e+001
1032	 1.0510000000e+003	 1.74062e+002	-7.53548e+001
1033	 1.0520000000e+003	 1.80006e+002	-8.18976e+001
1034	 1.0530000000e+003	 1.84577e+002	-8.71447e+001
1035	 1.0540000000e+003	 1.90561e+002	-9.50191e+001
1036	 1.0550000000e+003	 1.95389e+002	-1.03229e+002
1037	 1.0560000000e+003	 1.99239e+002	-1.10326e+002
1038	 1.0570000000e+003	 2.02831e+002	-1.19386e+002
1039	 1.0580000000e+003	 2.06084e+002	-1.29310e+002
1040	 1.0590000000e+003	 2.08493e+002	-1.39474e+002
1041	 1.0600000000e+003	 2.09687e+002	-1.48138e+002
1042	 1.0610000000e+003	 2.10425e+002	-1.60529e+002
1043	 1.0620000000e+003	 2.09453e+002	-1.72283e+002
1044	 1.0630000000e+003	 2.07849e+002	-1.82622e+002
1045	 1.0640000000e+003	 2.04265e+002	-1.95539e+002
1046	 1.0650000000e+003	 2.00777e+002	-2.05194e+002
1047	 1.0660000000e+003	 1.95446e+002	-2.15225e+002
1048	 1.0670000000e+003	 1.89801e+002	-2.24890e+002
1049	 1.0680000000e+003	 1.82405e+002	-2.33425e+002
1050	 1.0690000000e+003	 1.73307e+002	-2.42902e+002
1051	 1.0700000000e+003	 1.64765e+002	-2.50387e+002
1052	 1.0710000000e+003	 1.57265e+002	-2.55358e+002
1053	 1.0720000000e+003	 1.46414e+002	-2.61562e+002
1054	 1.0730000000e+003	 1.36087e+002	-2.66118e+002
1055	 1.0740000000e+003	 1.27617e+002	-2.68835e+002
1056	 1.0750000000e+003	 1.18310e+002	-2.71317e+002
1057	 1.0760000000e+003	 1.08232e+002	-2.73013e+002
1058	 1.0770000000e+003	 9.99279e+001	-2.73701e+002
1059	 1.0780000000e+003	 9.01915e+001	-2.73383e+002
1060	 1.0790000000e+003	 8.07207e+001	-2.72605e+002
1061	 1.0800000000e+003	 7.36142e+001	-2.71678e+002
1062	 1.0810000000e+003	 6.70995e+001	-2.70409e+002
1063	 1.0820000000e+003	 5.90439e+001	-2.68448e+002
1064	 1.0830000000e+003	 5.15765e+001	-2.65640e+002
1065	 1.0840000000e+003	 4.51447e+001	-2.62774e+002
1066	 1.0850000000e+003	 4.00272e+001	-2.60139e+002
1067	 1.0860000000e+003	 3.49222e+001	-2.56981e+002
1068	 1.0870000000e+003	 2.92543e+001	-2.53834e+002
1069	 1.0880000000e+003	 2.42839e+001	-2.50618e+002
1070	 1.0890000000e+003	 1.97283e+001	-2.47131e+002
1071	 1.0900000000e+003	 1.62048e+001	-2.44209e+002
1072	 1.0910000000e+003	 1.24060e+001	-2.40704e+002
1073	 1.0920000000e+003	 8.66965e+000	-2.37340e+002
1074	 1.0930000000e+003	 5.40022e+000	-2.34004e+002
1075	 1.0940000000e+003	 2.03816e+000	-2.30107e+002
1076	 1.0950000000e+003	-5.88396e-001	-2.27262e+002
1077	 1.0960000000e+003	-3.03601e+000	-2.24000e+002
1078	 1.0970000000e+003	-5.77188e+000	-2.20168e+002
1079	 1.0980000000e+003	-7.55724e+000	-2.17712e+002
1080	 1.0990000000e+003	-9.65205e+000	-2.14628e+002
1081	 1.1000000000e+003	-1.21934e+001	-2.10651e+002
1082	 1.1010000000e+003	-1.41041e+001	-2.07555e+002
1083	 1.1020000000e+003	-1.53422e+001	-2.04887e+002
1084	 1.1030000000e+003	-1.66681e+001	-2.01679e+002
1085	 1.1040000000e+003	-1.80864e+001	-1.98733e+002
1086	 1.1050000000e+003	-1.92461e+001	-1.96025e+002
1087	 1.1060000000e+003	-2.03108e+001	-1.92952e+002
1088	 1.1070000000e+003	-2.14040e+001	-1.90085e+002
1089	 1.1080000000e+003	-2.23271e+001	-1.87304e+002
1090	 1.1090000000e+003	-2.30968e+001	-1.84480e+002
1091	 1.1100000000e+003	-2.38440e+001	-1.81619e+002
1092	 1.1110000000e+003	-2.44510e+001	-1.78902e+002
1093	 1.1120000000e+003	-2.50808e+001	-1.76526e+002
1094	 1.1130000000e+003	-2.58762e+001	-1.73846e+002
1095	 1.1140000000e+003	-2.63211e+001	-1.71039e+002
1096	 1.1150000000e+003	-2.64575e+001	-1.68671e+002
1097	 1.1160000000e+003	-2.67415e+001	-1.66249e+002
1098	 1.1170000000e+003	-2.68062e+001	-1.63970e+002
1099	 1.1180000000e+003	-2.70372e+001	-1.61664e+002
1100	 1.1190000000e+003	-2.71658e+001	-1.59239e+002
1101	 1.1200000000e+003	-2.70190e+001	-1.56969e+002
1102	 1.1210000000e+003	-2.70861e+001	-1.54807e+002
1103	 1.1220000000e+003	-2.71671e+001	-1.52474e+002
1104	 1.1230000000e+003	-2.69503e+001	-1.49977e+002
1105	 1.1240000000e+003	-2.67332e+001	-1.47995e+002
1106	 1.1250000000e+003	-2.66321e+001	-1.45815e+002
1107	 1.1260000000e+003	-2.64185e+001	-1.43994e+002
1108	 1.1270000000e+003	-2.63096e+001	-1.41871e+002
1109	 1.1280000000e+003	-2.58647e+001	-1.40003e+002
1110	 1.1290000000e+003	-2.57036e+001	-1.38166e+002
1111	 1.1300000000e+003	-2.50648e+001	-1.35993e+002
1112	 1.1310000000e+003	-2.44546e+001	-1.34066e+002
1113	 1.1320000000e+003	-2.40591e+001	-1.32237e+002
1114	 1.1330000000e+003	-2.36992e+001	-1.30680e+002
1115	 1.1340000000e+003	-2.32131e+001	-1.28818e+002
1116	 1.1350000000e+003	-2.25169e+001	-1.26986e+002
1117	 1.1360000000e+003	-2.16793e+001	-1.25472e+002
1118	 1.1370000000e+003	-2.11122e+001	-1.23439e+002
1119	 1.1380000000e+003	-2.04354e+001	-1.21655e+002
1120	 1.1390000000e+003	-1.96395e+001	-1.20356e+002
1121	 1.1400000000e+003	-1.88135e+001	-1.18802e+002
1122	 1.1410000000e+003	-1.80524e+001	-1.17132e+002
1123	 1.1420000000e+003	-1.71615e+001	-1.15448e+002
1124	 1.1430000000e+003	-1.64397e+001	-1.14019e+002
1125	 1.1440000000e+003	-1.53797e+001	-1.12641e+002
1126	 1.1450000000e+003	-1.43236e+001	-1.11219e+002
1127	 1.1460000000e+003	-1.33173e+001	-1.09637e+002
1128	 1.1470000000e+003	-1.24313e+001	-1.08439e+002
1129	 1.1480000000e+003	-1.14546e+001	-1.07179e+002
1130	 1.1490000000e+003	-1.01665e+001	-1.05690e+002
1131	 1.1500000000e+003	-8.98480e+000	-1.04369e+002
1132	 1.1510000000e+003	-7.80726e+000	-1.03053e+002
1133	 1.1520000000e+003	-6.43312e+000	-1.01817e+002
1134	 1.1530000000e+003	-5.21798e+000	-1.00651e+002
1135	 1.1540000000e+003	-4.10050e+000	-9.94471e+001
1136	 1.1550000000e+003	-2.82618e+000	-9.83420e+001
1137	 1.1560000000e+003	-1.41001e+000	-9.72284e+001
1138	 1.1570000000e+003	-4.85318e-002	-9.60090e+001
1139	 1.1580000000e+003	 1.54941e+000	-9.48547e+001
1140	 1.1590000000e+003	 2.84778e+000	-9.40132e+001
1141	 1.1600000000e+003	 4.44568e+000	-9.31099e+001
1142	 1.1610000000e+003	 5.94528e+000	-9.22820e+001
1143	 1.1620000000e+003	 7.93373e+000	-9.11728e+001
1144	 1.1630000000e+003	 9.72713e+000	-9.03026e+001
1145	 1.1640000000e+003	 1.13806e+001	-8.96158e+001
1146	 1.1650000000e+003	 1.31990e+001	-8.89187e+001
1147	 1.1660000000e+003	 1.52735e+001	-8.80525e+001
1148	 1.1670000000e+003	 1.66751e+001	-8.76030e+001
1149	 1.1680000000e+003	 1.89029e+001	-8.71241e+001
1150	 1.1690000000e+003	 2.12506e+001	-8.65322e+001
1151	 1.1700000000e+003	 2.32239e+001	-8.60566e+001
1152	 1.1710000000e+003	 2.51223e+001	-8.58193e+001
1153	 1.1720000000e+003	 2.74649e+001	-8.56348e+001
1154	 1.1730000000e+003	 2.97119e+001	-8.54319e+001
1155	 1.1740000000e+003	 3.20855e+001	-8.53441e+001
1156	 1.1750000000e+003	 3.46671e+001	-8.53061e+001
1157	 1.1760000000e+003	 3.69019e+001	-8.54673e+001
1158	 1.1770000000e+003	 3.93906e+001	-8.58782e+001
1159	 1.1780000000e+003	 4.17975e+001	-8.62161e+001
1160	 1.1790000000e+003	 4.48881e+001	-8.69190e+001
1161	 1.1800000000e+003	 4.70436e+001	-8.75367e+001
1162	 1.1810000000e+003	 4.99118e+001	-8.83600e+001
1163	 1.1820000000e+003	 5.26548e+001	-8.92684e+001
1164	 1.1830000000e+003	 5.54321e+001	-9.05174e+001
1165	 1.1840000000e+003	 5.77581e+001	-9.16033e+001
1166	 1.1850000000e+003	 6.07862e+001	-9.33754e+001
1167	 1.1860000000e+003	 6.34926e+001	-9.51268e+001
1168	 1.1870000000e+003	 6.59388e+001	-9.69100e+001
1169	 1.1880000000e+003	 6.81434e+001	-9.86379e+001
1170	 1.1890000000e+003	 7.14324e+001	-1.01663e+002
1171	 1.1900000000e+003	 7.39970e+001	-1.04208e+002
1172	 1.1910000000e+003	 7.62229e+001	-1.06545e+002
1173	 1.1920000000e+003	 7.84386e+001	-1.09942e+002
1174	 1.1930000000e+003	 8.05773e+001	-1.12780e+002
1175	 1.1940000000e+003	 8.27025e+001	-1.16720e+002
1176	 1.1950000000e+003	 8.42991e+001	-1.20043e+002
1177	 1.1960000000e+003	 8.61821e+001	-1.24122e+002
1178	 1.1970000000e+003	 8.78256e+001	-1.28468e+002
1179	 1.1980000000e+003	 8.87348e+001	-1.32039e+002
1180	 1.1990000000e+003	 8.96553e+001	-1.37005e+002
1181	 1.2000000000e+003	 9.02077e+001	-1.41919e+002
1182	 1.2010000000e+003	 9.01943e+001	-1.46657e+002
1183	 1.2020000000e+003	 9.00326e+001	-1.51226e+002
1184	 1.2030000000e+003	 8.95689e+001	-1.56166e+002
1185	 1.2040000000e+003	 8.90282e+001	-1.61637e+002
1186	 1.2050000000e+003	 8.74805e+001	-1.66722e+002
1187	 1.2060000000e+003	 8.57437e+001	-1.71775e+002
1188	 1.2070000000e+003	 8.37047e+001	-1.76795e+002
1189	 1.2080000000e+003	 8.06007e+001	-1.81787e+002
1190	 1.2090000000e+003	 7.81565e+001	-1.85334e+002
1191	 1.2100000000e+003	 7.42730e+001	-1.90405e+002
1192	 1.2110000000e+003	 7.09524e+001	-1.94297e+002
1193	 1.2120000000e+003	 6.69918e+001	-1.98309e+002
1194	 1.2130000000e+003	 6.22879e+001	-2.01763e+002
1195	 1.2140000000e+003	 5.81284e+001	-2.05189e+002
1196	 1.2150000000e+003	 5.30638e+001	-2.07492e+002
1197	 1.2160000000e+003	 4.79562e+001	-2.09580e+002
1198	 1.2170000000e+003	 4.28310e+001	-2.11518e+002
1199	 1.2180000000e+003	 3.79463e+001	-2.12855e+002
1200	 1.2190000000e+003	 3.28399e+001	-2.14120e+002
1201	 1.2200000000e+003	 2.74697e+001	-2.14890e+002
1202	 1.2210000000e+003	 2.24995e+001	-2.15453e+002
1203	 1.2220000000e+003	 1.75018e+001	-2.15391e+002
1204	 1.2230000000e+003	 1.24254e+001	-2.14879e+002
1205	 1.2240000000e+003	 7.30248e+000	-2.14513e+002
1206	 1.2250000000e+003	 2.78960e+000	-2.13540e+002
1207	 1.2260000000e+003	-1.62983e+000	-2.12368e+002
1208	 1.2270000000e+003	-5.93400e+000	-2.10584e+002
1209	 1.2280000000e+003	-1.08662e+001	-2.08543e+002
1210	 1.2290000000e+003	-1.41555e+001	-2.06571e+002
1211	 1.2300000000e+003	-1.75285e+001	-2.04598e+002
1212	 1.2310000000e+003	-2.12244e+001	-2.02423e+002
1213	 1.2320000000e+003	-2.43238e+001	-2.00034e+002
1214	 1.2330000000e+003	-2.74596e+001	-1.97638e+002
1215	 1.2340000000e+003	-3.05823e+001	-1.95040e+002
1216	 1.2350000000e+003	-3.29345e+001	-1.92752e+002
1217	 1.2360000000e+003	-3.52515e+001	-1.90035e+002
1218	 1.2370000000e+003	-3.73617e+001	-1.87782e+002
1219	 1.2380000000e+003	-3.95831e+001	-1.84769e+002
1220	 1.2390000000e+003	-4.10055e+001	-1.82303e+002
1221	 1.2400000000e+003	-4.27723e+001	-1.79162e+002
1222	 1.2410000000e+003	-4.43134e+001	-1.76932e+002
1223	 1.2420000000e+003	-4.56111e+001	-1.74299e+002
1224	 1.2430000000e+003	-4.70586e+001	-1.71464e+002
1225	 1.2440000000e+003	-4.81940e+001	-1.68668e+002
1226	 1.2450000000e+003	-4.90629e+001	-1.66627e+002
1227	 1.2460000000e+003	-5.00973e+001	-1.64037e+002
1228	 1.2470000000e+003	-5.09868e+001	-1.61725e+002
1229	 1.2480000000e+003	-5.15931e+001	-1.59333e+002
1230	 1.2490000000e+003	-5.21375e+001	-1.57184e+002
1231	 1.2500000000e+003	-5.26428e+001	-1.54686e+002
1232	 1.2510000000e+003	-5.32375e+001	-1.52115e+002
1233	 1.2520000000e+003	-5.37780e+001	-1.49904e+002
1234	 1.2530000000e+003	-5.39423e+001	-1.47829e+002
1235	 1.2540000000e+003	-5.42429e+001	-1.46015e+002
1236	 1.2550000000e+003	-5.43731e+001	-1.43572e+002
1237	 1.2560000000e+003	-5.43723e+001	-1.41614e+002
1238	 1.2570000000e+003	-5.45299e+001	-1.39473e+002
1239	 1.2580000000e+003	-5.45786e+001	-1.37452e+002
1240	 1.2590000000e+003	-5.45080e+001	-1.35469e+002
1241	 1.2600000000e+003	-5.46023e+001	-1.33813e+002
1242	 1.2610000000e+003	-5.42932e+001	-1.31862e+002
1243	 1.2620000000e+003	-5.41063e+001	-1.29932e+002
1244	 1.2630000000e+003	-5.40918e+001	-1.28132e+002
1245	 1.2640000000e+003	-5.37704e+001	-1.26311e+002
1246	 1.2650000000e+003	-5.34326e+001	-1.24531e+002
1247	 1.2660000000e+003	-5.33823e+001	-1.22932e+002
1248	 1.2670000000e+003	-5.29737e+001	-1.21158e+002
1249	 1.2680000000e+003	-5.25335e+001	-1.19898e+002
1250	 1.2690000000e+003	-5.19880e+001	-1.17940e+002
1251	 1.2700000000e+003	-5.14253e+001	-1.16134e+002
1252	 1.2710000000e+003	-5.12025e+001	-1.14930e+002
1253	 1.2720000000e+003	-5.07784e+001	-1.13301e+002
1254	 1.2730000000e+003	-5.02630e+001	-1.11713e+002
1255	 1.2740000000e+003	-4.95319e+001	-1.10369e+002
1256	 1.2750000000e+003	-4.87707e+001	-1.09158e+002
1257	 1.2760000000e+003	-4.81205e+001	-1.07612e+002
1258	 1.2770000000e+003	-4.75554e+001	-1.06365e+002
1259	 1.2780000000e+003	-4.69931e+001	-1.05164e+002
1260	 1.2790000000e+003	-4.63003e+001	-1.03669e+002
1261	 1.2800000000e+003	-4.54913e+001	-1.02487e+002
1262	 1.2810000000e+003	-4.48005e+001	-1.01275e+002
1263	 1.2820000000e+003	-4.40563e+001	-1.00097e+002
1264	 1.2830000000e+003	-4.34073e+001	-9.90655e+001
1265	 1.2840000000e+003	-4.24198e+001	-9.75543e+001
1266	 1.2850000000e+003	-4.16531e+001	-9.66173e+001
1267	 1.2860000000e+003	-4.08985e+001	-9.57993e+001
1268	 1.2870000000e+003	-3.99407e+001	-9.46676e+001
1269	 1.2880000000e+003	-3.90033e+001	-9.38174e+001
1270	 1.2890000000e+003	-3.81401e+001	-9.29301e+001
1271	 1.2900000000e+003	-3.72826e+001	-9.19310e+001
1272	 1.2910000000e+003	-3.62585e+001	-9.09036e+001
1273	 1.2920000000e+003	-3.53374e+001	-9.01929e+001
1274	 1.2930000000e+003	-3.43781e+001	-8.92707e+001
1275	 1.2940000000e+003	-3.35825e+001	-8.82937e+001
1276	 1.2950000000e+003	-3.26271e+001	-8.77085e+001
1277	 1.2960000000e+003	-3.15189e+001	-8.69021e+001
1278	 1.2970000000e+003	-3.06304e+001	-8.61759e+001
1279	 1.2980000000e+003	-2.95372e+001	-8.56858e+001
1280	 1.2990000000e+003	-2.85202e+001	-8.48922e+001
1281	 1.3000000000e+003	-2.75527e+001	-8.42348e+001
1282	 1.3010000000e+003	-2.66896e+001	-8.37824e+001
1283	 1.3020000000e+003	-2.55531e+001	-8.30646e+001
1284	 1.3030000000e+003	-2.43494e+001	-8.25721e+001
1285	 1.3040000000e+003	-2.33456e+001	-8.21030e+001
1286	 1.3050000000e+003	-2.22453e+001	-8.16283e+001
1287	 1.3060000000e+003	-2.10121e+001	-8.11288e+001
1288	 1.3070000000e+003	-1.98614e+001	-8.06626e+001
1289	 1.3080000000e+003	-1.89405e+001	-8.02874e+001
1290	 1.3090000000e+003	-1.78311e+001	-7.99799e+001
1291	 1.3100000000e+003	-1.65702e+001	-7.98211e+001
1292	 1.3110000000e+003	-1.51484e+001	-7.94562e+001
1293	 1.3120000000e+003	-1.40763e+001	-7.91186e+001
1294	 1.3130000000e+003	-1.28934e+001	-7.88576e+001
1295	 1.3140000000e+003	-1.16036e+001	-7.86887e+001
1296	 1.3150000000e+003	-1.02669e+001	-7.85647e+001
1297	 1.3160000000e+003	-9.22462e+000	-7.84723e+001
1298	 1.3170000000e+003	-7.77497e+000	-7.85462e+001
1299	 1.3180000000e+003	-6.59577e+000	-7.85402e+001
1300	 1.3190000000e+003	-5.01534e+000	-7.86542e+001
1301	 1.3200000000e+003	-3.75139e+000	-7.86667e+001
1302	 1.3210000000e+003	-2.44829e+000	-7.89581e+001
1303	 1.3220000000e+003	-1.09445e+000	-7.91669e+001
1304	 1.3230000000e+003	 3.04893e-001	-7.94261e+001
1305	 1.3240000000e+003	 1.66082e+000	-7.98690e+001
1306	 1.3250000000e+003	 3.09786e+000	-8.03508e+001
1307	 1.3260000000e+003	 4.41136e+000	-8.08840e+001
1308	 1.3270000000e+003	 5.85297e+000	-8.15935e+001
1309	 1.3280000000e+003	 7.09689e+000	-8.22950e+001
1310	 1.3290000000e+003	 8.47679e+000	-8.31728e+001
1311	 1.3300000000e+003	 9.76377e+000	-8.39269e+001
1312	 1.3310000000e+003	 1.09983e+001	-8.48668e+001
1313	 1.3320000000e+003	 1.22067e+001	-8.59319e+001
1314	 1.3330000000e+003	 1.34664e+001	-8.70650e+001
1315	 1.3340000000e+003	 1.45503e+001	-8.82369e+001
1316	 1.3350000000e+003	 1.56301e+001	-8.98603e+001
1317	 1.3360000000e+003	 1.66699e+001	-9.13012e+001
1318	 1.3370000000e+003	 1.75776e+001	-9.28695e+001
1319	 1.3380000000e+003	 1.84603e+001	-9.43111e+001
1320	 1.3390000000e+003	 1.92637e+001	-9.59134e+001
1321	 1.3400000000e+003	 1.99039e+001	-9.75124e+001
1322	 1.3410000000e+003	 2.06515e+001	-9.95403e+001
1323	 1.3420000000e+003	 2.12153e+001	-1.01243e+002
1324	 1.3430000000e+003	 2.14032e+001	-1.03057e+002
1325	 1.3440000000e+003	 2.17025e+001	-1.05103e+002
1326	 1.3450000000e+003	 2.18235e+001	-1.07243e+002
1327	 1.3460000000e+003	 2.18770e+001	-1.09248e+002
1328	 1.3470000000e+003	 2.18235e+001	-1.11241e+002
1329	 1.3480000000e+003	 2.15861e+001	-1.13564e+002
1330	 1.3490000000e+003	 2.09983e+001	-1.15710e+002
1331	 1.3500000000e+003	 2.04149e+001	-1.17814e+002
1332	 1.3510000000e+003	 1.96877e+001	-1.19966e+002
1333	 1.3520000000e+003	 1.86511e+001	-1.22227e+002
1334	 1.3530000000e+003	 1.76657e+001	-1.24200e+002
1335	 1.3540000000e+003	 1.64556e+001	-1.26330e+002
1336	 1.3550000000e+003	 1.47464e+001	-1.28083e+002
1337	 1.3560000000e+003	 1.29710e+001	-1.29978e+002
1338	 1.3570000000e+003	 1.11545e+001	-1.31785e+002
1339	 1.3580000000e+003	 9.19322e+000	-1.33474e+002
1340	 1.3590000000e+003	 7.28567e+000	-1.34792e+002
1341	 1.3600000000e+003	 5.02649e+000	-1.36049e+002
1342	 1.3610000000e+003	 2.45879e+000	-1.37092e+002
1343	 1.3620000000e+003	 2.13166e-001	-1.37894e+002
1344	 1.3630000000e+003	-2.24250e+000	-1.38670e+002
1345	 1.3640000000e+003	-5.18424e+000	-1.39341e+002
1346	 1.3650000000e+003	-7.40704e+000	-1.39705e+002
1347	 1.3660000000e+003	-1.01017e+001	-1.39780e+002
1348	 1.3670000000e+003	-1.22409e+001	-1.39795e+002
1349	 1.3680000000e+003	-1.50065e+001	-1.39143e+002
1350	 1.3690000000e+003	-1.75445e+001	-1.38644e+002
1351	 1.3700000000e+003	-1.97246e+001	-1.38027e+002
1352	 1.3710000000e+003	-2.19299e+001	-1.37473e+002
1353	 1.3720000000e+003	-2.43898e+001	-1.36340e+002
1354	 1.3730000000e+003	-2.64391e+001	-1.35174e+002
1355	 1.3740000000e+003	-2.83525e+001	-1.34051e+002
1356	 1.3750000000e+003	-3.00824e+001	-1.32736e+002
1357	 1.3760000000e+003	-3.18155e+001	-1.31224e+002
1358	 1.3770000000e+003	-3.32100e+001	-1.29884e+002
1359	 1.3780000000e+003	-3.47538e+001	-1.28360e+002
1360	 1.3790000000e+003	-3.61339e+001	-1.27005e+002
1361	 1.3800000000e+003	-3.73427e+001	-1.25298e+002
1362	 1.3810000000e+003	-3.83889e+001	-1.23362e+002
1363	 1.3820000000e+003	-3.93111e+001	-1.21910e+002
1364	 1.3830000000e+003	-3.99605e+001	-1.20445e+002
1365	 1.3840000000e+003	-4.11862e+001	-1.18214e+002
1366	 1.3850000000e+003	-4.16375e+001	-1.16975e+002
1367	 1.3860000000e+003	-4.20961e+001	-1.15319e+002
1368	 1.3870000000e+003	-4.25567e+001	-1.13647e+002
1369	 1.3880000000e+003	-4.28542e+001	-1.12036e+002
1370	 1.3890000000e+003	-4.32391e+001	-1.10567e+002
1371	 1.3900000000e+003	-4.34151e+001	-1.09092e+002
1372	 1.3910000000e+003	-4.35652e+001	-1.07531e+002
1373	 1.3920000000e+003	-4.36606e+001	-1.06207e+002
1374	 1.3930000000e+003	-4.38090e+001	-1.04665e+002
1375	 1.3940000000e+003	-4.36847e+001	-1.03372e+002
1376	 1.3950000000e+003	-4.35334e+001	-1.02201e+002
1377	 1.3960000000e+003	-4.32496e+001	-1.00859e+002
1378	 1.3970000000e+003	-4.33927e+001	-9.94599e+001
1379	 1.3980000000e+003	-4.31407e+001	-9.82877e+001
1380	 1.3990000000e+003	-4.28539e+001	-9.72348e+001
1381	 1.4000000000e+003	-4.26018e+001	-9.60792e+001
1382	 1.4010000000e+003	-4.24183e+001	-9.48867e+001
1383	 1.4020000000e+003	-4.21199e+001	-9.38005e+001
1384	 1.4030000000e+003	-4.17911e+001	-9.29161e+001
1385	 1.4040000000e+003	-4.16092e+001	-9.20599e+001
1386	 1.4050000000e+003	-4.12199e+001	-9.08427e+001
1387	 1.4060000000e+003	-4.09208e+001	-8.99563e+001
1388	 1.4070000000e+003	-4.05336e+001	-8.90859e+001
1389	 1.4080000000e+003	-4.01158e+001	-8.81152e+001
1390	 1.4090000000e+003	-3.97235e+001	-8.72648e+001
1391	 1.4100000000e+003	-3.94127e+001	-8.65999e+001
1392	 1.4110000000e+003	-3.89749e+001	-8.57497e+001
1393	 1.4120000000e+003	-3.85496e+001	-8.49058e+001
1394	 1.4130000000e+003	-3.81732e+001	-8.41600e+001
1395	 1.4140000000e+003	-3.77788e+001	-8.33603e+001
1396	 1.4150000000e+003	-3.73723e+001	-8.25513e+001
1397	 1.4160000000e+003	-3.69216e+001	-8.17246e+001
1398	 1.4170000000e+003	-3.64431e+001	-8.10240e+001
1399	 1.4180000000e+003	-3.60628e+001	-8.00248e+001
1400	 1.4190000000e+003	-3.55929e+001	-7.93310e+001
1401	 1.4200000000e+003	-3.50409e+001	-7.87527e+001
1402	 1.4210000000e+003	-3.45652e+001	-7.82091e+001
1403	 1.4220000000e+003	-3.41216e+001	-7.75224e+001
1404	 1.4230000000e+003	-3.37307e+001	-7.67629e+001
1405	 1.4240000000e+003	-3.29763e+001	-7.61382e+001
1406	 1.4250000000e+003	-3.23674e+001	-7.54698e+001
1407	 1.4260000000e+003	-3.17599e+001	-7.48457e+001
1408	 1.4270000000e+003	-3.12901e+001	-7.42846e+001
1409	 1.4280000000e+003	-3.07171e+001	-7.37475e+001
1410	 1.4290000000e+003	-3.01381e+001	-7.32172e+001
1411	 1.4300000000e+003	-2.96297e+001	-7.25742e+001
1412	 1.4310000000e+003	-2.90230e+001	-7.20482e+001
1413	 1.4320000000e+003	-2.83860e+001	-7.17480e+001
1414	 1.4330000000e+003	-2.77032e+001	-7.11772e+001
1415	 1.4340000000e+003	-2.69063e+001	-7.06697e+001
1416	 1.4350000000e+003	-2.62336e+001	-7.01688e+001
1417	 1.4360000000e+003	-2.56411e+001	-6.97268e+001
1418	 1.4370000000e+003	-2.49911e+001	-6.93837e+001
1419	 1.4380000000e+003	-2.44478e+001	-6.90572e+001
1420	 1.4390000000e+003	-2.37557e+001	-6.86443e+001
1421	 1.4400000000e+003	-2.30859e+001	-6.83031e+001
1422	 1.4410000000e+003	-2.23193e+001	-6.79509e+001
1423	 1.4420000000e+003	-2.16176e+001	-6.76146e+001
1424	 1.4430000000e+003	-2.08705e+001	-6.72585e+001
1425	 1.4440000000e+003	-2.02210e+001	-6.69296e+001
1426	 1.4450000000e+003	-1.95107e+001	-6.66612e+001
1427	 1.4460000000e+003	-1.89111e+001	-6.64988e+001
1428	 1.4470000000e+003	-1.81314e+001	-6.63073e+001
1429	 1.4480000000e+003	-1.72062e+001	-6.60338e+001
1430	 1.4490000000e+003	-1.66391e+001	-6.57437e+001
1431	 1.4500000000e+003	-1.60243e+001	-6.55188e+001
1432	 1.4510000000e+003	-1.50959e+001	-6.53575e+001
1433	 1.4520000000e+003	-1.43378e+001	-6.52013e+001
1434	 1.4530000000e+003	-1.35204e+001	-6.50488e+001
1435	 1.4540000000e+003	-1.28418e+001	-6.49120e+001
1436	 1.4550000000e+003	-1.20741e+001	-6.47609e+001
1437	 1.4560000000e+003	-1.14508e+001	-6.47435e+001
1438	 1.4570000000e+003	-1.05288e+001	-6.47329e+001
1439	 1.4580000000e+003	-9.64539e+000	-6.46855e+001
1440	 1.4590000000e+003	-8.93960e+000	-6.45148e+001
1441	 1.4600000000e+003	-8.04097e+000	-6.44595e+001
1442	 1.4610000000e+003	-7.24912e+000	-6.45203e+001
1443	 1.4620000000e+003	-6.31078e+000	-6.45095e+001
1444	 1.4630000000e+003	-5.49590e+000	-6.46273e+001
1445	 1.4640000000e+003	-4.57954e+000	-6.47294e+001
1446	 1.4650000000e+003	-3.66573e+000	-6.48045e+001
1447	 1.4660000000e+003	-2.75521e+000	-6.49807e+001
1448	 1.4670000000e+003	-1.83332e+000	-6.52398e+001
1449	 1.4680000000e+003	-9.84431e-001	-6.54872e+001
1450	 1.4690000000e+003	-1.18784e-001	-6.58046e+001
1451	 1.4700000000e+003	 9.71225e-001	-6.61325e+001
1452	 1.4710000000e+003	 1.82372e+000	-6.64621e+001
1453	 1.4720000000e+003	 2.87237e+000	-6.69325e+001
1454	 1.4730000000e+003	 3.83037e+000	-6.75803e+001
1455	 1.4740000000e+003	 4.72640e+000	-6.81379e+001
1456	 1.4750000000e+003	 5.54103e+000	-6.86426e+001
1457	 1.4760000000e+003	 6.42148e+000	-6.92876e+001
1458	 1.4770000000e+003	 7.34106e+000	-7.01335e+001
1459	 1.4780000000e+003	 8.11329e+000	-7.08401e+001
1460	 1.4790000000e+003	 8.83434e+000	-7.15482e+001
1461	 1.4800000000e+003	 9.71676e+000	-7.27044e+001
1462	 1.4810000000e+003	 1.03592e+001	-7.35875e+001
1463	 1.4820000000e+003	 1.10000e+001	-7.45752e+001
1464	 1.4830000000e+003	 1.15537e+001	-7.55532e+001
1465	 1.4840000000e+003	 1.22157e+001	-7.69169e+001
1466	 1.4850000000e+003	 1.26238e+001	-7.80919e+001
1467	 1.4860000000e+003	 1.30490e+001	-7.92857e+001
1468	 1.4870000000e+003	 1.33614e+001	-8.04011e+001
1469	 1.4880000000e+003	 1.36240e+001	-8.17909e+001
1470	 1.4890000000e+003	 1.37379e+001	-8.30523e+001
1471	 1.4900000000e+003	 1.38361e+001	-8.41715e+001
1472	 1.4910000000e+003	 1.38972e+001	-8.54575e+001
1473	 1.4920000000e+003	 1.38920e+001	-8.68219e+001
1474	 1.4930000000e+003	 1.36365e+001	-8.80281e+001
1475	 1.4940000000e+003	 1.32881e+001	-8.94651e+001
1476	 1.4950000000e+003	 1.30297e+001	-9.07668e+001
1477	 1.4960000000e+003	 1.26157e+001	-9.18758e+001
1478	 1.4970000000e+003	 1.20439e+001	-9.30844e+001
1479	 1.4980000000e+003	 1.13389e+001	-9.43645e+001
1480	 1.4990000000e+003	 1.06071e+001	-9.54546e+001
1481	 1.5000000000e+003	 9.98665e+000	-9.65466e+001
1482	 1.5010000000e+003	 9.26484e+000	-9.77907e+001
1483	 1.5020000000e+003	 8.46179e+000	-9.87833e+001
1484	 1.5030000000e+003	 7.50463e+000	-9.96637e+001
1485	 1.5040000000e+003	 6.54945e+000	-1.00464e+002
1486	 1.5050000000e+003	 5.51962e+000	-1.01047e+002
1487	 1.5060000000e+003	 4.36614e+000	-1.01778e+002
1488	 1.5070000000e+003	 3.23880e+000	-1.02512e+002
1489	 1.5080000000e+003	 1.96541e+000	-1.03166e+002
1490	 1.5090000000e+003	 1.02492e+000	-1.03543e+002
1491	 1.5100000000e+003	-1.02860e-001	-1.03973e+002
1492	 1.5110000000e+003	-1.37820e+000	-1.04147e+002
1493	 1.5120000000e+003	-2.64798e+000	-1.04462e+002
1494	 1.5130000000e+003	-3.90003e+000	-1.04518e+002
1495	 1.5140000000e+003	-4.98888e+000	-1.04702e+002
1496	 1.5150000000e+003	-6.08740e+000	-1.04776e+002
1497	 1.5160000000e+003	-7.38297e+000	-1.04757e+002
1498	 1.5170000000e+003	-8.42661e+000	-1.04451e+002
1499	 1.5180000000e+003	-9.43054e+000	-1.04259e+002
1500	 1.5190000000e+003	-1.06321e+001	-1.03969e+002
1501	 1.5200000000e+003	-1.17862e+001	-1.03759e+002
1502	 1.5210000000e+003	-1.27638e+001	-1.03365e+002
1503	 1.5220000000e+003	-1.38596e+001	-1.02815e+002
1504	 1.5230000000e+003	-1.46534e+001	-1.02368e+002
1505	 1.5240000000e+003	-1.55501e+001	-1.01935e+002
1506	 1.5250000000e+003	-1.64698e+001	-1.01438e+002
1507	 1.5260000000e+003	-1.72312e+001	-1.00870e+002
1508	 1.5270000000e+003	-1.79623e+001	-1.00324e+002
1509	 1.5280000000e+003	-1.84875e+001	-9.97329e+001
1510	 1.5290000000e+003	-1.92217e+001	-9.90706e+001
1511	 1.5300000000e+003	-1.99947e+001	-9.82865e+001
1512	 1.5310000000e+003	-2.05932e+001	-9.74849e+001
1513	 1.5320000000e+003	-2.10455e+001	-9.69601e+001
1514	 1.5330000000e+003	-2.15092e+001	-9.62193e+001
1515	 1.5340000000e+003	-2.19873e+001	-9.55843e+001
1516	 1.5350000000e+003	-2.23218e+001	-9.48331e+001
1517	 1.5360000000e+003	-2.26446e+001	-9.40476e+001
1518	 1.5370000000e+003	-2.29303e+001	-9.34823e+001
1519	 1.5380000000e+003	-2.32406e+001	-9.28487e+001
1520	 1.5390000000e+003	-2.35555e+001	-9.19852e+001
1521	 1.5400000000e+003	-2.38425e+001	-9.12588e+001
1522	 1.5410000000e+003	-2.40496e+001	-9.06874e+001
1523	 1.5420000000e+003	-2.41100e+001	-8.99976e+001
1524	 1.5430000000e+003	-2.43173e+001	-8.93011e+001
1525	 1.5440000000e+003	-2.44253e+001	-8.86916e+001
1526	 1.5450000000e+003	-2.45764e+001	-8.81468e+001
1527	 1.5460000000e+003	-2.46747e+001	-8.75498e+001
1528	 1.5470000000e+003	-2.46344e+001	-8.68470e+001
1529	 1.5480000000e+003	-2.47666e+001	-8.61437e+001
1530	 1.5490000000e+003	-2.46546e+001	-8.55127e+001
1531	 1.5500000000e+003	-2.46953e+001	-8.49281e+001
1532	 1.5510000000e+003	-2.47153e+001	-8.41660e+001
1533	 1.5520000000e+003	-2.47446e+001	-8.35979e+001
1534	 1.5530000000e+003	-2.46714e+001	-8.32876e+001
1535	 1.5540000000e+003	-2.46943e+001	-8.26368e+001
1536	 1.5550000000e+003	-2.45893e+001	-8.19405e+001
1537	 1.5560000000e+003	-2.44050e+001	-8.16204e+001
1538	 1.5570000000e+003	-2.42939e+001	-8.10811e+001
1539	 1.5580000000e+003	-2.43279e+001	-8.03321e+001
1540	 1.5590000000e+003	-2.42627e+001	-7.98085e+001
1541	 1.5600000000e+003	-2.41507e+001	-7.93054e+001
1542	 1.5610000000e+003	-2.40681e+001	-7.88456e+001
1543	 1.5620000000e+003	-2.39005e+001	-7.82485e+001
1544	 1.5630000000e+003	-2.37056e+001	-7.76954e+001
1545	 1.5640000000e+003	-2.36138e+001	-7.72589e+001
1546	 1.5650000000e+003	-2.33988e+001	-7.67426e+001
1547	 1.5660000000e+003	-2.32629e+001	-7.61305e+001
1548	 1.5670000000e+003	-2.29913e+001	-7.56988e+001
1549	 1.5680000000e+003	-2.27788e+001	-7.51435e+001
1550	 1.5690000000e+003	-2.25125e+001	-7.46063e+001
1551	 1.5700000000e+003	-2.22820e+001	-7.41719e+001
1552	 1.5710000000e+003	-2.19821e+001	-7.35802e+001
1553	 1.5720000000e+003	-2.17287e+001	-7.30477e+001
1554	 1.5730000000e+003	-2.13682e+001	-7.25865e+001
1555	 1.5740000000e+003	-2.10647e+001	-7.20892e+001
1556	 1.5750000000e+003	-2.08216e+001	-7.17127e+001
1557	 1.5760000000e+003	-2.03699e+001	-7.12204e+001
1558	 1.5770000000e+003	-1.99947e+001	-7.07859e+001
1559	 1.5780000000e+003	-1.96494e+001	-7.04021e+001
1560	 1.5790000000e+003	-1.93229e+001	-6.99829e+001
1561	 1.5800000000e+003	-1.90124e+001	-6.96137e+001
1562	 1.5810000000e+003	-1.84921e+001	-6.91263e+001
1563	 1.5820000000e+003	-1.80058e+001	-6.89232e+001
1564	 1.5830000000e+003	-1.75596e+001	-6.84439e+001
1565	 1.5840000000e+003	-1.71806e+001	-6.80263e+001
1566	 1.5850000000e+003	-1.67692e+001	-6.77853e+001
1567	 1.5860000000e+003	-1.61225e+001	-6.74346e+001
1568	 1.5870000000e+003	-1.55172e+001	-6.71370e+001
1569	 1.5880000000e+003	-1.50618e+001	-6.68517e+001
1570	 1.5890000000e+003	-1.45168e+001	-6.66323e+001
1571	 1.5900000000e+003	-1.41070e+001	-6.64022e+001
1572	 1.5910000000e+003	-1.34371e+001	-6.61067e+001
1573	 1.5920000000e+003	-1.28319e+001	-6.59549e+001
1574	 1.5930000000e+003	-1.24257e+001	-6.57800e+001
1575	 1.5940000000e+003	-1.18725e+001	-6.56356e+001
1576	 1.5950000000e+003	-1.12179e+001	-6.55698e+001
1577	 1.5960000000e+003	-1.06548e+001	-6.54149e+001
1578	 1.5970000000e+003	-1.01554e+001	-6.52859e+001
1579	 1.5980000000e+003	-9.43869e+000	-6.52931e+001
1580	 1.5990000000e+003	-8.95456e+000	-6.51985e+001
1581	 1.6000000000e+003	-8.33706e+000	-6.50907e+001
1582	 1.6010000000e+003	-7.74265e+000	-6.49634e+001
1583	 1.6020000000e+003	-7.24082e+000	-6.49769e+001
1584	 1.6030000000e+003	-6.65737e+000	-6.50900e+001
1585	 1.6040000000e+003	-6.14269e+000	-6.50514e+001
1586	 1.6050000000e+003	-5.52565e+000	-6.50550e+001
1587	 1.6060000000e+003	-5.02012e+000	-6.50679e+001
1588	 1.6070000000e+003	-4.30184e+000	-6.51028e+001
1589	 1.6080000000e+003	-3.64665e+000	-6.51353e+001
1590	 1.6090000000e+003	-2.97124e+000	-6.51392e+001
1591	 1.6100000000e+003	-2.35535e+000	-6.52895e+001
1592	 1.6110000000e+003	-1.80422e+000	-6.54759e+001
1593	 1.6120000000e+003	-1.03266e+000	-6.56869e+001
1594	 1.6130000000e+003	-4.25241e-001	-6.58586e+001
1595	 1.6140000000e+003	 3.88355e-001	-6.60104e+001
1596	 1.6150000000e+003	 1.00025e+000	-6.62704e+001
1597	 1.6160000000e+003	 1.75136e+000	-6.66051e+001
1598	 1.6170000000e+003	 2.29415e+000	-6.68699e+001
1599	 1.6180000000e+003	 3.02436e+000	-6.71829e+001
1600	 1.6190000000e+003	 3.75526e+000	-6.76212e+001
1601	 1.6200000000e+003	 4.40909e+000	-6.80516e+001
TagsBegin:	 	 	 
OverLoad:	 	False	 
AverageNumber: []	 	 8.80000e+001	 
OverLoadRatio: []	 	 1.19209e-007	 
TagsEnd:	 	 	 
TagScalesBegin:	 	 	 
TagScalesEnd:	 	 	 
