Header Size:	 79	 	 
Pulse Version:	 80	 	 
Running Pulse Version:	PULSE LabShop Fast Track Version 18.1.1.9 - 2014-01-16	 	 
Decimal Symbol:	.	 	 
Date Format:	M/d/yyyy	 	 
Time Format:	HH:mm:ss:mmm	 	 
Data Type:	Complex	 	 
Slice:	False	 	 
Z-Axis type:	Linear	 	 
Z-Axis size:	1	 	 
Z-Axis unit:	 	 	 
Z-Axis first value:	 0.0000000000e+000	 	 
Z-Axis delta:	 1.0000000000e+000	 	 
X-Axis type:	Linear	 	 
X-Axis size:	1601	 	 
X-Axis unit:	Hz	 	 
X-Axis first value:	 2.0000000000e+001	 	 
X-Axis delta:	 1.0000000000e+000	 	 
	 	 	 
AmplitudeUnit:	Pa/(m/s)	 	 
Analyzer:	FFT_Spectrum_Averaging	 	 
AnalyzerName:	FFT Analyzer	 	 
	 	 	 
	 	 	 
Bipolar:	True	 	 
CenterFrequency:	 8.2000000000e+002	 	 
	 	 	 
	 	 	 
	 	 	 
	 	 	 
	 	 	 
	 	 	 
	 	 	 
	 	 	 
Domain:	1	 	 
Function:	Frequency Response	 	 
	 	 	 
InputRange:	-1.0000000000e-001	 	 
	 	 	 
	 	 	 
MultiBufferName:	Input	 	 
NBW:	 1.5000000000e+000	 	 
	 	 	 
OverlapFailed:	False	 	 
Overrun:	False	 	 
Power:	False	 	 
	 	 	 
Ratio:	True	 	 
RecordLength:	 1.0000000000e+000	 	 
ReducedSize:	True	 	 
Ref_Signal:	v	 	 
	 	 	 
	 	 	 
RefSignalUnit:	m/s	 	 
	 	 	 
	 	 	 
Signal:	p	 	 
	 	 	 
SignalUnit:	Pa	 	 
	 	 	 
	 	 	 
	 	 	 
Title:	Input Impedance	 	 
Title1:	Working : Input : Input : FFT Analyzer	 	 
	 	 	 
	 	 	 
	 	 	 
ZoomOn:	True	 	 
	 	 	 
TemplateName:	Working	 	 
MeasurementName:	Input	 	 
MeasurementSlice:	False	 	 
	 	 	 
	 	 	 
	 	 	 
EnvelopeOn:	False	 	 
	 	 	 
	 	 	 
	 	 	 
Z-index:	 	1	 
Date:	 	5/24/2022	 
Time:	 	10:52:47:375	 
Relative time:	 	 0.00000e+000	 
Z-axis:	 	 0.0000000000e+000	 
1	 2.0000000000e+001	 1.68905e+000	 5.97503e+001
2	 2.1000000000e+001	 1.71764e+000	 6.24632e+001
3	 2.2000000000e+001	 2.12225e+000	 6.50789e+001
4	 2.3000000000e+001	 2.08641e+000	 6.86571e+001
5	 2.4000000000e+001	 2.89131e+000	 7.21329e+001
6	 2.5000000000e+001	 2.71555e+000	 7.59752e+001
7	 2.6000000000e+001	 3.70680e+000	 7.96736e+001
8	 2.7000000000e+001	 3.48757e+000	 8.35924e+001
9	 2.8000000000e+001	 4.52824e+000	 8.74685e+001
10	 2.9000000000e+001	 4.24048e+000	 9.14510e+001
11	 3.0000000000e+001	 5.26449e+000	 9.58785e+001
12	 3.1000000000e+001	 5.46242e+000	 1.00216e+002
13	 3.2000000000e+001	 6.01760e+000	 1.04822e+002
14	 3.3000000000e+001	 6.94101e+000	 1.09684e+002
15	 3.4000000000e+001	 7.03412e+000	 1.14345e+002
16	 3.5000000000e+001	 8.33328e+000	 1.19799e+002
17	 3.6000000000e+001	 8.82955e+000	 1.25036e+002
18	 3.7000000000e+001	 9.42810e+000	 1.30465e+002
19	 3.8000000000e+001	 1.09298e+001	 1.36755e+002
20	 3.9000000000e+001	 1.15529e+001	 1.42653e+002
21	 4.0000000000e+001	 1.26328e+001	 1.48949e+002
22	 4.1000000000e+001	 1.42901e+001	 1.56151e+002
23	 4.2000000000e+001	 1.52944e+001	 1.62988e+002
24	 4.3000000000e+001	 1.65329e+001	 1.70477e+002
25	 4.4000000000e+001	 1.84902e+001	 1.78995e+002
26	 4.5000000000e+001	 2.05560e+001	 1.87556e+002
27	 4.6000000000e+001	 2.18818e+001	 1.96439e+002
28	 4.7000000000e+001	 2.45824e+001	 2.06491e+002
29	 4.8000000000e+001	 2.75138e+001	 2.17410e+002
30	 4.9000000000e+001	 3.03305e+001	 2.28412e+002
31	 5.0000000000e+001	 3.33636e+001	 2.40653e+002
32	 5.1000000000e+001	 3.76835e+001	 2.54258e+002
33	 5.2000000000e+001	 4.25562e+001	 2.69193e+002
34	 5.3000000000e+001	 4.75753e+001	 2.84650e+002
35	 5.4000000000e+001	 5.32409e+001	 3.02251e+002
36	 5.5000000000e+001	 6.13645e+001	 3.21820e+002
37	 5.6000000000e+001	 7.05768e+001	 3.43923e+002
38	 5.7000000000e+001	 8.10153e+001	 3.67704e+002
39	 5.8000000000e+001	 9.32766e+001	 3.93941e+002
40	 5.9000000000e+001	 1.10058e+002	 4.25726e+002
41	 6.0000000000e+001	 1.31226e+002	 4.60037e+002
42	 6.1000000000e+001	 1.57344e+002	 5.00295e+002
43	 6.2000000000e+001	 1.90658e+002	 5.44120e+002
44	 6.3000000000e+001	 2.33554e+002	 5.97080e+002
45	 6.4000000000e+001	 2.97345e+002	 6.56397e+002
46	 6.5000000000e+001	 3.82610e+002	 7.21444e+002
47	 6.6000000000e+001	 5.00529e+002	 7.87581e+002
48	 6.7000000000e+001	 6.66411e+002	 8.43572e+002
49	 6.8000000000e+001	 9.03577e+002	 8.66878e+002
50	 6.9000000000e+001	 1.21685e+003	 7.80190e+002
51	 7.0000000000e+001	 1.52878e+003	 5.10907e+002
52	 7.1000000000e+001	 1.69143e+003	 5.80880e+001
53	 7.2000000000e+001	 1.57593e+003	-4.24773e+002
54	 7.3000000000e+001	 1.28123e+003	-7.36682e+002
55	 7.4000000000e+001	 9.67030e+002	-8.45136e+002
56	 7.5000000000e+001	 7.10546e+002	-8.41225e+002
57	 7.6000000000e+001	 5.34465e+002	-7.90490e+002
58	 7.7000000000e+001	 4.09868e+002	-7.29179e+002
59	 7.8000000000e+001	 3.19853e+002	-6.63889e+002
60	 7.9000000000e+001	 2.55541e+002	-6.08076e+002
61	 8.0000000000e+001	 2.08667e+002	-5.55616e+002
62	 8.1000000000e+001	 1.71377e+002	-5.09956e+002
63	 8.2000000000e+001	 1.44200e+002	-4.69996e+002
64	 8.3000000000e+001	 1.22551e+002	-4.36190e+002
65	 8.4000000000e+001	 1.05156e+002	-4.04881e+002
66	 8.5000000000e+001	 9.11432e+001	-3.78021e+002
67	 8.6000000000e+001	 7.99864e+001	-3.54021e+002
68	 8.7000000000e+001	 7.02468e+001	-3.31920e+002
69	 8.8000000000e+001	 6.23195e+001	-3.12345e+002
70	 8.9000000000e+001	 5.55937e+001	-2.94756e+002
71	 9.0000000000e+001	 5.00385e+001	-2.78760e+002
72	 9.1000000000e+001	 4.49440e+001	-2.63999e+002
73	 9.2000000000e+001	 4.07276e+001	-2.50672e+002
74	 9.3000000000e+001	 3.71488e+001	-2.38195e+002
75	 9.4000000000e+001	 3.38103e+001	-2.26662e+002
76	 9.5000000000e+001	 3.09613e+001	-2.15968e+002
77	 9.6000000000e+001	 2.84480e+001	-2.06131e+002
78	 9.7000000000e+001	 2.63130e+001	-1.96868e+002
79	 9.8000000000e+001	 2.42034e+001	-1.88182e+002
80	 9.9000000000e+001	 2.24216e+001	-1.80126e+002
81	 1.0000000000e+002	 2.09260e+001	-1.72403e+002
82	 1.0100000000e+002	 1.94048e+001	-1.65190e+002
83	 1.0200000000e+002	 1.81292e+001	-1.58273e+002
84	 1.0300000000e+002	 1.68798e+001	-1.51831e+002
85	 1.0400000000e+002	 1.58783e+001	-1.45623e+002
86	 1.0500000000e+002	 1.49125e+001	-1.39757e+002
87	 1.0600000000e+002	 1.38997e+001	-1.34168e+002
88	 1.0700000000e+002	 1.31410e+001	-1.28802e+002
89	 1.0800000000e+002	 1.24061e+001	-1.23626e+002
90	 1.0900000000e+002	 1.17108e+001	-1.18725e+002
91	 1.1000000000e+002	 1.10369e+001	-1.13924e+002
92	 1.1100000000e+002	 1.04469e+001	-1.09396e+002
93	 1.1200000000e+002	 9.90434e+000	-1.04983e+002
94	 1.1300000000e+002	 9.43591e+000	-1.00701e+002
95	 1.1400000000e+002	 8.88998e+000	-9.66102e+001
96	 1.1500000000e+002	 8.43450e+000	-9.26376e+001
97	 1.1600000000e+002	 8.06018e+000	-8.87161e+001
98	 1.1700000000e+002	 7.66496e+000	-8.49646e+001
99	 1.1800000000e+002	 7.31842e+000	-8.12629e+001
100	 1.1900000000e+002	 6.93458e+000	-7.76676e+001
101	 1.2000000000e+002	 6.64977e+000	-7.41427e+001
102	 1.2100000000e+002	 6.37516e+000	-7.07203e+001
103	 1.2200000000e+002	 6.12237e+000	-6.73131e+001
104	 1.2300000000e+002	 5.87865e+000	-6.40446e+001
105	 1.2400000000e+002	 5.65673e+000	-6.08317e+001
106	 1.2500000000e+002	 5.47704e+000	-5.76318e+001
107	 1.2600000000e+002	 5.33283e+000	-5.45292e+001
108	 1.2700000000e+002	 5.18135e+000	-5.14671e+001
109	 1.2800000000e+002	 5.01466e+000	-4.84667e+001
110	 1.2900000000e+002	 4.87023e+000	-4.55018e+001
111	 1.3000000000e+002	 4.76952e+000	-4.25828e+001
112	 1.3100000000e+002	 4.66943e+000	-3.96868e+001
113	 1.3200000000e+002	 4.55537e+000	-3.68207e+001
114	 1.3300000000e+002	 4.45202e+000	-3.40176e+001
115	 1.3400000000e+002	 4.36312e+000	-3.12166e+001
116	 1.3500000000e+002	 4.27769e+000	-2.84157e+001
117	 1.3600000000e+002	 4.22804e+000	-2.56510e+001
118	 1.3700000000e+002	 4.17119e+000	-2.28895e+001
119	 1.3800000000e+002	 4.09415e+000	-2.01552e+001
120	 1.3900000000e+002	 4.03596e+000	-1.74200e+001
121	 1.4000000000e+002	 3.99689e+000	-1.46976e+001
122	 1.4100000000e+002	 3.98345e+000	-1.19555e+001
123	 1.4200000000e+002	 3.94509e+000	-9.22750e+000
124	 1.4300000000e+002	 3.90544e+000	-6.49792e+000
125	 1.4400000000e+002	 3.90819e+000	-3.77098e+000
126	 1.4500000000e+002	 3.89028e+000	-1.02923e+000
127	 1.4600000000e+002	 3.88477e+000	 1.73078e+000
128	 1.4700000000e+002	 3.91396e+000	 4.52256e+000
129	 1.4800000000e+002	 3.92259e+000	 7.31912e+000
130	 1.4900000000e+002	 3.93207e+000	 1.01288e+001
131	 1.5000000000e+002	 3.93550e+000	 1.29798e+001
132	 1.5100000000e+002	 3.99160e+000	 1.58508e+001
133	 1.5200000000e+002	 4.04461e+000	 1.87786e+001
134	 1.5300000000e+002	 4.10477e+000	 2.17409e+001
135	 1.5400000000e+002	 4.15356e+000	 2.47118e+001
136	 1.5500000000e+002	 4.23394e+000	 2.77556e+001
137	 1.5600000000e+002	 4.32669e+000	 3.08407e+001
138	 1.5700000000e+002	 4.43194e+000	 3.39743e+001
139	 1.5800000000e+002	 4.59058e+000	 3.71895e+001
140	 1.5900000000e+002	 4.79266e+000	 4.04611e+001
141	 1.6000000000e+002	 5.01523e+000	 4.37773e+001
142	 1.6100000000e+002	 5.20905e+000	 4.71630e+001
143	 1.6200000000e+002	 5.39527e+000	 5.06503e+001
144	 1.6300000000e+002	 5.59938e+000	 5.42595e+001
145	 1.6400000000e+002	 5.78075e+000	 5.79470e+001
146	 1.6500000000e+002	 5.90670e+000	 6.17441e+001
147	 1.6600000000e+002	 6.00784e+000	 6.56648e+001
148	 1.6700000000e+002	 6.09538e+000	 6.97238e+001
149	 1.6800000000e+002	 6.14661e+000	 7.39232e+001
150	 1.6900000000e+002	 6.20283e+000	 7.82938e+001
151	 1.7000000000e+002	 6.25748e+000	 8.28173e+001
152	 1.7100000000e+002	 6.30732e+000	 8.75570e+001
153	 1.7200000000e+002	 6.39965e+000	 9.24965e+001
154	 1.7300000000e+002	 6.47122e+000	 9.76538e+001
155	 1.7400000000e+002	 6.56684e+000	 1.03058e+002
156	 1.7500000000e+002	 6.67446e+000	 1.08772e+002
157	 1.7600000000e+002	 6.83199e+000	 1.14797e+002
158	 1.7700000000e+002	 7.03883e+000	 1.21223e+002
159	 1.7800000000e+002	 7.14777e+000	 1.28000e+002
160	 1.7900000000e+002	 7.38037e+000	 1.35285e+002
161	 1.8000000000e+002	 7.60158e+000	 1.43090e+002
162	 1.8100000000e+002	 7.71207e+000	 1.51496e+002
163	 1.8200000000e+002	 7.95709e+000	 1.60609e+002
164	 1.8300000000e+002	 8.20045e+000	 1.70545e+002
165	 1.8400000000e+002	 8.33165e+000	 1.81483e+002
166	 1.8500000000e+002	 8.64163e+000	 1.93519e+002
167	 1.8600000000e+002	 8.92015e+000	 2.06981e+002
168	 1.8700000000e+002	 9.39322e+000	 2.21955e+002
169	 1.8800000000e+002	 9.96785e+000	 2.39095e+002
170	 1.8900000000e+002	 1.09475e+001	 2.58783e+002
171	 1.9000000000e+002	 1.23803e+001	 2.81799e+002
172	 1.9100000000e+002	 1.47960e+001	 3.08743e+002
173	 1.9200000000e+002	 1.88179e+001	 3.41064e+002
174	 1.9300000000e+002	 2.55763e+001	 3.80296e+002
175	 1.9400000000e+002	 3.69915e+001	 4.28011e+002
176	 1.9500000000e+002	 5.61370e+001	 4.87508e+002
177	 1.9600000000e+002	 8.98065e+001	 5.61469e+002
178	 1.9700000000e+002	 1.48931e+002	 6.51635e+002
179	 1.9800000000e+002	 2.53188e+002	 7.55057e+002
180	 1.9900000000e+002	 4.32147e+002	 8.50124e+002
181	 2.0000000000e+002	 7.07857e+002	 8.74725e+002
182	 2.0100000000e+002	 1.02999e+003	 7.26220e+002
183	 2.0200000000e+002	 1.23444e+003	 3.90611e+002
184	 2.0300000000e+002	 1.21769e+003	 3.19031e+001
185	 2.0400000000e+002	 1.06647e+003	-2.07849e+002
186	 2.0500000000e+002	 8.94324e+002	-3.27528e+002
187	 2.0600000000e+002	 7.48921e+002	-3.75658e+002
188	 2.0700000000e+002	 6.35388e+002	-3.87879e+002
189	 2.0800000000e+002	 5.48011e+002	-3.83807e+002
190	 2.0900000000e+002	 4.80814e+002	-3.73148e+002
191	 2.1000000000e+002	 4.27999e+002	-3.59954e+002
192	 2.1100000000e+002	 3.85293e+002	-3.45841e+002
193	 2.1200000000e+002	 3.50836e+002	-3.32153e+002
194	 2.1300000000e+002	 3.22682e+002	-3.19526e+002
195	 2.1400000000e+002	 2.99428e+002	-3.07958e+002
196	 2.1500000000e+002	 2.79943e+002	-2.98192e+002
197	 2.1600000000e+002	 2.62809e+002	-2.89915e+002
198	 2.1700000000e+002	 2.47371e+002	-2.82881e+002
199	 2.1800000000e+002	 2.33209e+002	-2.76866e+002
200	 2.1900000000e+002	 2.19764e+002	-2.71669e+002
201	 2.2000000000e+002	 2.06767e+002	-2.66652e+002
202	 2.2100000000e+002	 1.94359e+002	-2.61897e+002
203	 2.2200000000e+002	 1.82428e+002	-2.57037e+002
204	 2.2300000000e+002	 1.71049e+002	-2.52034e+002
205	 2.2400000000e+002	 1.60198e+002	-2.46873e+002
206	 2.2500000000e+002	 1.50013e+002	-2.41568e+002
207	 2.2600000000e+002	 1.40386e+002	-2.36182e+002
208	 2.2700000000e+002	 1.31401e+002	-2.30622e+002
209	 2.2800000000e+002	 1.22981e+002	-2.24992e+002
210	 2.2900000000e+002	 1.15059e+002	-2.19321e+002
211	 2.3000000000e+002	 1.07731e+002	-2.13556e+002
212	 2.3100000000e+002	 1.00866e+002	-2.07804e+002
213	 2.3200000000e+002	 9.45162e+001	-2.02058e+002
214	 2.3300000000e+002	 8.86210e+001	-1.96312e+002
215	 2.3400000000e+002	 8.32135e+001	-1.90632e+002
216	 2.3500000000e+002	 7.81895e+001	-1.85028e+002
217	 2.3600000000e+002	 7.36085e+001	-1.79411e+002
218	 2.3700000000e+002	 6.94479e+001	-1.73927e+002
219	 2.3800000000e+002	 6.56585e+001	-1.68584e+002
220	 2.3900000000e+002	 6.21755e+001	-1.63413e+002
221	 2.4000000000e+002	 5.89998e+001	-1.58403e+002
222	 2.4100000000e+002	 5.60855e+001	-1.53518e+002
223	 2.4200000000e+002	 5.33901e+001	-1.48801e+002
224	 2.4300000000e+002	 5.08644e+001	-1.44190e+002
225	 2.4400000000e+002	 4.85331e+001	-1.39715e+002
226	 2.4500000000e+002	 4.64056e+001	-1.35396e+002
227	 2.4600000000e+002	 4.43895e+001	-1.31159e+002
228	 2.4700000000e+002	 4.25280e+001	-1.27042e+002
229	 2.4800000000e+002	 4.08232e+001	-1.23028e+002
230	 2.4900000000e+002	 3.92366e+001	-1.19084e+002
231	 2.5000000000e+002	 3.78072e+001	-1.15185e+002
232	 2.5100000000e+002	 3.64029e+001	-1.11558e+002
233	 2.5200000000e+002	 3.51164e+001	-1.07963e+002
234	 2.5300000000e+002	 3.39181e+001	-1.04401e+002
235	 2.5400000000e+002	 3.28265e+001	-1.00932e+002
236	 2.5500000000e+002	 3.18289e+001	-9.75271e+001
237	 2.5600000000e+002	 3.09033e+001	-9.42023e+001
238	 2.5700000000e+002	 3.00264e+001	-9.09398e+001
239	 2.5800000000e+002	 2.92045e+001	-8.77547e+001
240	 2.5900000000e+002	 2.84496e+001	-8.46184e+001
241	 2.6000000000e+002	 2.77560e+001	-8.15354e+001
242	 2.6100000000e+002	 2.71036e+001	-7.85023e+001
243	 2.6200000000e+002	 2.65119e+001	-7.55236e+001
244	 2.6300000000e+002	 2.59694e+001	-7.26001e+001
245	 2.6400000000e+002	 2.54706e+001	-6.97112e+001
246	 2.6500000000e+002	 2.50072e+001	-6.68687e+001
247	 2.6600000000e+002	 2.45865e+001	-6.40764e+001
248	 2.6700000000e+002	 2.42197e+001	-6.13022e+001
249	 2.6800000000e+002	 2.38779e+001	-5.85532e+001
250	 2.6900000000e+002	 2.35698e+001	-5.58491e+001
251	 2.7000000000e+002	 2.33041e+001	-5.31620e+001
252	 2.7100000000e+002	 2.30645e+001	-5.05154e+001
253	 2.7200000000e+002	 2.28555e+001	-4.78703e+001
254	 2.7300000000e+002	 2.26687e+001	-4.52648e+001
255	 2.7400000000e+002	 2.25115e+001	-4.26799e+001
256	 2.7500000000e+002	 2.24067e+001	-4.01006e+001
257	 2.7600000000e+002	 2.23214e+001	-3.75321e+001
258	 2.7700000000e+002	 2.22507e+001	-3.49957e+001
259	 2.7800000000e+002	 2.22226e+001	-3.24522e+001
260	 2.7900000000e+002	 2.22134e+001	-2.99170e+001
261	 2.8000000000e+002	 2.22375e+001	-2.73907e+001
262	 2.8100000000e+002	 2.22782e+001	-2.48713e+001
263	 2.8200000000e+002	 2.23423e+001	-2.23471e+001
264	 2.8300000000e+002	 2.24481e+001	-1.98248e+001
265	 2.8400000000e+002	 2.25797e+001	-1.72990e+001
266	 2.8500000000e+002	 2.27361e+001	-1.47636e+001
267	 2.8600000000e+002	 2.29113e+001	-1.22312e+001
268	 2.8700000000e+002	 2.31171e+001	-9.68207e+000
269	 2.8800000000e+002	 2.33528e+001	-7.12563e+000
270	 2.8900000000e+002	 2.36165e+001	-4.56316e+000
271	 2.9000000000e+002	 2.39122e+001	-1.98137e+000
272	 2.9100000000e+002	 2.42447e+001	 6.26113e-001
273	 2.9200000000e+002	 2.46023e+001	 3.26181e+000
274	 2.9300000000e+002	 2.49774e+001	 5.92039e+000
275	 2.9400000000e+002	 2.54001e+001	 8.60720e+000
276	 2.9500000000e+002	 2.58618e+001	 1.13215e+001
277	 2.9600000000e+002	 2.63640e+001	 1.40695e+001
278	 2.9700000000e+002	 2.69161e+001	 1.68517e+001
279	 2.9800000000e+002	 2.74929e+001	 1.96704e+001
280	 2.9900000000e+002	 2.81312e+001	 2.25360e+001
281	 3.0000000000e+002	 2.87977e+001	 2.54425e+001
282	 3.0100000000e+002	 2.95231e+001	 2.83989e+001
283	 3.0200000000e+002	 3.03194e+001	 3.13985e+001
284	 3.0300000000e+002	 3.11735e+001	 3.44720e+001
285	 3.0400000000e+002	 3.20735e+001	 3.75988e+001
286	 3.0500000000e+002	 3.30716e+001	 4.07592e+001
287	 3.0600000000e+002	 3.41061e+001	 4.40095e+001
288	 3.0700000000e+002	 3.52449e+001	 4.73251e+001
289	 3.0800000000e+002	 3.64429e+001	 5.06988e+001
290	 3.0900000000e+002	 3.77200e+001	 5.41680e+001
291	 3.1000000000e+002	 3.91084e+001	 5.77250e+001
292	 3.1100000000e+002	 4.06025e+001	 6.13826e+001
293	 3.1200000000e+002	 4.22134e+001	 6.51358e+001
294	 3.1300000000e+002	 4.39576e+001	 6.90146e+001
295	 3.1400000000e+002	 4.58565e+001	 7.29857e+001
296	 3.1500000000e+002	 4.79216e+001	 7.70721e+001
297	 3.1600000000e+002	 5.01313e+001	 8.12716e+001
298	 3.1700000000e+002	 5.25649e+001	 8.55762e+001
299	 3.1800000000e+002	 5.51902e+001	 9.00212e+001
300	 3.1900000000e+002	 5.80357e+001	 9.45946e+001
301	 3.2000000000e+002	 6.11342e+001	 9.92997e+001
302	 3.2100000000e+002	 6.44819e+001	 1.04145e+002
303	 3.2200000000e+002	 6.81543e+001	 1.09117e+002
304	 3.2300000000e+002	 7.21528e+001	 1.14296e+002
305	 3.2400000000e+002	 7.65271e+001	 1.19598e+002
306	 3.2500000000e+002	 8.13314e+001	 1.25008e+002
307	 3.2600000000e+002	 8.66157e+001	 1.30613e+002
308	 3.2700000000e+002	 9.23392e+001	 1.36371e+002
309	 3.2800000000e+002	 9.87235e+001	 1.42174e+002
310	 3.2900000000e+002	 1.05775e+002	 1.48124e+002
311	 3.3000000000e+002	 1.13511e+002	 1.54204e+002
312	 3.3100000000e+002	 1.22140e+002	 1.60290e+002
313	 3.3200000000e+002	 1.31639e+002	 1.66340e+002
314	 3.3300000000e+002	 1.42175e+002	 1.72310e+002
315	 3.3400000000e+002	 1.53939e+002	 1.78142e+002
316	 3.3500000000e+002	 1.66972e+002	 1.83626e+002
317	 3.3600000000e+002	 1.81376e+002	 1.88639e+002
318	 3.3700000000e+002	 1.97418e+002	 1.92886e+002
319	 3.3800000000e+002	 2.15123e+002	 1.96108e+002
320	 3.3900000000e+002	 2.34552e+002	 1.98106e+002
321	 3.4000000000e+002	 2.55728e+002	 1.98361e+002
322	 3.4100000000e+002	 2.78754e+002	 1.96201e+002
323	 3.4200000000e+002	 3.03335e+002	 1.91234e+002
324	 3.4300000000e+002	 3.29197e+002	 1.82779e+002
325	 3.4400000000e+002	 3.55795e+002	 1.70105e+002
326	 3.4500000000e+002	 3.82166e+002	 1.52712e+002
327	 3.4600000000e+002	 4.07249e+002	 1.30220e+002
328	 3.4700000000e+002	 4.29664e+002	 1.02590e+002
329	 3.4800000000e+002	 4.48109e+002	 7.03406e+001
330	 3.4900000000e+002	 4.61199e+002	 3.43377e+001
331	 3.5000000000e+002	 4.67909e+002	-4.33653e+000
332	 3.5100000000e+002	 4.67978e+002	-4.36128e+001
333	 3.5200000000e+002	 4.61205e+002	-8.19201e+001
334	 3.5300000000e+002	 4.48185e+002	-1.17697e+002
335	 3.5400000000e+002	 4.29958e+002	-1.49496e+002
336	 3.5500000000e+002	 4.08027e+002	-1.76616e+002
337	 3.5600000000e+002	 3.83651e+002	-1.98759e+002
338	 3.5700000000e+002	 3.58057e+002	-2.15931e+002
339	 3.5800000000e+002	 3.32425e+002	-2.28591e+002
340	 3.5900000000e+002	 3.07382e+002	-2.37273e+002
341	 3.6000000000e+002	 2.83423e+002	-2.42525e+002
342	 3.6100000000e+002	 2.61007e+002	-2.44976e+002
343	 3.6200000000e+002	 2.40328e+002	-2.45199e+002
344	 3.6300000000e+002	 2.21362e+002	-2.43670e+002
345	 3.6400000000e+002	 2.04105e+002	-2.40804e+002
346	 3.6500000000e+002	 1.88363e+002	-2.36896e+002
347	 3.6600000000e+002	 1.74130e+002	-2.32258e+002
348	 3.6700000000e+002	 1.61367e+002	-2.27096e+002
349	 3.6800000000e+002	 1.49872e+002	-2.21650e+002
350	 3.6900000000e+002	 1.39463e+002	-2.16041e+002
351	 3.7000000000e+002	 1.30068e+002	-2.10364e+002
352	 3.7100000000e+002	 1.21548e+002	-2.04590e+002
353	 3.7200000000e+002	 1.13839e+002	-1.98782e+002
354	 3.7300000000e+002	 1.06855e+002	-1.93031e+002
355	 3.7400000000e+002	 1.00579e+002	-1.87431e+002
356	 3.7500000000e+002	 9.48201e+001	-1.81904e+002
357	 3.7600000000e+002	 8.95954e+001	-1.76470e+002
358	 3.7700000000e+002	 8.48736e+001	-1.71232e+002
359	 3.7800000000e+002	 8.05232e+001	-1.66134e+002
360	 3.7900000000e+002	 7.66043e+001	-1.61132e+002
361	 3.8000000000e+002	 7.30008e+001	-1.56298e+002
362	 3.8100000000e+002	 6.97110e+001	-1.51577e+002
363	 3.8200000000e+002	 6.67052e+001	-1.46984e+002
364	 3.8300000000e+002	 6.39183e+001	-1.42532e+002
365	 3.8400000000e+002	 6.13432e+001	-1.38175e+002
366	 3.8500000000e+002	 5.90338e+001	-1.33953e+002
367	 3.8600000000e+002	 5.68771e+001	-1.29841e+002
368	 3.8700000000e+002	 5.48949e+001	-1.25868e+002
369	 3.8800000000e+002	 5.31036e+001	-1.21969e+002
370	 3.8900000000e+002	 5.14247e+001	-1.18183e+002
371	 3.9000000000e+002	 4.98706e+001	-1.14467e+002
372	 3.9100000000e+002	 4.84850e+001	-1.10832e+002
373	 3.9200000000e+002	 4.71845e+001	-1.07296e+002
374	 3.9300000000e+002	 4.60228e+001	-1.03879e+002
375	 3.9400000000e+002	 4.49277e+001	-1.00494e+002
376	 3.9500000000e+002	 4.39458e+001	-9.71829e+001
377	 3.9600000000e+002	 4.30383e+001	-9.39451e+001
378	 3.9700000000e+002	 4.22307e+001	-9.07456e+001
379	 3.9800000000e+002	 4.14895e+001	-8.76078e+001
380	 3.9900000000e+002	 4.08355e+001	-8.45760e+001
381	 4.0000000000e+002	 4.02327e+001	-8.15701e+001
382	 4.0100000000e+002	 3.97084e+001	-7.85875e+001
383	 4.0200000000e+002	 3.92513e+001	-7.56873e+001
384	 4.0300000000e+002	 3.88221e+001	-7.28245e+001
385	 4.0400000000e+002	 3.84707e+001	-7.00012e+001
386	 4.0500000000e+002	 3.82019e+001	-6.72164e+001
387	 4.0600000000e+002	 3.79458e+001	-6.44456e+001
388	 4.0700000000e+002	 3.77448e+001	-6.17288e+001
389	 4.0800000000e+002	 3.76163e+001	-5.90193e+001
390	 4.0900000000e+002	 3.75337e+001	-5.63558e+001
391	 4.1000000000e+002	 3.74807e+001	-5.37100e+001
392	 4.1100000000e+002	 3.74706e+001	-5.10728e+001
393	 4.1200000000e+002	 3.75473e+001	-4.84538e+001
394	 4.1300000000e+002	 3.76302e+001	-4.58544e+001
395	 4.1400000000e+002	 3.77680e+001	-4.32900e+001
396	 4.1500000000e+002	 3.79540e+001	-4.07307e+001
397	 4.1600000000e+002	 3.82134e+001	-3.81659e+001
398	 4.1700000000e+002	 3.84898e+001	-3.56254e+001
399	 4.1800000000e+002	 3.88327e+001	-3.30816e+001
400	 4.1900000000e+002	 3.91980e+001	-3.05408e+001
401	 4.2000000000e+002	 3.96163e+001	-2.79970e+001
402	 4.2100000000e+002	 4.01185e+001	-2.54630e+001
403	 4.2200000000e+002	 4.06572e+001	-2.29121e+001
404	 4.2300000000e+002	 4.12434e+001	-2.03909e+001
405	 4.2400000000e+002	 4.18832e+001	-1.78565e+001
406	 4.2500000000e+002	 4.26004e+001	-1.53172e+001
407	 4.2600000000e+002	 4.33546e+001	-1.27621e+001
408	 4.2700000000e+002	 4.42057e+001	-1.02239e+001
409	 4.2800000000e+002	 4.50787e+001	-7.64599e+000
410	 4.2900000000e+002	 4.60501e+001	-5.07269e+000
411	 4.3000000000e+002	 4.71148e+001	-2.48054e+000
412	 4.3100000000e+002	 4.82319e+001	 8.99638e-002
413	 4.3200000000e+002	 4.94214e+001	 2.69343e+000
414	 4.3300000000e+002	 5.07321e+001	 5.33292e+000
415	 4.3400000000e+002	 5.21138e+001	 7.94700e+000
416	 4.3500000000e+002	 5.35288e+001	 1.05664e+001
417	 4.3600000000e+002	 5.51247e+001	 1.32025e+001
418	 4.3700000000e+002	 5.68154e+001	 1.58581e+001
419	 4.3800000000e+002	 5.85727e+001	 1.85366e+001
420	 4.3900000000e+002	 6.04855e+001	 2.12645e+001
421	 4.4000000000e+002	 6.25098e+001	 2.39149e+001
422	 4.4100000000e+002	 6.47184e+001	 2.65969e+001
423	 4.4200000000e+002	 6.70345e+001	 2.93169e+001
424	 4.4300000000e+002	 6.95204e+001	 3.19991e+001
425	 4.4400000000e+002	 7.22346e+001	 3.46721e+001
426	 4.4500000000e+002	 7.50516e+001	 3.73611e+001
427	 4.4600000000e+002	 7.80286e+001	 3.99800e+001
428	 4.4700000000e+002	 8.12596e+001	 4.25117e+001
429	 4.4800000000e+002	 8.46832e+001	 4.50829e+001
430	 4.4900000000e+002	 8.83354e+001	 4.75763e+001
431	 4.5000000000e+002	 9.22646e+001	 4.99098e+001
432	 4.5100000000e+002	 9.63379e+001	 5.22463e+001
433	 4.5200000000e+002	 1.00739e+002	 5.44934e+001
434	 4.5300000000e+002	 1.05419e+002	 5.66354e+001
435	 4.5400000000e+002	 1.10290e+002	 5.85637e+001
436	 4.5500000000e+002	 1.15516e+002	 6.03043e+001
437	 4.5600000000e+002	 1.21080e+002	 6.18773e+001
438	 4.5700000000e+002	 1.27033e+002	 6.31845e+001
439	 4.5800000000e+002	 1.33256e+002	 6.42438e+001
440	 4.5900000000e+002	 1.39802e+002	 6.49175e+001
441	 4.6000000000e+002	 1.46810e+002	 6.50690e+001
442	 4.6100000000e+002	 1.54041e+002	 6.46979e+001
443	 4.6200000000e+002	 1.61575e+002	 6.38557e+001
444	 4.6300000000e+002	 1.69402e+002	 6.24905e+001
445	 4.6400000000e+002	 1.77401e+002	 6.03189e+001
446	 4.6500000000e+002	 1.85571e+002	 5.73230e+001
447	 4.6600000000e+002	 1.93739e+002	 5.33504e+001
448	 4.6700000000e+002	 2.01794e+002	 4.85057e+001
449	 4.6800000000e+002	 2.09705e+002	 4.27019e+001
450	 4.6900000000e+002	 2.17218e+002	 3.59964e+001
451	 4.7000000000e+002	 2.24318e+002	 2.83548e+001
452	 4.7100000000e+002	 2.30659e+002	 1.97071e+001
453	 4.7200000000e+002	 2.36032e+002	 1.01888e+001
454	 4.7300000000e+002	 2.40444e+002	-2.48489e-002
455	 4.7400000000e+002	 2.43705e+002	-1.08599e+001
456	 4.7500000000e+002	 2.45708e+002	-2.21434e+001
457	 4.7600000000e+002	 2.46544e+002	-3.36616e+001
458	 4.7700000000e+002	 2.45943e+002	-4.50815e+001
459	 4.7800000000e+002	 2.43903e+002	-5.62843e+001
460	 4.7900000000e+002	 2.40647e+002	-6.69821e+001
461	 4.8000000000e+002	 2.36230e+002	-7.71699e+001
462	 4.8100000000e+002	 2.30843e+002	-8.65067e+001
463	 4.8200000000e+002	 2.24580e+002	-9.50100e+001
464	 4.8300000000e+002	 2.17530e+002	-1.02526e+002
465	 4.8400000000e+002	 2.09937e+002	-1.08881e+002
466	 4.8500000000e+002	 2.02078e+002	-1.14178e+002
467	 4.8600000000e+002	 1.94085e+002	-1.18409e+002
468	 4.8700000000e+002	 1.86100e+002	-1.21606e+002
469	 4.8800000000e+002	 1.78276e+002	-1.23904e+002
470	 4.8900000000e+002	 1.70809e+002	-1.25389e+002
471	 4.9000000000e+002	 1.63775e+002	-1.26101e+002
472	 4.9100000000e+002	 1.57115e+002	-1.26209e+002
473	 4.9200000000e+002	 1.50967e+002	-1.25856e+002
474	 4.9300000000e+002	 1.45422e+002	-1.25327e+002
475	 4.9400000000e+002	 1.40362e+002	-1.24724e+002
476	 4.9500000000e+002	 1.35541e+002	-1.24039e+002
477	 4.9600000000e+002	 1.30826e+002	-1.23495e+002
478	 4.9700000000e+002	 1.26126e+002	-1.22836e+002
479	 4.9800000000e+002	 1.21331e+002	-1.21854e+002
480	 4.9900000000e+002	 1.16545e+002	-1.20589e+002
481	 5.0000000000e+002	 1.11943e+002	-1.18934e+002
482	 5.0100000000e+002	 1.07525e+002	-1.16981e+002
483	 5.0200000000e+002	 1.03325e+002	-1.14767e+002
484	 5.0300000000e+002	 9.95220e+001	-1.12393e+002
485	 5.0400000000e+002	 9.59862e+001	-1.09807e+002
486	 5.0500000000e+002	 9.27793e+001	-1.07134e+002
487	 5.0600000000e+002	 8.98035e+001	-1.04293e+002
488	 5.0700000000e+002	 8.71083e+001	-1.01477e+002
489	 5.0800000000e+002	 8.46898e+001	-9.86108e+001
490	 5.0900000000e+002	 8.24808e+001	-9.57311e+001
491	 5.1000000000e+002	 8.05066e+001	-9.26964e+001
492	 5.1100000000e+002	 7.87738e+001	-8.97398e+001
493	 5.1200000000e+002	 7.71701e+001	-8.67583e+001
494	 5.1300000000e+002	 7.58028e+001	-8.38008e+001
495	 5.1400000000e+002	 7.46671e+001	-8.08507e+001
496	 5.1500000000e+002	 7.37012e+001	-7.79924e+001
497	 5.1600000000e+002	 7.28880e+001	-7.49600e+001
498	 5.1700000000e+002	 7.22540e+001	-7.20804e+001
499	 5.1800000000e+002	 7.17878e+001	-6.92395e+001
500	 5.1900000000e+002	 7.13998e+001	-6.64548e+001
501	 5.2000000000e+002	 7.12618e+001	-6.37152e+001
502	 5.2100000000e+002	 7.11410e+001	-6.11794e+001
503	 5.2200000000e+002	 7.11389e+001	-5.85875e+001
504	 5.2300000000e+002	 7.12565e+001	-5.61497e+001
505	 5.2400000000e+002	 7.13353e+001	-5.38029e+001
506	 5.2500000000e+002	 7.14086e+001	-5.15171e+001
507	 5.2600000000e+002	 7.16103e+001	-4.92805e+001
508	 5.2700000000e+002	 7.17138e+001	-4.70253e+001
509	 5.2800000000e+002	 7.17432e+001	-4.46440e+001
510	 5.2900000000e+002	 7.18981e+001	-4.22833e+001
511	 5.3000000000e+002	 7.20192e+001	-3.98436e+001
512	 5.3100000000e+002	 7.22490e+001	-3.71039e+001
513	 5.3200000000e+002	 7.26968e+001	-3.43314e+001
514	 5.3300000000e+002	 7.32361e+001	-3.15651e+001
515	 5.3400000000e+002	 7.38897e+001	-2.87040e+001
516	 5.3500000000e+002	 7.47814e+001	-2.56765e+001
517	 5.3600000000e+002	 7.58093e+001	-2.25177e+001
518	 5.3700000000e+002	 7.69831e+001	-1.94037e+001
519	 5.3800000000e+002	 7.84644e+001	-1.62852e+001
520	 5.3900000000e+002	 8.01491e+001	-1.31182e+001
521	 5.4000000000e+002	 8.21093e+001	-9.84561e+000
522	 5.4100000000e+002	 8.43203e+001	-6.62017e+000
523	 5.4200000000e+002	 8.66965e+001	-3.40940e+000
524	 5.4300000000e+002	 8.93417e+001	-2.24554e-001
525	 5.4400000000e+002	 9.24373e+001	 3.12852e+000
526	 5.4500000000e+002	 9.58534e+001	 6.43921e+000
527	 5.4600000000e+002	 9.95655e+001	 9.71807e+000
528	 5.4700000000e+002	 1.03595e+002	 1.29586e+001
529	 5.4800000000e+002	 1.08165e+002	 1.61225e+001
530	 5.4900000000e+002	 1.13114e+002	 1.91627e+001
531	 5.5000000000e+002	 1.18671e+002	 2.20614e+001
532	 5.5100000000e+002	 1.24672e+002	 2.47545e+001
533	 5.5200000000e+002	 1.31232e+002	 2.72849e+001
534	 5.5300000000e+002	 1.38599e+002	 2.96371e+001
535	 5.5400000000e+002	 1.46700e+002	 3.15201e+001
536	 5.5500000000e+002	 1.55532e+002	 3.27718e+001
537	 5.5600000000e+002	 1.65082e+002	 3.35524e+001
538	 5.5700000000e+002	 1.75658e+002	 3.33494e+001
539	 5.5800000000e+002	 1.87041e+002	 3.20907e+001
540	 5.5900000000e+002	 1.99291e+002	 2.96196e+001
541	 5.6000000000e+002	 2.12294e+002	 2.52419e+001
542	 5.6100000000e+002	 2.25685e+002	 1.89824e+001
543	 5.6200000000e+002	 2.39598e+002	 1.04559e+001
544	 5.6300000000e+002	 2.53245e+002	-1.07599e+000
545	 5.6400000000e+002	 2.65947e+002	-1.51125e+001
546	 5.6500000000e+002	 2.77270e+002	-3.24792e+001
547	 5.6600000000e+002	 2.85757e+002	-5.26864e+001
548	 5.6700000000e+002	 2.91356e+002	-7.50560e+001
549	 5.6800000000e+002	 2.92684e+002	-9.91285e+001
550	 5.6900000000e+002	 2.89684e+002	-1.23588e+002
551	 5.7000000000e+002	 2.81656e+002	-1.47943e+002
552	 5.7100000000e+002	 2.69713e+002	-1.69744e+002
553	 5.7200000000e+002	 2.53859e+002	-1.89088e+002
554	 5.7300000000e+002	 2.35647e+002	-2.04366e+002
555	 5.7400000000e+002	 2.15878e+002	-2.16426e+002
556	 5.7500000000e+002	 1.95746e+002	-2.23838e+002
557	 5.7600000000e+002	 1.75350e+002	-2.28707e+002
558	 5.7700000000e+002	 1.56525e+002	-2.29506e+002
559	 5.7800000000e+002	 1.38117e+002	-2.29223e+002
560	 5.7900000000e+002	 1.22369e+002	-2.25401e+002
561	 5.8000000000e+002	 1.07296e+002	-2.22037e+002
562	 5.8100000000e+002	 9.44457e+001	-2.15570e+002
563	 5.8200000000e+002	 8.26132e+001	-2.10780e+002
564	 5.8300000000e+002	 7.28465e+001	-2.02660e+002
565	 5.8400000000e+002	 6.32563e+001	-1.97240e+002
566	 5.8500000000e+002	 5.64094e+001	-1.89197e+002
567	 5.8600000000e+002	 4.83272e+001	-1.82883e+002
568	 5.8700000000e+002	 4.36051e+001	-1.76085e+002
569	 5.8800000000e+002	 3.72015e+001	-1.68688e+002
570	 5.8900000000e+002	 3.32626e+001	-1.63332e+002
571	 5.9000000000e+002	 2.90518e+001	-1.55475e+002
572	 5.9100000000e+002	 2.49975e+001	-1.50822e+002
573	 5.9200000000e+002	 2.28223e+001	-1.43496e+002
574	 5.9300000000e+002	 1.87133e+001	-1.38463e+002
575	 5.9400000000e+002	 1.75047e+001	-1.32705e+002
576	 5.9500000000e+002	 1.45986e+001	-1.26716e+002
577	 5.9600000000e+002	 1.25062e+001	-1.22198e+002
578	 5.9700000000e+002	 1.19998e+001	-1.16581e+002
579	 5.9800000000e+002	 8.55487e+000	-1.11179e+002
580	 5.9900000000e+002	 9.23366e+000	-1.07933e+002
581	 6.0000000000e+002	 7.13890e+000	-1.00696e+002
582	 6.0100000000e+002	 4.94972e+000	-9.77743e+001
583	 6.0200000000e+002	 6.30438e+000	-9.49223e+001
584	 6.0300000000e+002	 5.50406e+000	-8.44353e+001
585	 6.0400000000e+002	-8.87923e-001	-8.70366e+001
586	 6.0500000000e+002	 8.28397e+000	-8.14713e+001
587	 6.0600000000e+002	 2.70906e+000	-6.96829e+001
588	 6.0700000000e+002	-6.09774e+000	-7.52307e+001
589	 6.0800000000e+002	 1.19192e+001	-7.25896e+001
590	 6.0900000000e+002	 1.09886e+000	-5.30225e+001
591	 6.1000000000e+002	-9.82555e+000	-6.11164e+001
592	 6.1100000000e+002	 9.50162e+000	-6.83508e+001
593	 6.1200000000e+002	 7.32572e+000	-3.86717e+001
594	 6.1300000000e+002	-9.84504e+000	-4.18346e+001
595	 6.1400000000e+002	-2.87676e+000	-6.01866e+001
596	 6.1500000000e+002	 1.40597e+001	-3.59491e+001
597	 6.1600000000e+002	 2.27747e+000	-2.41433e+001
598	 6.1700000000e+002	-1.35551e+001	-3.65769e+001
599	 6.1800000000e+002	 4.77094e+000	-3.23815e+001
600	 6.1900000000e+002	 1.28437e+001	-2.34866e+001
601	 6.2000000000e+002	-4.99038e+000	-1.65187e+001
602	 6.2100000000e+002	-4.98993e-001	-1.03991e+001
603	 6.2200000000e+002	 8.90334e+000	-1.32544e+001
604	 6.2300000000e+002	-5.10914e+000	-1.00746e+001
605	 6.2400000000e+002	-3.11559e+000	-6.69420e-001
606	 6.2500000000e+002	 1.76101e+001	-1.96061e+000
607	 6.2600000000e+002	 1.19923e+001	 3.63475e+000
608	 6.2700000000e+002	-7.85320e+000	 2.57517e+001
609	 6.2800000000e+002	-3.88298e+000	 2.74745e+001
610	 6.2900000000e+002	 7.80812e+000	 4.43259e+000
611	 6.3000000000e+002	 5.39503e+000	 5.58838e+000
612	 6.3100000000e+002	 6.97757e+000	 3.89519e+001
613	 6.3200000000e+002	 2.07545e+001	 5.56424e+001
614	 6.3300000000e+002	 2.08376e+001	 3.96748e+001
615	 6.3400000000e+002	 2.89385e+000	 3.58279e+001
616	 6.3500000000e+002	-3.64243e+000	 6.60472e+001
617	 6.3600000000e+002	 1.20410e+001	 9.44318e+001
618	 6.3700000000e+002	 1.97039e+001	 8.47687e+001
619	 6.3800000000e+002	-2.10496e+000	 5.67121e+001
620	 6.3900000000e+002	-2.75016e+001	 5.04743e+001
621	 6.4000000000e+002	-1.77558e+001	 7.17359e+001
622	 6.4100000000e+002	 3.06152e+001	 9.29238e+001
623	 6.4200000000e+002	 7.75289e+001	 9.31386e+001
624	 6.4300000000e+002	 8.36844e+001	 8.49070e+001
625	 6.4400000000e+002	 5.25870e+001	 9.50434e+001
626	 6.4500000000e+002	 2.03744e+001	 1.33208e+002
627	 6.4600000000e+002	 2.30889e+001	 1.81558e+002
628	 6.4700000000e+002	 7.00014e+001	 2.09250e+002
629	 6.4800000000e+002	 1.37436e+002	 1.99590e+002
630	 6.4900000000e+002	 1.92335e+002	 1.66235e+002
631	 6.5000000000e+002	 2.20703e+002	 1.38806e+002
632	 6.5100000000e+002	 2.32587e+002	 1.41208e+002
633	 6.5200000000e+002	 2.51409e+002	 1.81564e+002
634	 6.5300000000e+002	 3.03020e+002	 2.52683e+002
635	 6.5400000000e+002	 4.07814e+002	 3.32159e+002
636	 6.5500000000e+002	 5.71689e+002	 3.85400e+002
637	 6.5600000000e+002	 7.76215e+002	 3.74139e+002
638	 6.5700000000e+002	 9.79259e+002	 2.73885e+002
639	 6.5800000000e+002	 1.13022e+003	 8.94139e+001
640	 6.5900000000e+002	 1.19420e+003	-1.45387e+002
641	 6.6000000000e+002	 1.16301e+003	-3.89514e+002
642	 6.6100000000e+002	 1.04544e+003	-6.05265e+002
643	 6.6200000000e+002	 8.60605e+002	-7.61462e+002
644	 6.6300000000e+002	 6.42685e+002	-8.20713e+002
645	 6.6400000000e+002	 4.95334e+002	-7.44196e+002
646	 6.6500000000e+002	 5.03710e+002	-6.44907e+002
647	 6.6600000000e+002	 4.83942e+002	-6.61618e+002
648	 6.6700000000e+002	 3.66448e+002	-6.84996e+002
649	 6.6800000000e+002	 2.32150e+002	-6.54069e+002
650	 6.6900000000e+002	 1.28844e+002	-5.79005e+002
651	 6.7000000000e+002	 7.48560e+001	-4.92684e+002
652	 6.7100000000e+002	 6.25126e+001	-4.30561e+002
653	 6.7200000000e+002	 6.32687e+001	-4.12854e+002
654	 6.7300000000e+002	 4.31403e+001	-4.26837e+002
655	 6.7400000000e+002	-6.74307e+000	-4.37824e+002
656	 6.7500000000e+002	-6.66900e+001	-4.20861e+002
657	 6.7600000000e+002	-1.05689e+002	-3.76907e+002
658	 6.7700000000e+002	-1.03286e+002	-3.31498e+002
659	 6.7800000000e+002	-6.87049e+001	-3.12392e+002
660	 6.7900000000e+002	-3.20398e+001	-3.19870e+002
661	 6.8000000000e+002	-1.03560e+001	-3.27830e+002
662	 6.8100000000e+002	 6.17231e+000	-3.16913e+002
663	 6.8200000000e+002	 2.86516e+001	-2.93436e+002
664	 6.8300000000e+002	 4.39448e+001	-2.72618e+002
665	 6.8400000000e+002	 3.04090e+001	-2.50157e+002
666	 6.8500000000e+002	-3.96632e+000	-2.10639e+002
667	 6.8600000000e+002	-2.45051e+001	-1.66246e+002
668	 6.8700000000e+002	-1.79481e+001	-1.59544e+002
669	 6.8800000000e+002	-1.31245e+001	-1.98169e+002
670	 6.8900000000e+002	-2.48838e+001	-2.30168e+002
671	 6.9000000000e+002	-2.46588e+001	-2.19074e+002
672	 6.9100000000e+002	 3.17146e+000	-1.86265e+002
673	 6.9200000000e+002	 2.16972e+001	-1.63533e+002
674	 6.9300000000e+002	 5.61643e+000	-1.47591e+002
675	 6.9400000000e+002	-1.41249e+001	-1.41824e+002
676	 6.9500000000e+002	-2.05248e+001	-1.63734e+002
677	 6.9600000000e+002	-2.61063e+001	-1.76691e+002
678	 6.9700000000e+002	-7.48517e+000	-1.45072e+002
679	 6.9800000000e+002	 3.14160e+001	-1.26368e+002
680	 6.9900000000e+002	 7.17956e+000	-1.49075e+002
681	 7.0000000000e+002	-4.93058e+001	-1.33805e+002
682	 7.0100000000e+002	-1.41597e+001	-1.06514e+002
683	 7.0200000000e+002	 3.46133e+001	-1.49024e+002
684	 7.0300000000e+002	-1.40563e+001	-1.48656e+002
685	 7.0400000000e+002	-2.60784e+001	-7.75294e+001
686	 7.0500000000e+002	 1.90953e+001	-1.09229e+002
687	 7.0600000000e+002	-1.35234e+001	-1.53960e+002
688	 7.0700000000e+002	-1.73041e+001	-9.04013e+001
689	 7.0800000000e+002	 2.56822e+001	-8.72239e+001
690	 7.0900000000e+002	-1.68265e+001	-1.23560e+002
691	 7.1000000000e+002	-1.88948e+001	-9.05940e+001
692	 7.1100000000e+002	 2.29084e+001	-9.34452e+001
693	 7.1200000000e+002	-9.15274e+000	-9.68256e+001
694	 7.1300000000e+002	-1.20961e+001	-7.91282e+001
695	 7.1400000000e+002	 8.44638e+000	-9.35949e+001
696	 7.1500000000e+002	-3.75857e-001	-8.20218e+001
697	 7.1600000000e+002	-4.58311e+000	-7.24201e+001
698	 7.1700000000e+002	 8.31747e-002	-8.16517e+001
699	 7.1800000000e+002	 3.92178e+000	-7.59768e+001
700	 7.1900000000e+002	-1.74924e+000	-6.43076e+001
701	 7.2000000000e+002	 1.05385e+000	-7.20565e+001
702	 7.2100000000e+002	 1.94180e+000	-6.78137e+001
703	 7.2200000000e+002	 4.14286e+000	-5.70750e+001
704	 7.2300000000e+002	-1.04979e+000	-6.45545e+001
705	 7.2400000000e+002	 5.55667e+000	-5.62862e+001
706	 7.2500000000e+002	 3.91190e+000	-5.36978e+001
707	 7.2600000000e+002	 1.55767e+000	-5.27720e+001
708	 7.2700000000e+002	 7.52355e+000	-5.00533e+001
709	 7.2800000000e+002	 3.89163e+000	-4.46930e+001
710	 7.2900000000e+002	 5.20949e+000	-4.58509e+001
711	 7.3000000000e+002	 8.21862e+000	-4.03010e+001
712	 7.3100000000e+002	 5.19227e+000	-3.82597e+001
713	 7.3200000000e+002	 8.88703e+000	-3.67474e+001
714	 7.3300000000e+002	 8.19564e+000	-3.20615e+001
715	 7.3400000000e+002	 8.65286e+000	-3.07892e+001
716	 7.3500000000e+002	 1.05786e+001	-2.74801e+001
717	 7.3600000000e+002	 1.01991e+001	-2.42702e+001
718	 7.3700000000e+002	 1.16870e+001	-2.22665e+001
719	 7.3800000000e+002	 1.23827e+001	-1.84976e+001
720	 7.3900000000e+002	 1.31966e+001	-1.61036e+001
721	 7.4000000000e+002	 1.42342e+001	-1.28205e+001
722	 7.4100000000e+002	 1.51940e+001	-1.00576e+001
723	 7.4200000000e+002	 1.63689e+001	-6.67328e+000
724	 7.4300000000e+002	 1.72512e+001	-3.95783e+000
725	 7.4400000000e+002	 1.90318e+001	-3.86730e-001
726	 7.4500000000e+002	 1.91794e+001	 2.81045e+000
727	 7.4600000000e+002	 2.18417e+001	 5.46575e+000
728	 7.4700000000e+002	 2.21299e+001	 1.04100e+001
729	 7.4800000000e+002	 2.38861e+001	 1.15470e+001
730	 7.4900000000e+002	 2.64666e+001	 1.76856e+001
731	 7.5000000000e+002	 2.58517e+001	 1.91366e+001
732	 7.5100000000e+002	 3.06471e+001	 2.37510e+001
733	 7.5200000000e+002	 2.96313e+001	 2.82152e+001
734	 7.5300000000e+002	 3.35976e+001	 3.08886e+001
735	 7.5400000000e+002	 3.50022e+001	 3.65358e+001
736	 7.5500000000e+002	 3.71517e+001	 4.01051e+001
737	 7.5600000000e+002	 4.00197e+001	 4.41350e+001
738	 7.5700000000e+002	 4.28285e+001	 4.99112e+001
739	 7.5800000000e+002	 4.51119e+001	 5.35509e+001
740	 7.5900000000e+002	 4.90353e+001	 5.95239e+001
741	 7.6000000000e+002	 5.17918e+001	 6.40829e+001
742	 7.6100000000e+002	 5.58226e+001	 6.99852e+001
743	 7.6200000000e+002	 6.00533e+001	 7.52808e+001
744	 7.6300000000e+002	 6.42470e+001	 8.16340e+001
745	 7.6400000000e+002	 6.96344e+001	 8.75740e+001
746	 7.6500000000e+002	 7.47109e+001	 9.41606e+001
747	 7.6600000000e+002	 8.12168e+001	 1.01002e+002
748	 7.6700000000e+002	 8.77588e+001	 1.07884e+002
749	 7.6800000000e+002	 9.53517e+001	 1.15558e+002
750	 7.6900000000e+002	 1.04012e+002	 1.23056e+002
751	 7.7000000000e+002	 1.13444e+002	 1.31186e+002
752	 7.7100000000e+002	 1.24516e+002	 1.39328e+002
753	 7.7200000000e+002	 1.36785e+002	 1.47672e+002
754	 7.7300000000e+002	 1.50996e+002	 1.56322e+002
755	 7.7400000000e+002	 1.67316e+002	 1.64562e+002
756	 7.7500000000e+002	 1.85755e+002	 1.72590e+002
757	 7.7600000000e+002	 2.07132e+002	 1.79912e+002
758	 7.7700000000e+002	 2.31534e+002	 1.86155e+002
759	 7.7800000000e+002	 2.59400e+002	 1.90723e+002
760	 7.7900000000e+002	 2.91380e+002	 1.92449e+002
761	 7.8000000000e+002	 3.27219e+002	 1.89758e+002
762	 7.8100000000e+002	 3.66787e+002	 1.81595e+002
763	 7.8200000000e+002	 4.09530e+002	 1.65947e+002
764	 7.8300000000e+002	 4.53436e+002	 1.40150e+002
765	 7.8400000000e+002	 4.95736e+002	 1.03398e+002
766	 7.8500000000e+002	 5.33072e+002	 5.45822e+001
767	 7.8600000000e+002	 5.60287e+002	-5.66353e+000
768	 7.8700000000e+002	 5.73317e+002	-7.32547e+001
769	 7.8800000000e+002	 5.69557e+002	-1.43130e+002
770	 7.8900000000e+002	 5.49127e+002	-2.09653e+002
771	 7.9000000000e+002	 5.14849e+002	-2.66849e+002
772	 7.9100000000e+002	 4.71838e+002	-3.11897e+002
773	 7.9200000000e+002	 4.24276e+002	-3.44363e+002
774	 7.9300000000e+002	 3.76140e+002	-3.64898e+002
775	 7.9400000000e+002	 3.30281e+002	-3.75530e+002
776	 7.9500000000e+002	 2.88649e+002	-3.78902e+002
777	 7.9600000000e+002	 2.51465e+002	-3.76560e+002
778	 7.9700000000e+002	 2.18944e+002	-3.70240e+002
779	 7.9800000000e+002	 1.90845e+002	-3.61601e+002
780	 7.9900000000e+002	 1.66672e+002	-3.51340e+002
781	 8.0000000000e+002	 1.45925e+002	-3.40311e+002
782	 8.0100000000e+002	 1.28217e+002	-3.29030e+002
783	 8.0200000000e+002	 1.13003e+002	-3.17856e+002
784	 8.0300000000e+002	 9.99678e+001	-3.06810e+002
785	 8.0400000000e+002	 8.87448e+001	-2.96070e+002
786	 8.0500000000e+002	 7.90399e+001	-2.85847e+002
787	 8.0600000000e+002	 7.05329e+001	-2.76107e+002
788	 8.0700000000e+002	 6.31110e+001	-2.66761e+002
789	 8.0800000000e+002	 5.66306e+001	-2.57865e+002
790	 8.0900000000e+002	 5.09776e+001	-2.49371e+002
791	 8.1000000000e+002	 4.59662e+001	-2.41347e+002
792	 8.1100000000e+002	 4.15398e+001	-2.33712e+002
793	 8.1200000000e+002	 3.76910e+001	-2.26534e+002
794	 8.1300000000e+002	 3.43268e+001	-2.19791e+002
795	 8.1400000000e+002	 3.13176e+001	-2.13361e+002
796	 8.1500000000e+002	 2.86366e+001	-2.07115e+002
797	 8.1600000000e+002	 2.62205e+001	-2.01125e+002
798	 8.1700000000e+002	 2.40801e+001	-1.95463e+002
799	 8.1800000000e+002	 2.21782e+001	-1.90084e+002
800	 8.1900000000e+002	 2.04466e+001	-1.84960e+002
801	 8.2000000000e+002	 1.89019e+001	-1.80063e+002
802	 8.2100000000e+002	 1.75267e+001	-1.75284e+002
803	 8.2200000000e+002	 1.63454e+001	-1.70693e+002
804	 8.2300000000e+002	 1.52668e+001	-1.66324e+002
805	 8.2400000000e+002	 1.42263e+001	-1.62162e+002
806	 8.2500000000e+002	 1.32839e+001	-1.58152e+002
807	 8.2600000000e+002	 1.25051e+001	-1.54243e+002
808	 8.2700000000e+002	 1.18945e+001	-1.50454e+002
809	 8.2800000000e+002	 1.13546e+001	-1.46804e+002
810	 8.2900000000e+002	 1.07792e+001	-1.43235e+002
811	 8.3000000000e+002	 1.02481e+001	-1.39761e+002
812	 8.3100000000e+002	 9.84585e+000	-1.36450e+002
813	 8.3200000000e+002	 9.56044e+000	-1.33265e+002
814	 8.3300000000e+002	 9.23851e+000	-1.30122e+002
815	 8.3400000000e+002	 8.99779e+000	-1.27000e+002
816	 8.3500000000e+002	 8.77753e+000	-1.24021e+002
817	 8.3600000000e+002	 8.55622e+000	-1.21123e+002
818	 8.3700000000e+002	 8.34683e+000	-1.18263e+002
819	 8.3800000000e+002	 8.26992e+000	-1.15502e+002
820	 8.3900000000e+002	 8.28889e+000	-1.12762e+002
821	 8.4000000000e+002	 8.28152e+000	-1.09987e+002
822	 8.4100000000e+002	 8.30734e+000	-1.07388e+002
823	 8.4200000000e+002	 8.33750e+000	-1.04809e+002
824	 8.4300000000e+002	 8.35898e+000	-1.02250e+002
825	 8.4400000000e+002	 8.39297e+000	-9.97599e+001
826	 8.4500000000e+002	 8.58651e+000	-9.72793e+001
827	 8.4600000000e+002	 8.81575e+000	-9.47614e+001
828	 8.4700000000e+002	 8.93310e+000	-9.23720e+001
829	 8.4800000000e+002	 9.08509e+000	-9.00261e+001
830	 8.4900000000e+002	 9.36686e+000	-8.76164e+001
831	 8.5000000000e+002	 9.73650e+000	-8.52342e+001
832	 8.5100000000e+002	 9.96816e+000	-8.29866e+001
833	 8.5200000000e+002	 1.01748e+001	-8.06609e+001
834	 8.5300000000e+002	 1.05947e+001	-7.83734e+001
835	 8.5400000000e+002	 1.10279e+001	-7.61341e+001
836	 8.5500000000e+002	 1.12985e+001	-7.38103e+001
837	 8.5600000000e+002	 1.17581e+001	-7.15696e+001
838	 8.5700000000e+002	 1.22893e+001	-6.93901e+001
839	 8.5800000000e+002	 1.26451e+001	-6.70868e+001
840	 8.5900000000e+002	 1.31766e+001	-6.48913e+001
841	 8.6000000000e+002	 1.37761e+001	-6.27100e+001
842	 8.6100000000e+002	 1.42473e+001	-6.03907e+001
843	 8.6200000000e+002	 1.48745e+001	-5.82642e+001
844	 8.6300000000e+002	 1.54959e+001	-5.60244e+001
845	 8.6400000000e+002	 1.61303e+001	-5.37184e+001
846	 8.6500000000e+002	 1.68205e+001	-5.15614e+001
847	 8.6600000000e+002	 1.75293e+001	-4.92311e+001
848	 8.6700000000e+002	 1.82598e+001	-4.70409e+001
849	 8.6800000000e+002	 1.90896e+001	-4.46991e+001
850	 8.6900000000e+002	 1.99278e+001	-4.24202e+001
851	 8.7000000000e+002	 2.07927e+001	-4.01276e+001
852	 8.7100000000e+002	 2.17025e+001	-3.77499e+001
853	 8.7200000000e+002	 2.26600e+001	-3.53893e+001
854	 8.7300000000e+002	 2.36599e+001	-3.29941e+001
855	 8.7400000000e+002	 2.47370e+001	-3.06150e+001
856	 8.7500000000e+002	 2.59088e+001	-2.81480e+001
857	 8.7600000000e+002	 2.71101e+001	-2.56400e+001
858	 8.7700000000e+002	 2.83894e+001	-2.31279e+001
859	 8.7800000000e+002	 2.97078e+001	-2.06026e+001
860	 8.7900000000e+002	 3.11265e+001	-1.80176e+001
861	 8.8000000000e+002	 3.26532e+001	-1.53526e+001
862	 8.8100000000e+002	 3.42562e+001	-1.26997e+001
863	 8.8200000000e+002	 3.59412e+001	-9.96209e+000
864	 8.8300000000e+002	 3.77509e+001	-7.20040e+000
865	 8.8400000000e+002	 3.97009e+001	-4.38102e+000
866	 8.8500000000e+002	 4.17277e+001	-1.53055e+000
867	 8.8600000000e+002	 4.39079e+001	 1.35471e+000
868	 8.8700000000e+002	 4.62316e+001	 4.31038e+000
869	 8.8800000000e+002	 4.87431e+001	 7.33214e+000
870	 8.8900000000e+002	 5.14029e+001	 1.03626e+001
871	 8.9000000000e+002	 5.42376e+001	 1.34579e+001
872	 8.9100000000e+002	 5.72743e+001	 1.65868e+001
873	 8.9200000000e+002	 6.05101e+001	 1.97640e+001
874	 8.9300000000e+002	 6.39723e+001	 2.29509e+001
875	 8.9400000000e+002	 6.76895e+001	 2.62051e+001
876	 8.9500000000e+002	 7.17012e+001	 2.94379e+001
877	 8.9600000000e+002	 7.60388e+001	 3.26968e+001
878	 8.9700000000e+002	 8.06666e+001	 3.59937e+001
879	 8.9800000000e+002	 8.56500e+001	 3.92897e+001
880	 8.9900000000e+002	 9.09790e+001	 4.25980e+001
881	 9.0000000000e+002	 9.67680e+001	 4.58448e+001
882	 9.0100000000e+002	 1.02995e+002	 4.90124e+001
883	 9.0200000000e+002	 1.09734e+002	 5.21022e+001
884	 9.0300000000e+002	 1.16999e+002	 5.50207e+001
885	 9.0400000000e+002	 1.24868e+002	 5.77924e+001
886	 9.0500000000e+002	 1.33378e+002	 6.02918e+001
887	 9.0600000000e+002	 1.42570e+002	 6.24754e+001
888	 9.0700000000e+002	 1.52496e+002	 6.42666e+001
889	 9.0800000000e+002	 1.63225e+002	 6.55681e+001
890	 9.0900000000e+002	 1.74786e+002	 6.62238e+001
891	 9.1000000000e+002	 1.87185e+002	 6.60888e+001
892	 9.1100000000e+002	 2.00458e+002	 6.49527e+001
893	 9.1200000000e+002	 2.14610e+002	 6.26340e+001
894	 9.1300000000e+002	 2.29540e+002	 5.89007e+001
895	 9.1400000000e+002	 2.45160e+002	 5.33905e+001
896	 9.1500000000e+002	 2.61216e+002	 4.57503e+001
897	 9.1600000000e+002	 2.77496e+002	 3.58093e+001
898	 9.1700000000e+002	 2.93655e+002	 2.32789e+001
899	 9.1800000000e+002	 3.09183e+002	 8.01662e+000
900	 9.1900000000e+002	 3.23363e+002	-1.01535e+001
901	 9.2000000000e+002	 3.35608e+002	-3.12263e+001
902	 9.2100000000e+002	 3.45112e+002	-5.48355e+001
903	 9.2200000000e+002	 3.51117e+002	-8.05106e+001
904	 9.2300000000e+002	 3.53231e+002	-1.07480e+002
905	 9.2400000000e+002	 3.50949e+002	-1.34780e+002
906	 9.2500000000e+002	 3.44414e+002	-1.61356e+002
907	 9.2600000000e+002	 3.33919e+002	-1.86382e+002
908	 9.2700000000e+002	 3.19891e+002	-2.08932e+002
909	 9.2800000000e+002	 3.03213e+002	-2.28478e+002
910	 9.2900000000e+002	 2.84672e+002	-2.44613e+002
911	 9.3000000000e+002	 2.65135e+002	-2.57380e+002
912	 9.3100000000e+002	 2.45291e+002	-2.66880e+002
913	 9.3200000000e+002	 2.25652e+002	-2.73435e+002
914	 9.3300000000e+002	 2.06718e+002	-2.77376e+002
915	 9.3400000000e+002	 1.88792e+002	-2.79127e+002
916	 9.3500000000e+002	 1.72072e+002	-2.79101e+002
917	 9.3600000000e+002	 1.56605e+002	-2.77655e+002
918	 9.3700000000e+002	 1.42458e+002	-2.75109e+002
919	 9.3800000000e+002	 1.29572e+002	-2.71682e+002
920	 9.3900000000e+002	 1.17871e+002	-2.67623e+002
921	 9.4000000000e+002	 1.07253e+002	-2.63137e+002
922	 9.4100000000e+002	 9.76861e+001	-2.58288e+002
923	 9.4200000000e+002	 8.90118e+001	-2.53289e+002
924	 9.4300000000e+002	 8.11810e+001	-2.48224e+002
925	 9.4400000000e+002	 7.40946e+001	-2.43138e+002
926	 9.4500000000e+002	 6.77039e+001	-2.37985e+002
927	 9.4600000000e+002	 6.19055e+001	-2.32902e+002
928	 9.4700000000e+002	 5.67036e+001	-2.27885e+002
929	 9.4800000000e+002	 5.19731e+001	-2.23024e+002
930	 9.4900000000e+002	 4.76364e+001	-2.18249e+002
931	 9.5000000000e+002	 4.37031e+001	-2.13694e+002
932	 9.5100000000e+002	 4.00985e+001	-2.09084e+002
933	 9.5200000000e+002	 3.68056e+001	-2.04523e+002
934	 9.5300000000e+002	 3.38560e+001	-2.00193e+002
935	 9.5400000000e+002	 3.11381e+001	-1.96010e+002
936	 9.5500000000e+002	 2.86686e+001	-1.91919e+002
937	 9.5600000000e+002	 2.64162e+001	-1.87932e+002
938	 9.5700000000e+002	 2.43422e+001	-1.84038e+002
939	 9.5800000000e+002	 2.24072e+001	-1.80259e+002
940	 9.5900000000e+002	 2.06340e+001	-1.76625e+002
941	 9.6000000000e+002	 1.90687e+001	-1.73085e+002
942	 9.6100000000e+002	 1.76396e+001	-1.69603e+002
943	 9.6200000000e+002	 1.63076e+001	-1.66207e+002
944	 9.6300000000e+002	 1.51006e+001	-1.62904e+002
945	 9.6400000000e+002	 1.40159e+001	-1.59721e+002
946	 9.6500000000e+002	 1.30053e+001	-1.56604e+002
947	 9.6600000000e+002	 1.20795e+001	-1.53544e+002
948	 9.6700000000e+002	 1.12609e+001	-1.50536e+002
949	 9.6800000000e+002	 1.05097e+001	-1.47578e+002
950	 9.6900000000e+002	 9.85022e+000	-1.44690e+002
951	 9.7000000000e+002	 9.25552e+000	-1.41879e+002
952	 9.7100000000e+002	 8.74918e+000	-1.39125e+002
953	 9.7200000000e+002	 8.32060e+000	-1.36406e+002
954	 9.7300000000e+002	 7.95303e+000	-1.33768e+002
955	 9.7400000000e+002	 7.64790e+000	-1.31191e+002
956	 9.7500000000e+002	 7.38991e+000	-1.28671e+002
957	 9.7600000000e+002	 7.17184e+000	-1.26189e+002
958	 9.7700000000e+002	 7.00882e+000	-1.23749e+002
959	 9.7800000000e+002	 6.89258e+000	-1.21385e+002
960	 9.7900000000e+002	 6.82540e+000	-1.19035e+002
961	 9.8000000000e+002	 6.79271e+000	-1.16739e+002
962	 9.8100000000e+002	 6.78816e+000	-1.14499e+002
963	 9.8200000000e+002	 6.85592e+000	-1.12278e+002
964	 9.8300000000e+002	 6.94729e+000	-1.10102e+002
965	 9.8400000000e+002	 7.05570e+000	-1.07954e+002
966	 9.8500000000e+002	 7.16953e+000	-1.05836e+002
967	 9.8600000000e+002	 7.33911e+000	-1.03767e+002
968	 9.8700000000e+002	 7.56775e+000	-1.01715e+002
969	 9.8800000000e+002	 7.79188e+000	-9.96732e+001
970	 9.8900000000e+002	 8.01370e+000	-9.76539e+001
971	 9.9000000000e+002	 8.29988e+000	-9.56600e+001
972	 9.9100000000e+002	 8.62757e+000	-9.36939e+001
973	 9.9200000000e+002	 8.99762e+000	-9.17373e+001
974	 9.9300000000e+002	 9.36102e+000	-8.97770e+001
975	 9.9400000000e+002	 9.74768e+000	-8.78683e+001
976	 9.9500000000e+002	 1.01739e+001	-8.59508e+001
977	 9.9600000000e+002	 1.06244e+001	-8.40386e+001
978	 9.9700000000e+002	 1.10821e+001	-8.21495e+001
979	 9.9800000000e+002	 1.15909e+001	-8.02420e+001
980	 9.9900000000e+002	 1.21360e+001	-7.83459e+001
981	 1.0000000000e+003	 1.27185e+001	-7.64978e+001
982	 1.0010000000e+003	 1.33328e+001	-7.46038e+001
983	 1.0020000000e+003	 1.39854e+001	-7.27115e+001
984	 1.0030000000e+003	 1.46720e+001	-7.08425e+001
985	 1.0040000000e+003	 1.53864e+001	-6.89699e+001
986	 1.0050000000e+003	 1.61287e+001	-6.70967e+001
987	 1.0060000000e+003	 1.69152e+001	-6.52233e+001
988	 1.0070000000e+003	 1.77786e+001	-6.33725e+001
989	 1.0080000000e+003	 1.86564e+001	-6.14635e+001
990	 1.0090000000e+003	 1.95800e+001	-5.95925e+001
991	 1.0100000000e+003	 2.05827e+001	-5.77125e+001
992	 1.0110000000e+003	 2.15980e+001	-5.57966e+001
993	 1.0120000000e+003	 2.26775e+001	-5.39276e+001
994	 1.0130000000e+003	 2.38206e+001	-5.20252e+001
995	 1.0140000000e+003	 2.49878e+001	-5.01119e+001
996	 1.0150000000e+003	 2.62486e+001	-4.82210e+001
997	 1.0160000000e+003	 2.75581e+001	-4.62819e+001
998	 1.0170000000e+003	 2.89464e+001	-4.43263e+001
999	 1.0180000000e+003	 3.04064e+001	-4.24151e+001
1000	 1.0190000000e+003	 3.19310e+001	-4.04914e+001
1001	 1.0200000000e+003	 3.35430e+001	-3.84772e+001
1002	 1.0210000000e+003	 3.52540e+001	-3.65389e+001
1003	 1.0220000000e+003	 3.70508e+001	-3.46453e+001
1004	 1.0230000000e+003	 3.89222e+001	-3.26413e+001
1005	 1.0240000000e+003	 4.08968e+001	-3.06429e+001
1006	 1.0250000000e+003	 4.29930e+001	-2.87171e+001
1007	 1.0260000000e+003	 4.52069e+001	-2.67829e+001
1008	 1.0270000000e+003	 4.75279e+001	-2.48011e+001
1009	 1.0280000000e+003	 5.00025e+001	-2.28113e+001
1010	 1.0290000000e+003	 5.25874e+001	-2.09266e+001
1011	 1.0300000000e+003	 5.53178e+001	-1.90699e+001
1012	 1.0310000000e+003	 5.82015e+001	-1.71682e+001
1013	 1.0320000000e+003	 6.12839e+001	-1.52452e+001
1014	 1.0330000000e+003	 6.45232e+001	-1.34003e+001
1015	 1.0340000000e+003	 6.79154e+001	-1.16563e+001
1016	 1.0350000000e+003	 7.15042e+001	-1.00044e+001
1017	 1.0360000000e+003	 7.53007e+001	-8.36299e+000
1018	 1.0370000000e+003	 7.93437e+001	-6.76143e+000
1019	 1.0380000000e+003	 8.36703e+001	-5.25100e+000
1020	 1.0390000000e+003	 8.82293e+001	-3.85627e+000
1021	 1.0400000000e+003	 9.29842e+001	-2.66521e+000
1022	 1.0410000000e+003	 9.80062e+001	-1.65289e+000
1023	 1.0420000000e+003	 1.03256e+002	-8.18901e-001
1024	 1.0430000000e+003	 1.08812e+002	-2.17441e-001
1025	 1.0440000000e+003	 1.14724e+002	 1.48662e-001
1026	 1.0450000000e+003	 1.20980e+002	 2.34470e-001
1027	 1.0460000000e+003	 1.27577e+002	-3.06027e-002
1028	 1.0470000000e+003	 1.34478e+002	-7.02013e-001
1029	 1.0480000000e+003	 1.41668e+002	-1.85345e+000
1030	 1.0490000000e+003	 1.49145e+002	-3.54870e+000
1031	 1.0500000000e+003	 1.56745e+002	-5.87081e+000
1032	 1.0510000000e+003	 1.64697e+002	-8.82874e+000
1033	 1.0520000000e+003	 1.72949e+002	-1.25189e+001
1034	 1.0530000000e+003	 1.81155e+002	-1.70638e+001
1035	 1.0540000000e+003	 1.89398e+002	-2.25139e+001
1036	 1.0550000000e+003	 1.97542e+002	-2.89931e+001
1037	 1.0560000000e+003	 2.05489e+002	-3.64910e+001
1038	 1.0570000000e+003	 2.13090e+002	-4.50981e+001
1039	 1.0580000000e+003	 2.20087e+002	-5.47954e+001
1040	 1.0590000000e+003	 2.26360e+002	-6.56255e+001
1041	 1.0600000000e+003	 2.31615e+002	-7.74819e+001
1042	 1.0610000000e+003	 2.35701e+002	-9.02087e+001
1043	 1.0620000000e+003	 2.38430e+002	-1.03695e+002
1044	 1.0630000000e+003	 2.39556e+002	-1.17709e+002
1045	 1.0640000000e+003	 2.39073e+002	-1.32006e+002
1046	 1.0650000000e+003	 2.36889e+002	-1.46289e+002
1047	 1.0660000000e+003	 2.32962e+002	-1.60335e+002
1048	 1.0670000000e+003	 2.27405e+002	-1.73802e+002
1049	 1.0680000000e+003	 2.20340e+002	-1.86519e+002
1050	 1.0690000000e+003	 2.11927e+002	-1.98140e+002
1051	 1.0700000000e+003	 2.02428e+002	-2.08501e+002
1052	 1.0710000000e+003	 1.92082e+002	-2.17449e+002
1053	 1.0720000000e+003	 1.81122e+002	-2.24928e+002
1054	 1.0730000000e+003	 1.69877e+002	-2.30994e+002
1055	 1.0740000000e+003	 1.58544e+002	-2.35679e+002
1056	 1.0750000000e+003	 1.47280e+002	-2.39104e+002
1057	 1.0760000000e+003	 1.36172e+002	-2.41398e+002
1058	 1.0770000000e+003	 1.25452e+002	-2.42622e+002
1059	 1.0780000000e+003	 1.15204e+002	-2.42920e+002
1060	 1.0790000000e+003	 1.05550e+002	-2.42392e+002
1061	 1.0800000000e+003	 9.64568e+001	-2.41169e+002
1062	 1.0810000000e+003	 8.78593e+001	-2.39397e+002
1063	 1.0820000000e+003	 7.98241e+001	-2.37191e+002
1064	 1.0830000000e+003	 7.23679e+001	-2.34588e+002
1065	 1.0840000000e+003	 6.55243e+001	-2.31699e+002
1066	 1.0850000000e+003	 5.91578e+001	-2.28586e+002
1067	 1.0860000000e+003	 5.32106e+001	-2.25333e+002
1068	 1.0870000000e+003	 4.77382e+001	-2.21958e+002
1069	 1.0880000000e+003	 4.27836e+001	-2.18479e+002
1070	 1.0890000000e+003	 3.81719e+001	-2.14958e+002
1071	 1.0900000000e+003	 3.38880e+001	-2.11380e+002
1072	 1.0910000000e+003	 2.99719e+001	-2.07792e+002
1073	 1.0920000000e+003	 2.63940e+001	-2.04196e+002
1074	 1.0930000000e+003	 2.30697e+001	-2.00619e+002
1075	 1.0940000000e+003	 2.00190e+001	-1.97095e+002
1076	 1.0950000000e+003	 1.72535e+001	-1.93605e+002
1077	 1.0960000000e+003	 1.46942e+001	-1.90163e+002
1078	 1.0970000000e+003	 1.23475e+001	-1.86756e+002
1079	 1.0980000000e+003	 1.02285e+001	-1.83422e+002
1080	 1.0990000000e+003	 8.27946e+000	-1.80132e+002
1081	 1.1000000000e+003	 6.48917e+000	-1.76909e+002
1082	 1.1010000000e+003	 4.88799e+000	-1.73754e+002
1083	 1.1020000000e+003	 3.40881e+000	-1.70642e+002
1084	 1.1030000000e+003	 2.07067e+000	-1.67612e+002
1085	 1.1040000000e+003	 8.82955e-001	-1.64643e+002
1086	 1.1050000000e+003	-2.25859e-001	-1.61743e+002
1087	 1.1060000000e+003	-1.20666e+000	-1.58916e+002
1088	 1.1070000000e+003	-2.08251e+000	-1.56156e+002
1089	 1.1080000000e+003	-2.86401e+000	-1.53446e+002
1090	 1.1090000000e+003	-3.56043e+000	-1.50777e+002
1091	 1.1100000000e+003	-4.18692e+000	-1.48195e+002
1092	 1.1110000000e+003	-4.71871e+000	-1.45661e+002
1093	 1.1120000000e+003	-5.15949e+000	-1.43179e+002
1094	 1.1130000000e+003	-5.56372e+000	-1.40782e+002
1095	 1.1140000000e+003	-5.90607e+000	-1.38429e+002
1096	 1.1150000000e+003	-6.17926e+000	-1.36109e+002
1097	 1.1160000000e+003	-6.41517e+000	-1.33838e+002
1098	 1.1170000000e+003	-6.58363e+000	-1.31628e+002
1099	 1.1180000000e+003	-6.70776e+000	-1.29476e+002
1100	 1.1190000000e+003	-6.79395e+000	-1.27364e+002
1101	 1.1200000000e+003	-6.83812e+000	-1.25295e+002
1102	 1.1210000000e+003	-6.82227e+000	-1.23269e+002
1103	 1.1220000000e+003	-6.78083e+000	-1.21292e+002
1104	 1.1230000000e+003	-6.71848e+000	-1.19369e+002
1105	 1.1240000000e+003	-6.63304e+000	-1.17461e+002
1106	 1.1250000000e+003	-6.50871e+000	-1.15584e+002
1107	 1.1260000000e+003	-6.35798e+000	-1.13757e+002
1108	 1.1270000000e+003	-6.20040e+000	-1.11955e+002
1109	 1.1280000000e+003	-6.01649e+000	-1.10175e+002
1110	 1.1290000000e+003	-5.81282e+000	-1.08423e+002
1111	 1.1300000000e+003	-5.58145e+000	-1.06688e+002
1112	 1.1310000000e+003	-5.32076e+000	-1.04954e+002
1113	 1.1320000000e+003	-5.04789e+000	-1.03247e+002
1114	 1.1330000000e+003	-4.76799e+000	-1.01552e+002
1115	 1.1340000000e+003	-4.43539e+000	-9.98530e+001
1116	 1.1350000000e+003	-4.08426e+000	-9.81593e+001
1117	 1.1360000000e+003	-3.70926e+000	-9.64817e+001
1118	 1.1370000000e+003	-3.30139e+000	-9.48224e+001
1119	 1.1380000000e+003	-2.84978e+000	-9.31585e+001
1120	 1.1390000000e+003	-2.36703e+000	-9.14987e+001
1121	 1.1400000000e+003	-1.84009e+000	-8.98567e+001
1122	 1.1410000000e+003	-1.26385e+000	-8.82427e+001
1123	 1.1420000000e+003	-6.58538e-001	-8.66238e+001
1124	 1.1430000000e+003	-1.62107e-002	-8.50162e+001
1125	 1.1440000000e+003	 6.64005e-001	-8.34284e+001
1126	 1.1450000000e+003	 1.37089e+000	-8.18664e+001
1127	 1.1460000000e+003	 2.11328e+000	-8.03102e+001
1128	 1.1470000000e+003	 2.91398e+000	-7.87592e+001
1129	 1.1480000000e+003	 3.73334e+000	-7.72292e+001
1130	 1.1490000000e+003	 4.58957e+000	-7.57177e+001
1131	 1.1500000000e+003	 5.43977e+000	-7.42133e+001
1132	 1.1510000000e+003	 6.37932e+000	-7.27235e+001
1133	 1.1520000000e+003	 7.38185e+000	-7.12590e+001
1134	 1.1530000000e+003	 8.40290e+000	-6.97942e+001
1135	 1.1540000000e+003	 9.46526e+000	-6.83454e+001
1136	 1.1550000000e+003	 1.05675e+001	-6.68947e+001
1137	 1.1560000000e+003	 1.17025e+001	-6.54706e+001
1138	 1.1570000000e+003	 1.28919e+001	-6.40382e+001
1139	 1.1580000000e+003	 1.41358e+001	-6.26166e+001
1140	 1.1590000000e+003	 1.54316e+001	-6.12200e+001
1141	 1.1600000000e+003	 1.67732e+001	-5.98414e+001
1142	 1.1610000000e+003	 1.81846e+001	-5.84822e+001
1143	 1.1620000000e+003	 1.96419e+001	-5.71315e+001
1144	 1.1630000000e+003	 2.11769e+001	-5.57993e+001
1145	 1.1640000000e+003	 2.27641e+001	-5.44825e+001
1146	 1.1650000000e+003	 2.44405e+001	-5.32029e+001
1147	 1.1660000000e+003	 2.61417e+001	-5.19359e+001
1148	 1.1670000000e+003	 2.79658e+001	-5.07012e+001
1149	 1.1680000000e+003	 2.98241e+001	-4.94675e+001
1150	 1.1690000000e+003	 3.18115e+001	-4.82983e+001
1151	 1.1700000000e+003	 3.38289e+001	-4.71377e+001
1152	 1.1710000000e+003	 3.59836e+001	-4.60393e+001
1153	 1.1720000000e+003	 3.82013e+001	-4.49483e+001
1154	 1.1730000000e+003	 4.05320e+001	-4.39473e+001
1155	 1.1740000000e+003	 4.29427e+001	-4.29450e+001
1156	 1.1750000000e+003	 4.54627e+001	-4.20464e+001
1157	 1.1760000000e+003	 4.80961e+001	-4.11584e+001
1158	 1.1770000000e+003	 5.08078e+001	-4.03786e+001
1159	 1.1780000000e+003	 5.36726e+001	-3.96635e+001
1160	 1.1790000000e+003	 5.66062e+001	-3.90619e+001
1161	 1.1800000000e+003	 5.96860e+001	-3.85623e+001
1162	 1.1810000000e+003	 6.28852e+001	-3.81714e+001
1163	 1.1820000000e+003	 6.62211e+001	-3.79001e+001
1164	 1.1830000000e+003	 6.96820e+001	-3.77860e+001
1165	 1.1840000000e+003	 7.32878e+001	-3.78054e+001
1166	 1.1850000000e+003	 7.70222e+001	-3.80123e+001
1167	 1.1860000000e+003	 8.09101e+001	-3.83818e+001
1168	 1.1870000000e+003	 8.48740e+001	-3.89719e+001
1169	 1.1880000000e+003	 8.90093e+001	-3.97911e+001
1170	 1.1890000000e+003	 9.32401e+001	-4.08530e+001
1171	 1.1900000000e+003	 9.75669e+001	-4.22547e+001
1172	 1.1910000000e+003	 1.02027e+002	-4.39383e+001
1173	 1.1920000000e+003	 1.06542e+002	-4.59597e+001
1174	 1.1930000000e+003	 1.11132e+002	-4.83964e+001
1175	 1.1940000000e+003	 1.15784e+002	-5.12040e+001
1176	 1.1950000000e+003	 1.20402e+002	-5.44255e+001
1177	 1.1960000000e+003	 1.25001e+002	-5.81340e+001
1178	 1.1970000000e+003	 1.29504e+002	-6.22835e+001
1179	 1.1980000000e+003	 1.33818e+002	-6.69707e+001
1180	 1.1990000000e+003	 1.37948e+002	-7.22077e+001
1181	 1.2000000000e+003	 1.41789e+002	-7.79764e+001
1182	 1.2010000000e+003	 1.45219e+002	-8.43250e+001
1183	 1.2020000000e+003	 1.48234e+002	-9.11815e+001
1184	 1.2030000000e+003	 1.50648e+002	-9.85161e+001
1185	 1.2040000000e+003	 1.52437e+002	-1.06292e+002
1186	 1.2050000000e+003	 1.53505e+002	-1.14370e+002
1187	 1.2060000000e+003	 1.53791e+002	-1.22687e+002
1188	 1.2070000000e+003	 1.53236e+002	-1.31168e+002
1189	 1.2080000000e+003	 1.51797e+002	-1.39603e+002
1190	 1.2090000000e+003	 1.49447e+002	-1.47973e+002
1191	 1.2100000000e+003	 1.46265e+002	-1.56058e+002
1192	 1.2110000000e+003	 1.42253e+002	-1.63776e+002
1193	 1.2120000000e+003	 1.37456e+002	-1.71040e+002
1194	 1.2130000000e+003	 1.32063e+002	-1.77758e+002
1195	 1.2140000000e+003	 1.26074e+002	-1.83796e+002
1196	 1.2150000000e+003	 1.19661e+002	-1.89158e+002
1197	 1.2160000000e+003	 1.12935e+002	-1.93849e+002
1198	 1.2170000000e+003	 1.06011e+002	-1.97730e+002
1199	 1.2180000000e+003	 9.89267e+001	-2.00878e+002
1200	 1.2190000000e+003	 9.17848e+001	-2.03349e+002
1201	 1.2200000000e+003	 8.47465e+001	-2.05174e+002
1202	 1.2210000000e+003	 7.77909e+001	-2.06340e+002
1203	 1.2220000000e+003	 7.09406e+001	-2.06929e+002
1204	 1.2230000000e+003	 6.42910e+001	-2.07048e+002
1205	 1.2240000000e+003	 5.79050e+001	-2.06697e+002
1206	 1.2250000000e+003	 5.18253e+001	-2.05962e+002
1207	 1.2260000000e+003	 4.59949e+001	-2.04864e+002
1208	 1.2270000000e+003	 4.04711e+001	-2.03440e+002
1209	 1.2280000000e+003	 3.52746e+001	-2.01765e+002
1210	 1.2290000000e+003	 3.04156e+001	-1.99841e+002
1211	 1.2300000000e+003	 2.58626e+001	-1.97709e+002
1212	 1.2310000000e+003	 2.15740e+001	-1.95416e+002
1213	 1.2320000000e+003	 1.75650e+001	-1.93001e+002
1214	 1.2330000000e+003	 1.38240e+001	-1.90500e+002
1215	 1.2340000000e+003	 1.03365e+001	-1.87894e+002
1216	 1.2350000000e+003	 7.12420e+000	-1.85235e+002
1217	 1.2360000000e+003	 4.10855e+000	-1.82568e+002
1218	 1.2370000000e+003	 1.28622e+000	-1.79866e+002
1219	 1.2380000000e+003	-1.26369e+000	-1.77164e+002
1220	 1.2390000000e+003	-3.57694e+000	-1.74477e+002
1221	 1.2400000000e+003	-5.72101e+000	-1.71744e+002
1222	 1.2410000000e+003	-7.68711e+000	-1.69041e+002
1223	 1.2420000000e+003	-9.50215e+000	-1.66409e+002
1224	 1.2430000000e+003	-1.11576e+001	-1.63777e+002
1225	 1.2440000000e+003	-1.26415e+001	-1.61161e+002
1226	 1.2450000000e+003	-1.40264e+001	-1.58590e+002
1227	 1.2460000000e+003	-1.53278e+001	-1.56042e+002
1228	 1.2470000000e+003	-1.65202e+001	-1.53562e+002
1229	 1.2480000000e+003	-1.76141e+001	-1.51189e+002
1230	 1.2490000000e+003	-1.86182e+001	-1.48857e+002
1231	 1.2500000000e+003	-1.94609e+001	-1.46504e+002
1232	 1.2510000000e+003	-2.01830e+001	-1.44195e+002
1233	 1.2520000000e+003	-2.09025e+001	-1.41935e+002
1234	 1.2530000000e+003	-2.15707e+001	-1.39692e+002
1235	 1.2540000000e+003	-2.20972e+001	-1.37537e+002
1236	 1.2550000000e+003	-2.25631e+001	-1.35465e+002
1237	 1.2560000000e+003	-2.29884e+001	-1.33386e+002
1238	 1.2570000000e+003	-2.33223e+001	-1.31303e+002
1239	 1.2580000000e+003	-2.35962e+001	-1.29271e+002
1240	 1.2590000000e+003	-2.39249e+001	-1.27307e+002
1241	 1.2600000000e+003	-2.42669e+001	-1.25383e+002
1242	 1.2610000000e+003	-2.45076e+001	-1.23555e+002
1243	 1.2620000000e+003	-2.46418e+001	-1.21862e+002
1244	 1.2630000000e+003	-2.46785e+001	-1.20213e+002
1245	 1.2640000000e+003	-2.46312e+001	-1.18449e+002
1246	 1.2650000000e+003	-2.45363e+001	-1.16611e+002
1247	 1.2660000000e+003	-2.45298e+001	-1.14803e+002
1248	 1.2670000000e+003	-2.46403e+001	-1.13089e+002
1249	 1.2680000000e+003	-2.46880e+001	-1.11464e+002
1250	 1.2690000000e+003	-2.45642e+001	-1.09878e+002
1251	 1.2700000000e+003	-2.43145e+001	-1.08299e+002
1252	 1.2710000000e+003	-2.40480e+001	-1.06675e+002
1253	 1.2720000000e+003	-2.38281e+001	-1.04938e+002
1254	 1.2730000000e+003	-2.36394e+001	-1.03159e+002
1255	 1.2740000000e+003	-2.34131e+001	-1.01492e+002
1256	 1.2750000000e+003	-2.31481e+001	-9.99752e+001
1257	 1.2760000000e+003	-2.28619e+001	-9.85281e+001
1258	 1.2770000000e+003	-2.25219e+001	-9.70407e+001
1259	 1.2780000000e+003	-2.20829e+001	-9.55150e+001
1260	 1.2790000000e+003	-2.16110e+001	-9.40366e+001
1261	 1.2800000000e+003	-2.11812e+001	-9.26410e+001
1262	 1.2810000000e+003	-2.08039e+001	-9.12888e+001
1263	 1.2820000000e+003	-2.04321e+001	-8.99340e+001
1264	 1.2830000000e+003	-1.99739e+001	-8.85792e+001
1265	 1.2840000000e+003	-1.94223e+001	-8.72668e+001
1266	 1.2850000000e+003	-1.88095e+001	-8.59893e+001
1267	 1.2860000000e+003	-1.82118e+001	-8.47292e+001
1268	 1.2870000000e+003	-1.76398e+001	-8.34556e+001
1269	 1.2880000000e+003	-1.70505e+001	-8.21441e+001
1270	 1.2890000000e+003	-1.64094e+001	-8.08133e+001
1271	 1.2900000000e+003	-1.57156e+001	-7.95342e+001
1272	 1.2910000000e+003	-1.50033e+001	-7.83497e+001
1273	 1.2920000000e+003	-1.42912e+001	-7.72183e+001
1274	 1.2930000000e+003	-1.35915e+001	-7.60988e+001
1275	 1.2940000000e+003	-1.28769e+001	-7.49607e+001
1276	 1.2950000000e+003	-1.21164e+001	-7.38035e+001
1277	 1.2960000000e+003	-1.12807e+001	-7.26552e+001
1278	 1.2970000000e+003	-1.03846e+001	-7.15395e+001
1279	 1.2980000000e+003	-9.46468e+000	-7.04696e+001
1280	 1.2990000000e+003	-8.54638e+000	-6.94187e+001
1281	 1.3000000000e+003	-7.64344e+000	-6.83784e+001
1282	 1.3010000000e+003	-6.73141e+000	-6.73433e+001
1283	 1.3020000000e+003	-5.77926e+000	-6.62958e+001
1284	 1.3030000000e+003	-4.77974e+000	-6.52605e+001
1285	 1.3040000000e+003	-3.70916e+000	-6.42559e+001
1286	 1.3050000000e+003	-2.59723e+000	-6.33206e+001
1287	 1.3060000000e+003	-1.44730e+000	-6.24625e+001
1288	 1.3070000000e+003	-2.68522e-001	-6.16905e+001
1289	 1.3080000000e+003	 9.01053e-001	-6.09800e+001
1290	 1.3090000000e+003	 2.12739e+000	-6.03583e+001
1291	 1.3100000000e+003	 3.40327e+000	-5.97853e+001
1292	 1.3110000000e+003	 4.70032e+000	-5.92072e+001
1293	 1.3120000000e+003	 6.04776e+000	-5.86237e+001
1294	 1.3130000000e+003	 7.42687e+000	-5.80034e+001
1295	 1.3140000000e+003	 8.85305e+000	-5.73757e+001
1296	 1.3150000000e+003	 1.03156e+001	-5.67329e+001
1297	 1.3160000000e+003	 1.18129e+001	-5.60801e+001
1298	 1.3170000000e+003	 1.33477e+001	-5.54261e+001
1299	 1.3180000000e+003	 1.49324e+001	-5.47680e+001
1300	 1.3190000000e+003	 1.65484e+001	-5.41186e+001
1301	 1.3200000000e+003	 1.81958e+001	-5.35078e+001
1302	 1.3210000000e+003	 1.99201e+001	-5.29539e+001
1303	 1.3220000000e+003	 2.16850e+001	-5.24656e+001
1304	 1.3230000000e+003	 2.35098e+001	-5.20701e+001
1305	 1.3240000000e+003	 2.53927e+001	-5.17719e+001
1306	 1.3250000000e+003	 2.73109e+001	-5.15730e+001
1307	 1.3260000000e+003	 2.92697e+001	-5.14951e+001
1308	 1.3270000000e+003	 3.12743e+001	-5.15258e+001
1309	 1.3280000000e+003	 3.33040e+001	-5.16600e+001
1310	 1.3290000000e+003	 3.53572e+001	-5.18913e+001
1311	 1.3300000000e+003	 3.74616e+001	-5.22042e+001
1312	 1.3310000000e+003	 3.96106e+001	-5.26070e+001
1313	 1.3320000000e+003	 4.18303e+001	-5.31095e+001
1314	 1.3330000000e+003	 4.40922e+001	-5.37396e+001
1315	 1.3340000000e+003	 4.63958e+001	-5.45166e+001
1316	 1.3350000000e+003	 4.87288e+001	-5.54494e+001
1317	 1.3360000000e+003	 5.10622e+001	-5.65467e+001
1318	 1.3370000000e+003	 5.33970e+001	-5.78090e+001
1319	 1.3380000000e+003	 5.57268e+001	-5.92637e+001
1320	 1.3390000000e+003	 5.80305e+001	-6.08969e+001
1321	 1.3400000000e+003	 6.03167e+001	-6.27396e+001
1322	 1.3410000000e+003	 6.25507e+001	-6.48161e+001
1323	 1.3420000000e+003	 6.47056e+001	-6.71245e+001
1324	 1.3430000000e+003	 6.67462e+001	-6.96642e+001
1325	 1.3440000000e+003	 6.86540e+001	-7.24283e+001
1326	 1.3450000000e+003	 7.04020e+001	-7.53924e+001
1327	 1.3460000000e+003	 7.19807e+001	-7.85602e+001
1328	 1.3470000000e+003	 7.33592e+001	-8.19270e+001
1329	 1.3480000000e+003	 7.44741e+001	-8.54993e+001
1330	 1.3490000000e+003	 7.52969e+001	-8.92382e+001
1331	 1.3500000000e+003	 7.57895e+001	-9.31980e+001
1332	 1.3510000000e+003	 7.59199e+001	-9.72224e+001
1333	 1.3520000000e+003	 7.56797e+001	-1.01218e+002
1334	 1.3530000000e+003	 7.50373e+001	-1.05319e+002
1335	 1.3540000000e+003	 7.39931e+001	-1.09399e+002
1336	 1.3550000000e+003	 7.25120e+001	-1.13413e+002
1337	 1.3560000000e+003	 7.05963e+001	-1.17253e+002
1338	 1.3570000000e+003	 6.82989e+001	-1.20868e+002
1339	 1.3580000000e+003	 6.56931e+001	-1.24191e+002
1340	 1.3590000000e+003	 6.28745e+001	-1.27223e+002
1341	 1.3600000000e+003	 5.98764e+001	-1.29985e+002
1342	 1.3610000000e+003	 5.66651e+001	-1.32462e+002
1343	 1.3620000000e+003	 5.32233e+001	-1.34591e+002
1344	 1.3630000000e+003	 4.96330e+001	-1.36292e+002
1345	 1.3640000000e+003	 4.60376e+001	-1.37553e+002
1346	 1.3650000000e+003	 4.25276e+001	-1.38486e+002
1347	 1.3660000000e+003	 3.90537e+001	-1.39147e+002
1348	 1.3670000000e+003	 3.55817e+001	-1.39531e+002
1349	 1.3680000000e+003	 3.21448e+001	-1.39603e+002
1350	 1.3690000000e+003	 2.88476e+001	-1.39386e+002
1351	 1.3700000000e+003	 2.57199e+001	-1.38954e+002
1352	 1.3710000000e+003	 2.27704e+001	-1.38345e+002
1353	 1.3720000000e+003	 1.99830e+001	-1.37564e+002
1354	 1.3730000000e+003	 1.73518e+001	-1.36649e+002
1355	 1.3740000000e+003	 1.48898e+001	-1.35600e+002
1356	 1.3750000000e+003	 1.26002e+001	-1.34453e+002
1357	 1.3760000000e+003	 1.04694e+001	-1.33225e+002
1358	 1.3770000000e+003	 8.50138e+000	-1.31937e+002
1359	 1.3780000000e+003	 6.68214e+000	-1.30606e+002
1360	 1.3790000000e+003	 4.99318e+000	-1.29234e+002
1361	 1.3800000000e+003	 3.42945e+000	-1.27840e+002
1362	 1.3810000000e+003	 2.00668e+000	-1.26441e+002
1363	 1.3820000000e+003	 7.08476e-001	-1.25044e+002
1364	 1.3830000000e+003	-4.85774e-001	-1.23662e+002
1365	 1.3840000000e+003	-1.57094e+000	-1.22300e+002
1366	 1.3850000000e+003	-2.56062e+000	-1.20957e+002
1367	 1.3860000000e+003	-3.46546e+000	-1.19644e+002
1368	 1.3870000000e+003	-4.29609e+000	-1.18349e+002
1369	 1.3880000000e+003	-5.06589e+000	-1.17087e+002
1370	 1.3890000000e+003	-5.77569e+000	-1.15845e+002
1371	 1.3900000000e+003	-6.43665e+000	-1.14623e+002
1372	 1.3910000000e+003	-7.05104e+000	-1.13429e+002
1373	 1.3920000000e+003	-7.64024e+000	-1.12259e+002
1374	 1.3930000000e+003	-8.19418e+000	-1.11098e+002
1375	 1.3940000000e+003	-8.68667e+000	-1.09962e+002
1376	 1.3950000000e+003	-9.15857e+000	-1.08858e+002
1377	 1.3960000000e+003	-9.61852e+000	-1.07765e+002
1378	 1.3970000000e+003	-1.00312e+001	-1.06672e+002
1379	 1.3980000000e+003	-1.03963e+001	-1.05615e+002
1380	 1.3990000000e+003	-1.07596e+001	-1.04561e+002
1381	 1.4000000000e+003	-1.10971e+001	-1.03495e+002
1382	 1.4010000000e+003	-1.14094e+001	-1.02457e+002
1383	 1.4020000000e+003	-1.17085e+001	-1.01434e+002
1384	 1.4030000000e+003	-1.19631e+001	-1.00398e+002
1385	 1.4040000000e+003	-1.21973e+001	-9.93711e+001
1386	 1.4050000000e+003	-1.24393e+001	-9.83396e+001
1387	 1.4060000000e+003	-1.26430e+001	-9.73055e+001
1388	 1.4070000000e+003	-1.28142e+001	-9.63114e+001
1389	 1.4080000000e+003	-1.29774e+001	-9.53126e+001
1390	 1.4090000000e+003	-1.30899e+001	-9.42819e+001
1391	 1.4100000000e+003	-1.31632e+001	-9.32888e+001
1392	 1.4110000000e+003	-1.32537e+001	-9.23183e+001
1393	 1.4120000000e+003	-1.32914e+001	-9.13184e+001
1394	 1.4130000000e+003	-1.32884e+001	-9.03384e+001
1395	 1.4140000000e+003	-1.32971e+001	-8.93741e+001
1396	 1.4150000000e+003	-1.32863e+001	-8.84096e+001
1397	 1.4160000000e+003	-1.32231e+001	-8.74666e+001
1398	 1.4170000000e+003	-1.31602e+001	-8.65215e+001
1399	 1.4180000000e+003	-1.30786e+001	-8.55626e+001
1400	 1.4190000000e+003	-1.29677e+001	-8.46285e+001
1401	 1.4200000000e+003	-1.28320e+001	-8.37111e+001
1402	 1.4210000000e+003	-1.26772e+001	-8.27973e+001
1403	 1.4220000000e+003	-1.25054e+001	-8.18839e+001
1404	 1.4230000000e+003	-1.23100e+001	-8.09900e+001
1405	 1.4240000000e+003	-1.20848e+001	-8.01108e+001
1406	 1.4250000000e+003	-1.18353e+001	-7.92352e+001
1407	 1.4260000000e+003	-1.15748e+001	-7.83766e+001
1408	 1.4270000000e+003	-1.13031e+001	-7.75348e+001
1409	 1.4280000000e+003	-1.10033e+001	-7.67014e+001
1410	 1.4290000000e+003	-1.07003e+001	-7.58684e+001
1411	 1.4300000000e+003	-1.03708e+001	-7.50451e+001
1412	 1.4310000000e+003	-1.00285e+001	-7.42298e+001
1413	 1.4320000000e+003	-9.66267e+000	-7.34298e+001
1414	 1.4330000000e+003	-9.28502e+000	-7.26321e+001
1415	 1.4340000000e+003	-8.89066e+000	-7.18520e+001
1416	 1.4350000000e+003	-8.46998e+000	-7.10852e+001
1417	 1.4360000000e+003	-8.04108e+000	-7.03198e+001
1418	 1.4370000000e+003	-7.58564e+000	-6.95761e+001
1419	 1.4380000000e+003	-7.11298e+000	-6.88403e+001
1420	 1.4390000000e+003	-6.63468e+000	-6.81061e+001
1421	 1.4400000000e+003	-6.14395e+000	-6.73937e+001
1422	 1.4410000000e+003	-5.62514e+000	-6.66894e+001
1423	 1.4420000000e+003	-5.10217e+000	-6.59784e+001
1424	 1.4430000000e+003	-4.55988e+000	-6.52886e+001
1425	 1.4440000000e+003	-3.99539e+000	-6.45986e+001
1426	 1.4450000000e+003	-3.40460e+000	-6.39156e+001
1427	 1.4460000000e+003	-2.80958e+000	-6.32429e+001
1428	 1.4470000000e+003	-2.18892e+000	-6.25768e+001
1429	 1.4480000000e+003	-1.54383e+000	-6.19220e+001
1430	 1.4490000000e+003	-8.79246e-001	-6.12702e+001
1431	 1.4500000000e+003	-1.85758e-001	-6.06614e+001
1432	 1.4510000000e+003	 5.31902e-001	-6.00299e+001
1433	 1.4520000000e+003	 1.28580e+000	-5.93726e+001
1434	 1.4530000000e+003	 2.07004e+000	-5.87589e+001
1435	 1.4540000000e+003	 2.86560e+000	-5.81683e+001
1436	 1.4550000000e+003	 3.67881e+000	-5.75891e+001
1437	 1.4560000000e+003	 4.53399e+000	-5.70196e+001
1438	 1.4570000000e+003	 5.43693e+000	-5.64523e+001
1439	 1.4580000000e+003	 6.39186e+000	-5.59149e+001
1440	 1.4590000000e+003	 7.35557e+000	-5.54050e+001
1441	 1.4600000000e+003	 8.32636e+000	-5.49311e+001
1442	 1.4610000000e+003	 9.34089e+000	-5.44667e+001
1443	 1.4620000000e+003	 1.04386e+001	-5.40112e+001
1444	 1.4630000000e+003	 1.15911e+001	-5.35928e+001
1445	 1.4640000000e+003	 1.27348e+001	-5.32440e+001
1446	 1.4650000000e+003	 1.38665e+001	-5.29259e+001
1447	 1.4660000000e+003	 1.50996e+001	-5.26164e+001
1448	 1.4670000000e+003	 1.64445e+001	-5.23589e+001
1449	 1.4680000000e+003	 1.77495e+001	-5.21784e+001
1450	 1.4690000000e+003	 1.89965e+001	-5.20397e+001
1451	 1.4700000000e+003	 2.03889e+001	-5.19290e+001
1452	 1.4710000000e+003	 2.19054e+001	-5.19059e+001
1453	 1.4720000000e+003	 2.33046e+001	-5.19687e+001
1454	 1.4730000000e+003	 2.46627e+001	-5.20537e+001
1455	 1.4740000000e+003	 2.62679e+001	-5.22202e+001
1456	 1.4750000000e+003	 2.78849e+001	-5.25186e+001
1457	 1.4760000000e+003	 2.92592e+001	-5.28388e+001
1458	 1.4770000000e+003	 3.08367e+001	-5.32317e+001
1459	 1.4780000000e+003	 3.26089e+001	-5.38374e+001
1460	 1.4790000000e+003	 3.40394e+001	-5.44407e+001
1461	 1.4800000000e+003	 3.55410e+001	-5.50849e+001
1462	 1.4810000000e+003	 3.73567e+001	-5.60348e+001
1463	 1.4820000000e+003	 3.87661e+001	-5.69364e+001
1464	 1.4830000000e+003	 4.02005e+001	-5.78520e+001
1465	 1.4840000000e+003	 4.19697e+001	-5.92154e+001
1466	 1.4850000000e+003	 4.32328e+001	-6.03829e+001
1467	 1.4860000000e+003	 4.46283e+001	-6.16471e+001
1468	 1.4870000000e+003	 4.62228e+001	-6.34473e+001
1469	 1.4880000000e+003	 4.72374e+001	-6.47540e+001
1470	 1.4890000000e+003	 4.86106e+001	-6.65399e+001
1471	 1.4900000000e+003	 4.98174e+001	-6.86371e+001
1472	 1.4910000000e+003	 5.06436e+001	-7.00894e+001
1473	 1.4920000000e+003	 5.18299e+001	-7.26106e+001
1474	 1.4930000000e+003	 5.24525e+001	-7.45037e+001
1475	 1.4940000000e+003	 5.32226e+001	-7.66858e+001
1476	 1.4950000000e+003	 5.37497e+001	-7.94900e+001
1477	 1.4960000000e+003	 5.40457e+001	-8.11940e+001
1478	 1.4970000000e+003	 5.42931e+001	-8.43990e+001
1479	 1.4980000000e+003	 5.42101e+001	-8.62947e+001
1480	 1.4990000000e+003	 5.40975e+001	-8.92211e+001
1481	 1.5000000000e+003	 5.35398e+001	-9.17732e+001
1482	 1.5010000000e+003	 5.31370e+001	-9.40402e+001
1483	 1.5020000000e+003	 5.20023e+001	-9.71238e+001
1484	 1.5030000000e+003	 5.13806e+001	-9.88153e+001
1485	 1.5040000000e+003	 4.96606e+001	-1.02009e+002
1486	 1.5050000000e+003	 4.88168e+001	-1.03373e+002
1487	 1.5060000000e+003	 4.66310e+001	-1.06364e+002
1488	 1.5070000000e+003	 4.55386e+001	-1.07528e+002
1489	 1.5080000000e+003	 4.29667e+001	-1.10110e+002
1490	 1.5090000000e+003	 4.16463e+001	-1.11074e+002
1491	 1.5100000000e+003	 3.87544e+001	-1.13158e+002
1492	 1.5110000000e+003	 3.73167e+001	-1.13885e+002
1493	 1.5120000000e+003	 3.41904e+001	-1.15457e+002
1494	 1.5130000000e+003	 3.27959e+001	-1.15917e+002
1495	 1.5140000000e+003	 2.94976e+001	-1.16958e+002
1496	 1.5150000000e+003	 2.82137e+001	-1.17210e+002
1497	 1.5160000000e+003	 2.48135e+001	-1.17706e+002
1498	 1.5170000000e+003	 2.36285e+001	-1.17789e+002
1499	 1.5180000000e+003	 2.03844e+001	-1.17760e+002
1500	 1.5190000000e+003	 1.91479e+001	-1.17737e+002
1501	 1.5200000000e+003	 1.64389e+001	-1.17286e+002
1502	 1.5210000000e+003	 1.48600e+001	-1.17131e+002
1503	 1.5220000000e+003	 1.30984e+001	-1.16535e+002
1504	 1.5230000000e+003	 1.08743e+001	-1.16019e+002
1505	 1.5240000000e+003	 9.86279e+000	-1.15571e+002
1506	 1.5250000000e+003	 7.32984e+000	-1.14489e+002
1507	 1.5260000000e+003	 6.47127e+000	-1.14126e+002
1508	 1.5270000000e+003	 4.56819e+000	-1.12896e+002
1509	 1.5280000000e+003	 3.30527e+000	-1.12273e+002
1510	 1.5290000000e+003	 2.46748e+000	-1.11621e+002
1511	 1.5300000000e+003	 5.55013e-001	-1.10197e+002
1512	 1.5310000000e+003	-8.78931e-002	-1.09705e+002
1513	 1.5320000000e+003	-1.33323e+000	-1.08430e+002
1514	 1.5330000000e+003	-2.44895e+000	-1.07473e+002
1515	 1.5340000000e+003	-2.95814e+000	-1.06894e+002
1516	 1.5350000000e+003	-4.33429e+000	-1.05287e+002
1517	 1.5360000000e+003	-4.95646e+000	-1.04631e+002
1518	 1.5370000000e+003	-5.42985e+000	-1.03964e+002
1519	 1.5380000000e+003	-6.61273e+000	-1.02310e+002
1520	 1.5390000000e+003	-7.06562e+000	-1.01721e+002
1521	 1.5400000000e+003	-7.47580e+000	-1.01033e+002
1522	 1.5410000000e+003	-8.45397e+000	-9.93416e+001
1523	 1.5420000000e+003	-8.78907e+000	-9.87559e+001
1524	 1.5430000000e+003	-9.07340e+000	-9.81306e+001
1525	 1.5440000000e+003	-9.86482e+000	-9.64203e+001
1526	 1.5450000000e+003	-1.01490e+001	-9.57650e+001
1527	 1.5460000000e+003	-1.03498e+001	-9.51670e+001
1528	 1.5470000000e+003	-1.08495e+001	-9.37516e+001
1529	 1.5480000000e+003	-1.11874e+001	-9.28061e+001
1530	 1.5490000000e+003	-1.13440e+001	-9.22091e+001
1531	 1.5500000000e+003	-1.15557e+001	-9.15033e+001
1532	 1.5510000000e+003	-1.19640e+001	-8.98773e+001
1533	 1.5520000000e+003	-1.20659e+001	-8.92902e+001
1534	 1.5530000000e+003	-1.21867e+001	-8.87137e+001
1535	 1.5540000000e+003	-1.23331e+001	-8.78314e+001
1536	 1.5550000000e+003	-1.25259e+001	-8.63751e+001
1537	 1.5560000000e+003	-1.25834e+001	-8.58104e+001
1538	 1.5570000000e+003	-1.26307e+001	-8.52265e+001
1539	 1.5580000000e+003	-1.26693e+001	-8.45435e+001
1540	 1.5590000000e+003	-1.27253e+001	-8.29686e+001
1541	 1.5600000000e+003	-1.27075e+001	-8.23922e+001
1542	 1.5610000000e+003	-1.26828e+001	-8.17858e+001
1543	 1.5620000000e+003	-1.26491e+001	-8.12092e+001
1544	 1.5630000000e+003	-1.25599e+001	-8.00666e+001
1545	 1.5640000000e+003	-1.24570e+001	-7.90429e+001
1546	 1.5650000000e+003	-1.23882e+001	-7.84847e+001
1547	 1.5660000000e+003	-1.23114e+001	-7.78890e+001
1548	 1.5670000000e+003	-1.22272e+001	-7.73252e+001
1549	 1.5680000000e+003	-1.20994e+001	-7.66455e+001
1550	 1.5690000000e+003	-1.17810e+001	-7.52333e+001
1551	 1.5700000000e+003	-1.16584e+001	-7.47257e+001
1552	 1.5710000000e+003	-1.14980e+001	-7.41550e+001
1553	 1.5720000000e+003	-1.13140e+001	-7.35642e+001
1554	 1.5730000000e+003	-1.11250e+001	-7.29972e+001
1555	 1.5740000000e+003	-1.09436e+001	-7.24839e+001
1556	 1.5750000000e+003	-1.04630e+001	-7.11589e+001
1557	 1.5760000000e+003	-1.02144e+001	-7.05817e+001
1558	 1.5770000000e+003	-9.97636e+000	-7.00699e+001
1559	 1.5780000000e+003	-9.72142e+000	-6.95129e+001
1560	 1.5790000000e+003	-9.45267e+000	-6.89464e+001
1561	 1.5800000000e+003	-9.16759e+000	-6.83850e+001
1562	 1.5810000000e+003	-8.88566e+000	-6.78452e+001
1563	 1.5820000000e+003	-8.62714e+000	-6.73511e+001
1564	 1.5830000000e+003	-8.36561e+000	-6.68770e+001
1565	 1.5840000000e+003	-7.54813e+000	-6.56340e+001
1566	 1.5850000000e+003	-7.26137e+000	-6.52069e+001
1567	 1.5860000000e+003	-6.92751e+000	-6.47461e+001
1568	 1.5870000000e+003	-6.56175e+000	-6.42479e+001
1569	 1.5880000000e+003	-6.16712e+000	-6.37381e+001
1570	 1.5890000000e+003	-5.75373e+000	-6.32312e+001
1571	 1.5900000000e+003	-5.32711e+000	-6.27193e+001
1572	 1.5910000000e+003	-4.88730e+000	-6.22195e+001
1573	 1.5920000000e+003	-4.44038e+000	-6.17301e+001
1574	 1.5930000000e+003	-3.98079e+000	-6.12455e+001
1575	 1.5940000000e+003	-3.49354e+000	-6.07727e+001
1576	 1.5950000000e+003	-2.99835e+000	-6.03015e+001
1577	 1.5960000000e+003	-2.50092e+000	-5.98429e+001
1578	 1.5970000000e+003	-1.98182e+000	-5.93895e+001
1579	 1.5980000000e+003	-1.43429e+000	-5.89488e+001
1580	 1.5990000000e+003	-8.72017e-001	-5.85232e+001
1581	 1.6000000000e+003	-2.89573e-001	-5.81048e+001
1582	 1.6010000000e+003	 3.18846e-001	-5.76906e+001
1583	 1.6020000000e+003	 9.45917e-001	-5.72818e+001
1584	 1.6030000000e+003	 1.56563e+000	-5.68823e+001
1585	 1.6040000000e+003	 2.21938e+000	-5.65063e+001
1586	 1.6050000000e+003	 2.90865e+000	-5.61447e+001
1587	 1.6060000000e+003	 3.59542e+000	-5.58207e+001
1588	 1.6070000000e+003	 4.29456e+000	-5.55163e+001
1589	 1.6080000000e+003	 4.95042e+000	-5.50860e+001
1590	 1.6090000000e+003	 5.65654e+000	-5.47242e+001
1591	 1.6100000000e+003	 6.51327e+000	-5.46085e+001
1592	 1.6110000000e+003	 7.24081e+000	-5.44085e+001
1593	 1.6120000000e+003	 8.03280e+000	-5.42209e+001
1594	 1.6130000000e+003	 8.85475e+000	-5.40740e+001
1595	 1.6140000000e+003	 9.59807e+000	-5.40036e+001
1596	 1.6150000000e+003	 1.02497e+001	-5.42695e+001
1597	 1.6160000000e+003	 1.11225e+001	-5.44097e+001
1598	 1.6170000000e+003	 1.22315e+001	-5.45031e+001
1599	 1.6180000000e+003	 1.26005e+001	-5.47278e+001
1600	 1.6190000000e+003	 1.33729e+001	-5.46694e+001
1601	 1.6200000000e+003	 1.45301e+001	-5.40611e+001
TagsBegin:	 	 	 
OverLoad:	 	False	 
AverageNumber: []	 	 8.80000e+001	 
OverLoadRatio: []	 	 1.19209e-007	 
TagsEnd:	 	 	 
TagScalesBegin:	 	 	 
TagScalesEnd:	 	 	 
