Header Size:	 79	 	 
Pulse Version:	 80	 	 
Running Pulse Version:	PULSE LabShop Fast Track Version 18.1.1.9 - 2014-01-16	 	 
Decimal Symbol:	.	 	 
Date Format:	M/d/yyyy	 	 
Time Format:	HH:mm:ss:mmm	 	 
Data Type:	Complex	 	 
Slice:	False	 	 
Z-Axis type:	Linear	 	 
Z-Axis size:	1	 	 
Z-Axis unit:	 	 	 
Z-Axis first value:	 0.0000000000e+000	 	 
Z-Axis delta:	 1.0000000000e+000	 	 
X-Axis type:	Linear	 	 
X-Axis size:	1601	 	 
X-Axis unit:	Hz	 	 
X-Axis first value:	 2.0000000000e+001	 	 
X-Axis delta:	 1.0000000000e+000	 	 
	 	 	 
AmplitudeUnit:	Pa/(m/s)	 	 
Analyzer:	FFT_Spectrum_Averaging	 	 
AnalyzerName:	FFT Analyzer	 	 
	 	 	 
	 	 	 
Bipolar:	True	 	 
CenterFrequency:	 8.2000000000e+002	 	 
	 	 	 
	 	 	 
	 	 	 
	 	 	 
	 	 	 
	 	 	 
	 	 	 
	 	 	 
Domain:	1	 	 
Function:	Frequency Response	 	 
	 	 	 
InputRange:	-1.0000000000e-001	 	 
	 	 	 
	 	 	 
MultiBufferName:	Input	 	 
NBW:	 1.5000000000e+000	 	 
	 	 	 
OverlapFailed:	False	 	 
Overrun:	False	 	 
Power:	False	 	 
	 	 	 
Ratio:	True	 	 
RecordLength:	 1.0000000000e+000	 	 
ReducedSize:	True	 	 
Ref_Signal:	v	 	 
	 	 	 
	 	 	 
RefSignalUnit:	m/s	 	 
	 	 	 
	 	 	 
Signal:	p	 	 
	 	 	 
SignalUnit:	Pa	 	 
	 	 	 
	 	 	 
	 	 	 
Title:	Input Impedance	 	 
Title1:	Working : Input : Input : FFT Analyzer	 	 
	 	 	 
	 	 	 
	 	 	 
ZoomOn:	True	 	 
	 	 	 
TemplateName:	Working	 	 
MeasurementName:	Input	 	 
MeasurementSlice:	False	 	 
	 	 	 
	 	 	 
	 	 	 
EnvelopeOn:	False	 	 
	 	 	 
	 	 	 
	 	 	 
Z-index:	 	1	 
Date:	 	5/24/2022	 
Time:	 	11:50:40:249	 
Relative time:	 	 0.00000e+000	 
Z-axis:	 	 0.0000000000e+000	 
1	 2.0000000000e+001	 1.46036e+000	 5.97096e+001
2	 2.1000000000e+001	 1.90781e+000	 6.24566e+001
3	 2.2000000000e+001	 1.90090e+000	 6.51450e+001
4	 2.3000000000e+001	 2.37041e+000	 6.85091e+001
5	 2.4000000000e+001	 2.60081e+000	 7.22388e+001
6	 2.5000000000e+001	 2.90013e+000	 7.58694e+001
7	 2.6000000000e+001	 3.36252e+000	 7.96791e+001
8	 2.7000000000e+001	 3.77148e+000	 8.35394e+001
9	 2.8000000000e+001	 4.19953e+000	 8.74375e+001
10	 2.9000000000e+001	 4.68900e+000	 9.15538e+001
11	 3.0000000000e+001	 4.81555e+000	 9.58109e+001
12	 3.1000000000e+001	 5.84033e+000	 1.00358e+002
13	 3.2000000000e+001	 5.74787e+000	 1.04707e+002
14	 3.3000000000e+001	 6.94701e+000	 1.09695e+002
15	 3.4000000000e+001	 7.27773e+000	 1.14528e+002
16	 3.5000000000e+001	 7.81126e+000	 1.19589e+002
17	 3.6000000000e+001	 9.13369e+000	 1.25222e+002
18	 3.7000000000e+001	 9.42735e+000	 1.30571e+002
19	 3.8000000000e+001	 1.04817e+001	 1.36506e+002
20	 3.9000000000e+001	 1.18941e+001	 1.42900e+002
21	 4.0000000000e+001	 1.24847e+001	 1.49094e+002
22	 4.1000000000e+001	 1.39090e+001	 1.55836e+002
23	 4.2000000000e+001	 1.55416e+001	 1.63366e+002
24	 4.3000000000e+001	 1.64324e+001	 1.70679e+002
25	 4.4000000000e+001	 1.81749e+001	 1.78725e+002
26	 4.5000000000e+001	 2.02597e+001	 1.87798e+002
27	 4.6000000000e+001	 2.23370e+001	 1.96799e+002
28	 4.7000000000e+001	 2.41239e+001	 2.06454e+002
29	 4.8000000000e+001	 2.71255e+001	 2.17325e+002
30	 4.9000000000e+001	 3.04319e+001	 2.29062e+002
31	 5.0000000000e+001	 3.34751e+001	 2.40863e+002
32	 5.1000000000e+001	 3.71414e+001	 2.54419e+002
33	 5.2000000000e+001	 4.20545e+001	 2.69228e+002
34	 5.3000000000e+001	 4.76837e+001	 2.85690e+002
35	 5.4000000000e+001	 5.36045e+001	 3.02689e+002
36	 5.5000000000e+001	 6.03581e+001	 3.22371e+002
37	 5.6000000000e+001	 7.00579e+001	 3.44184e+002
38	 5.7000000000e+001	 8.11171e+001	 3.69087e+002
39	 5.8000000000e+001	 9.39705e+001	 3.95975e+002
40	 5.9000000000e+001	 1.09357e+002	 4.25900e+002
41	 6.0000000000e+001	 1.30336e+002	 4.62375e+002
42	 6.1000000000e+001	 1.57629e+002	 5.01744e+002
43	 6.2000000000e+001	 1.91758e+002	 5.48591e+002
44	 6.3000000000e+001	 2.36351e+002	 5.99532e+002
45	 6.4000000000e+001	 2.95939e+002	 6.60284e+002
46	 6.5000000000e+001	 3.84883e+002	 7.27185e+002
47	 6.6000000000e+001	 5.08084e+002	 7.93655e+002
48	 6.7000000000e+001	 6.78482e+002	 8.51107e+002
49	 6.8000000000e+001	 9.16844e+002	 8.66268e+002
50	 6.9000000000e+001	 1.23340e+003	 7.84631e+002
51	 7.0000000000e+001	 1.55648e+003	 5.01352e+002
52	 7.1000000000e+001	 1.70142e+003	 1.58949e+001
53	 7.2000000000e+001	 1.56840e+003	-4.58185e+002
54	 7.3000000000e+001	 1.25832e+003	-7.52129e+002
55	 7.4000000000e+001	 9.42988e+002	-8.54194e+002
56	 7.5000000000e+001	 7.00725e+002	-8.45263e+002
57	 7.6000000000e+001	 5.21149e+002	-7.89026e+002
58	 7.7000000000e+001	 3.98620e+002	-7.23757e+002
59	 7.8000000000e+001	 3.12153e+002	-6.61589e+002
60	 7.9000000000e+001	 2.49943e+002	-6.02670e+002
61	 8.0000000000e+001	 2.02872e+002	-5.51896e+002
62	 8.1000000000e+001	 1.68446e+002	-5.07368e+002
63	 8.2000000000e+001	 1.41012e+002	-4.66855e+002
64	 8.3000000000e+001	 1.19788e+002	-4.32296e+002
65	 8.4000000000e+001	 1.02930e+002	-4.02133e+002
66	 8.5000000000e+001	 8.95994e+001	-3.75187e+002
67	 8.6000000000e+001	 7.80402e+001	-3.51045e+002
68	 8.7000000000e+001	 6.89573e+001	-3.29905e+002
69	 8.8000000000e+001	 6.12563e+001	-3.10116e+002
70	 8.9000000000e+001	 5.45784e+001	-2.92616e+002
71	 9.0000000000e+001	 4.89405e+001	-2.76471e+002
72	 9.1000000000e+001	 4.43295e+001	-2.62153e+002
73	 9.2000000000e+001	 4.00479e+001	-2.48660e+002
74	 9.3000000000e+001	 3.63429e+001	-2.36342e+002
75	 9.4000000000e+001	 3.33624e+001	-2.25058e+002
76	 9.5000000000e+001	 3.04743e+001	-2.14375e+002
77	 9.6000000000e+001	 2.80327e+001	-2.04500e+002
78	 9.7000000000e+001	 2.57472e+001	-1.95255e+002
79	 9.8000000000e+001	 2.39286e+001	-1.86692e+002
80	 9.9000000000e+001	 2.21779e+001	-1.78605e+002
81	 1.0000000000e+002	 2.04864e+001	-1.70942e+002
82	 1.0100000000e+002	 1.91544e+001	-1.63814e+002
83	 1.0200000000e+002	 1.79119e+001	-1.56941e+002
84	 1.0300000000e+002	 1.66933e+001	-1.50501e+002
85	 1.0400000000e+002	 1.56412e+001	-1.44271e+002
86	 1.0500000000e+002	 1.46584e+001	-1.38484e+002
87	 1.0600000000e+002	 1.38323e+001	-1.32849e+002
88	 1.0700000000e+002	 1.30296e+001	-1.27505e+002
89	 1.0800000000e+002	 1.21960e+001	-1.22419e+002
90	 1.0900000000e+002	 1.15840e+001	-1.17478e+002
91	 1.1000000000e+002	 1.09618e+001	-1.12728e+002
92	 1.1100000000e+002	 1.03918e+001	-1.08203e+002
93	 1.1200000000e+002	 9.80249e+000	-1.03759e+002
94	 1.1300000000e+002	 9.31595e+000	-9.95383e+001
95	 1.1400000000e+002	 8.85165e+000	-9.54192e+001
96	 1.1500000000e+002	 8.45494e+000	-9.13944e+001
97	 1.1600000000e+002	 7.99599e+000	-8.75552e+001
98	 1.1700000000e+002	 7.61072e+000	-8.37973e+001
99	 1.1800000000e+002	 7.29044e+000	-8.00669e+001
100	 1.1900000000e+002	 6.96576e+000	-7.64950e+001
101	 1.2000000000e+002	 6.67016e+000	-7.29558e+001
102	 1.2100000000e+002	 6.34843e+000	-6.95246e+001
103	 1.2200000000e+002	 6.11712e+000	-6.61357e+001
104	 1.2300000000e+002	 5.91131e+000	-6.28488e+001
105	 1.2400000000e+002	 5.71518e+000	-5.95714e+001
106	 1.2500000000e+002	 5.53038e+000	-5.64107e+001
107	 1.2600000000e+002	 5.35012e+000	-5.33259e+001
108	 1.2700000000e+002	 5.20929e+000	-5.02285e+001
109	 1.2800000000e+002	 5.08711e+000	-4.72084e+001
110	 1.2900000000e+002	 4.98170e+000	-4.42355e+001
111	 1.3000000000e+002	 4.83757e+000	-4.12916e+001
112	 1.3100000000e+002	 4.72704e+000	-3.83955e+001
113	 1.3200000000e+002	 4.63332e+000	-3.55193e+001
114	 1.3300000000e+002	 4.57784e+000	-3.26628e+001
115	 1.3400000000e+002	 4.48118e+000	-2.98267e+001
116	 1.3500000000e+002	 4.40122e+000	-2.70314e+001
117	 1.3600000000e+002	 4.34996e+000	-2.42560e+001
118	 1.3700000000e+002	 4.27614e+000	-2.14610e+001
119	 1.3800000000e+002	 4.24589e+000	-1.86935e+001
120	 1.3900000000e+002	 4.22564e+000	-1.59079e+001
121	 1.4000000000e+002	 4.17883e+000	-1.31641e+001
122	 1.4100000000e+002	 4.14618e+000	-1.03928e+001
123	 1.4200000000e+002	 4.12477e+000	-7.64721e+000
124	 1.4300000000e+002	 4.13573e+000	-4.84940e+000
125	 1.4400000000e+002	 4.15164e+000	-2.06733e+000
126	 1.4500000000e+002	 4.12829e+000	 7.16707e-001
127	 1.4600000000e+002	 4.15162e+000	 3.51626e+000
128	 1.4700000000e+002	 4.16342e+000	 6.33850e+000
129	 1.4800000000e+002	 4.16354e+000	 9.18111e+000
130	 1.4900000000e+002	 4.21175e+000	 1.20692e+001
131	 1.5000000000e+002	 4.24932e+000	 1.49746e+001
132	 1.5100000000e+002	 4.30613e+000	 1.79375e+001
133	 1.5200000000e+002	 4.34142e+000	 2.09224e+001
134	 1.5300000000e+002	 4.42922e+000	 2.39533e+001
135	 1.5400000000e+002	 4.54617e+000	 2.70345e+001
136	 1.5500000000e+002	 4.70438e+000	 3.01920e+001
137	 1.5600000000e+002	 4.88931e+000	 3.33593e+001
138	 1.5700000000e+002	 5.09523e+000	 3.65742e+001
139	 1.5800000000e+002	 5.32273e+000	 3.98754e+001
140	 1.5900000000e+002	 5.51710e+000	 4.32329e+001
141	 1.6000000000e+002	 5.70438e+000	 4.66913e+001
142	 1.6100000000e+002	 5.88886e+000	 5.02522e+001
143	 1.6200000000e+002	 6.04547e+000	 5.38832e+001
144	 1.6300000000e+002	 6.14467e+000	 5.76296e+001
145	 1.6400000000e+002	 6.23035e+000	 6.14912e+001
146	 1.6500000000e+002	 6.29074e+000	 6.54724e+001
147	 1.6600000000e+002	 6.36150e+000	 6.96299e+001
148	 1.6700000000e+002	 6.43808e+000	 7.39197e+001
149	 1.6800000000e+002	 6.50293e+000	 7.83798e+001
150	 1.6900000000e+002	 6.61736e+000	 8.29967e+001
151	 1.7000000000e+002	 6.70036e+000	 8.78302e+001
152	 1.7100000000e+002	 6.83927e+000	 9.28781e+001
153	 1.7200000000e+002	 6.97415e+000	 9.81827e+001
154	 1.7300000000e+002	 7.15146e+000	 1.03742e+002
155	 1.7400000000e+002	 7.35533e+000	 1.09645e+002
156	 1.7500000000e+002	 7.55588e+000	 1.15859e+002
157	 1.7600000000e+002	 7.80169e+000	 1.22466e+002
158	 1.7700000000e+002	 8.00405e+000	 1.29555e+002
159	 1.7800000000e+002	 8.22355e+000	 1.37092e+002
160	 1.7900000000e+002	 8.46712e+000	 1.45289e+002
161	 1.8000000000e+002	 8.76520e+000	 1.54135e+002
162	 1.8100000000e+002	 8.92840e+000	 1.63762e+002
163	 1.8200000000e+002	 9.23618e+000	 1.74312e+002
164	 1.8300000000e+002	 9.54704e+000	 1.85845e+002
165	 1.8400000000e+002	 9.78714e+000	 1.98776e+002
166	 1.8500000000e+002	 1.01578e+001	 2.13266e+002
167	 1.8600000000e+002	 1.06846e+001	 2.29674e+002
168	 1.8700000000e+002	 1.12583e+001	 2.48595e+002
169	 1.8800000000e+002	 1.23511e+001	 2.70570e+002
170	 1.8900000000e+002	 1.40343e+001	 2.96650e+002
171	 1.9000000000e+002	 1.67297e+001	 3.27871e+002
172	 1.9100000000e+002	 2.12723e+001	 3.66048e+002
173	 1.9200000000e+002	 2.93345e+001	 4.14273e+002
174	 1.9300000000e+002	 4.41205e+001	 4.75666e+002
175	 1.9400000000e+002	 7.18888e+001	 5.55118e+002
176	 1.9500000000e+002	 1.25268e+002	 6.58193e+002
177	 1.9600000000e+002	 2.30878e+002	 7.85914e+002
178	 1.9700000000e+002	 4.36467e+002	 9.17591e+002
179	 1.9800000000e+002	 7.96487e+002	 9.57796e+002
180	 1.9900000000e+002	 1.22772e+003	 7.05153e+002
181	 2.0000000000e+002	 1.38615e+003	 1.84162e+002
182	 2.0100000000e+002	 1.20680e+003	-2.18572e+002
183	 2.0200000000e+002	 9.54230e+002	-3.88964e+002
184	 2.0300000000e+002	 7.53683e+002	-4.32923e+002
185	 2.0400000000e+002	 6.11936e+002	-4.27842e+002
186	 2.0500000000e+002	 5.12331e+002	-4.07018e+002
187	 2.0600000000e+002	 4.40614e+002	-3.82558e+002
188	 2.0700000000e+002	 3.87050e+002	-3.59057e+002
189	 2.0800000000e+002	 3.45666e+002	-3.37747e+002
190	 2.0900000000e+002	 3.12922e+002	-3.18997e+002
191	 2.1000000000e+002	 2.86054e+002	-3.02292e+002
192	 2.1100000000e+002	 2.63759e+002	-2.87094e+002
193	 2.1200000000e+002	 2.45236e+002	-2.73267e+002
194	 2.1300000000e+002	 2.29897e+002	-2.60868e+002
195	 2.1400000000e+002	 2.17163e+002	-2.49794e+002
196	 2.1500000000e+002	 2.06442e+002	-2.39992e+002
197	 2.1600000000e+002	 1.97184e+002	-2.31766e+002
198	 2.1700000000e+002	 1.89010e+002	-2.24877e+002
199	 2.1800000000e+002	 1.81365e+002	-2.19260e+002
200	 2.1900000000e+002	 1.73988e+002	-2.14543e+002
201	 2.2000000000e+002	 1.66682e+002	-2.10203e+002
202	 2.2100000000e+002	 1.59606e+002	-2.06356e+002
203	 2.2200000000e+002	 1.52616e+002	-2.02727e+002
204	 2.2300000000e+002	 1.45602e+002	-1.99133e+002
205	 2.2400000000e+002	 1.38820e+002	-1.95524e+002
206	 2.2500000000e+002	 1.32211e+002	-1.91904e+002
207	 2.2600000000e+002	 1.25846e+002	-1.88179e+002
208	 2.2700000000e+002	 1.19710e+002	-1.84378e+002
209	 2.2800000000e+002	 1.13837e+002	-1.80484e+002
210	 2.2900000000e+002	 1.08177e+002	-1.76558e+002
211	 2.3000000000e+002	 1.02792e+002	-1.72532e+002
212	 2.3100000000e+002	 9.77578e+001	-1.68481e+002
213	 2.3200000000e+002	 9.29528e+001	-1.64359e+002
214	 2.3300000000e+002	 8.84182e+001	-1.60216e+002
215	 2.3400000000e+002	 8.41324e+001	-1.56011e+002
216	 2.3500000000e+002	 8.01431e+001	-1.51781e+002
217	 2.3600000000e+002	 7.64547e+001	-1.47554e+002
218	 2.3700000000e+002	 7.30457e+001	-1.43315e+002
219	 2.3800000000e+002	 6.99410e+001	-1.39174e+002
220	 2.3900000000e+002	 6.70509e+001	-1.35071e+002
221	 2.4000000000e+002	 6.43882e+001	-1.31028e+002
222	 2.4100000000e+002	 6.19318e+001	-1.27132e+002
223	 2.4200000000e+002	 5.96300e+001	-1.23315e+002
224	 2.4300000000e+002	 5.74828e+001	-1.19559e+002
225	 2.4400000000e+002	 5.54917e+001	-1.15878e+002
226	 2.4500000000e+002	 5.36403e+001	-1.12223e+002
227	 2.4600000000e+002	 5.19421e+001	-1.08657e+002
228	 2.4700000000e+002	 5.03309e+001	-1.05138e+002
229	 2.4800000000e+002	 4.88549e+001	-1.01705e+002
230	 2.4900000000e+002	 4.75004e+001	-9.83070e+001
231	 2.5000000000e+002	 4.62146e+001	-9.49476e+001
232	 2.5100000000e+002	 4.50561e+001	-9.17215e+001
233	 2.5200000000e+002	 4.39746e+001	-8.85229e+001
234	 2.5300000000e+002	 4.29777e+001	-8.53478e+001
235	 2.5400000000e+002	 4.20832e+001	-8.22059e+001
236	 2.5500000000e+002	 4.12734e+001	-7.91245e+001
237	 2.5600000000e+002	 4.05191e+001	-7.60933e+001
238	 2.5700000000e+002	 3.98396e+001	-7.31150e+001
239	 2.5800000000e+002	 3.92226e+001	-7.01932e+001
240	 2.5900000000e+002	 3.86661e+001	-6.72653e+001
241	 2.6000000000e+002	 3.81590e+001	-6.44079e+001
242	 2.6100000000e+002	 3.77241e+001	-6.15473e+001
243	 2.6200000000e+002	 3.73435e+001	-5.87368e+001
244	 2.6300000000e+002	 3.70133e+001	-5.59437e+001
245	 2.6400000000e+002	 3.67644e+001	-5.31904e+001
246	 2.6500000000e+002	 3.65693e+001	-5.04657e+001
247	 2.6600000000e+002	 3.64269e+001	-4.77727e+001
248	 2.6700000000e+002	 3.63177e+001	-4.50836e+001
249	 2.6800000000e+002	 3.62698e+001	-4.24064e+001
250	 2.6900000000e+002	 3.62875e+001	-3.97585e+001
251	 2.7000000000e+002	 3.63307e+001	-3.71248e+001
252	 2.7100000000e+002	 3.64397e+001	-3.44891e+001
253	 2.7200000000e+002	 3.65915e+001	-3.18806e+001
254	 2.7300000000e+002	 3.67812e+001	-2.92993e+001
255	 2.7400000000e+002	 3.70520e+001	-2.66941e+001
256	 2.7500000000e+002	 3.73614e+001	-2.41040e+001
257	 2.7600000000e+002	 3.77297e+001	-2.15267e+001
258	 2.7700000000e+002	 3.81503e+001	-1.89218e+001
259	 2.7800000000e+002	 3.86034e+001	-1.63456e+001
260	 2.7900000000e+002	 3.91474e+001	-1.37887e+001
261	 2.8000000000e+002	 3.97367e+001	-1.12130e+001
262	 2.8100000000e+002	 4.04195e+001	-8.61386e+000
263	 2.8200000000e+002	 4.11579e+001	-6.04634e+000
264	 2.8300000000e+002	 4.19535e+001	-3.45208e+000
265	 2.8400000000e+002	 4.28126e+001	-8.47323e-001
266	 2.8500000000e+002	 4.37434e+001	 1.75084e+000
267	 2.8600000000e+002	 4.48028e+001	 4.37196e+000
268	 2.8700000000e+002	 4.59124e+001	 6.95290e+000
269	 2.8800000000e+002	 4.70868e+001	 9.55874e+000
270	 2.8900000000e+002	 4.83397e+001	 1.21662e+001
271	 2.9000000000e+002	 4.97009e+001	 1.47776e+001
272	 2.9100000000e+002	 5.12014e+001	 1.73935e+001
273	 2.9200000000e+002	 5.27981e+001	 2.00102e+001
274	 2.9300000000e+002	 5.45128e+001	 2.26273e+001
275	 2.9400000000e+002	 5.63801e+001	 2.52401e+001
276	 2.9500000000e+002	 5.83457e+001	 2.78584e+001
277	 2.9600000000e+002	 6.04825e+001	 3.04669e+001
278	 2.9700000000e+002	 6.27848e+001	 3.30375e+001
279	 2.9800000000e+002	 6.52461e+001	 3.55840e+001
280	 2.9900000000e+002	 6.78683e+001	 3.80985e+001
281	 3.0000000000e+002	 7.06880e+001	 4.05714e+001
282	 3.0100000000e+002	 7.36643e+001	 4.29438e+001
283	 3.0200000000e+002	 7.69086e+001	 4.52432e+001
284	 3.0300000000e+002	 8.03700e+001	 4.74570e+001
285	 3.0400000000e+002	 8.39936e+001	 4.95375e+001
286	 3.0500000000e+002	 8.78615e+001	 5.14847e+001
287	 3.0600000000e+002	 9.20099e+001	 5.32274e+001
288	 3.0700000000e+002	 9.63142e+001	 5.47605e+001
289	 3.0800000000e+002	 1.00908e+002	 5.60695e+001
290	 3.0900000000e+002	 1.05759e+002	 5.71153e+001
291	 3.1000000000e+002	 1.10762e+002	 5.78622e+001
292	 3.1100000000e+002	 1.16025e+002	 5.82779e+001
293	 3.1200000000e+002	 1.21499e+002	 5.82487e+001
294	 3.1300000000e+002	 1.27056e+002	 5.77909e+001
295	 3.1400000000e+002	 1.32740e+002	 5.69214e+001
296	 3.1500000000e+002	 1.38533e+002	 5.54973e+001
297	 3.1600000000e+002	 1.44322e+002	 5.34631e+001
298	 3.1700000000e+002	 1.50109e+002	 5.07427e+001
299	 3.1800000000e+002	 1.55694e+002	 4.74837e+001
300	 3.1900000000e+002	 1.61047e+002	 4.35508e+001
301	 3.2000000000e+002	 1.66096e+002	 3.89975e+001
302	 3.2100000000e+002	 1.70601e+002	 3.38600e+001
303	 3.2200000000e+002	 1.74592e+002	 2.82493e+001
304	 3.2300000000e+002	 1.77933e+002	 2.21772e+001
305	 3.2400000000e+002	 1.80566e+002	 1.57101e+001
306	 3.2500000000e+002	 1.82509e+002	 9.01104e+000
307	 3.2600000000e+002	 1.83667e+002	 2.08283e+000
308	 3.2700000000e+002	 1.84025e+002	-4.95496e+000
309	 3.2800000000e+002	 1.83609e+002	-1.18714e+001
310	 3.2900000000e+002	 1.82255e+002	-1.85657e+001
311	 3.3000000000e+002	 1.80207e+002	-2.49886e+001
312	 3.3100000000e+002	 1.77433e+002	-3.09762e+001
313	 3.3200000000e+002	 1.73989e+002	-3.64068e+001
314	 3.3300000000e+002	 1.70132e+002	-4.12499e+001
315	 3.3400000000e+002	 1.65856e+002	-4.54745e+001
316	 3.3500000000e+002	 1.61292e+002	-4.91194e+001
317	 3.3600000000e+002	 1.56586e+002	-5.21387e+001
318	 3.3700000000e+002	 1.51762e+002	-5.45113e+001
319	 3.3800000000e+002	 1.46765e+002	-5.62901e+001
320	 3.3900000000e+002	 1.41886e+002	-5.75516e+001
321	 3.4000000000e+002	 1.37173e+002	-5.83137e+001
322	 3.4100000000e+002	 1.32538e+002	-5.85292e+001
323	 3.4200000000e+002	 1.28067e+002	-5.83152e+001
324	 3.4300000000e+002	 1.23751e+002	-5.77869e+001
325	 3.4400000000e+002	 1.19718e+002	-5.68004e+001
326	 3.4500000000e+002	 1.15858e+002	-5.55386e+001
327	 3.4600000000e+002	 1.12192e+002	-5.40695e+001
328	 3.4700000000e+002	 1.08758e+002	-5.22829e+001
329	 3.4800000000e+002	 1.05534e+002	-5.02569e+001
330	 3.4900000000e+002	 1.02630e+002	-4.79749e+001
331	 3.5000000000e+002	 9.99279e+001	-4.55394e+001
332	 3.5100000000e+002	 9.74844e+001	-4.29986e+001
333	 3.5200000000e+002	 9.51573e+001	-4.03138e+001
334	 3.5300000000e+002	 9.30806e+001	-3.75195e+001
335	 3.5400000000e+002	 9.11930e+001	-3.46445e+001
336	 3.5500000000e+002	 8.95889e+001	-3.16428e+001
337	 3.5600000000e+002	 8.81963e+001	-2.85436e+001
338	 3.5700000000e+002	 8.69905e+001	-2.53368e+001
339	 3.5800000000e+002	 8.59698e+001	-2.20114e+001
340	 3.5900000000e+002	 8.51679e+001	-1.85709e+001
341	 3.6000000000e+002	 8.44710e+001	-1.51025e+001
342	 3.6100000000e+002	 8.40735e+001	-1.15202e+001
343	 3.6200000000e+002	 8.37703e+001	-7.94316e+000
344	 3.6300000000e+002	 8.37573e+001	-4.24496e+000
345	 3.6400000000e+002	 8.39386e+001	-4.57536e-001
346	 3.6500000000e+002	 8.41730e+001	 3.54047e+000
347	 3.6600000000e+002	 8.47364e+001	 7.52613e+000
348	 3.6700000000e+002	 8.55806e+001	 1.15649e+001
349	 3.6800000000e+002	 8.64576e+001	 1.58073e+001
350	 3.6900000000e+002	 8.77337e+001	 2.01177e+001
351	 3.7000000000e+002	 8.93201e+001	 2.45179e+001
352	 3.7100000000e+002	 9.10847e+001	 2.90202e+001
353	 3.7200000000e+002	 9.32047e+001	 3.37159e+001
354	 3.7300000000e+002	 9.56567e+001	 3.85329e+001
355	 3.7400000000e+002	 9.84504e+001	 4.35035e+001
356	 3.7500000000e+002	 1.01630e+002	 4.86424e+001
357	 3.7600000000e+002	 1.05319e+002	 5.39419e+001
358	 3.7700000000e+002	 1.09493e+002	 5.93662e+001
359	 3.7800000000e+002	 1.14172e+002	 6.48800e+001
360	 3.7900000000e+002	 1.19495e+002	 7.05395e+001
361	 3.8000000000e+002	 1.25596e+002	 7.63685e+001
362	 3.8100000000e+002	 1.32472e+002	 8.22876e+001
363	 3.8200000000e+002	 1.40233e+002	 8.83616e+001
364	 3.8300000000e+002	 1.49091e+002	 9.43795e+001
365	 3.8400000000e+002	 1.59265e+002	 1.00287e+002
366	 3.8500000000e+002	 1.70790e+002	 1.05990e+002
367	 3.8600000000e+002	 1.83931e+002	 1.11516e+002
368	 3.8700000000e+002	 1.98870e+002	 1.16444e+002
369	 3.8800000000e+002	 2.15890e+002	 1.20386e+002
370	 3.8900000000e+002	 2.35259e+002	 1.23145e+002
371	 3.9000000000e+002	 2.57018e+002	 1.23946e+002
372	 3.9100000000e+002	 2.81419e+002	 1.22135e+002
373	 3.9200000000e+002	 3.08533e+002	 1.16585e+002
374	 3.9300000000e+002	 3.37831e+002	 1.06133e+002
375	 3.9400000000e+002	 3.68500e+002	 8.94542e+001
376	 3.9500000000e+002	 3.99088e+002	 6.52096e+001
377	 3.9600000000e+002	 4.27044e+002	 3.25764e+001
378	 3.9700000000e+002	 4.49456e+002	-8.61774e+000
379	 3.9800000000e+002	 4.63186e+002	-5.69379e+001
380	 3.9900000000e+002	 4.65412e+002	-1.09297e+002
381	 4.0000000000e+002	 4.54728e+002	-1.61585e+002
382	 4.0100000000e+002	 4.31888e+002	-2.09326e+002
383	 4.0200000000e+002	 3.99851e+002	-2.48999e+002
384	 4.0300000000e+002	 3.62270e+002	-2.78834e+002
385	 4.0400000000e+002	 3.22502e+002	-2.98554e+002
386	 4.0500000000e+002	 2.83513e+002	-3.09220e+002
387	 4.0600000000e+002	 2.47132e+002	-3.12806e+002
388	 4.0700000000e+002	 2.14388e+002	-3.10909e+002
389	 4.0800000000e+002	 1.85712e+002	-3.05182e+002
390	 4.0900000000e+002	 1.60872e+002	-2.96970e+002
391	 4.1000000000e+002	 1.39501e+002	-2.87285e+002
392	 4.1100000000e+002	 1.21298e+002	-2.76856e+002
393	 4.1200000000e+002	 1.05746e+002	-2.66044e+002
394	 4.1300000000e+002	 9.25254e+001	-2.55186e+002
395	 4.1400000000e+002	 8.13158e+001	-2.44589e+002
396	 4.1500000000e+002	 7.17115e+001	-2.34337e+002
397	 4.1600000000e+002	 6.34275e+001	-2.24479e+002
398	 4.1700000000e+002	 5.63732e+001	-2.15035e+002
399	 4.1800000000e+002	 5.02796e+001	-2.06060e+002
400	 4.1900000000e+002	 4.49492e+001	-1.97557e+002
401	 4.2000000000e+002	 4.03340e+001	-1.89482e+002
402	 4.2100000000e+002	 3.63728e+001	-1.81805e+002
403	 4.2200000000e+002	 3.28576e+001	-1.74560e+002
404	 4.2300000000e+002	 2.97272e+001	-1.67623e+002
405	 4.2400000000e+002	 2.69799e+001	-1.60997e+002
406	 4.2500000000e+002	 2.46058e+001	-1.54723e+002
407	 4.2600000000e+002	 2.24898e+001	-1.48734e+002
408	 4.2700000000e+002	 2.05991e+001	-1.43065e+002
409	 4.2800000000e+002	 1.89041e+001	-1.37612e+002
410	 4.2900000000e+002	 1.73908e+001	-1.32335e+002
411	 4.3000000000e+002	 1.60826e+001	-1.27273e+002
412	 4.3100000000e+002	 1.48929e+001	-1.22414e+002
413	 4.3200000000e+002	 1.38177e+001	-1.17750e+002
414	 4.3300000000e+002	 1.28607e+001	-1.13244e+002
415	 4.3400000000e+002	 1.20366e+001	-1.08903e+002
416	 4.3500000000e+002	 1.12593e+001	-1.04675e+002
417	 4.3600000000e+002	 1.05357e+001	-1.00603e+002
418	 4.3700000000e+002	 9.91379e+000	-9.66205e+001
419	 4.3800000000e+002	 9.33388e+000	-9.27591e+001
420	 4.3900000000e+002	 8.85475e+000	-8.89907e+001
421	 4.4000000000e+002	 8.38388e+000	-8.52863e+001
422	 4.4100000000e+002	 7.97068e+000	-8.16769e+001
423	 4.4200000000e+002	 7.58942e+000	-7.81418e+001
424	 4.4300000000e+002	 7.28452e+000	-7.46834e+001
425	 4.4400000000e+002	 6.98699e+000	-7.12690e+001
426	 4.4500000000e+002	 6.72806e+000	-6.79248e+001
427	 4.4600000000e+002	 6.51740e+000	-6.46404e+001
428	 4.4700000000e+002	 6.31992e+000	-6.13718e+001
429	 4.4800000000e+002	 6.13458e+000	-5.81484e+001
430	 4.4900000000e+002	 5.93798e+000	-5.49366e+001
431	 4.5000000000e+002	 5.71198e+000	-5.17925e+001
432	 4.5100000000e+002	 5.76452e+000	-4.86496e+001
433	 4.5200000000e+002	 5.77595e+000	-4.55105e+001
434	 4.5300000000e+002	 5.70739e+000	-4.23859e+001
435	 4.5400000000e+002	 5.71290e+000	-3.92886e+001
436	 4.5500000000e+002	 5.73074e+000	-3.62280e+001
437	 4.5600000000e+002	 5.77377e+000	-3.31419e+001
438	 4.5700000000e+002	 5.84941e+000	-3.00559e+001
439	 4.5800000000e+002	 5.93891e+000	-2.69610e+001
440	 4.5900000000e+002	 6.07068e+000	-2.38682e+001
441	 4.6000000000e+002	 6.19819e+000	-2.07645e+001
442	 4.6100000000e+002	 6.33404e+000	-1.76362e+001
443	 4.6200000000e+002	 6.53269e+000	-1.45241e+001
444	 4.6300000000e+002	 6.71558e+000	-1.13674e+001
445	 4.6400000000e+002	 6.97998e+000	-8.14760e+000
446	 4.6500000000e+002	 7.18696e+000	-4.93310e+000
447	 4.6600000000e+002	 7.47761e+000	-1.68894e+000
448	 4.6700000000e+002	 7.80947e+000	 1.61096e+000
449	 4.6800000000e+002	 8.07361e+000	 4.97097e+000
450	 4.6900000000e+002	 8.44500e+000	 8.37117e+000
451	 4.7000000000e+002	 8.80189e+000	 1.18440e+001
452	 4.7100000000e+002	 9.21619e+000	 1.53448e+001
453	 4.7200000000e+002	 9.61408e+000	 1.89368e+001
454	 4.7300000000e+002	 1.01100e+001	 2.26161e+001
455	 4.7400000000e+002	 1.06137e+001	 2.63544e+001
456	 4.7500000000e+002	 1.11737e+001	 3.01704e+001
457	 4.7600000000e+002	 1.17827e+001	 3.41085e+001
458	 4.7700000000e+002	 1.24019e+001	 3.81568e+001
459	 4.7800000000e+002	 1.31371e+001	 4.23067e+001
460	 4.7900000000e+002	 1.38645e+001	 4.66226e+001
461	 4.8000000000e+002	 1.45764e+001	 5.10291e+001
462	 4.8100000000e+002	 1.54268e+001	 5.55461e+001
463	 4.8200000000e+002	 1.63673e+001	 6.02785e+001
464	 4.8300000000e+002	 1.72370e+001	 6.52057e+001
465	 4.8400000000e+002	 1.82600e+001	 7.02422e+001
466	 4.8500000000e+002	 1.93736e+001	 7.55098e+001
467	 4.8600000000e+002	 2.05078e+001	 8.10480e+001
468	 4.8700000000e+002	 2.17049e+001	 8.68157e+001
469	 4.8800000000e+002	 2.30324e+001	 9.28597e+001
470	 4.8900000000e+002	 2.43921e+001	 9.93060e+001
471	 4.9000000000e+002	 2.58232e+001	 1.06066e+002
472	 4.9100000000e+002	 2.74101e+001	 1.13292e+002
473	 4.9200000000e+002	 2.91594e+001	 1.21066e+002
474	 4.9300000000e+002	 3.12022e+001	 1.29420e+002
475	 4.9400000000e+002	 3.35050e+001	 1.38522e+002
476	 4.9500000000e+002	 3.61420e+001	 1.48365e+002
477	 4.9600000000e+002	 3.91279e+001	 1.58853e+002
478	 4.9700000000e+002	 4.25719e+001	 1.70075e+002
479	 4.9800000000e+002	 4.66767e+001	 1.82187e+002
480	 4.9900000000e+002	 5.15213e+001	 1.95158e+002
481	 5.0000000000e+002	 5.70337e+001	 2.09287e+002
482	 5.0100000000e+002	 6.32925e+001	 2.24768e+002
483	 5.0200000000e+002	 7.06434e+001	 2.41930e+002
484	 5.0300000000e+002	 7.92526e+001	 2.60898e+002
485	 5.0400000000e+002	 8.94730e+001	 2.82088e+002
486	 5.0500000000e+002	 1.01821e+002	 3.06041e+002
487	 5.0600000000e+002	 1.17063e+002	 3.33235e+002
488	 5.0700000000e+002	 1.36296e+002	 3.64201e+002
489	 5.0800000000e+002	 1.60648e+002	 3.99628e+002
490	 5.0900000000e+002	 1.92101e+002	 4.40421e+002
491	 5.1000000000e+002	 2.33503e+002	 4.87507e+002
492	 5.1100000000e+002	 2.89750e+002	 5.41999e+002
493	 5.1200000000e+002	 3.68731e+002	 6.03719e+002
494	 5.1300000000e+002	 4.82642e+002	 6.68995e+002
495	 5.1400000000e+002	 6.49788e+002	 7.26209e+002
496	 5.1500000000e+002	 8.91834e+002	 7.43058e+002
497	 5.1600000000e+002	 1.21438e+003	 6.47275e+002
498	 5.1700000000e+002	 1.53794e+003	 3.33153e+002
499	 5.1800000000e+002	 1.64831e+003	-1.90811e+002
500	 5.1900000000e+002	 1.43723e+003	-6.64798e+002
501	 5.2000000000e+002	 1.08602e+003	-8.96947e+002
502	 5.2100000000e+002	 7.72577e+002	-9.37368e+002
503	 5.2200000000e+002	 5.43955e+002	-8.87518e+002
504	 5.2300000000e+002	 3.88381e+002	-8.08853e+002
505	 5.2400000000e+002	 2.84542e+002	-7.29218e+002
506	 5.2500000000e+002	 2.14395e+002	-6.57923e+002
507	 5.2600000000e+002	 1.65643e+002	-5.96683e+002
508	 5.2700000000e+002	 1.30700e+002	-5.44331e+002
509	 5.2800000000e+002	 1.05063e+002	-4.99639e+002
510	 5.2900000000e+002	 8.60081e+001	-4.61256e+002
511	 5.3000000000e+002	 7.15405e+001	-4.28081e+002
512	 5.3100000000e+002	 6.02803e+001	-3.99290e+002
513	 5.3200000000e+002	 5.14501e+001	-3.74312e+002
514	 5.3300000000e+002	 4.42425e+001	-3.52421e+002
515	 5.3400000000e+002	 3.82652e+001	-3.32915e+002
516	 5.3500000000e+002	 3.33566e+001	-3.15337e+002
517	 5.3600000000e+002	 2.92311e+001	-2.99439e+002
518	 5.3700000000e+002	 2.57645e+001	-2.84993e+002
519	 5.3800000000e+002	 2.25964e+001	-2.71807e+002
520	 5.3900000000e+002	 1.99466e+001	-2.59792e+002
521	 5.4000000000e+002	 1.77891e+001	-2.48734e+002
522	 5.4100000000e+002	 1.58924e+001	-2.38563e+002
523	 5.4200000000e+002	 1.41595e+001	-2.29107e+002
524	 5.4300000000e+002	 1.25598e+001	-2.20223e+002
525	 5.4400000000e+002	 1.12339e+001	-2.11927e+002
526	 5.4500000000e+002	 1.01466e+001	-2.04174e+002
527	 5.4600000000e+002	 9.21307e+000	-1.96804e+002
528	 5.4700000000e+002	 8.27832e+000	-1.89771e+002
529	 5.4800000000e+002	 7.43786e+000	-1.83212e+002
530	 5.4900000000e+002	 6.67230e+000	-1.77124e+002
531	 5.5000000000e+002	 6.08001e+000	-1.71226e+002
532	 5.5100000000e+002	 5.60894e+000	-1.65568e+002
533	 5.5200000000e+002	 5.08762e+000	-1.60252e+002
534	 5.5300000000e+002	 4.59536e+000	-1.55063e+002
535	 5.5400000000e+002	 4.31432e+000	-1.50142e+002
536	 5.5500000000e+002	 3.98821e+000	-1.45443e+002
537	 5.5600000000e+002	 3.62359e+000	-1.40870e+002
538	 5.5700000000e+002	 3.39748e+000	-1.36579e+002
539	 5.5800000000e+002	 3.18960e+000	-1.32395e+002
540	 5.5900000000e+002	 3.03874e+000	-1.28163e+002
541	 5.6000000000e+002	 2.85683e+000	-1.24271e+002
542	 5.6100000000e+002	 2.71169e+000	-1.20551e+002
543	 5.6200000000e+002	 2.66247e+000	-1.16779e+002
544	 5.6300000000e+002	 2.51967e+000	-1.13127e+002
545	 5.6400000000e+002	 2.40331e+000	-1.09684e+002
546	 5.6500000000e+002	 2.41590e+000	-1.06305e+002
547	 5.6600000000e+002	 2.41167e+000	-1.02982e+002
548	 5.6700000000e+002	 2.34881e+000	-9.96888e+001
549	 5.6800000000e+002	 2.36513e+000	-9.64825e+001
550	 5.6900000000e+002	 2.37787e+000	-9.33882e+001
551	 5.7000000000e+002	 2.36581e+000	-9.02519e+001
552	 5.7100000000e+002	 2.46470e+000	-8.72961e+001
553	 5.7200000000e+002	 2.50486e+000	-8.43176e+001
554	 5.7300000000e+002	 2.53509e+000	-8.13788e+001
555	 5.7400000000e+002	 2.62637e+000	-7.84748e+001
556	 5.7500000000e+002	 2.77753e+000	-7.55944e+001
557	 5.7600000000e+002	 2.84286e+000	-7.27930e+001
558	 5.7700000000e+002	 2.96307e+000	-6.99551e+001
559	 5.7800000000e+002	 3.05138e+000	-6.71747e+001
560	 5.7900000000e+002	 3.21491e+000	-6.44199e+001
561	 5.8000000000e+002	 3.35502e+000	-6.16987e+001
562	 5.8100000000e+002	 3.55191e+000	-5.89944e+001
563	 5.8200000000e+002	 3.70456e+000	-5.62712e+001
564	 5.8300000000e+002	 3.90335e+000	-5.35546e+001
565	 5.8400000000e+002	 4.11803e+000	-5.08453e+001
566	 5.8500000000e+002	 4.36743e+000	-4.81778e+001
567	 5.8600000000e+002	 4.62571e+000	-4.54911e+001
568	 5.8700000000e+002	 4.86721e+000	-4.27853e+001
569	 5.8800000000e+002	 5.16160e+000	-4.00490e+001
570	 5.8900000000e+002	 5.42980e+000	-3.73441e+001
571	 5.9000000000e+002	 5.77047e+000	-3.46507e+001
572	 5.9100000000e+002	 6.09463e+000	-3.19200e+001
573	 5.9200000000e+002	 6.46767e+000	-2.91421e+001
574	 5.9300000000e+002	 6.83338e+000	-2.63738e+001
575	 5.9400000000e+002	 7.18823e+000	-2.36036e+001
576	 5.9500000000e+002	 7.63468e+000	-2.07696e+001
577	 5.9600000000e+002	 8.04238e+000	-1.79196e+001
578	 5.9700000000e+002	 8.56758e+000	-1.50396e+001
579	 5.9800000000e+002	 9.05137e+000	-1.21320e+001
580	 5.9900000000e+002	 9.50917e+000	-9.17904e+000
581	 6.0000000000e+002	 1.01352e+001	-6.15048e+000
582	 6.0100000000e+002	 1.06638e+001	-3.10952e+000
583	 6.0200000000e+002	 1.12509e+001	-5.44200e-002
584	 6.0300000000e+002	 1.19276e+001	 3.12023e+000
585	 6.0400000000e+002	 1.25750e+001	 6.32408e+000
586	 6.0500000000e+002	 1.33343e+001	 9.60039e+000
587	 6.0600000000e+002	 1.41381e+001	 1.29336e+001
588	 6.0700000000e+002	 1.49513e+001	 1.64109e+001
589	 6.0800000000e+002	 1.57851e+001	 1.99305e+001
590	 6.0900000000e+002	 1.66965e+001	 2.34884e+001
591	 6.1000000000e+002	 1.76805e+001	 2.71946e+001
592	 6.1100000000e+002	 1.86979e+001	 3.10162e+001
593	 6.1200000000e+002	 1.97919e+001	 3.49289e+001
594	 6.1300000000e+002	 2.10051e+001	 3.89643e+001
595	 6.1400000000e+002	 2.22745e+001	 4.31712e+001
596	 6.1500000000e+002	 2.36105e+001	 4.74802e+001
597	 6.1600000000e+002	 2.50713e+001	 5.19078e+001
598	 6.1700000000e+002	 2.66465e+001	 5.66110e+001
599	 6.1800000000e+002	 2.83577e+001	 6.14901e+001
600	 6.1900000000e+002	 3.02152e+001	 6.64562e+001
601	 6.2000000000e+002	 3.21784e+001	 7.16289e+001
602	 6.2100000000e+002	 3.43161e+001	 7.71718e+001
603	 6.2200000000e+002	 3.66484e+001	 8.29882e+001
604	 6.2300000000e+002	 3.91550e+001	 8.90235e+001
605	 6.2400000000e+002	 4.19191e+001	 9.52462e+001
606	 6.2500000000e+002	 4.50044e+001	 1.01834e+002
607	 6.2600000000e+002	 4.83823e+001	 1.08836e+002
608	 6.2700000000e+002	 5.20193e+001	 1.16356e+002
609	 6.2800000000e+002	 5.60640e+001	 1.24345e+002
610	 6.2900000000e+002	 6.05366e+001	 1.32668e+002
611	 6.3000000000e+002	 6.55260e+001	 1.41564e+002
612	 6.3100000000e+002	 7.11438e+001	 1.51156e+002
613	 6.3200000000e+002	 7.75221e+001	 1.61418e+002
614	 6.3300000000e+002	 8.49268e+001	 1.72375e+002
615	 6.3400000000e+002	 9.32900e+001	 1.84070e+002
616	 6.3500000000e+002	 1.02914e+002	 1.96770e+002
617	 6.3600000000e+002	 1.14004e+002	 2.10410e+002
618	 6.3700000000e+002	 1.26956e+002	 2.25040e+002
619	 6.3800000000e+002	 1.42216e+002	 2.40903e+002
620	 6.3900000000e+002	 1.60323e+002	 2.57809e+002
621	 6.4000000000e+002	 1.81832e+002	 2.75736e+002
622	 6.4100000000e+002	 2.07587e+002	 2.94722e+002
623	 6.4200000000e+002	 2.38922e+002	 3.14572e+002
624	 6.4300000000e+002	 2.77369e+002	 3.34685e+002
625	 6.4400000000e+002	 3.24752e+002	 3.53790e+002
626	 6.4500000000e+002	 3.83287e+002	 3.69555e+002
627	 6.4600000000e+002	 4.54982e+002	 3.78327e+002
628	 6.4700000000e+002	 5.41877e+002	 3.74113e+002
629	 6.4800000000e+002	 6.43431e+002	 3.47957e+002
630	 6.4900000000e+002	 7.53440e+002	 2.88319e+002
631	 6.5000000000e+002	 8.57318e+002	 1.85648e+002
632	 6.5100000000e+002	 9.30434e+002	 3.86709e+001
633	 6.5200000000e+002	 9.49120e+002	-1.35640e+002
634	 6.5300000000e+002	 9.04416e+002	-3.05197e+002
635	 6.5400000000e+002	 8.09512e+002	-4.39754e+002
636	 6.5500000000e+002	 6.90583e+002	-5.26104e+002
637	 6.5600000000e+002	 5.71156e+002	-5.68262e+002
638	 6.5700000000e+002	 4.64647e+002	-5.78123e+002
639	 6.5800000000e+002	 3.75790e+002	-5.67753e+002
640	 6.5900000000e+002	 3.04315e+002	-5.46399e+002
641	 6.6000000000e+002	 2.47715e+002	-5.20054e+002
642	 6.6100000000e+002	 2.03095e+002	-4.92208e+002
643	 6.6200000000e+002	 1.67893e+002	-4.64911e+002
644	 6.6300000000e+002	 1.39780e+002	-4.38923e+002
645	 6.6400000000e+002	 1.17260e+002	-4.14704e+002
646	 6.6500000000e+002	 9.91023e+001	-3.92366e+002
647	 6.6600000000e+002	 8.41840e+001	-3.71817e+002
648	 6.6700000000e+002	 7.18526e+001	-3.52987e+002
649	 6.6800000000e+002	 6.17381e+001	-3.35602e+002
650	 6.6900000000e+002	 5.32838e+001	-3.19550e+002
651	 6.7000000000e+002	 4.61372e+001	-3.04918e+002
652	 6.7100000000e+002	 4.00661e+001	-2.91637e+002
653	 6.7200000000e+002	 3.48507e+001	-2.79381e+002
654	 6.7300000000e+002	 3.04043e+001	-2.67951e+002
655	 6.7400000000e+002	 2.65806e+001	-2.57258e+002
656	 6.7500000000e+002	 2.33759e+001	-2.47288e+002
657	 6.7600000000e+002	 2.05905e+001	-2.38043e+002
658	 6.7700000000e+002	 1.82206e+001	-2.29453e+002
659	 6.7800000000e+002	 1.61919e+001	-2.21354e+002
660	 6.7900000000e+002	 1.43877e+001	-2.13684e+002
661	 6.8000000000e+002	 1.27259e+001	-2.06433e+002
662	 6.8100000000e+002	 1.12033e+001	-1.99542e+002
663	 6.8200000000e+002	 9.91011e+000	-1.93070e+002
664	 6.8300000000e+002	 8.82669e+000	-1.87001e+002
665	 6.8400000000e+002	 7.93254e+000	-1.81242e+002
666	 6.8500000000e+002	 7.12362e+000	-1.75764e+002
667	 6.8600000000e+002	 6.34556e+000	-1.70463e+002
668	 6.8700000000e+002	 5.72767e+000	-1.65402e+002
669	 6.8800000000e+002	 5.27429e+000	-1.60531e+002
670	 6.8900000000e+002	 4.80581e+000	-1.55892e+002
671	 6.9000000000e+002	 4.36804e+000	-1.51482e+002
672	 6.9100000000e+002	 4.00538e+000	-1.47187e+002
673	 6.9200000000e+002	 3.71577e+000	-1.43070e+002
674	 6.9300000000e+002	 3.44503e+000	-1.39156e+002
675	 6.9400000000e+002	 3.20664e+000	-1.35302e+002
676	 6.9500000000e+002	 3.10282e+000	-1.31512e+002
677	 6.9600000000e+002	 3.03317e+000	-1.27937e+002
678	 6.9700000000e+002	 2.92774e+000	-1.24475e+002
679	 6.9800000000e+002	 2.87008e+000	-1.21094e+002
680	 6.9900000000e+002	 2.75492e+000	-1.17838e+002
681	 7.0000000000e+002	 2.76317e+000	-1.14597e+002
682	 7.0100000000e+002	 2.86870e+000	-1.11460e+002
683	 7.0200000000e+002	 2.83029e+000	-1.08397e+002
684	 7.0300000000e+002	 2.78569e+000	-1.05404e+002
685	 7.0400000000e+002	 2.93506e+000	-1.02489e+002
686	 7.0500000000e+002	 3.03514e+000	-9.95577e+001
687	 7.0600000000e+002	 3.07609e+000	-9.67233e+001
688	 7.0700000000e+002	 3.21089e+000	-9.40431e+001
689	 7.0800000000e+002	 3.39093e+000	-9.12402e+001
690	 7.0900000000e+002	 3.53896e+000	-8.85268e+001
691	 7.1000000000e+002	 3.66702e+000	-8.58696e+001
692	 7.1100000000e+002	 3.90195e+000	-8.32525e+001
693	 7.1200000000e+002	 4.14091e+000	-8.06744e+001
694	 7.1300000000e+002	 4.23675e+000	-7.80541e+001
695	 7.1400000000e+002	 4.50530e+000	-7.55130e+001
696	 7.1500000000e+002	 4.79412e+000	-7.29826e+001
697	 7.1600000000e+002	 5.02251e+000	-7.04461e+001
698	 7.1700000000e+002	 5.33815e+000	-6.79629e+001
699	 7.1800000000e+002	 5.63626e+000	-6.54879e+001
700	 7.1900000000e+002	 5.96022e+000	-6.29679e+001
701	 7.2000000000e+002	 6.31194e+000	-6.05686e+001
702	 7.2100000000e+002	 6.63510e+000	-5.80898e+001
703	 7.2200000000e+002	 7.02436e+000	-5.55665e+001
704	 7.2300000000e+002	 7.38499e+000	-5.31658e+001
705	 7.2400000000e+002	 7.84309e+000	-5.06890e+001
706	 7.2500000000e+002	 8.23450e+000	-4.82725e+001
707	 7.2600000000e+002	 8.75156e+000	-4.58136e+001
708	 7.2700000000e+002	 9.17833e+000	-4.32528e+001
709	 7.2800000000e+002	 9.69109e+000	-4.07861e+001
710	 7.2900000000e+002	 1.02539e+001	-3.83012e+001
711	 7.3000000000e+002	 1.07501e+001	-3.57560e+001
712	 7.3100000000e+002	 1.13530e+001	-3.32179e+001
713	 7.3200000000e+002	 1.20004e+001	-3.06347e+001
714	 7.3300000000e+002	 1.26244e+001	-2.80416e+001
715	 7.3400000000e+002	 1.32709e+001	-2.53858e+001
716	 7.3500000000e+002	 1.39528e+001	-2.27845e+001
717	 7.3600000000e+002	 1.47356e+001	-2.00956e+001
718	 7.3700000000e+002	 1.55015e+001	-1.73117e+001
719	 7.3800000000e+002	 1.63748e+001	-1.46155e+001
720	 7.3900000000e+002	 1.72561e+001	-1.18462e+001
721	 7.4000000000e+002	 1.81888e+001	-8.91542e+000
722	 7.4100000000e+002	 1.90890e+001	-5.98840e+000
723	 7.4200000000e+002	 2.01618e+001	-3.14652e+000
724	 7.4300000000e+002	 2.12439e+001	-1.20057e-001
725	 7.4400000000e+002	 2.23754e+001	 3.02062e+000
726	 7.4500000000e+002	 2.35340e+001	 6.17448e+000
727	 7.4600000000e+002	 2.48248e+001	 9.33470e+000
728	 7.4700000000e+002	 2.62094e+001	 1.26659e+001
729	 7.4800000000e+002	 2.76953e+001	 1.60207e+001
730	 7.4900000000e+002	 2.91610e+001	 1.94334e+001
731	 7.5000000000e+002	 3.07954e+001	 2.29505e+001
732	 7.5100000000e+002	 3.25563e+001	 2.66115e+001
733	 7.5200000000e+002	 3.44442e+001	 3.04461e+001
734	 7.5300000000e+002	 3.64147e+001	 3.43058e+001
735	 7.5400000000e+002	 3.85003e+001	 3.82770e+001
736	 7.5500000000e+002	 4.07078e+001	 4.24105e+001
737	 7.5600000000e+002	 4.31084e+001	 4.67147e+001
738	 7.5700000000e+002	 4.57346e+001	 5.11688e+001
739	 7.5800000000e+002	 4.85540e+001	 5.58009e+001
740	 7.5900000000e+002	 5.16233e+001	 6.06862e+001
741	 7.6000000000e+002	 5.49232e+001	 6.57390e+001
742	 7.6100000000e+002	 5.84797e+001	 7.09446e+001
743	 7.6200000000e+002	 6.23825e+001	 7.64735e+001
744	 7.6300000000e+002	 6.66981e+001	 8.22582e+001
745	 7.6400000000e+002	 7.14870e+001	 8.82552e+001
746	 7.6500000000e+002	 7.67469e+001	 9.45037e+001
747	 7.6600000000e+002	 8.25084e+001	 1.01044e+002
748	 7.6700000000e+002	 8.89457e+001	 1.07963e+002
749	 7.6800000000e+002	 9.60556e+001	 1.15140e+002
750	 7.6900000000e+002	 1.04049e+002	 1.22587e+002
751	 7.7000000000e+002	 1.13132e+002	 1.30258e+002
752	 7.7100000000e+002	 1.23298e+002	 1.38251e+002
753	 7.7200000000e+002	 1.34892e+002	 1.46578e+002
754	 7.7300000000e+002	 1.47983e+002	 1.55129e+002
755	 7.7400000000e+002	 1.62960e+002	 1.63767e+002
756	 7.7500000000e+002	 1.80145e+002	 1.72109e+002
757	 7.7600000000e+002	 1.99793e+002	 1.79965e+002
758	 7.7700000000e+002	 2.22282e+002	 1.87100e+002
759	 7.7800000000e+002	 2.47948e+002	 1.92946e+002
760	 7.7900000000e+002	 2.77386e+002	 1.96803e+002
761	 7.8000000000e+002	 3.10821e+002	 1.97468e+002
762	 7.8100000000e+002	 3.48357e+002	 1.93915e+002
763	 7.8200000000e+002	 3.89716e+002	 1.84059e+002
764	 7.8300000000e+002	 4.34076e+002	 1.65837e+002
765	 7.8400000000e+002	 4.79535e+002	 1.37033e+002
766	 7.8500000000e+002	 5.22851e+002	 9.62951e+001
767	 7.8600000000e+002	 5.60075e+002	 4.31381e+001
768	 7.8700000000e+002	 5.86095e+002	-2.14433e+001
769	 7.8800000000e+002	 5.96557e+002	-9.29950e+001
770	 7.8900000000e+002	 5.88844e+002	-1.66192e+002
771	 7.9000000000e+002	 5.64041e+002	-2.34386e+002
772	 7.9100000000e+002	 5.25589e+002	-2.92232e+002
773	 7.9200000000e+002	 4.78040e+002	-3.37066e+002
774	 7.9300000000e+002	 4.26995e+002	-3.68001e+002
775	 7.9400000000e+002	 3.76321e+002	-3.86823e+002
776	 7.9500000000e+002	 3.28532e+002	-3.95527e+002
777	 7.9600000000e+002	 2.85451e+002	-3.96588e+002
778	 7.9700000000e+002	 2.47469e+002	-3.92418e+002
779	 7.9800000000e+002	 2.14455e+002	-3.84479e+002
780	 7.9900000000e+002	 1.85975e+002	-3.74405e+002
781	 8.0000000000e+002	 1.61761e+002	-3.63155e+002
782	 8.0100000000e+002	 1.40992e+002	-3.51152e+002
783	 8.0200000000e+002	 1.23154e+002	-3.38959e+002
784	 8.0300000000e+002	 1.07923e+002	-3.26943e+002
785	 8.0400000000e+002	 9.49184e+001	-3.15327e+002
786	 8.0500000000e+002	 8.36971e+001	-3.04127e+002
787	 8.0600000000e+002	 7.40193e+001	-2.93224e+002
788	 8.0700000000e+002	 6.55984e+001	-2.82918e+002
789	 8.0800000000e+002	 5.83690e+001	-2.73093e+002
790	 8.0900000000e+002	 5.20569e+001	-2.63822e+002
791	 8.1000000000e+002	 4.65004e+001	-2.55148e+002
792	 8.1100000000e+002	 4.15269e+001	-2.46900e+002
793	 8.1200000000e+002	 3.71617e+001	-2.39060e+002
794	 8.1300000000e+002	 3.33894e+001	-2.31563e+002
795	 8.1400000000e+002	 3.01414e+001	-2.24406e+002
796	 8.1500000000e+002	 2.72839e+001	-2.17652e+002
797	 8.1600000000e+002	 2.46886e+001	-2.11350e+002
798	 8.1700000000e+002	 2.23544e+001	-2.05316e+002
799	 8.1800000000e+002	 2.02569e+001	-1.99498e+002
800	 8.1900000000e+002	 1.84264e+001	-1.93948e+002
801	 8.2000000000e+002	 1.67344e+001	-1.88628e+002
802	 8.2100000000e+002	 1.52557e+001	-1.83574e+002
803	 8.2200000000e+002	 1.39649e+001	-1.78745e+002
804	 8.2300000000e+002	 1.26739e+001	-1.74089e+002
805	 8.2400000000e+002	 1.16243e+001	-1.69600e+002
806	 8.2500000000e+002	 1.07890e+001	-1.65282e+002
807	 8.2600000000e+002	 9.97104e+000	-1.61174e+002
808	 8.2700000000e+002	 9.19969e+000	-1.57226e+002
809	 8.2800000000e+002	 8.48222e+000	-1.53320e+002
810	 8.2900000000e+002	 7.95915e+000	-1.49607e+002
811	 8.3000000000e+002	 7.46939e+000	-1.46035e+002
812	 8.3100000000e+002	 6.95152e+000	-1.42586e+002
813	 8.3200000000e+002	 6.58533e+000	-1.39200e+002
814	 8.3300000000e+002	 6.26808e+000	-1.35918e+002
815	 8.3400000000e+002	 5.92356e+000	-1.32694e+002
816	 8.3500000000e+002	 5.66434e+000	-1.29525e+002
817	 8.3600000000e+002	 5.52619e+000	-1.26474e+002
818	 8.3700000000e+002	 5.31025e+000	-1.23468e+002
819	 8.3800000000e+002	 5.08841e+000	-1.20576e+002
820	 8.3900000000e+002	 5.05479e+000	-1.17787e+002
821	 8.4000000000e+002	 5.05005e+000	-1.15078e+002
822	 8.4100000000e+002	 5.00261e+000	-1.12389e+002
823	 8.4200000000e+002	 4.96765e+000	-1.09677e+002
824	 8.4300000000e+002	 5.02431e+000	-1.06981e+002
825	 8.4400000000e+002	 5.03691e+000	-1.04382e+002
826	 8.4500000000e+002	 5.12152e+000	-1.01903e+002
827	 8.4600000000e+002	 5.28596e+000	-9.94835e+001
828	 8.4700000000e+002	 5.38376e+000	-9.69588e+001
829	 8.4800000000e+002	 5.47416e+000	-9.44298e+001
830	 8.4900000000e+002	 5.67806e+000	-9.21254e+001
831	 8.5000000000e+002	 5.91886e+000	-8.98304e+001
832	 8.5100000000e+002	 6.13096e+000	-8.73714e+001
833	 8.5200000000e+002	 6.33439e+000	-8.49448e+001
834	 8.5300000000e+002	 6.62627e+000	-8.27541e+001
835	 8.5400000000e+002	 6.97243e+000	-8.04759e+001
836	 8.5500000000e+002	 7.28129e+000	-7.80738e+001
837	 8.5600000000e+002	 7.60630e+000	-7.58609e+001
838	 8.5700000000e+002	 7.97187e+000	-7.37256e+001
839	 8.5800000000e+002	 8.42276e+000	-7.13126e+001
840	 8.5900000000e+002	 8.77602e+000	-6.91298e+001
841	 8.6000000000e+002	 9.12142e+000	-6.69799e+001
842	 8.6100000000e+002	 9.73816e+000	-6.46381e+001
843	 8.6200000000e+002	 1.01079e+001	-6.24739e+001
844	 8.6300000000e+002	 1.06117e+001	-6.02444e+001
845	 8.6400000000e+002	 1.12169e+001	-5.79654e+001
846	 8.6500000000e+002	 1.16777e+001	-5.57839e+001
847	 8.6600000000e+002	 1.23684e+001	-5.34944e+001
848	 8.6700000000e+002	 1.28655e+001	-5.12147e+001
849	 8.6800000000e+002	 1.35649e+001	-4.89913e+001
850	 8.6900000000e+002	 1.42307e+001	-4.67186e+001
851	 8.7000000000e+002	 1.49224e+001	-4.44214e+001
852	 8.7100000000e+002	 1.57205e+001	-4.20578e+001
853	 8.7200000000e+002	 1.64911e+001	-3.97017e+001
854	 8.7300000000e+002	 1.72678e+001	-3.73429e+001
855	 8.7400000000e+002	 1.81626e+001	-3.49081e+001
856	 8.7500000000e+002	 1.90940e+001	-3.25241e+001
857	 8.7600000000e+002	 2.00302e+001	-3.00738e+001
858	 8.7700000000e+002	 2.10543e+001	-2.75501e+001
859	 8.7800000000e+002	 2.20929e+001	-2.50327e+001
860	 8.7900000000e+002	 2.32375e+001	-2.24356e+001
861	 8.8000000000e+002	 2.44186e+001	-1.98384e+001
862	 8.8100000000e+002	 2.57401e+001	-1.71386e+001
863	 8.8200000000e+002	 2.70835e+001	-1.44424e+001
864	 8.8300000000e+002	 2.84885e+001	-1.16668e+001
865	 8.8400000000e+002	 3.00285e+001	-8.87391e+000
866	 8.8500000000e+002	 3.16799e+001	-5.99435e+000
867	 8.8600000000e+002	 3.33927e+001	-3.05763e+000
868	 8.8700000000e+002	 3.52170e+001	-5.74061e-002
869	 8.8800000000e+002	 3.71984e+001	 2.98120e+000
870	 8.8900000000e+002	 3.92780e+001	 6.05597e+000
871	 8.9000000000e+002	 4.14860e+001	 9.21633e+000
872	 8.9100000000e+002	 4.38399e+001	 1.24864e+001
873	 8.9200000000e+002	 4.64005e+001	 1.57828e+001
874	 8.9300000000e+002	 4.91927e+001	 1.91890e+001
875	 8.9400000000e+002	 5.21206e+001	 2.25867e+001
876	 8.9500000000e+002	 5.52162e+001	 2.61080e+001
877	 8.9600000000e+002	 5.85345e+001	 2.97086e+001
878	 8.9700000000e+002	 6.21814e+001	 3.34033e+001
879	 8.9800000000e+002	 6.60796e+001	 3.71847e+001
880	 8.9900000000e+002	 7.02728e+001	 4.10068e+001
881	 9.0000000000e+002	 7.47753e+001	 4.49001e+001
882	 9.0100000000e+002	 7.96644e+001	 4.88321e+001
883	 9.0200000000e+002	 8.49810e+001	 5.28304e+001
884	 9.0300000000e+002	 9.08099e+001	 5.69369e+001
885	 9.0400000000e+002	 9.70626e+001	 6.09714e+001
886	 9.0500000000e+002	 1.03945e+002	 6.50751e+001
887	 9.0600000000e+002	 1.11461e+002	 6.91189e+001
888	 9.0700000000e+002	 1.19561e+002	 7.30890e+001
889	 9.0800000000e+002	 1.28349e+002	 7.69611e+001
890	 9.0900000000e+002	 1.38074e+002	 8.06490e+001
891	 9.1000000000e+002	 1.48805e+002	 8.40536e+001
892	 9.1100000000e+002	 1.60588e+002	 8.70937e+001
893	 9.1200000000e+002	 1.73464e+002	 8.96767e+001
894	 9.1300000000e+002	 1.87575e+002	 9.14674e+001
895	 9.1400000000e+002	 2.03016e+002	 9.22497e+001
896	 9.1500000000e+002	 2.19858e+002	 9.17870e+001
897	 9.1600000000e+002	 2.38080e+002	 8.97052e+001
898	 9.1700000000e+002	 2.57627e+002	 8.55859e+001
899	 9.1800000000e+002	 2.78514e+002	 7.89764e+001
900	 9.1900000000e+002	 3.00323e+002	 6.92578e+001
901	 9.2000000000e+002	 3.22504e+002	 5.58850e+001
902	 9.2100000000e+002	 3.44367e+002	 3.83632e+001
903	 9.2200000000e+002	 3.64963e+002	 1.62397e+001
904	 9.2300000000e+002	 3.83118e+002	-1.03615e+001
905	 9.2400000000e+002	 3.97509e+002	-4.13255e+001
906	 9.2500000000e+002	 4.06865e+002	-7.57844e+001
907	 9.2600000000e+002	 4.09966e+002	-1.12390e+002
908	 9.2700000000e+002	 4.06314e+002	-1.49462e+002
909	 9.2800000000e+002	 3.95859e+002	-1.85103e+002
910	 9.2900000000e+002	 3.79394e+002	-2.17571e+002
911	 9.3000000000e+002	 3.58228e+002	-2.45862e+002
912	 9.3100000000e+002	 3.33728e+002	-2.69061e+002
913	 9.3200000000e+002	 3.07492e+002	-2.86818e+002
914	 9.3300000000e+002	 2.80781e+002	-2.99582e+002
915	 9.3400000000e+002	 2.54583e+002	-3.07806e+002
916	 9.3500000000e+002	 2.29592e+002	-3.12277e+002
917	 9.3600000000e+002	 2.06165e+002	-3.13519e+002
918	 9.3700000000e+002	 1.84815e+002	-3.12291e+002
919	 9.3800000000e+002	 1.65406e+002	-3.09258e+002
920	 9.3900000000e+002	 1.48017e+002	-3.04840e+002
921	 9.4000000000e+002	 1.32290e+002	-2.99554e+002
922	 9.4100000000e+002	 1.18502e+002	-2.93619e+002
923	 9.4200000000e+002	 1.06183e+002	-2.87233e+002
924	 9.4300000000e+002	 9.52144e+001	-2.80675e+002
925	 9.4400000000e+002	 8.54706e+001	-2.73966e+002
926	 9.4500000000e+002	 7.68031e+001	-2.67226e+002
927	 9.4600000000e+002	 6.89945e+001	-2.60579e+002
928	 9.4700000000e+002	 6.20148e+001	-2.54090e+002
929	 9.4800000000e+002	 5.58136e+001	-2.47745e+002
930	 9.4900000000e+002	 5.01958e+001	-2.41633e+002
931	 9.5000000000e+002	 4.51082e+001	-2.35700e+002
932	 9.5100000000e+002	 4.07631e+001	-2.29897e+002
933	 9.5200000000e+002	 3.68282e+001	-2.24282e+002
934	 9.5300000000e+002	 3.32327e+001	-2.18905e+002
935	 9.5400000000e+002	 2.99376e+001	-2.13700e+002
936	 9.5500000000e+002	 2.69549e+001	-2.08705e+002
937	 9.5600000000e+002	 2.42234e+001	-2.03830e+002
938	 9.5700000000e+002	 2.17994e+001	-1.99143e+002
939	 9.5800000000e+002	 1.96479e+001	-1.94579e+002
940	 9.5900000000e+002	 1.76579e+001	-1.90202e+002
941	 9.6000000000e+002	 1.58531e+001	-1.86022e+002
942	 9.6100000000e+002	 1.42133e+001	-1.81954e+002
943	 9.6200000000e+002	 1.27265e+001	-1.77986e+002
944	 9.6300000000e+002	 1.13781e+001	-1.74166e+002
945	 9.6400000000e+002	 1.01122e+001	-1.70476e+002
946	 9.6500000000e+002	 8.98243e+000	-1.66859e+002
947	 9.6600000000e+002	 7.94692e+000	-1.63407e+002
948	 9.6700000000e+002	 7.01629e+000	-1.59959e+002
949	 9.6800000000e+002	 6.25973e+000	-1.56660e+002
950	 9.6900000000e+002	 5.58236e+000	-1.53404e+002
951	 9.7000000000e+002	 4.93203e+000	-1.50271e+002
952	 9.7100000000e+002	 4.37272e+000	-1.47182e+002
953	 9.7200000000e+002	 3.86223e+000	-1.44177e+002
954	 9.7300000000e+002	 3.43516e+000	-1.41268e+002
955	 9.7400000000e+002	 3.10197e+000	-1.38444e+002
956	 9.7500000000e+002	 2.81589e+000	-1.35660e+002
957	 9.7600000000e+002	 2.56410e+000	-1.32938e+002
958	 9.7700000000e+002	 2.34561e+000	-1.30284e+002
959	 9.7800000000e+002	 2.26819e+000	-1.27717e+002
960	 9.7900000000e+002	 2.16803e+000	-1.25176e+002
961	 9.8000000000e+002	 2.07437e+000	-1.22687e+002
962	 9.8100000000e+002	 2.07468e+000	-1.20310e+002
963	 9.8200000000e+002	 2.06646e+000	-1.17952e+002
964	 9.8300000000e+002	 2.09258e+000	-1.15573e+002
965	 9.8400000000e+002	 2.20233e+000	-1.13286e+002
966	 9.8500000000e+002	 2.30956e+000	-1.11066e+002
967	 9.8600000000e+002	 2.43157e+000	-1.08861e+002
968	 9.8700000000e+002	 2.56426e+000	-1.06632e+002
969	 9.8800000000e+002	 2.75633e+000	-1.04479e+002
970	 9.8900000000e+002	 2.98361e+000	-1.02388e+002
971	 9.9000000000e+002	 3.23286e+000	-1.00266e+002
972	 9.9100000000e+002	 3.46390e+000	-9.82006e+001
973	 9.9200000000e+002	 3.72148e+000	-9.61426e+001
974	 9.9300000000e+002	 4.05591e+000	-9.41151e+001
975	 9.9400000000e+002	 4.41742e+000	-9.20707e+001
976	 9.9500000000e+002	 4.72991e+000	-9.01040e+001
977	 9.9600000000e+002	 5.09450e+000	-8.80738e+001
978	 9.9700000000e+002	 5.52009e+000	-8.61340e+001
979	 9.9800000000e+002	 5.98498e+000	-8.41432e+001
980	 9.9900000000e+002	 6.41791e+000	-8.21981e+001
981	 1.0000000000e+003	 6.90894e+000	-8.02093e+001
982	 1.0010000000e+003	 7.41264e+000	-7.82791e+001
983	 1.0020000000e+003	 7.97127e+000	-7.63468e+001
984	 1.0030000000e+003	 8.53906e+000	-7.43914e+001
985	 1.0040000000e+003	 9.13685e+000	-7.24573e+001
986	 1.0050000000e+003	 9.79888e+000	-7.05109e+001
987	 1.0060000000e+003	 1.04710e+001	-6.86300e+001
988	 1.0070000000e+003	 1.11936e+001	-6.66106e+001
989	 1.0080000000e+003	 1.19182e+001	-6.46716e+001
990	 1.0090000000e+003	 1.27038e+001	-6.27722e+001
991	 1.0100000000e+003	 1.35580e+001	-6.07518e+001
992	 1.0110000000e+003	 1.43987e+001	-5.88289e+001
993	 1.0120000000e+003	 1.53396e+001	-5.68530e+001
994	 1.0130000000e+003	 1.62635e+001	-5.48905e+001
995	 1.0140000000e+003	 1.72056e+001	-5.29629e+001
996	 1.0150000000e+003	 1.83383e+001	-5.09092e+001
997	 1.0160000000e+003	 1.94584e+001	-4.88723e+001
998	 1.0170000000e+003	 2.05708e+001	-4.69243e+001
999	 1.0180000000e+003	 2.18327e+001	-4.48393e+001
1000	 1.0190000000e+003	 2.31192e+001	-4.27404e+001
1001	 1.0200000000e+003	 2.43976e+001	-4.07638e+001
1002	 1.0210000000e+003	 2.58480e+001	-3.86903e+001
1003	 1.0220000000e+003	 2.74541e+001	-3.65367e+001
1004	 1.0230000000e+003	 2.90064e+001	-3.44207e+001
1005	 1.0240000000e+003	 3.05623e+001	-3.23733e+001
1006	 1.0250000000e+003	 3.23117e+001	-3.02279e+001
1007	 1.0260000000e+003	 3.43124e+001	-2.80307e+001
1008	 1.0270000000e+003	 3.62311e+001	-2.58562e+001
1009	 1.0280000000e+003	 3.81848e+001	-2.37483e+001
1010	 1.0290000000e+003	 4.03903e+001	-2.15322e+001
1011	 1.0300000000e+003	 4.28128e+001	-1.93134e+001
1012	 1.0310000000e+003	 4.53023e+001	-1.70800e+001
1013	 1.0320000000e+003	 4.77266e+001	-1.48610e+001
1014	 1.0330000000e+003	 5.03225e+001	-1.27003e+001
1015	 1.0340000000e+003	 5.32615e+001	-1.04418e+001
1016	 1.0350000000e+003	 5.65826e+001	-8.26469e+000
1017	 1.0360000000e+003	 5.99405e+001	-6.04426e+000
1018	 1.0370000000e+003	 6.33788e+001	-3.87939e+000
1019	 1.0380000000e+003	 6.68614e+001	-1.66383e+000
1020	 1.0390000000e+003	 7.06238e+001	 4.89028e-001
1021	 1.0400000000e+003	 7.46639e+001	 2.61100e+000
1022	 1.0410000000e+003	 7.92032e+001	 4.59427e+000
1023	 1.0420000000e+003	 8.40698e+001	 6.43098e+000
1024	 1.0430000000e+003	 8.92795e+001	 8.12819e+000
1025	 1.0440000000e+003	 9.46428e+001	 9.75311e+000
1026	 1.0450000000e+003	 1.00326e+002	 1.12497e+001
1027	 1.0460000000e+003	 1.06328e+002	 1.26468e+001
1028	 1.0470000000e+003	 1.12754e+002	 1.38344e+001
1029	 1.0480000000e+003	 1.19559e+002	 1.47499e+001
1030	 1.0490000000e+003	 1.26875e+002	 1.53051e+001
1031	 1.0500000000e+003	 1.34632e+002	 1.53947e+001
1032	 1.0510000000e+003	 1.42827e+002	 1.52095e+001
1033	 1.0520000000e+003	 1.51509e+002	 1.43533e+001
1034	 1.0530000000e+003	 1.60684e+002	 1.27677e+001
1035	 1.0540000000e+003	 1.70247e+002	 1.04584e+001
1036	 1.0550000000e+003	 1.80251e+002	 7.16701e+000
1037	 1.0560000000e+003	 1.90571e+002	 2.86492e+000
1038	 1.0570000000e+003	 2.01075e+002	-2.65761e+000
1039	 1.0580000000e+003	 2.11714e+002	-9.43982e+000
1040	 1.0590000000e+003	 2.22173e+002	-1.77132e+001
1041	 1.0600000000e+003	 2.32412e+002	-2.74859e+001
1042	 1.0610000000e+003	 2.42054e+002	-3.88035e+001
1043	 1.0620000000e+003	 2.50775e+002	-5.18521e+001
1044	 1.0630000000e+003	 2.58221e+002	-6.64713e+001
1045	 1.0640000000e+003	 2.64084e+002	-8.25107e+001
1046	 1.0650000000e+003	 2.68007e+002	-9.96846e+001
1047	 1.0660000000e+003	 2.69796e+002	-1.17777e+002
1048	 1.0670000000e+003	 2.69238e+002	-1.36259e+002
1049	 1.0680000000e+003	 2.66227e+002	-1.54668e+002
1050	 1.0690000000e+003	 2.60780e+002	-1.72566e+002
1051	 1.0700000000e+003	 2.52978e+002	-1.89462e+002
1052	 1.0710000000e+003	 2.43028e+002	-2.04991e+002
1053	 1.0720000000e+003	 2.31296e+002	-2.18810e+002
1054	 1.0730000000e+003	 2.18126e+002	-2.30697e+002
1055	 1.0740000000e+003	 2.04187e+002	-2.40444e+002
1056	 1.0750000000e+003	 1.89947e+002	-2.48176e+002
1057	 1.0760000000e+003	 1.75703e+002	-2.54031e+002
1058	 1.0770000000e+003	 1.61536e+002	-2.58029e+002
1059	 1.0780000000e+003	 1.47711e+002	-2.60398e+002
1060	 1.0790000000e+003	 1.34445e+002	-2.61321e+002
1061	 1.0800000000e+003	 1.21933e+002	-2.61045e+002
1062	 1.0810000000e+003	 1.10350e+002	-2.59815e+002
1063	 1.0820000000e+003	 9.95364e+001	-2.57841e+002
1064	 1.0830000000e+003	 8.94703e+001	-2.55144e+002
1065	 1.0840000000e+003	 8.00675e+001	-2.51926e+002
1066	 1.0850000000e+003	 7.15891e+001	-2.48363e+002
1067	 1.0860000000e+003	 6.38623e+001	-2.44576e+002
1068	 1.0870000000e+003	 5.67806e+001	-2.40519e+002
1069	 1.0880000000e+003	 5.02644e+001	-2.36222e+002
1070	 1.0890000000e+003	 4.43874e+001	-2.32001e+002
1071	 1.0900000000e+003	 3.90503e+001	-2.27801e+002
1072	 1.0910000000e+003	 3.40652e+001	-2.23401e+002
1073	 1.0920000000e+003	 2.95572e+001	-2.18978e+002
1074	 1.0930000000e+003	 2.55445e+001	-2.14775e+002
1075	 1.0940000000e+003	 2.18139e+001	-2.10572e+002
1076	 1.0950000000e+003	 1.83901e+001	-2.06345e+002
1077	 1.0960000000e+003	 1.53365e+001	-2.02272e+002
1078	 1.0970000000e+003	 1.25765e+001	-1.98282e+002
1079	 1.0980000000e+003	 1.00559e+001	-1.94299e+002
1080	 1.0990000000e+003	 7.82816e+000	-1.90523e+002
1081	 1.1000000000e+003	 5.74359e+000	-1.86759e+002
1082	 1.1010000000e+003	 3.82776e+000	-1.83055e+002
1083	 1.1020000000e+003	 2.14251e+000	-1.79517e+002
1084	 1.1030000000e+003	 5.96549e-001	-1.76002e+002
1085	 1.1040000000e+003	-7.98730e-001	-1.72678e+002
1086	 1.1050000000e+003	-2.03392e+000	-1.69372e+002
1087	 1.1060000000e+003	-3.18281e+000	-1.66138e+002
1088	 1.1070000000e+003	-4.16223e+000	-1.63030e+002
1089	 1.1080000000e+003	-5.03866e+000	-1.59986e+002
1090	 1.1090000000e+003	-5.78183e+000	-1.57090e+002
1091	 1.1100000000e+003	-6.41615e+000	-1.54174e+002
1092	 1.1110000000e+003	-7.02316e+000	-1.51350e+002
1093	 1.1120000000e+003	-7.60040e+000	-1.48636e+002
1094	 1.1130000000e+003	-8.06832e+000	-1.45982e+002
1095	 1.1140000000e+003	-8.42751e+000	-1.43382e+002
1096	 1.1150000000e+003	-8.72519e+000	-1.40845e+002
1097	 1.1160000000e+003	-8.99053e+000	-1.38413e+002
1098	 1.1170000000e+003	-9.21042e+000	-1.35986e+002
1099	 1.1180000000e+003	-9.38022e+000	-1.33655e+002
1100	 1.1190000000e+003	-9.47321e+000	-1.31381e+002
1101	 1.1200000000e+003	-9.53926e+000	-1.29164e+002
1102	 1.1210000000e+003	-9.57709e+000	-1.26973e+002
1103	 1.1220000000e+003	-9.56225e+000	-1.24837e+002
1104	 1.1230000000e+003	-9.51541e+000	-1.22771e+002
1105	 1.1240000000e+003	-9.43910e+000	-1.20727e+002
1106	 1.1250000000e+003	-9.34357e+000	-1.18759e+002
1107	 1.1260000000e+003	-9.23261e+000	-1.16782e+002
1108	 1.1270000000e+003	-9.10948e+000	-1.14861e+002
1109	 1.1280000000e+003	-8.93881e+000	-1.12973e+002
1110	 1.1290000000e+003	-8.73715e+000	-1.11115e+002
1111	 1.1300000000e+003	-8.54364e+000	-1.09279e+002
1112	 1.1310000000e+003	-8.33284e+000	-1.07460e+002
1113	 1.1320000000e+003	-8.09331e+000	-1.05654e+002
1114	 1.1330000000e+003	-7.82209e+000	-1.03863e+002
1115	 1.1340000000e+003	-7.53541e+000	-1.02091e+002
1116	 1.1350000000e+003	-7.23301e+000	-1.00330e+002
1117	 1.1360000000e+003	-6.89583e+000	-9.85399e+001
1118	 1.1370000000e+003	-6.54097e+000	-9.67856e+001
1119	 1.1380000000e+003	-6.13629e+000	-9.50630e+001
1120	 1.1390000000e+003	-5.65608e+000	-9.33370e+001
1121	 1.1400000000e+003	-5.18702e+000	-9.16229e+001
1122	 1.1410000000e+003	-4.68559e+000	-8.99281e+001
1123	 1.1420000000e+003	-4.12593e+000	-8.82362e+001
1124	 1.1430000000e+003	-3.55330e+000	-8.65651e+001
1125	 1.1440000000e+003	-2.92569e+000	-8.49190e+001
1126	 1.1450000000e+003	-2.27915e+000	-8.32644e+001
1127	 1.1460000000e+003	-1.61124e+000	-8.16458e+001
1128	 1.1470000000e+003	-8.74414e-001	-8.00286e+001
1129	 1.1480000000e+003	-9.56162e-002	-7.84239e+001
1130	 1.1490000000e+003	 6.73483e-001	-7.68791e+001
1131	 1.1500000000e+003	 1.48687e+000	-7.53282e+001
1132	 1.1510000000e+003	 2.33544e+000	-7.37057e+001
1133	 1.1520000000e+003	 3.22476e+000	-7.21596e+001
1134	 1.1530000000e+003	 4.13177e+000	-7.06268e+001
1135	 1.1540000000e+003	 5.09659e+000	-6.90627e+001
1136	 1.1550000000e+003	 6.12485e+000	-6.75227e+001
1137	 1.1560000000e+003	 7.15363e+000	-6.60125e+001
1138	 1.1570000000e+003	 8.22386e+000	-6.45096e+001
1139	 1.1580000000e+003	 9.34406e+000	-6.30192e+001
1140	 1.1590000000e+003	 1.05383e+001	-6.14852e+001
1141	 1.1600000000e+003	 1.17886e+001	-5.99874e+001
1142	 1.1610000000e+003	 1.30536e+001	-5.85444e+001
1143	 1.1620000000e+003	 1.43869e+001	-5.70566e+001
1144	 1.1630000000e+003	 1.57799e+001	-5.55731e+001
1145	 1.1640000000e+003	 1.72163e+001	-5.41410e+001
1146	 1.1650000000e+003	 1.87526e+001	-5.27025e+001
1147	 1.1660000000e+003	 2.03439e+001	-5.12645e+001
1148	 1.1670000000e+003	 2.19844e+001	-4.98651e+001
1149	 1.1680000000e+003	 2.37256e+001	-4.84504e+001
1150	 1.1690000000e+003	 2.55131e+001	-4.70786e+001
1151	 1.1700000000e+003	 2.73753e+001	-4.57325e+001
1152	 1.1710000000e+003	 2.93426e+001	-4.44051e+001
1153	 1.1720000000e+003	 3.13913e+001	-4.31230e+001
1154	 1.1730000000e+003	 3.35408e+001	-4.18490e+001
1155	 1.1740000000e+003	 3.57961e+001	-4.05930e+001
1156	 1.1750000000e+003	 3.81187e+001	-3.93793e+001
1157	 1.1760000000e+003	 4.05329e+001	-3.82181e+001
1158	 1.1770000000e+003	 4.30551e+001	-3.70970e+001
1159	 1.1780000000e+003	 4.57056e+001	-3.60364e+001
1160	 1.1790000000e+003	 4.85139e+001	-3.50556e+001
1161	 1.1800000000e+003	 5.14289e+001	-3.41406e+001
1162	 1.1810000000e+003	 5.45009e+001	-3.33046e+001
1163	 1.1820000000e+003	 5.76825e+001	-3.25352e+001
1164	 1.1830000000e+003	 6.09790e+001	-3.18725e+001
1165	 1.1840000000e+003	 6.44474e+001	-3.13073e+001
1166	 1.1850000000e+003	 6.80473e+001	-3.08886e+001
1167	 1.1860000000e+003	 7.18519e+001	-3.05782e+001
1168	 1.1870000000e+003	 7.58062e+001	-3.04378e+001
1169	 1.1880000000e+003	 7.99443e+001	-3.05256e+001
1170	 1.1890000000e+003	 8.42387e+001	-3.08167e+001
1171	 1.1900000000e+003	 8.86923e+001	-3.13061e+001
1172	 1.1910000000e+003	 9.33150e+001	-3.20869e+001
1173	 1.1920000000e+003	 9.81542e+001	-3.31688e+001
1174	 1.1930000000e+003	 1.03097e+002	-3.45712e+001
1175	 1.1940000000e+003	 1.08172e+002	-3.63145e+001
1176	 1.1950000000e+003	 1.13382e+002	-3.85007e+001
1177	 1.1960000000e+003	 1.18729e+002	-4.11164e+001
1178	 1.1970000000e+003	 1.24118e+002	-4.42545e+001
1179	 1.1980000000e+003	 1.29481e+002	-4.79152e+001
1180	 1.1990000000e+003	 1.34817e+002	-5.21840e+001
1181	 1.2000000000e+003	 1.40049e+002	-5.70269e+001
1182	 1.2010000000e+003	 1.45070e+002	-6.25885e+001
1183	 1.2020000000e+003	 1.49818e+002	-6.87832e+001
1184	 1.2030000000e+003	 1.54148e+002	-7.56972e+001
1185	 1.2040000000e+003	 1.57970e+002	-8.32074e+001
1186	 1.2050000000e+003	 1.61156e+002	-9.13540e+001
1187	 1.2060000000e+003	 1.63631e+002	-1.00032e+002
1188	 1.2070000000e+003	 1.65205e+002	-1.09200e+002
1189	 1.2080000000e+003	 1.65816e+002	-1.18665e+002
1190	 1.2090000000e+003	 1.65432e+002	-1.28299e+002
1191	 1.2100000000e+003	 1.64021e+002	-1.37974e+002
1192	 1.2110000000e+003	 1.61547e+002	-1.47535e+002
1193	 1.2120000000e+003	 1.58024e+002	-1.56802e+002
1194	 1.2130000000e+003	 1.53558e+002	-1.65606e+002
1195	 1.2140000000e+003	 1.48235e+002	-1.73824e+002
1196	 1.2150000000e+003	 1.42132e+002	-1.81351e+002
1197	 1.2160000000e+003	 1.35355e+002	-1.88103e+002
1198	 1.2170000000e+003	 1.28084e+002	-1.94032e+002
1199	 1.2180000000e+003	 1.20444e+002	-1.99069e+002
1200	 1.2190000000e+003	 1.12610e+002	-2.03218e+002
1201	 1.2200000000e+003	 1.04630e+002	-2.06513e+002
1202	 1.2210000000e+003	 9.66294e+001	-2.09072e+002
1203	 1.2220000000e+003	 8.87558e+001	-2.10848e+002
1204	 1.2230000000e+003	 8.10342e+001	-2.11922e+002
1205	 1.2240000000e+003	 7.35514e+001	-2.12379e+002
1206	 1.2250000000e+003	 6.63560e+001	-2.12218e+002
1207	 1.2260000000e+003	 5.94750e+001	-2.11573e+002
1208	 1.2270000000e+003	 5.29332e+001	-2.10515e+002
1209	 1.2280000000e+003	 4.67727e+001	-2.09046e+002
1210	 1.2290000000e+003	 4.09552e+001	-2.07264e+002
1211	 1.2300000000e+003	 3.54823e+001	-2.05237e+002
1212	 1.2310000000e+003	 3.03578e+001	-2.02957e+002
1213	 1.2320000000e+003	 2.55739e+001	-2.00515e+002
1214	 1.2330000000e+003	 2.11086e+001	-1.97901e+002
1215	 1.2340000000e+003	 1.69949e+001	-1.95188e+002
1216	 1.2350000000e+003	 1.31975e+001	-1.92407e+002
1217	 1.2360000000e+003	 9.67070e+000	-1.89535e+002
1218	 1.2370000000e+003	 6.41880e+000	-1.86636e+002
1219	 1.2380000000e+003	 3.40982e+000	-1.83717e+002
1220	 1.2390000000e+003	 6.70625e-001	-1.80781e+002
1221	 1.2400000000e+003	-1.81697e+000	-1.77859e+002
1222	 1.2410000000e+003	-4.10783e+000	-1.74956e+002
1223	 1.2420000000e+003	-6.20727e+000	-1.72082e+002
1224	 1.2430000000e+003	-8.13503e+000	-1.69263e+002
1225	 1.2440000000e+003	-9.92435e+000	-1.66460e+002
1226	 1.2450000000e+003	-1.15383e+001	-1.63730e+002
1227	 1.2460000000e+003	-1.30058e+001	-1.61034e+002
1228	 1.2470000000e+003	-1.43566e+001	-1.58395e+002
1229	 1.2480000000e+003	-1.55692e+001	-1.55790e+002
1230	 1.2490000000e+003	-1.67167e+001	-1.53298e+002
1231	 1.2500000000e+003	-1.77433e+001	-1.50875e+002
1232	 1.2510000000e+003	-1.86335e+001	-1.48339e+002
1233	 1.2520000000e+003	-1.94401e+001	-1.45929e+002
1234	 1.2530000000e+003	-2.01500e+001	-1.43593e+002
1235	 1.2540000000e+003	-2.07971e+001	-1.41283e+002
1236	 1.2550000000e+003	-2.13744e+001	-1.39028e+002
1237	 1.2560000000e+003	-2.19173e+001	-1.36822e+002
1238	 1.2570000000e+003	-2.23938e+001	-1.34672e+002
1239	 1.2580000000e+003	-2.27960e+001	-1.32563e+002
1240	 1.2590000000e+003	-2.31362e+001	-1.30477e+002
1241	 1.2600000000e+003	-2.34403e+001	-1.28429e+002
1242	 1.2610000000e+003	-2.36718e+001	-1.26426e+002
1243	 1.2620000000e+003	-2.38657e+001	-1.24481e+002
1244	 1.2630000000e+003	-2.40256e+001	-1.22580e+002
1245	 1.2640000000e+003	-2.41390e+001	-1.20709e+002
1246	 1.2650000000e+003	-2.42177e+001	-1.18872e+002
1247	 1.2660000000e+003	-2.42408e+001	-1.17040e+002
1248	 1.2670000000e+003	-2.42362e+001	-1.15258e+002
1249	 1.2680000000e+003	-2.42170e+001	-1.13514e+002
1250	 1.2690000000e+003	-2.41655e+001	-1.11779e+002
1251	 1.2700000000e+003	-2.40567e+001	-1.10098e+002
1252	 1.2710000000e+003	-2.39395e+001	-1.08424e+002
1253	 1.2720000000e+003	-2.38088e+001	-1.06764e+002
1254	 1.2730000000e+003	-2.36237e+001	-1.05153e+002
1255	 1.2740000000e+003	-2.34003e+001	-1.03583e+002
1256	 1.2750000000e+003	-2.31667e+001	-1.02002e+002
1257	 1.2760000000e+003	-2.28974e+001	-1.00447e+002
1258	 1.2770000000e+003	-2.25943e+001	-9.89359e+001
1259	 1.2780000000e+003	-2.22763e+001	-9.74375e+001
1260	 1.2790000000e+003	-2.19277e+001	-9.59510e+001
1261	 1.2800000000e+003	-2.15617e+001	-9.45001e+001
1262	 1.2810000000e+003	-2.11728e+001	-9.30662e+001
1263	 1.2820000000e+003	-2.07673e+001	-9.16386e+001
1264	 1.2830000000e+003	-2.03278e+001	-9.02324e+001
1265	 1.2840000000e+003	-1.98801e+001	-8.88569e+001
1266	 1.2850000000e+003	-1.93741e+001	-8.74958e+001
1267	 1.2860000000e+003	-1.88661e+001	-8.61435e+001
1268	 1.2870000000e+003	-1.83278e+001	-8.48150e+001
1269	 1.2880000000e+003	-1.77689e+001	-8.35113e+001
1270	 1.2890000000e+003	-1.71857e+001	-8.22350e+001
1271	 1.2900000000e+003	-1.65692e+001	-8.09576e+001
1272	 1.2910000000e+003	-1.59392e+001	-7.96930e+001
1273	 1.2920000000e+003	-1.52888e+001	-7.84463e+001
1274	 1.2930000000e+003	-1.46097e+001	-7.72131e+001
1275	 1.2940000000e+003	-1.39045e+001	-7.60029e+001
1276	 1.2950000000e+003	-1.31799e+001	-7.48025e+001
1277	 1.2960000000e+003	-1.24083e+001	-7.36337e+001
1278	 1.2970000000e+003	-1.16266e+001	-7.24592e+001
1279	 1.2980000000e+003	-1.08097e+001	-7.12933e+001
1280	 1.2990000000e+003	-9.96682e+000	-7.01657e+001
1281	 1.3000000000e+003	-9.08431e+000	-6.90551e+001
1282	 1.3010000000e+003	-8.18300e+000	-6.79429e+001
1283	 1.3020000000e+003	-7.25574e+000	-6.68486e+001
1284	 1.3030000000e+003	-6.29125e+000	-6.57810e+001
1285	 1.3040000000e+003	-5.29496e+000	-6.47297e+001
1286	 1.3050000000e+003	-4.24443e+000	-6.37104e+001
1287	 1.3060000000e+003	-3.18391e+000	-6.26965e+001
1288	 1.3070000000e+003	-2.08672e+000	-6.17021e+001
1289	 1.3080000000e+003	-9.48092e-001	-6.07423e+001
1290	 1.3090000000e+003	 2.22715e-001	-5.98106e+001
1291	 1.3100000000e+003	 1.44197e+000	-5.88972e+001
1292	 1.3110000000e+003	 2.68653e+000	-5.80089e+001
1293	 1.3120000000e+003	 3.96885e+000	-5.71485e+001
1294	 1.3130000000e+003	 5.30986e+000	-5.63292e+001
1295	 1.3140000000e+003	 6.67591e+000	-5.55189e+001
1296	 1.3150000000e+003	 8.08196e+000	-5.47477e+001
1297	 1.3160000000e+003	 9.53969e+000	-5.40287e+001
1298	 1.3170000000e+003	 1.10340e+001	-5.33262e+001
1299	 1.3180000000e+003	 1.25798e+001	-5.26751e+001
1300	 1.3190000000e+003	 1.41601e+001	-5.20802e+001
1301	 1.3200000000e+003	 1.57705e+001	-5.15265e+001
1302	 1.3210000000e+003	 1.74421e+001	-5.10013e+001
1303	 1.3220000000e+003	 1.91725e+001	-5.05267e+001
1304	 1.3230000000e+003	 2.09319e+001	-5.01306e+001
1305	 1.3240000000e+003	 2.27254e+001	-4.97773e+001
1306	 1.3250000000e+003	 2.45926e+001	-4.94785e+001
1307	 1.3260000000e+003	 2.65210e+001	-4.92542e+001
1308	 1.3270000000e+003	 2.84674e+001	-4.91022e+001
1309	 1.3280000000e+003	 3.04784e+001	-4.90147e+001
1310	 1.3290000000e+003	 3.25377e+001	-4.90029e+001
1311	 1.3300000000e+003	 3.46340e+001	-4.90955e+001
1312	 1.3310000000e+003	 3.68008e+001	-4.92971e+001
1313	 1.3320000000e+003	 3.90137e+001	-4.95754e+001
1314	 1.3330000000e+003	 4.12619e+001	-4.99808e+001
1315	 1.3340000000e+003	 4.35562e+001	-5.04980e+001
1316	 1.3350000000e+003	 4.58709e+001	-5.11362e+001
1317	 1.3360000000e+003	 4.82462e+001	-5.19277e+001
1318	 1.3370000000e+003	 5.06452e+001	-5.28404e+001
1319	 1.3380000000e+003	 5.30755e+001	-5.39324e+001
1320	 1.3390000000e+003	 5.55341e+001	-5.52050e+001
1321	 1.3400000000e+003	 5.79911e+001	-5.66606e+001
1322	 1.3410000000e+003	 6.04100e+001	-5.83089e+001
1323	 1.3420000000e+003	 6.28169e+001	-6.01807e+001
1324	 1.3430000000e+003	 6.51605e+001	-6.22838e+001
1325	 1.3440000000e+003	 6.74433e+001	-6.46347e+001
1326	 1.3450000000e+003	 6.96297e+001	-6.71969e+001
1327	 1.3460000000e+003	 7.16714e+001	-7.00428e+001
1328	 1.3470000000e+003	 7.35414e+001	-7.31075e+001
1329	 1.3480000000e+003	 7.52030e+001	-7.64305e+001
1330	 1.3490000000e+003	 7.66396e+001	-7.99697e+001
1331	 1.3500000000e+003	 7.77926e+001	-8.37310e+001
1332	 1.3510000000e+003	 7.86231e+001	-8.76648e+001
1333	 1.3520000000e+003	 7.91041e+001	-9.17398e+001
1334	 1.3530000000e+003	 7.92223e+001	-9.59009e+001
1335	 1.3540000000e+003	 7.89310e+001	-1.00105e+002
1336	 1.3550000000e+003	 7.81939e+001	-1.04331e+002
1337	 1.3560000000e+003	 7.70817e+001	-1.08506e+002
1338	 1.3570000000e+003	 7.55348e+001	-1.12531e+002
1339	 1.3580000000e+003	 7.36064e+001	-1.16420e+002
1340	 1.3590000000e+003	 7.13235e+001	-1.20100e+002
1341	 1.3600000000e+003	 6.87089e+001	-1.23507e+002
1342	 1.3610000000e+003	 6.57941e+001	-1.26602e+002
1343	 1.3620000000e+003	 6.26456e+001	-1.29368e+002
1344	 1.3630000000e+003	 5.93307e+001	-1.31780e+002
1345	 1.3640000000e+003	 5.58711e+001	-1.33836e+002
1346	 1.3650000000e+003	 5.23320e+001	-1.35521e+002
1347	 1.3660000000e+003	 4.87496e+001	-1.36841e+002
1348	 1.3670000000e+003	 4.51581e+001	-1.37820e+002
1349	 1.3680000000e+003	 4.16192e+001	-1.38487e+002
1350	 1.3690000000e+003	 3.81691e+001	-1.38844e+002
1351	 1.3700000000e+003	 3.48107e+001	-1.38956e+002
1352	 1.3710000000e+003	 3.15793e+001	-1.38789e+002
1353	 1.3720000000e+003	 2.84790e+001	-1.38402e+002
1354	 1.3730000000e+003	 2.55258e+001	-1.37821e+002
1355	 1.3740000000e+003	 2.27470e+001	-1.37067e+002
1356	 1.3750000000e+003	 2.01282e+001	-1.36187e+002
1357	 1.3760000000e+003	 1.77001e+001	-1.35190e+002
1358	 1.3770000000e+003	 1.54312e+001	-1.34090e+002
1359	 1.3780000000e+003	 1.33166e+001	-1.32903e+002
1360	 1.3790000000e+003	 1.13464e+001	-1.31658e+002
1361	 1.3800000000e+003	 9.52647e+000	-1.30377e+002
1362	 1.3810000000e+003	 7.84114e+000	-1.29087e+002
1363	 1.3820000000e+003	 6.29782e+000	-1.27767e+002
1364	 1.3830000000e+003	 4.87887e+000	-1.26443e+002
1365	 1.3840000000e+003	 3.55906e+000	-1.25119e+002
1366	 1.3850000000e+003	 2.34962e+000	-1.23800e+002
1367	 1.3860000000e+003	 1.23127e+000	-1.22499e+002
1368	 1.3870000000e+003	 2.01376e-001	-1.21216e+002
1369	 1.3880000000e+003	-7.58008e-001	-1.19952e+002
1370	 1.3890000000e+003	-1.64959e+000	-1.18714e+002
1371	 1.3900000000e+003	-2.47334e+000	-1.17490e+002
1372	 1.3910000000e+003	-3.22765e+000	-1.16276e+002
1373	 1.3920000000e+003	-3.94446e+000	-1.15095e+002
1374	 1.3930000000e+003	-4.63215e+000	-1.13931e+002
1375	 1.3940000000e+003	-5.26861e+000	-1.12782e+002
1376	 1.3950000000e+003	-5.86257e+000	-1.11665e+002
1377	 1.3960000000e+003	-6.43347e+000	-1.10548e+002
1378	 1.3970000000e+003	-6.96428e+000	-1.09442e+002
1379	 1.3980000000e+003	-7.45965e+000	-1.08352e+002
1380	 1.3990000000e+003	-7.92671e+000	-1.07259e+002
1381	 1.4000000000e+003	-8.36932e+000	-1.06186e+002
1382	 1.4010000000e+003	-8.77570e+000	-1.05122e+002
1383	 1.4020000000e+003	-9.15618e+000	-1.04053e+002
1384	 1.4030000000e+003	-9.51174e+000	-1.02989e+002
1385	 1.4040000000e+003	-9.83638e+000	-1.01943e+002
1386	 1.4050000000e+003	-1.01270e+001	-1.00891e+002
1387	 1.4060000000e+003	-1.03983e+001	-9.98428e+001
1388	 1.4070000000e+003	-1.06451e+001	-9.87965e+001
1389	 1.4080000000e+003	-1.08561e+001	-9.77649e+001
1390	 1.4090000000e+003	-1.10473e+001	-9.67333e+001
1391	 1.4100000000e+003	-1.12187e+001	-9.57152e+001
1392	 1.4110000000e+003	-1.13477e+001	-9.46985e+001
1393	 1.4120000000e+003	-1.14542e+001	-9.36739e+001
1394	 1.4130000000e+003	-1.15372e+001	-9.26750e+001
1395	 1.4140000000e+003	-1.15901e+001	-9.16809e+001
1396	 1.4150000000e+003	-1.16265e+001	-9.06926e+001
1397	 1.4160000000e+003	-1.16351e+001	-8.97201e+001
1398	 1.4170000000e+003	-1.16243e+001	-8.87556e+001
1399	 1.4180000000e+003	-1.15805e+001	-8.77893e+001
1400	 1.4190000000e+003	-1.15042e+001	-8.68255e+001
1401	 1.4200000000e+003	-1.14169e+001	-8.58840e+001
1402	 1.4210000000e+003	-1.13138e+001	-8.49458e+001
1403	 1.4220000000e+003	-1.11862e+001	-8.40294e+001
1404	 1.4230000000e+003	-1.10309e+001	-8.31175e+001
1405	 1.4240000000e+003	-1.08470e+001	-8.22080e+001
1406	 1.4250000000e+003	-1.06627e+001	-8.13058e+001
1407	 1.4260000000e+003	-1.04484e+001	-8.04325e+001
1408	 1.4270000000e+003	-1.02148e+001	-7.95597e+001
1409	 1.4280000000e+003	-9.95394e+000	-7.86977e+001
1410	 1.4290000000e+003	-9.68726e+000	-7.78475e+001
1411	 1.4300000000e+003	-9.39870e+000	-7.70117e+001
1412	 1.4310000000e+003	-9.09485e+000	-7.61759e+001
1413	 1.4320000000e+003	-8.77275e+000	-7.53539e+001
1414	 1.4330000000e+003	-8.42754e+000	-7.45486e+001
1415	 1.4340000000e+003	-8.05971e+000	-7.37588e+001
1416	 1.4350000000e+003	-7.67984e+000	-7.29710e+001
1417	 1.4360000000e+003	-7.28821e+000	-7.22020e+001
1418	 1.4370000000e+003	-6.87184e+000	-7.14342e+001
1419	 1.4380000000e+003	-6.44337e+000	-7.06711e+001
1420	 1.4390000000e+003	-6.00879e+000	-6.99327e+001
1421	 1.4400000000e+003	-5.54897e+000	-6.92060e+001
1422	 1.4410000000e+003	-5.07201e+000	-6.84808e+001
1423	 1.4420000000e+003	-4.58184e+000	-6.77648e+001
1424	 1.4430000000e+003	-4.07091e+000	-6.70591e+001
1425	 1.4440000000e+003	-3.54566e+000	-6.63526e+001
1426	 1.4450000000e+003	-3.00632e+000	-6.56568e+001
1427	 1.4460000000e+003	-2.44965e+000	-6.49712e+001
1428	 1.4470000000e+003	-1.86443e+000	-6.42931e+001
1429	 1.4480000000e+003	-1.26018e+000	-6.36195e+001
1430	 1.4490000000e+003	-6.48027e-001	-6.29510e+001
1431	 1.4500000000e+003	-2.07112e-002	-6.22878e+001
1432	 1.4510000000e+003	 6.81482e-001	-6.16690e+001
1433	 1.4520000000e+003	 1.37719e+000	-6.10342e+001
1434	 1.4530000000e+003	 2.09658e+000	-6.04142e+001
1435	 1.4540000000e+003	 2.84776e+000	-5.98077e+001
1436	 1.4550000000e+003	 3.62987e+000	-5.92156e+001
1437	 1.4560000000e+003	 4.43480e+000	-5.86364e+001
1438	 1.4570000000e+003	 5.26452e+000	-5.80623e+001
1439	 1.4580000000e+003	 6.12405e+000	-5.75074e+001
1440	 1.4590000000e+003	 7.03319e+000	-5.69810e+001
1441	 1.4600000000e+003	 7.96768e+000	-5.64749e+001
1442	 1.4610000000e+003	 8.91978e+000	-5.59887e+001
1443	 1.4620000000e+003	 9.92267e+000	-5.55268e+001
1444	 1.4630000000e+003	 1.09845e+001	-5.50913e+001
1445	 1.4640000000e+003	 1.20613e+001	-5.47010e+001
1446	 1.4650000000e+003	 1.31444e+001	-5.43464e+001
1447	 1.4660000000e+003	 1.42804e+001	-5.40042e+001
1448	 1.4670000000e+003	 1.54714e+001	-5.37175e+001
1449	 1.4680000000e+003	 1.66831e+001	-5.35078e+001
1450	 1.4690000000e+003	 1.78949e+001	-5.33087e+001
1451	 1.4700000000e+003	 1.91701e+001	-5.31218e+001
1452	 1.4710000000e+003	 2.05280e+001	-5.30392e+001
1453	 1.4720000000e+003	 2.18513e+001	-5.30439e+001
1454	 1.4730000000e+003	 2.31437e+001	-5.30398e+001
1455	 1.4740000000e+003	 2.45806e+001	-5.30946e+001
1456	 1.4750000000e+003	 2.60398e+001	-5.33164e+001
1457	 1.4760000000e+003	 2.73670e+001	-5.35613e+001
1458	 1.4770000000e+003	 2.88354e+001	-5.37947e+001
1459	 1.4780000000e+003	 3.03978e+001	-5.42409e+001
1460	 1.4790000000e+003	 3.17399e+001	-5.47550e+001
1461	 1.4800000000e+003	 3.31687e+001	-5.51933e+001
1462	 1.4810000000e+003	 3.47859e+001	-5.58989e+001
1463	 1.4820000000e+003	 3.61049e+001	-5.66945e+001
1464	 1.4830000000e+003	 3.75081e+001	-5.73529e+001
1465	 1.4840000000e+003	 3.91006e+001	-5.83828e+001
1466	 1.4850000000e+003	 4.03198e+001	-5.93986e+001
1467	 1.4860000000e+003	 4.17273e+001	-6.03385e+001
1468	 1.4870000000e+003	 4.31972e+001	-6.17531e+001
1469	 1.4880000000e+003	 4.42293e+001	-6.29160e+001
1470	 1.4890000000e+003	 4.56796e+001	-6.42562e+001
1471	 1.4900000000e+003	 4.68149e+001	-6.59893e+001
1472	 1.4910000000e+003	 4.77990e+001	-6.72395e+001
1473	 1.4920000000e+003	 4.90924e+001	-6.91794e+001
1474	 1.4930000000e+003	 4.97339e+001	-7.08819e+001
1475	 1.4940000000e+003	 5.08445e+001	-7.26031e+001
1476	 1.4950000000e+003	 5.14836e+001	-7.49505e+001
1477	 1.4960000000e+003	 5.20781e+001	-7.65231e+001
1478	 1.4970000000e+003	 5.27606e+001	-7.91252e+001
1479	 1.4980000000e+003	 5.28375e+001	-8.09404e+001
1480	 1.4990000000e+003	 5.34162e+001	-8.34046e+001
1481	 1.5000000000e+003	 5.30520e+001	-8.57532e+001
1482	 1.5010000000e+003	 5.33389e+001	-8.78665e+001
1483	 1.5020000000e+003	 5.26374e+001	-9.06817e+001
1484	 1.5030000000e+003	 5.25411e+001	-9.24567e+001
1485	 1.5040000000e+003	 5.14876e+001	-9.54767e+001
1486	 1.5050000000e+003	 5.09764e+001	-9.70303e+001
1487	 1.5060000000e+003	 4.95923e+001	-1.00007e+002
1488	 1.5070000000e+003	 4.86866e+001	-1.01393e+002
1489	 1.5080000000e+003	 4.69481e+001	-1.04178e+002
1490	 1.5090000000e+003	 4.57530e+001	-1.05349e+002
1491	 1.5100000000e+003	 4.36670e+001	-1.07834e+002
1492	 1.5110000000e+003	 4.23029e+001	-1.08745e+002
1493	 1.5120000000e+003	 3.98390e+001	-1.10901e+002
1494	 1.5130000000e+003	 3.84868e+001	-1.11571e+002
1495	 1.5140000000e+003	 3.56503e+001	-1.13268e+002
1496	 1.5150000000e+003	 3.43981e+001	-1.13712e+002
1497	 1.5160000000e+003	 3.12739e+001	-1.14895e+002
1498	 1.5170000000e+003	 3.01584e+001	-1.15246e+002
1499	 1.5180000000e+003	 2.69815e+001	-1.15773e+002
1500	 1.5190000000e+003	 2.57810e+001	-1.16109e+002
1501	 1.5200000000e+003	 2.29937e+001	-1.16014e+002
1502	 1.5210000000e+003	 2.13858e+001	-1.16325e+002
1503	 1.5220000000e+003	 1.95371e+001	-1.15909e+002
1504	 1.5230000000e+003	 1.71443e+001	-1.15913e+002
1505	 1.5240000000e+003	 1.61893e+001	-1.15573e+002
1506	 1.5250000000e+003	 1.33359e+001	-1.14979e+002
1507	 1.5260000000e+003	 1.25102e+001	-1.14795e+002
1508	 1.5270000000e+003	 1.03402e+001	-1.13825e+002
1509	 1.5280000000e+003	 8.90205e+000	-1.13447e+002
1510	 1.5290000000e+003	 8.05583e+000	-1.12889e+002
1511	 1.5300000000e+003	 5.73316e+000	-1.11749e+002
1512	 1.5310000000e+003	 5.11640e+000	-1.11424e+002
1513	 1.5320000000e+003	 3.62034e+000	-1.10254e+002
1514	 1.5330000000e+003	 2.23495e+000	-1.09477e+002
1515	 1.5340000000e+003	 1.74013e+000	-1.09026e+002
1516	 1.5350000000e+003	 2.44302e-003	-1.07469e+002
1517	 1.5360000000e+003	-7.31704e-001	-1.06949e+002
1518	 1.5370000000e+003	-1.20751e+000	-1.06364e+002
1519	 1.5380000000e+003	-2.78778e+000	-1.04711e+002
1520	 1.5390000000e+003	-3.29442e+000	-1.04214e+002
1521	 1.5400000000e+003	-3.69812e+000	-1.03588e+002
1522	 1.5410000000e+003	-5.03668e+000	-1.01896e+002
1523	 1.5420000000e+003	-5.45682e+000	-1.01398e+002
1524	 1.5430000000e+003	-5.78467e+000	-1.00829e+002
1525	 1.5440000000e+003	-6.84789e+000	-9.90599e+001
1526	 1.5450000000e+003	-7.24220e+000	-9.84685e+001
1527	 1.5460000000e+003	-7.50458e+000	-9.79431e+001
1528	 1.5470000000e+003	-8.16859e+000	-9.64463e+001
1529	 1.5480000000e+003	-8.67404e+000	-9.55022e+001
1530	 1.5490000000e+003	-8.90661e+000	-9.49578e+001
1531	 1.5500000000e+003	-9.16844e+000	-9.42036e+001
1532	 1.5510000000e+003	-9.75649e+000	-9.25423e+001
1533	 1.5520000000e+003	-9.95583e+000	-9.19745e+001
1534	 1.5530000000e+003	-1.01220e+001	-9.14166e+001
1535	 1.5540000000e+003	-1.02963e+001	-9.05087e+001
1536	 1.5550000000e+003	-1.06959e+001	-8.90037e+001
1537	 1.5560000000e+003	-1.08181e+001	-8.84409e+001
1538	 1.5570000000e+003	-1.09173e+001	-8.78614e+001
1539	 1.5580000000e+003	-1.09972e+001	-8.71591e+001
1540	 1.5590000000e+003	-1.12100e+001	-8.55018e+001
1541	 1.5600000000e+003	-1.12643e+001	-8.49271e+001
1542	 1.5610000000e+003	-1.12968e+001	-8.43330e+001
1543	 1.5620000000e+003	-1.13186e+001	-8.37666e+001
1544	 1.5630000000e+003	-1.12938e+001	-8.25492e+001
1545	 1.5640000000e+003	-1.13067e+001	-8.14827e+001
1546	 1.5650000000e+003	-1.12878e+001	-8.09069e+001
1547	 1.5660000000e+003	-1.12385e+001	-8.02874e+001
1548	 1.5670000000e+003	-1.11777e+001	-7.97039e+001
1549	 1.5680000000e+003	-1.10771e+001	-7.89945e+001
1550	 1.5690000000e+003	-1.08984e+001	-7.75466e+001
1551	 1.5700000000e+003	-1.08082e+001	-7.70295e+001
1552	 1.5710000000e+003	-1.06940e+001	-7.64337e+001
1553	 1.5720000000e+003	-1.05549e+001	-7.58286e+001
1554	 1.5730000000e+003	-1.04038e+001	-7.52494e+001
1555	 1.5740000000e+003	-1.02679e+001	-7.47143e+001
1556	 1.5750000000e+003	-9.85147e+000	-7.33020e+001
1557	 1.5760000000e+003	-9.67187e+000	-7.27345e+001
1558	 1.5770000000e+003	-9.47223e+000	-7.21952e+001
1559	 1.5780000000e+003	-9.25565e+000	-7.16187e+001
1560	 1.5790000000e+003	-9.01813e+000	-7.10335e+001
1561	 1.5800000000e+003	-8.76606e+000	-7.04491e+001
1562	 1.5810000000e+003	-8.51501e+000	-6.98915e+001
1563	 1.5820000000e+003	-8.25737e+000	-6.93666e+001
1564	 1.5830000000e+003	-8.01895e+000	-6.88795e+001
1565	 1.5840000000e+003	-7.32028e+000	-6.75964e+001
1566	 1.5850000000e+003	-7.07679e+000	-6.71412e+001
1567	 1.5860000000e+003	-6.78329e+000	-6.66670e+001
1568	 1.5870000000e+003	-6.45330e+000	-6.61420e+001
1569	 1.5880000000e+003	-6.11345e+000	-6.56142e+001
1570	 1.5890000000e+003	-5.74672e+000	-6.50815e+001
1571	 1.5900000000e+003	-5.36173e+000	-6.45527e+001
1572	 1.5910000000e+003	-4.96307e+000	-6.40263e+001
1573	 1.5920000000e+003	-4.54700e+000	-6.35018e+001
1574	 1.5930000000e+003	-4.11730e+000	-6.29894e+001
1575	 1.5940000000e+003	-3.67821e+000	-6.24937e+001
1576	 1.5950000000e+003	-3.21939e+000	-6.20009e+001
1577	 1.5960000000e+003	-2.75479e+000	-6.15064e+001
1578	 1.5970000000e+003	-2.28149e+000	-6.10352e+001
1579	 1.5980000000e+003	-1.77830e+000	-6.05571e+001
1580	 1.5990000000e+003	-1.26477e+000	-6.00868e+001
1581	 1.6000000000e+003	-7.39162e-001	-5.96299e+001
1582	 1.6010000000e+003	-2.04375e-001	-5.92000e+001
1583	 1.6020000000e+003	 3.84971e-001	-5.87770e+001
1584	 1.6030000000e+003	 9.78873e-001	-5.83252e+001
1585	 1.6040000000e+003	 1.57466e+000	-5.79387e+001
1586	 1.6050000000e+003	 2.19414e+000	-5.75645e+001
1587	 1.6060000000e+003	 2.83402e+000	-5.71822e+001
1588	 1.6070000000e+003	 3.48001e+000	-5.67763e+001
1589	 1.6080000000e+003	 4.16526e+000	-5.63152e+001
1590	 1.6090000000e+003	 4.84635e+000	-5.59719e+001
1591	 1.6100000000e+003	 5.58255e+000	-5.56881e+001
1592	 1.6110000000e+003	 6.34413e+000	-5.53686e+001
1593	 1.6120000000e+003	 7.03501e+000	-5.49796e+001
1594	 1.6130000000e+003	 7.86337e+000	-5.45464e+001
1595	 1.6140000000e+003	 8.64251e+000	-5.42702e+001
1596	 1.6150000000e+003	 9.61955e+000	-5.39839e+001
1597	 1.6160000000e+003	 1.04141e+001	-5.37537e+001
1598	 1.6170000000e+003	 1.12765e+001	-5.35633e+001
1599	 1.6180000000e+003	 1.18154e+001	-5.32355e+001
1600	 1.6190000000e+003	 1.26146e+001	-5.26261e+001
1601	 1.6200000000e+003	 1.35718e+001	-5.17118e+001
TagsBegin:	 	 	 
OverLoad:	 	False	 
AverageNumber: []	 	 8.80000e+001	 
OverLoadRatio: []	 	 1.19209e-007	 
TagsEnd:	 	 	 
TagScalesBegin:	 	 	 
TagScalesEnd:	 	 	 
