Header Size:	 79	 	 
Pulse Version:	 80	 	 
Running Pulse Version:	PULSE LabShop Fast Track Version 18.1.1.9 - 2014-01-16	 	 
Decimal Symbol:	.	 	 
Date Format:	M/d/yyyy	 	 
Time Format:	HH:mm:ss:mmm	 	 
Data Type:	Complex	 	 
Slice:	False	 	 
Z-Axis type:	Linear	 	 
Z-Axis size:	1	 	 
Z-Axis unit:	 	 	 
Z-Axis first value:	 0.0000000000e+000	 	 
Z-Axis delta:	 1.0000000000e+000	 	 
X-Axis type:	Linear	 	 
X-Axis size:	1601	 	 
X-Axis unit:	Hz	 	 
X-Axis first value:	 2.0000000000e+001	 	 
X-Axis delta:	 1.0000000000e+000	 	 
	 	 	 
AmplitudeUnit:	Pa/(m/s)	 	 
Analyzer:	FFT_Spectrum_Averaging	 	 
AnalyzerName:	FFT Analyzer	 	 
	 	 	 
	 	 	 
Bipolar:	True	 	 
CenterFrequency:	 8.2000000000e+002	 	 
	 	 	 
	 	 	 
	 	 	 
	 	 	 
	 	 	 
	 	 	 
	 	 	 
	 	 	 
Domain:	1	 	 
Function:	Frequency Response	 	 
	 	 	 
InputRange:	-1.0000000000e-001	 	 
	 	 	 
	 	 	 
MultiBufferName:	Input	 	 
NBW:	 1.5000000000e+000	 	 
	 	 	 
OverlapFailed:	False	 	 
Overrun:	False	 	 
Power:	False	 	 
	 	 	 
Ratio:	True	 	 
RecordLength:	 1.0000000000e+000	 	 
ReducedSize:	True	 	 
Ref_Signal:	v	 	 
	 	 	 
	 	 	 
RefSignalUnit:	m/s	 	 
	 	 	 
	 	 	 
Signal:	p	 	 
	 	 	 
SignalUnit:	Pa	 	 
	 	 	 
	 	 	 
	 	 	 
Title:	Input Impedance	 	 
Title1:	Working : Input : Input : FFT Analyzer	 	 
	 	 	 
	 	 	 
	 	 	 
ZoomOn:	True	 	 
	 	 	 
TemplateName:	Working	 	 
MeasurementName:	Input	 	 
MeasurementSlice:	False	 	 
	 	 	 
	 	 	 
	 	 	 
EnvelopeOn:	False	 	 
	 	 	 
	 	 	 
	 	 	 
Z-index:	 	1	 
Date:	 	5/23/2022	 
Time:	 	17:54:59:874	 
Relative time:	 	 0.00000e+000	 
Z-axis:	 	 0.0000000000e+000	 
1	 2.0000000000e+001	 1.42371e+000	 5.92032e+001
2	 2.1000000000e+001	 1.88946e+000	 6.21630e+001
3	 2.2000000000e+001	 1.84932e+000	 6.46919e+001
4	 2.3000000000e+001	 2.50106e+000	 6.81134e+001
5	 2.4000000000e+001	 2.25935e+000	 7.18759e+001
6	 2.5000000000e+001	 3.26536e+000	 7.53445e+001
7	 2.6000000000e+001	 3.06194e+000	 7.91908e+001
8	 2.7000000000e+001	 4.14150e+000	 8.30346e+001
9	 2.8000000000e+001	 3.85186e+000	 8.68412e+001
10	 2.9000000000e+001	 4.84093e+000	 9.10286e+001
11	 3.0000000000e+001	 4.73315e+000	 9.51889e+001
12	 3.1000000000e+001	 5.68260e+000	 9.97003e+001
13	 3.2000000000e+001	 6.10436e+000	 1.04224e+002
14	 3.3000000000e+001	 6.43320e+000	 1.08859e+002
15	 3.4000000000e+001	 7.62976e+000	 1.13963e+002
16	 3.5000000000e+001	 7.76897e+000	 1.18809e+002
17	 3.6000000000e+001	 8.80230e+000	 1.24327e+002
18	 3.7000000000e+001	 9.81200e+000	 1.29942e+002
19	 3.8000000000e+001	 1.02526e+001	 1.35537e+002
20	 3.9000000000e+001	 1.16725e+001	 1.41953e+002
21	 4.0000000000e+001	 1.29555e+001	 1.48275e+002
22	 4.1000000000e+001	 1.36292e+001	 1.54733e+002
23	 4.2000000000e+001	 1.52079e+001	 1.62110e+002
24	 4.3000000000e+001	 1.69569e+001	 1.69854e+002
25	 4.4000000000e+001	 1.79170e+001	 1.77593e+002
26	 4.5000000000e+001	 2.00191e+001	 1.86207e+002
27	 4.6000000000e+001	 2.23171e+001	 1.95742e+002
28	 4.7000000000e+001	 2.44960e+001	 2.05234e+002
29	 4.8000000000e+001	 2.67668e+001	 2.15626e+002
30	 4.9000000000e+001	 3.00667e+001	 2.27175e+002
31	 5.0000000000e+001	 3.37608e+001	 2.39744e+002
32	 5.1000000000e+001	 3.72573e+001	 2.52445e+002
33	 5.2000000000e+001	 4.15515e+001	 2.67196e+002
34	 5.3000000000e+001	 4.72468e+001	 2.83145e+002
35	 5.4000000000e+001	 5.37695e+001	 3.01060e+002
36	 5.5000000000e+001	 6.08313e+001	 3.19708e+002
37	 5.6000000000e+001	 6.88504e+001	 3.41233e+002
38	 5.7000000000e+001	 8.04433e+001	 3.65407e+002
39	 5.8000000000e+001	 9.37594e+001	 3.92939e+002
40	 5.9000000000e+001	 1.09630e+002	 4.23021e+002
41	 6.0000000000e+001	 1.29113e+002	 4.56394e+002
42	 6.1000000000e+001	 1.54894e+002	 4.97450e+002
43	 6.2000000000e+001	 1.90164e+002	 5.41639e+002
44	 6.3000000000e+001	 2.34598e+002	 5.94870e+002
45	 6.4000000000e+001	 2.94233e+002	 6.51543e+002
46	 6.5000000000e+001	 3.76024e+002	 7.16871e+002
47	 6.6000000000e+001	 4.96705e+002	 7.85784e+002
48	 6.7000000000e+001	 6.68698e+002	 8.38992e+002
49	 6.8000000000e+001	 8.99921e+002	 8.59028e+002
50	 6.9000000000e+001	 1.20184e+003	 7.77841e+002
51	 7.0000000000e+001	 1.52226e+003	 5.19437e+002
52	 7.1000000000e+001	 1.69233e+003	 5.99322e+001
53	 7.2000000000e+001	 1.56558e+003	-4.34113e+002
54	 7.3000000000e+001	 1.26690e+003	-7.30634e+002
55	 7.4000000000e+001	 9.57728e+002	-8.41653e+002
56	 7.5000000000e+001	 7.08179e+002	-8.35988e+002
57	 7.6000000000e+001	 5.32303e+002	-7.90055e+002
58	 7.7000000000e+001	 4.07231e+002	-7.23811e+002
59	 7.8000000000e+001	 3.16234e+002	-6.60449e+002
60	 7.9000000000e+001	 2.53264e+002	-6.02743e+002
61	 8.0000000000e+001	 2.06594e+002	-5.52626e+002
62	 8.1000000000e+001	 1.70197e+002	-5.06630e+002
63	 8.2000000000e+001	 1.42973e+002	-4.68282e+002
64	 8.3000000000e+001	 1.21867e+002	-4.33011e+002
65	 8.4000000000e+001	 1.04086e+002	-4.02411e+002
66	 8.5000000000e+001	 9.03937e+001	-3.75094e+002
67	 8.6000000000e+001	 7.91717e+001	-3.51660e+002
68	 8.7000000000e+001	 6.96431e+001	-3.29727e+002
69	 8.8000000000e+001	 6.16853e+001	-3.10427e+002
70	 8.9000000000e+001	 5.52980e+001	-2.93087e+002
71	 9.0000000000e+001	 4.94495e+001	-2.76777e+002
72	 9.1000000000e+001	 4.46120e+001	-2.62204e+002
73	 9.2000000000e+001	 4.03182e+001	-2.48761e+002
74	 9.3000000000e+001	 3.68664e+001	-2.36530e+002
75	 9.4000000000e+001	 3.34842e+001	-2.25079e+002
76	 9.5000000000e+001	 3.06274e+001	-2.14562e+002
77	 9.6000000000e+001	 2.83346e+001	-2.04709e+002
78	 9.7000000000e+001	 2.59876e+001	-1.95467e+002
79	 9.8000000000e+001	 2.40653e+001	-1.86827e+002
80	 9.9000000000e+001	 2.21928e+001	-1.78754e+002
81	 1.0000000000e+002	 2.07421e+001	-1.71137e+002
82	 1.0100000000e+002	 1.92884e+001	-1.63967e+002
83	 1.0200000000e+002	 1.78754e+001	-1.57148e+002
84	 1.0300000000e+002	 1.68044e+001	-1.50727e+002
85	 1.0400000000e+002	 1.57467e+001	-1.44550e+002
86	 1.0500000000e+002	 1.47409e+001	-1.38737e+002
87	 1.0600000000e+002	 1.38297e+001	-1.33085e+002
88	 1.0700000000e+002	 1.30125e+001	-1.27808e+002
89	 1.0800000000e+002	 1.22972e+001	-1.22651e+002
90	 1.0900000000e+002	 1.16183e+001	-1.17740e+002
91	 1.1000000000e+002	 1.09096e+001	-1.13072e+002
92	 1.1100000000e+002	 1.03685e+001	-1.08504e+002
93	 1.1200000000e+002	 9.82891e+000	-1.04105e+002
94	 1.1300000000e+002	 9.33384e+000	-9.98902e+001
95	 1.1400000000e+002	 8.80986e+000	-9.57564e+001
96	 1.1500000000e+002	 8.37827e+000	-9.17913e+001
97	 1.1600000000e+002	 7.97124e+000	-8.79297e+001
98	 1.1700000000e+002	 7.61979e+000	-8.41322e+001
99	 1.1800000000e+002	 7.23281e+000	-8.04880e+001
100	 1.1900000000e+002	 6.88307e+000	-7.69243e+001
101	 1.2000000000e+002	 6.59943e+000	-7.33857e+001
102	 1.2100000000e+002	 6.33692e+000	-6.99728e+001
103	 1.2200000000e+002	 6.09748e+000	-6.66086e+001
104	 1.2300000000e+002	 5.84207e+000	-6.33297e+001
105	 1.2400000000e+002	 5.64175e+000	-6.01096e+001
106	 1.2500000000e+002	 5.48856e+000	-5.69743e+001
107	 1.2600000000e+002	 5.33156e+000	-5.38588e+001
108	 1.2700000000e+002	 5.16633e+000	-5.08192e+001
109	 1.2800000000e+002	 5.01431e+000	-4.78670e+001
110	 1.2900000000e+002	 4.88378e+000	-4.48998e+001
111	 1.3000000000e+002	 4.76358e+000	-4.19814e+001
112	 1.3100000000e+002	 4.68734e+000	-3.91071e+001
113	 1.3200000000e+002	 4.55921e+000	-3.62564e+001
114	 1.3300000000e+002	 4.46160e+000	-3.34437e+001
115	 1.3400000000e+002	 4.35458e+000	-3.06467e+001
116	 1.3500000000e+002	 4.31172e+000	-2.78630e+001
117	 1.3600000000e+002	 4.24190e+000	-2.50986e+001
118	 1.3700000000e+002	 4.16725e+000	-2.23387e+001
119	 1.3800000000e+002	 4.12366e+000	-1.96274e+001
120	 1.3900000000e+002	 4.07303e+000	-1.68977e+001
121	 1.4000000000e+002	 4.02445e+000	-1.41608e+001
122	 1.4100000000e+002	 4.02376e+000	-1.14345e+001
123	 1.4200000000e+002	 3.99731e+000	-8.70283e+000
124	 1.4300000000e+002	 3.96316e+000	-5.98691e+000
125	 1.4400000000e+002	 3.94557e+000	-3.24015e+000
126	 1.4500000000e+002	 3.95743e+000	-5.07415e-001
127	 1.4600000000e+002	 3.97151e+000	 2.27463e+000
128	 1.4700000000e+002	 3.97971e+000	 5.05020e+000
129	 1.4800000000e+002	 3.97171e+000	 7.83576e+000
130	 1.4900000000e+002	 4.00330e+000	 1.06583e+001
131	 1.5000000000e+002	 4.03080e+000	 1.35234e+001
132	 1.5100000000e+002	 4.09162e+000	 1.64157e+001
133	 1.5200000000e+002	 4.21512e+000	 1.93708e+001
134	 1.5300000000e+002	 4.36251e+000	 2.23395e+001
135	 1.5400000000e+002	 4.53786e+000	 2.53357e+001
136	 1.5500000000e+002	 4.69139e+000	 2.83544e+001
137	 1.5600000000e+002	 4.86501e+000	 3.14451e+001
138	 1.5700000000e+002	 5.02523e+000	 3.45963e+001
139	 1.5800000000e+002	 5.17329e+000	 3.78278e+001
140	 1.5900000000e+002	 5.27887e+000	 4.10838e+001
141	 1.6000000000e+002	 5.33175e+000	 4.44313e+001
142	 1.6100000000e+002	 5.39017e+000	 4.78801e+001
143	 1.6200000000e+002	 5.42154e+000	 5.13885e+001
144	 1.6300000000e+002	 5.43416e+000	 5.50198e+001
145	 1.6400000000e+002	 5.47467e+000	 5.87648e+001
146	 1.6500000000e+002	 5.52164e+000	 6.26174e+001
147	 1.6600000000e+002	 5.59265e+000	 6.65865e+001
148	 1.6700000000e+002	 5.64818e+000	 7.06768e+001
149	 1.6800000000e+002	 5.73008e+000	 7.49373e+001
150	 1.6900000000e+002	 5.82637e+000	 7.93705e+001
151	 1.7000000000e+002	 5.98662e+000	 8.39779e+001
152	 1.7100000000e+002	 6.12490e+000	 8.87928e+001
153	 1.7200000000e+002	 6.28375e+000	 9.38001e+001
154	 1.7300000000e+002	 6.46673e+000	 9.90814e+001
155	 1.7400000000e+002	 6.61931e+000	 1.04642e+002
156	 1.7500000000e+002	 6.76556e+000	 1.10493e+002
157	 1.7600000000e+002	 6.96731e+000	 1.16679e+002
158	 1.7700000000e+002	 7.10744e+000	 1.23318e+002
159	 1.7800000000e+002	 7.31367e+000	 1.30376e+002
160	 1.7900000000e+002	 7.51049e+000	 1.37898e+002
161	 1.8000000000e+002	 7.70855e+000	 1.45985e+002
162	 1.8100000000e+002	 7.89005e+000	 1.54785e+002
163	 1.8200000000e+002	 8.08180e+000	 1.64335e+002
164	 1.8300000000e+002	 8.30425e+000	 1.74901e+002
165	 1.8400000000e+002	 8.58956e+000	 1.86373e+002
166	 1.8500000000e+002	 8.84241e+000	 1.99339e+002
167	 1.8600000000e+002	 9.25481e+000	 2.13687e+002
168	 1.8700000000e+002	 9.69755e+000	 2.29894e+002
169	 1.8800000000e+002	 1.04630e+001	 2.48713e+002
170	 1.8900000000e+002	 1.17428e+001	 2.70285e+002
171	 1.9000000000e+002	 1.35954e+001	 2.95614e+002
172	 1.9100000000e+002	 1.70479e+001	 3.26263e+002
173	 1.9200000000e+002	 2.31053e+001	 3.63538e+002
174	 1.9300000000e+002	 3.29627e+001	 4.08925e+002
175	 1.9400000000e+002	 4.97595e+001	 4.65241e+002
176	 1.9500000000e+002	 7.88818e+001	 5.35241e+002
177	 1.9600000000e+002	 1.31348e+002	 6.21705e+002
178	 1.9700000000e+002	 2.25175e+002	 7.22590e+002
179	 1.9800000000e+002	 3.90282e+002	 8.20987e+002
180	 1.9900000000e+002	 6.52658e+002	 8.60090e+002
181	 2.0000000000e+002	 9.76339e+002	 7.36913e+002
182	 2.0100000000e+002	 1.19520e+003	 4.11200e+002
183	 2.0200000000e+002	 1.18829e+003	 4.83943e+001
184	 2.0300000000e+002	 1.04091e+003	-1.95718e+002
185	 2.0400000000e+002	 8.71125e+002	-3.16098e+002
186	 2.0500000000e+002	 7.28538e+002	-3.62679e+002
187	 2.0600000000e+002	 6.17078e+002	-3.73689e+002
188	 2.0700000000e+002	 5.31506e+002	-3.69078e+002
189	 2.0800000000e+002	 4.65255e+002	-3.58061e+002
190	 2.0900000000e+002	 4.13661e+002	-3.44642e+002
191	 2.1000000000e+002	 3.72707e+002	-3.30730e+002
192	 2.1100000000e+002	 3.39891e+002	-3.17053e+002
193	 2.1200000000e+002	 3.13061e+002	-3.03945e+002
194	 2.1300000000e+002	 2.91021e+002	-2.92083e+002
195	 2.1400000000e+002	 2.72503e+002	-2.82081e+002
196	 2.1500000000e+002	 2.56459e+002	-2.73416e+002
197	 2.1600000000e+002	 2.42154e+002	-2.66144e+002
198	 2.1700000000e+002	 2.29372e+002	-2.60256e+002
199	 2.1800000000e+002	 2.17593e+002	-2.55192e+002
200	 2.1900000000e+002	 2.06094e+002	-2.50616e+002
201	 2.2000000000e+002	 1.94861e+002	-2.46567e+002
202	 2.2100000000e+002	 1.83984e+002	-2.42464e+002
203	 2.2200000000e+002	 1.73350e+002	-2.38324e+002
204	 2.2300000000e+002	 1.63214e+002	-2.34144e+002
205	 2.2400000000e+002	 1.53556e+002	-2.29571e+002
206	 2.2500000000e+002	 1.44429e+002	-2.25020e+002
207	 2.2600000000e+002	 1.35898e+002	-2.20222e+002
208	 2.2700000000e+002	 1.27806e+002	-2.15326e+002
209	 2.2800000000e+002	 1.20067e+002	-2.10266e+002
210	 2.2900000000e+002	 1.12790e+002	-2.05219e+002
211	 2.3000000000e+002	 1.05980e+002	-2.00040e+002
212	 2.3100000000e+002	 9.96023e+001	-1.94878e+002
213	 2.3200000000e+002	 9.36729e+001	-1.89623e+002
214	 2.3300000000e+002	 8.81839e+001	-1.84350e+002
215	 2.3400000000e+002	 8.30972e+001	-1.79146e+002
216	 2.3500000000e+002	 7.83734e+001	-1.73953e+002
217	 2.3600000000e+002	 7.41049e+001	-1.68811e+002
218	 2.3700000000e+002	 7.02065e+001	-1.63756e+002
219	 2.3800000000e+002	 6.66451e+001	-1.58794e+002
220	 2.3900000000e+002	 6.33847e+001	-1.54003e+002
221	 2.4000000000e+002	 6.03582e+001	-1.49354e+002
222	 2.4100000000e+002	 5.75655e+001	-1.44790e+002
223	 2.4200000000e+002	 5.49937e+001	-1.40381e+002
224	 2.4300000000e+002	 5.25756e+001	-1.36061e+002
225	 2.4400000000e+002	 5.03370e+001	-1.31890e+002
226	 2.4500000000e+002	 4.82719e+001	-1.27805e+002
227	 2.4600000000e+002	 4.63443e+001	-1.23809e+002
228	 2.4700000000e+002	 4.45553e+001	-1.19906e+002
229	 2.4800000000e+002	 4.28791e+001	-1.16120e+002
230	 2.4900000000e+002	 4.13319e+001	-1.12389e+002
231	 2.5000000000e+002	 3.99012e+001	-1.08739e+002
232	 2.5100000000e+002	 3.85746e+001	-1.05159e+002
233	 2.5200000000e+002	 3.73315e+001	-1.01679e+002
234	 2.5300000000e+002	 3.61894e+001	-9.82646e+001
235	 2.5400000000e+002	 3.51719e+001	-9.49084e+001
236	 2.5500000000e+002	 3.41855e+001	-9.16403e+001
237	 2.5600000000e+002	 3.32713e+001	-8.84162e+001
238	 2.5700000000e+002	 3.24546e+001	-8.52455e+001
239	 2.5800000000e+002	 3.16695e+001	-8.21409e+001
240	 2.5900000000e+002	 3.09648e+001	-7.90925e+001
241	 2.6000000000e+002	 3.03067e+001	-7.60956e+001
242	 2.6100000000e+002	 2.97087e+001	-7.31295e+001
243	 2.6200000000e+002	 2.91619e+001	-7.02249e+001
244	 2.6300000000e+002	 2.86738e+001	-6.73570e+001
245	 2.6400000000e+002	 2.82287e+001	-6.45390e+001
246	 2.6500000000e+002	 2.78292e+001	-6.17393e+001
247	 2.6600000000e+002	 2.74613e+001	-5.89731e+001
248	 2.6700000000e+002	 2.71398e+001	-5.62374e+001
249	 2.6800000000e+002	 2.68614e+001	-5.35451e+001
250	 2.6900000000e+002	 2.66200e+001	-5.08729e+001
251	 2.7000000000e+002	 2.63972e+001	-4.82191e+001
252	 2.7100000000e+002	 2.62345e+001	-4.55944e+001
253	 2.7200000000e+002	 2.60850e+001	-4.29783e+001
254	 2.7300000000e+002	 2.59776e+001	-4.03880e+001
255	 2.7400000000e+002	 2.59220e+001	-3.78189e+001
256	 2.7500000000e+002	 2.58730e+001	-3.52484e+001
257	 2.7600000000e+002	 2.58643e+001	-3.26853e+001
258	 2.7700000000e+002	 2.58946e+001	-3.01416e+001
259	 2.7800000000e+002	 2.59425e+001	-2.76044e+001
260	 2.7900000000e+002	 2.60349e+001	-2.50564e+001
261	 2.8000000000e+002	 2.61493e+001	-2.25139e+001
262	 2.8100000000e+002	 2.63126e+001	-1.99864e+001
263	 2.8200000000e+002	 2.65088e+001	-1.74604e+001
264	 2.8300000000e+002	 2.67341e+001	-1.49255e+001
265	 2.8400000000e+002	 2.69829e+001	-1.23767e+001
266	 2.8500000000e+002	 2.72746e+001	-9.80495e+000
267	 2.8600000000e+002	 2.76082e+001	-7.23064e+000
268	 2.8700000000e+002	 2.79766e+001	-4.65279e+000
269	 2.8800000000e+002	 2.83681e+001	-2.05952e+000
270	 2.8900000000e+002	 2.87967e+001	 5.55993e-001
271	 2.9000000000e+002	 2.92706e+001	 3.19751e+000
272	 2.9100000000e+002	 2.98020e+001	 5.85380e+000
273	 2.9200000000e+002	 3.03951e+001	 8.53791e+000
274	 2.9300000000e+002	 3.10089e+001	 1.12413e+001
275	 2.9400000000e+002	 3.16998e+001	 1.39827e+001
276	 2.9500000000e+002	 3.24137e+001	 1.67705e+001
277	 2.9600000000e+002	 3.31707e+001	 1.95808e+001
278	 2.9700000000e+002	 3.40312e+001	 2.24208e+001
279	 2.9800000000e+002	 3.49406e+001	 2.53117e+001
280	 2.9900000000e+002	 3.59206e+001	 2.82560e+001
281	 3.0000000000e+002	 3.69634e+001	 3.12145e+001
282	 3.0100000000e+002	 3.80916e+001	 3.42218e+001
283	 3.0200000000e+002	 3.93003e+001	 3.72919e+001
284	 3.0300000000e+002	 4.06035e+001	 4.04278e+001
285	 3.0400000000e+002	 4.19922e+001	 4.35933e+001
286	 3.0500000000e+002	 4.35173e+001	 4.68051e+001
287	 3.0600000000e+002	 4.51261e+001	 5.01263e+001
288	 3.0700000000e+002	 4.68673e+001	 5.34839e+001
289	 3.0800000000e+002	 4.87177e+001	 5.69111e+001
290	 3.0900000000e+002	 5.07569e+001	 6.04004e+001
291	 3.1000000000e+002	 5.29118e+001	 6.39911e+001
292	 3.1100000000e+002	 5.52170e+001	 6.76283e+001
293	 3.1200000000e+002	 5.77378e+001	 7.13257e+001
294	 3.1300000000e+002	 6.04596e+001	 7.51458e+001
295	 3.1400000000e+002	 6.34291e+001	 7.90444e+001
296	 3.1500000000e+002	 6.66135e+001	 8.30264e+001
297	 3.1600000000e+002	 7.01123e+001	 8.70172e+001
298	 3.1700000000e+002	 7.39176e+001	 9.10967e+001
299	 3.1800000000e+002	 7.80610e+001	 9.51787e+001
300	 3.1900000000e+002	 8.24717e+001	 9.93141e+001
301	 3.2000000000e+002	 8.73047e+001	 1.03434e+002
302	 3.2100000000e+002	 9.25613e+001	 1.07624e+002
303	 3.2200000000e+002	 9.82501e+001	 1.11807e+002
304	 3.2300000000e+002	 1.04519e+002	 1.15920e+002
305	 3.2400000000e+002	 1.11321e+002	 1.19942e+002
306	 3.2500000000e+002	 1.18696e+002	 1.23801e+002
307	 3.2600000000e+002	 1.26732e+002	 1.27494e+002
308	 3.2700000000e+002	 1.35491e+002	 1.30972e+002
309	 3.2800000000e+002	 1.44961e+002	 1.34016e+002
310	 3.2900000000e+002	 1.55183e+002	 1.36601e+002
311	 3.3000000000e+002	 1.66321e+002	 1.38589e+002
312	 3.3100000000e+002	 1.78355e+002	 1.39810e+002
313	 3.3200000000e+002	 1.91150e+002	 1.40157e+002
314	 3.3300000000e+002	 2.04843e+002	 1.39356e+002
315	 3.3400000000e+002	 2.19263e+002	 1.37152e+002
316	 3.3500000000e+002	 2.34203e+002	 1.33463e+002
317	 3.3600000000e+002	 2.49573e+002	 1.27984e+002
318	 3.3700000000e+002	 2.65169e+002	 1.20354e+002
319	 3.3800000000e+002	 2.80551e+002	 1.10462e+002
320	 3.3900000000e+002	 2.95290e+002	 9.81621e+001
321	 3.4000000000e+002	 3.08992e+002	 8.36506e+001
322	 3.4100000000e+002	 3.21188e+002	 6.67523e+001
323	 3.4200000000e+002	 3.31107e+002	 4.77971e+001
324	 3.4300000000e+002	 3.38331e+002	 2.71700e+001
325	 3.4400000000e+002	 3.42698e+002	 5.44888e+000
326	 3.4500000000e+002	 3.43935e+002	-1.67101e+001
327	 3.4600000000e+002	 3.41970e+002	-3.85246e+001
328	 3.4700000000e+002	 3.36895e+002	-5.94635e+001
329	 3.4800000000e+002	 3.29179e+002	-7.89268e+001
330	 3.4900000000e+002	 3.19233e+002	-9.66780e+001
331	 3.5000000000e+002	 3.07526e+002	-1.12401e+002
332	 3.5100000000e+002	 2.94524e+002	-1.25822e+002
333	 3.5200000000e+002	 2.80729e+002	-1.36959e+002
334	 3.5300000000e+002	 2.66525e+002	-1.45908e+002
335	 3.5400000000e+002	 2.52388e+002	-1.52799e+002
336	 3.5500000000e+002	 2.38473e+002	-1.57842e+002
337	 3.5600000000e+002	 2.24974e+002	-1.61296e+002
338	 3.5700000000e+002	 2.12087e+002	-1.63423e+002
339	 3.5800000000e+002	 1.99890e+002	-1.64508e+002
340	 3.5900000000e+002	 1.88435e+002	-1.64479e+002
341	 3.6000000000e+002	 1.77694e+002	-1.63585e+002
342	 3.6100000000e+002	 1.67816e+002	-1.62002e+002
343	 3.6200000000e+002	 1.58627e+002	-1.59858e+002
344	 3.6300000000e+002	 1.50101e+002	-1.57368e+002
345	 3.6400000000e+002	 1.42257e+002	-1.54566e+002
346	 3.6500000000e+002	 1.35033e+002	-1.51502e+002
347	 3.6600000000e+002	 1.28404e+002	-1.48175e+002
348	 3.6700000000e+002	 1.22335e+002	-1.44751e+002
349	 3.6800000000e+002	 1.16754e+002	-1.41235e+002
350	 3.6900000000e+002	 1.11589e+002	-1.37698e+002
351	 3.7000000000e+002	 1.06835e+002	-1.34077e+002
352	 3.7100000000e+002	 1.02541e+002	-1.30383e+002
353	 3.7200000000e+002	 9.85165e+001	-1.26752e+002
354	 3.7300000000e+002	 9.48272e+001	-1.23074e+002
355	 3.7400000000e+002	 9.15827e+001	-1.19376e+002
356	 3.7500000000e+002	 8.85643e+001	-1.15844e+002
357	 3.7600000000e+002	 8.57654e+001	-1.12308e+002
358	 3.7700000000e+002	 8.32162e+001	-1.08749e+002
359	 3.7800000000e+002	 8.08444e+001	-1.05263e+002
360	 3.7900000000e+002	 7.87445e+001	-1.01892e+002
361	 3.8000000000e+002	 7.68352e+001	-9.84779e+001
362	 3.8100000000e+002	 7.50675e+001	-9.50342e+001
363	 3.8200000000e+002	 7.34373e+001	-9.16944e+001
364	 3.8300000000e+002	 7.20253e+001	-8.84690e+001
365	 3.8400000000e+002	 7.07827e+001	-8.52172e+001
366	 3.8500000000e+002	 6.96004e+001	-8.20808e+001
367	 3.8600000000e+002	 6.86368e+001	-7.89639e+001
368	 3.8700000000e+002	 6.77720e+001	-7.58047e+001
369	 3.8800000000e+002	 6.70743e+001	-7.27257e+001
370	 3.8900000000e+002	 6.64520e+001	-6.97302e+001
371	 3.9000000000e+002	 6.59517e+001	-6.67192e+001
372	 3.9100000000e+002	 6.55719e+001	-6.38220e+001
373	 3.9200000000e+002	 6.52785e+001	-6.08833e+001
374	 3.9300000000e+002	 6.50983e+001	-5.79715e+001
375	 3.9400000000e+002	 6.50605e+001	-5.50908e+001
376	 3.9500000000e+002	 6.51229e+001	-5.22584e+001
377	 3.9600000000e+002	 6.52746e+001	-4.94093e+001
378	 3.9700000000e+002	 6.55714e+001	-4.66459e+001
379	 3.9800000000e+002	 6.59292e+001	-4.38495e+001
380	 3.9900000000e+002	 6.63892e+001	-4.11144e+001
381	 4.0000000000e+002	 6.69881e+001	-3.83972e+001
382	 4.0100000000e+002	 6.76817e+001	-3.56804e+001
383	 4.0200000000e+002	 6.84982e+001	-3.30023e+001
384	 4.0300000000e+002	 6.94169e+001	-3.03463e+001
385	 4.0400000000e+002	 7.05336e+001	-2.77504e+001
386	 4.0500000000e+002	 7.18043e+001	-2.52099e+001
387	 4.0600000000e+002	 7.30774e+001	-2.26675e+001
388	 4.0700000000e+002	 7.45706e+001	-2.00930e+001
389	 4.0800000000e+002	 7.62759e+001	-1.75851e+001
390	 4.0900000000e+002	 7.80160e+001	-1.52039e+001
391	 4.1000000000e+002	 8.00002e+001	-1.27844e+001
392	 4.1100000000e+002	 8.21174e+001	-1.04857e+001
393	 4.1200000000e+002	 8.43715e+001	-8.24286e+000
394	 4.1300000000e+002	 8.68386e+001	-6.03645e+000
395	 4.1400000000e+002	 8.95105e+001	-3.95035e+000
396	 4.1500000000e+002	 9.24594e+001	-1.97819e+000
397	 4.1600000000e+002	 9.55646e+001	-1.73984e-001
398	 4.1700000000e+002	 9.88063e+001	 1.53779e+000
399	 4.1800000000e+002	 1.02423e+002	 2.96832e+000
400	 4.1900000000e+002	 1.06247e+002	 4.26216e+000
401	 4.2000000000e+002	 1.10134e+002	 5.43484e+000
402	 4.2100000000e+002	 1.14389e+002	 6.20359e+000
403	 4.2200000000e+002	 1.18937e+002	 6.59689e+000
404	 4.2300000000e+002	 1.23644e+002	 6.74400e+000
405	 4.2400000000e+002	 1.28455e+002	 6.51082e+000
406	 4.2500000000e+002	 1.33537e+002	 5.73027e+000
407	 4.2600000000e+002	 1.38772e+002	 4.40785e+000
408	 4.2700000000e+002	 1.44076e+002	 2.60918e+000
409	 4.2800000000e+002	 1.49425e+002	 1.21573e-001
410	 4.2900000000e+002	 1.54727e+002	-2.92722e+000
411	 4.3000000000e+002	 1.59890e+002	-6.63220e+000
412	 4.3100000000e+002	 1.64842e+002	-1.11949e+001
413	 4.3200000000e+002	 1.69405e+002	-1.64578e+001
414	 4.3300000000e+002	 1.73388e+002	-2.25379e+001
415	 4.3400000000e+002	 1.76749e+002	-2.91712e+001
416	 4.3500000000e+002	 1.79516e+002	-3.64034e+001
417	 4.3600000000e+002	 1.81432e+002	-4.41769e+001
418	 4.3700000000e+002	 1.82162e+002	-5.20667e+001
419	 4.3800000000e+002	 1.82054e+002	-6.04137e+001
420	 4.3900000000e+002	 1.80583e+002	-6.88869e+001
421	 4.4000000000e+002	 1.78239e+002	-7.66415e+001
422	 4.4100000000e+002	 1.75030e+002	-8.47813e+001
423	 4.4200000000e+002	 1.70103e+002	-9.19480e+001
424	 4.4300000000e+002	 1.65265e+002	-9.82179e+001
425	 4.4400000000e+002	 1.59066e+002	-1.04190e+002
426	 4.4500000000e+002	 1.52762e+002	-1.08523e+002
427	 4.4600000000e+002	 1.45826e+002	-1.13673e+002
428	 4.4700000000e+002	 1.38000e+002	-1.15725e+002
429	 4.4800000000e+002	 1.32561e+002	-1.18346e+002
430	 4.4900000000e+002	 1.23983e+002	-1.19950e+002
431	 4.5000000000e+002	 1.17908e+002	-1.19919e+002
432	 4.5100000000e+002	 1.10604e+002	-1.20435e+002
433	 4.5200000000e+002	 1.05393e+002	-1.19912e+002
434	 4.5300000000e+002	 9.70949e+001	-1.19033e+002
435	 4.5400000000e+002	 9.31821e+001	-1.16702e+002
436	 4.5500000000e+002	 8.63015e+001	-1.16354e+002
437	 4.5600000000e+002	 8.22839e+001	-1.12880e+002
438	 4.5700000000e+002	 7.60394e+001	-1.10795e+002
439	 4.5800000000e+002	 7.31704e+001	-1.09028e+002
440	 4.5900000000e+002	 6.68055e+001	-1.04478e+002
441	 4.6000000000e+002	 6.53428e+001	-1.03621e+002
442	 4.6100000000e+002	 5.91779e+001	-9.82145e+001
443	 4.6200000000e+002	 5.77509e+001	-9.71308e+001
444	 4.6300000000e+002	 5.35724e+001	-9.20419e+001
445	 4.6400000000e+002	 5.09295e+001	-8.94593e+001
446	 4.6500000000e+002	 4.82836e+001	-8.64432e+001
447	 4.6600000000e+002	 4.64855e+001	-8.13163e+001
448	 4.6700000000e+002	 4.20915e+001	-7.99203e+001
449	 4.6800000000e+002	 4.37616e+001	-7.52850e+001
450	 4.6900000000e+002	 3.75976e+001	-7.08348e+001
451	 4.7000000000e+002	 3.87847e+001	-7.00037e+001
452	 4.7100000000e+002	 3.66627e+001	-6.37912e+001
453	 4.7200000000e+002	 3.47486e+001	-6.05468e+001
454	 4.7300000000e+002	 3.14883e+001	-5.89965e+001
455	 4.7400000000e+002	 3.66948e+001	-5.50967e+001
456	 4.7500000000e+002	 2.74198e+001	-4.55690e+001
457	 4.7600000000e+002	 2.97289e+001	-5.44201e+001
458	 4.7700000000e+002	 3.44125e+001	-3.85101e+001
459	 4.7800000000e+002	 2.39592e+001	-4.00362e+001
460	 4.7900000000e+002	 2.87187e+001	-3.73691e+001
461	 4.8000000000e+002	 2.96913e+001	-3.35754e+001
462	 4.8100000000e+002	 2.55305e+001	-2.53198e+001
463	 4.8200000000e+002	 2.73263e+001	-2.75521e+001
464	 4.8300000000e+002	 2.52480e+001	-2.03892e+001
465	 4.8400000000e+002	 2.71996e+001	-1.53273e+001
466	 4.8500000000e+002	 2.25153e+001	-2.01293e+001
467	 4.8600000000e+002	 3.35097e+001	-3.84084e+000
468	 4.8700000000e+002	 2.09837e+001	-4.90665e+000
469	 4.8800000000e+002	 2.01217e+001	-5.59002e+000
470	 4.8900000000e+002	 3.66480e+001	 3.36187e+000
471	 4.9000000000e+002	 1.73529e+001	 5.55495e+000
472	 4.9100000000e+002	 2.74751e+001	 7.26293e+000
473	 4.9200000000e+002	 4.30375e+001	 1.72372e+001
474	 4.9300000000e+002	 1.24302e+001	 3.02317e+001
475	 4.9400000000e+002	 1.30423e+001	 1.94112e+001
476	 4.9500000000e+002	 4.27558e+001	 8.42696e+000
477	 4.9600000000e+002	 3.77951e+001	 3.48327e+001
478	 4.9700000000e+002	 2.50348e+001	 5.73872e+001
479	 4.9800000000e+002	 3.15629e+001	 4.32726e+001
480	 4.9900000000e+002	 2.84836e+001	 3.79797e+001
481	 5.0000000000e+002	 2.16687e+001	 5.97576e+001
482	 5.0100000000e+002	 3.55748e+001	 6.97632e+001
483	 5.0200000000e+002	 4.25291e+001	 6.01018e+001
484	 5.0300000000e+002	 1.83130e+001	 6.34951e+001
485	 5.0400000000e+002	 4.27627e+000	 7.58579e+001
486	 5.0500000000e+002	 4.02645e+001	 6.26498e+001
487	 5.0600000000e+002	 9.10155e+001	 3.90917e+001
488	 5.0700000000e+002	 1.03636e+002	 6.27398e+001
489	 5.0800000000e+002	 8.04818e+001	 1.45458e+002
490	 5.0900000000e+002	 6.03653e+001	 2.11881e+002
491	 5.1000000000e+002	 6.24147e+001	 1.78481e+002
492	 5.1100000000e+002	 7.18509e+001	 8.72358e+001
493	 5.1200000000e+002	 8.83785e+001	 3.58722e+001
494	 5.1300000000e+002	 1.38781e+002	 6.23424e+001
495	 5.1400000000e+002	 2.47153e+002	 1.42708e+002
496	 5.1500000000e+002	 3.90000e+002	 2.09909e+002
497	 5.1600000000e+002	 4.84945e+002	 2.03580e+002
498	 5.1700000000e+002	 4.80189e+002	 1.37937e+002
499	 5.1800000000e+002	 4.12258e+002	 6.76409e+001
500	 5.1900000000e+002	 3.44358e+002	 1.64959e+001
501	 5.2000000000e+002	 3.14952e+002	-2.59706e+001
502	 5.2100000000e+002	 3.31179e+002	-7.64268e+001
503	 5.2200000000e+002	 3.77252e+002	-1.35357e+002
504	 5.2300000000e+002	 4.32927e+002	-1.84202e+002
505	 5.2400000000e+002	 4.91238e+002	-2.05706e+002
506	 5.2500000000e+002	 5.58979e+002	-2.06840e+002
507	 5.2600000000e+002	 6.33520e+002	-2.26188e+002
508	 5.2700000000e+002	 6.73951e+002	-3.05788e+002
509	 5.2800000000e+002	 6.23997e+002	-4.22050e+002
510	 5.2900000000e+002	 4.92043e+002	-4.80254e+002
511	 5.3000000000e+002	 3.70512e+002	-4.14942e+002
512	 5.3100000000e+002	 3.81435e+002	-2.89325e+002
513	 5.3200000000e+002	 4.76129e+002	-3.27493e+002
514	 5.3300000000e+002	 4.10478e+002	-4.64454e+002
515	 5.3400000000e+002	 2.63627e+002	-4.65601e+002
516	 5.3500000000e+002	 1.89432e+002	-3.73792e+002
517	 5.3600000000e+002	 1.86406e+002	-3.27450e+002
518	 5.3700000000e+002	 1.58840e+002	-3.45735e+002
519	 5.3800000000e+002	 9.79837e+001	-3.42515e+002
520	 5.3900000000e+002	 7.20743e+001	-3.16714e+002
521	 5.4000000000e+002	 8.79930e+001	-3.49924e+002
522	 5.4100000000e+002	 6.46089e+001	-4.39981e+002
523	 5.4200000000e+002	-1.64687e+001	-4.89619e+002
524	 5.4300000000e+002	-8.97463e+001	-4.64768e+002
525	 5.4400000000e+002	-1.04112e+002	-4.02815e+002
526	 5.4500000000e+002	-6.11492e+001	-3.41316e+002
527	 5.4600000000e+002	 2.10875e+001	-2.93358e+002
528	 5.4700000000e+002	 1.05453e+002	-2.84453e+002
529	 5.4800000000e+002	 1.13880e+002	-3.05585e+002
530	 5.4900000000e+002	 4.46081e+001	-2.90463e+002
531	 5.5000000000e+002	-2.25600e+001	-2.30129e+002
532	 5.5100000000e+002	-4.12741e+001	-1.83898e+002
533	 5.5200000000e+002	-1.76675e+001	-1.86944e+002
534	 5.5300000000e+002	 1.32959e+001	-2.27357e+002
535	 5.5400000000e+002	 9.97704e+000	-2.47761e+002
536	 5.5500000000e+002	 5.67107e-001	-2.08169e+002
537	 5.5600000000e+002	 1.19646e+001	-1.68703e+002
538	 5.5700000000e+002	 2.35281e+000	-1.67081e+002
539	 5.5800000000e+002	-9.09233e+000	-1.68381e+002
540	 5.5900000000e+002	-1.60842e+000	-1.75358e+002
541	 5.6000000000e+002	-3.36683e-001	-1.70108e+002
542	 5.6100000000e+002	 6.54415e-001	-1.52709e+002
543	 5.6200000000e+002	-1.29864e+000	-1.43795e+002
544	 5.6300000000e+002	 1.99498e+000	-1.43224e+002
545	 5.6400000000e+002	-3.30332e+000	-1.46291e+002
546	 5.6500000000e+002	-8.29431e+000	-1.31460e+002
547	 5.6600000000e+002	 3.12882e+000	-1.29333e+002
548	 5.6700000000e+002	 1.05505e+000	-1.30420e+002
549	 5.6800000000e+002	-4.73085e+000	-1.18080e+002
550	 5.6900000000e+002	-5.39118e+000	-1.15052e+002
551	 5.7000000000e+002	 7.82742e-001	-1.19000e+002
552	 5.7100000000e+002	 6.73751e-001	-1.09472e+002
553	 5.7200000000e+002	-5.53524e+000	-1.00436e+002
554	 5.7300000000e+002	-3.52967e+000	-1.05537e+002
555	 5.7400000000e+002	 2.87789e+000	-1.03430e+002
556	 5.7500000000e+002	-4.79551e+000	-8.73750e+001
557	 5.7600000000e+002	-2.56035e+000	-9.49229e+001
558	 5.7700000000e+002	-6.12764e-001	-9.40220e+001
559	 5.7800000000e+002	-3.14496e-001	-7.62123e+001
560	 5.7900000000e+002	-4.34017e+000	-8.81609e+001
561	 5.8000000000e+002	-2.69355e-001	-7.92799e+001
562	 5.8100000000e+002	 1.44968e+000	-7.08147e+001
563	 5.8200000000e+002	-7.06784e+000	-7.90155e+001
564	 5.8300000000e+002	 5.59379e+000	-6.57882e+001
565	 5.8400000000e+002	-4.96715e+000	-6.79975e+001
566	 5.8500000000e+002	-5.90950e-002	-6.44103e+001
567	 5.8600000000e+002	 2.61916e+000	-5.98681e+001
568	 5.8700000000e+002	-5.21351e+000	-5.77381e+001
569	 5.8800000000e+002	 5.70764e+000	-5.64001e+001
570	 5.8900000000e+002	-4.53813e+000	-4.93037e+001
571	 5.9000000000e+002	 4.07587e+000	-5.21972e+001
572	 5.9100000000e+002	-1.10945e+000	-4.28767e+001
573	 5.9200000000e+002	 1.86992e+000	-4.57791e+001
574	 5.9300000000e+002	 1.69304e+000	-3.80679e+001
575	 5.9400000000e+002	 1.08803e+000	-3.85004e+001
576	 5.9500000000e+002	 3.23388e+000	-3.34604e+001
577	 5.9600000000e+002	 1.47589e+000	-3.15943e+001
578	 5.9700000000e+002	 3.96232e+000	-2.83173e+001
579	 5.9800000000e+002	 2.53347e+000	-2.51380e+001
580	 5.9900000000e+002	 4.38865e+000	-2.24736e+001
581	 6.0000000000e+002	 3.67547e+000	-1.91666e+001
582	 6.0100000000e+002	 5.29948e+000	-1.62140e+001
583	 6.0200000000e+002	 4.56681e+000	-1.29703e+001
584	 6.0300000000e+002	 6.24295e+000	-1.00817e+001
585	 6.0400000000e+002	 5.90568e+000	-6.52916e+000
586	 6.0500000000e+002	 7.07833e+000	-3.56122e+000
587	 6.0600000000e+002	 7.26214e+000	-1.31024e-001
588	 6.0700000000e+002	 8.39470e+000	 3.16660e+000
589	 6.0800000000e+002	 8.38692e+000	 6.60160e+000
590	 6.0900000000e+002	 1.00919e+001	 1.01610e+001
591	 6.1000000000e+002	 9.61294e+000	 1.37850e+001
592	 6.1100000000e+002	 1.17714e+001	 1.72484e+001
593	 6.1200000000e+002	 1.16273e+001	 2.10892e+001
594	 6.1300000000e+002	 1.27160e+001	 2.53042e+001
595	 6.1400000000e+002	 1.45187e+001	 2.83486e+001
596	 6.1500000000e+002	 1.43931e+001	 3.37695e+001
597	 6.1600000000e+002	 1.61021e+001	 3.69178e+001
598	 6.1700000000e+002	 1.72556e+001	 4.09357e+001
599	 6.1800000000e+002	 1.86233e+001	 4.69865e+001
600	 6.1900000000e+002	 1.97567e+001	 5.04591e+001
601	 6.2000000000e+002	 2.09889e+001	 5.55354e+001
602	 6.2100000000e+002	 2.33574e+001	 6.14137e+001
603	 6.2200000000e+002	 2.44816e+001	 6.58317e+001
604	 6.2300000000e+002	 2.60533e+001	 7.16885e+001
605	 6.2400000000e+002	 2.88523e+001	 7.79870e+001
606	 6.2500000000e+002	 3.06080e+001	 8.36788e+001
607	 6.2600000000e+002	 3.25991e+001	 9.02990e+001
608	 6.2700000000e+002	 3.57505e+001	 9.71922e+001
609	 6.2800000000e+002	 3.86326e+001	 1.04209e+002
610	 6.2900000000e+002	 4.14911e+001	 1.12072e+002
611	 6.3000000000e+002	 4.51802e+001	 1.20335e+002
612	 6.3100000000e+002	 4.91648e+001	 1.28817e+002
613	 6.3200000000e+002	 5.34401e+001	 1.38204e+002
614	 6.3300000000e+002	 5.84733e+001	 1.48321e+002
615	 6.3400000000e+002	 6.42627e+001	 1.58840e+002
616	 6.3500000000e+002	 7.07524e+001	 1.70377e+002
617	 6.3600000000e+002	 7.80435e+001	 1.83102e+002
618	 6.3700000000e+002	 8.65809e+001	 1.96760e+002
619	 6.3800000000e+002	 9.66963e+001	 2.11557e+002
620	 6.3900000000e+002	 1.08634e+002	 2.27633e+002
621	 6.4000000000e+002	 1.22546e+002	 2.45113e+002
622	 6.4100000000e+002	 1.39040e+002	 2.64249e+002
623	 6.4200000000e+002	 1.59094e+002	 2.85212e+002
624	 6.4300000000e+002	 1.83615e+002	 3.08176e+002
625	 6.4400000000e+002	 2.14059e+002	 3.33167e+002
626	 6.4500000000e+002	 2.52303e+002	 3.59625e+002
627	 6.4600000000e+002	 3.00440e+002	 3.86756e+002
628	 6.4700000000e+002	 3.62156e+002	 4.12777e+002
629	 6.4800000000e+002	 4.41128e+002	 4.33894e+002
630	 6.4900000000e+002	 5.41642e+002	 4.42835e+002
631	 6.5000000000e+002	 6.66769e+002	 4.27369e+002
632	 6.5100000000e+002	 8.11673e+002	 3.68477e+002
633	 6.5200000000e+002	 9.55633e+002	 2.44856e+002
634	 6.5300000000e+002	 1.05791e+003	 5.07947e+001
635	 6.5400000000e+002	 1.07352e+003	-1.84142e+002
636	 6.5500000000e+002	 9.91739e+002	-4.00065e+002
637	 6.5600000000e+002	 8.46831e+002	-5.49921e+002
638	 6.5700000000e+002	 6.86380e+002	-6.26342e+002
639	 6.5800000000e+002	 5.41406e+002	-6.46989e+002
640	 6.5900000000e+002	 4.23129e+002	-6.34247e+002
641	 6.6000000000e+002	 3.31336e+002	-6.05194e+002
642	 6.6100000000e+002	 2.61528e+002	-5.69914e+002
643	 6.6200000000e+002	 2.08629e+002	-5.33613e+002
644	 6.6300000000e+002	 1.68191e+002	-4.98819e+002
645	 6.6400000000e+002	 1.36778e+002	-4.66673e+002
646	 6.6500000000e+002	 1.12243e+002	-4.37295e+002
647	 6.6600000000e+002	 9.29692e+001	-4.10589e+002
648	 6.6700000000e+002	 7.78568e+001	-3.86573e+002
649	 6.6800000000e+002	 6.56332e+001	-3.65103e+002
650	 6.6900000000e+002	 5.55216e+001	-3.45735e+002
651	 6.7000000000e+002	 4.71485e+001	-3.28125e+002
652	 6.7100000000e+002	 4.01842e+001	-3.12048e+002
653	 6.7200000000e+002	 3.44447e+001	-2.97260e+002
654	 6.7300000000e+002	 2.96987e+001	-2.83775e+002
655	 6.7400000000e+002	 2.56422e+001	-2.71545e+002
656	 6.7500000000e+002	 2.21489e+001	-2.60321e+002
657	 6.7600000000e+002	 1.91815e+001	-2.49850e+002
658	 6.7700000000e+002	 1.67253e+001	-2.40032e+002
659	 6.7800000000e+002	 1.46529e+001	-2.30836e+002
660	 6.7900000000e+002	 1.28367e+001	-2.22260e+002
661	 6.8000000000e+002	 1.11649e+001	-2.14210e+002
662	 6.8100000000e+002	 9.65108e+000	-2.06645e+002
663	 6.8200000000e+002	 8.39071e+000	-1.99529e+002
664	 6.8300000000e+002	 7.33910e+000	-1.92902e+002
665	 6.8400000000e+002	 6.36380e+000	-1.86659e+002
666	 6.8500000000e+002	 5.57671e+000	-1.80720e+002
667	 6.8600000000e+002	 4.98131e+000	-1.75078e+002
668	 6.8700000000e+002	 4.41916e+000	-1.69726e+002
669	 6.8800000000e+002	 3.90486e+000	-1.64518e+002
670	 6.8900000000e+002	 3.44992e+000	-1.59585e+002
671	 6.9000000000e+002	 3.12206e+000	-1.54875e+002
672	 6.9100000000e+002	 2.87485e+000	-1.50377e+002
673	 6.9200000000e+002	 2.56075e+000	-1.46046e+002
674	 6.9300000000e+002	 2.34668e+000	-1.41822e+002
675	 6.9400000000e+002	 2.25065e+000	-1.37758e+002
676	 6.9500000000e+002	 2.13155e+000	-1.33919e+002
677	 6.9600000000e+002	 1.99565e+000	-1.30179e+002
678	 6.9700000000e+002	 1.91400e+000	-1.26535e+002
679	 6.9800000000e+002	 1.95311e+000	-1.23062e+002
680	 6.9900000000e+002	 1.95845e+000	-1.19609e+002
681	 7.0000000000e+002	 1.89360e+000	-1.16230e+002
682	 7.0100000000e+002	 1.93086e+000	-1.13020e+002
683	 7.0200000000e+002	 2.08898e+000	-1.09927e+002
684	 7.0300000000e+002	 2.14040e+000	-1.06797e+002
685	 7.0400000000e+002	 2.16762e+000	-1.03737e+002
686	 7.0500000000e+002	 2.29856e+000	-1.00795e+002
687	 7.0600000000e+002	 2.52875e+000	-9.79111e+001
688	 7.0700000000e+002	 2.60432e+000	-9.50000e+001
689	 7.0800000000e+002	 2.76884e+000	-9.22092e+001
690	 7.0900000000e+002	 2.97924e+000	-8.95144e+001
691	 7.1000000000e+002	 3.18208e+000	-8.67131e+001
692	 7.1100000000e+002	 3.40936e+000	-8.40306e+001
693	 7.1200000000e+002	 3.60212e+000	-8.14102e+001
694	 7.1300000000e+002	 3.84854e+000	-7.86884e+001
695	 7.1400000000e+002	 4.16215e+000	-7.61876e+001
696	 7.1500000000e+002	 4.43809e+000	-7.35368e+001
697	 7.1600000000e+002	 4.73441e+000	-7.09938e+001
698	 7.1700000000e+002	 5.06119e+000	-6.84589e+001
699	 7.1800000000e+002	 5.39303e+000	-6.58788e+001
700	 7.1900000000e+002	 5.75435e+000	-6.34182e+001
701	 7.2000000000e+002	 6.10758e+000	-6.09164e+001
702	 7.2100000000e+002	 6.52099e+000	-5.84228e+001
703	 7.2200000000e+002	 6.89146e+000	-5.59535e+001
704	 7.2300000000e+002	 7.32161e+000	-5.34420e+001
705	 7.2400000000e+002	 7.79382e+000	-5.09283e+001
706	 7.2500000000e+002	 8.20116e+000	-4.84672e+001
707	 7.2600000000e+002	 8.71338e+000	-4.59490e+001
708	 7.2700000000e+002	 9.26566e+000	-4.34136e+001
709	 7.2800000000e+002	 9.79996e+000	-4.09246e+001
710	 7.2900000000e+002	 1.02869e+001	-3.83730e+001
711	 7.3000000000e+002	 1.09098e+001	-3.57966e+001
712	 7.3100000000e+002	 1.15016e+001	-3.32569e+001
713	 7.3200000000e+002	 1.21736e+001	-3.06410e+001
714	 7.3300000000e+002	 1.28596e+001	-2.80005e+001
715	 7.3400000000e+002	 1.35773e+001	-2.53491e+001
716	 7.3500000000e+002	 1.42769e+001	-2.26529e+001
717	 7.3600000000e+002	 1.51236e+001	-1.99207e+001
718	 7.3700000000e+002	 1.59448e+001	-1.71671e+001
719	 7.3800000000e+002	 1.68237e+001	-1.43593e+001
720	 7.3900000000e+002	 1.77694e+001	-1.15628e+001
721	 7.4000000000e+002	 1.87701e+001	-8.68178e+000
722	 7.4100000000e+002	 1.97979e+001	-5.71575e+000
723	 7.4200000000e+002	 2.08937e+001	-2.73233e+000
724	 7.4300000000e+002	 2.20762e+001	 3.01020e-001
725	 7.4400000000e+002	 2.32451e+001	 3.38108e+000
726	 7.4500000000e+002	 2.45702e+001	 6.55233e+000
727	 7.4600000000e+002	 2.59885e+001	 9.79186e+000
728	 7.4700000000e+002	 2.73919e+001	 1.31195e+001
729	 7.4800000000e+002	 2.89239e+001	 1.65195e+001
730	 7.4900000000e+002	 3.05790e+001	 1.99403e+001
731	 7.5000000000e+002	 3.23157e+001	 2.34932e+001
732	 7.5100000000e+002	 3.40823e+001	 2.72780e+001
733	 7.5200000000e+002	 3.61089e+001	 3.10695e+001
734	 7.5300000000e+002	 3.82515e+001	 3.48996e+001
735	 7.5400000000e+002	 4.04150e+001	 3.89490e+001
736	 7.5500000000e+002	 4.27648e+001	 4.31672e+001
737	 7.5600000000e+002	 4.53890e+001	 4.74840e+001
738	 7.5700000000e+002	 4.81977e+001	 5.19597e+001
739	 7.5800000000e+002	 5.12580e+001	 5.66509e+001
740	 7.5900000000e+002	 5.45278e+001	 6.16171e+001
741	 7.6000000000e+002	 5.80476e+001	 6.66451e+001
742	 7.6100000000e+002	 6.19268e+001	 7.19320e+001
743	 7.6200000000e+002	 6.61829e+001	 7.74609e+001
744	 7.6300000000e+002	 7.08667e+001	 8.31805e+001
745	 7.6400000000e+002	 7.61197e+001	 8.91420e+001
746	 7.6500000000e+002	 8.18219e+001	 9.54422e+001
747	 7.6600000000e+002	 8.80829e+001	 1.01953e+002
748	 7.6700000000e+002	 9.51147e+001	 1.08769e+002
749	 7.6800000000e+002	 1.03033e+002	 1.15854e+002
750	 7.6900000000e+002	 1.11877e+002	 1.23044e+002
751	 7.7000000000e+002	 1.21800e+002	 1.30486e+002
752	 7.7100000000e+002	 1.32986e+002	 1.38092e+002
753	 7.7200000000e+002	 1.45588e+002	 1.45827e+002
754	 7.7300000000e+002	 1.59960e+002	 1.53622e+002
755	 7.7400000000e+002	 1.76283e+002	 1.61274e+002
756	 7.7500000000e+002	 1.94919e+002	 1.68376e+002
757	 7.7600000000e+002	 2.16078e+002	 1.74528e+002
758	 7.7700000000e+002	 2.40095e+002	 1.79450e+002
759	 7.7800000000e+002	 2.67301e+002	 1.82430e+002
760	 7.7900000000e+002	 2.98118e+002	 1.82618e+002
761	 7.8000000000e+002	 3.32350e+002	 1.78642e+002
762	 7.8100000000e+002	 3.69890e+002	 1.69344e+002
763	 7.8200000000e+002	 4.09880e+002	 1.52828e+002
764	 7.8300000000e+002	 4.50770e+002	 1.27332e+002
765	 7.8400000000e+002	 4.90094e+002	 9.15566e+001
766	 7.8500000000e+002	 5.24315e+002	 4.50082e+001
767	 7.8600000000e+002	 5.49545e+002	-1.14403e+001
768	 7.8700000000e+002	 5.61905e+002	-7.48989e+001
769	 7.8800000000e+002	 5.59439e+002	-1.40802e+002
770	 7.8900000000e+002	 5.41743e+002	-2.03901e+002
771	 7.9000000000e+002	 5.11001e+002	-2.59839e+002
772	 7.9100000000e+002	 4.71118e+002	-3.04920e+002
773	 7.9200000000e+002	 4.26047e+002	-3.37967e+002
774	 7.9300000000e+002	 3.79916e+002	-3.59942e+002
775	 7.9400000000e+002	 3.35416e+002	-3.72220e+002
776	 7.9500000000e+002	 2.94262e+002	-3.76739e+002
777	 7.9600000000e+002	 2.57210e+002	-3.75827e+002
778	 7.9700000000e+002	 2.24562e+002	-3.70773e+002
779	 7.9800000000e+002	 1.96188e+002	-3.62857e+002
780	 7.9900000000e+002	 1.71515e+002	-3.53336e+002
781	 8.0000000000e+002	 1.50257e+002	-3.43091e+002
782	 8.0100000000e+002	 1.32020e+002	-3.32228e+002
783	 8.0200000000e+002	 1.16291e+002	-3.21194e+002
784	 8.0300000000e+002	 1.02701e+002	-3.10367e+002
785	 8.0400000000e+002	 9.09913e+001	-2.99883e+002
786	 8.0500000000e+002	 8.08298e+001	-2.89770e+002
787	 8.0600000000e+002	 7.20257e+001	-2.79932e+002
788	 8.0700000000e+002	 6.43891e+001	-2.70526e+002
789	 8.0800000000e+002	 5.76462e+001	-2.61642e+002
790	 8.0900000000e+002	 5.17186e+001	-2.53233e+002
791	 8.1000000000e+002	 4.65664e+001	-2.45227e+002
792	 8.1100000000e+002	 4.20866e+001	-2.37600e+002
793	 8.1200000000e+002	 3.81309e+001	-2.30309e+002
794	 8.1300000000e+002	 3.45474e+001	-2.23328e+002
795	 8.1400000000e+002	 3.13397e+001	-2.16763e+002
796	 8.1500000000e+002	 2.84500e+001	-2.10536e+002
797	 8.1600000000e+002	 2.58660e+001	-2.04585e+002
798	 8.1700000000e+002	 2.36726e+001	-1.98891e+002
799	 8.1800000000e+002	 2.16948e+001	-1.93485e+002
800	 8.1900000000e+002	 1.98030e+001	-1.88290e+002
801	 8.2000000000e+002	 1.81488e+001	-1.83272e+002
802	 8.2100000000e+002	 1.67147e+001	-1.78439e+002
803	 8.2200000000e+002	 1.54195e+001	-1.73820e+002
804	 8.2300000000e+002	 1.42802e+001	-1.69372e+002
805	 8.2400000000e+002	 1.32625e+001	-1.65141e+002
806	 8.2500000000e+002	 1.23518e+001	-1.61055e+002
807	 8.2600000000e+002	 1.15103e+001	-1.57067e+002
808	 8.2700000000e+002	 1.07874e+001	-1.53173e+002
809	 8.2800000000e+002	 1.00872e+001	-1.49464e+002
810	 8.2900000000e+002	 9.50834e+000	-1.45899e+002
811	 8.3000000000e+002	 8.96052e+000	-1.42458e+002
812	 8.3100000000e+002	 8.52513e+000	-1.39094e+002
813	 8.3200000000e+002	 8.16267e+000	-1.35788e+002
814	 8.3300000000e+002	 7.83388e+000	-1.32594e+002
815	 8.3400000000e+002	 7.54241e+000	-1.29475e+002
816	 8.3500000000e+002	 7.31514e+000	-1.26426e+002
817	 8.3600000000e+002	 7.19178e+000	-1.23494e+002
818	 8.3700000000e+002	 7.07391e+000	-1.20590e+002
819	 8.3800000000e+002	 6.93272e+000	-1.17728e+002
820	 8.3900000000e+002	 6.79638e+000	-1.15011e+002
821	 8.4000000000e+002	 6.70857e+000	-1.12352e+002
822	 8.4100000000e+002	 6.69805e+000	-1.09680e+002
823	 8.4200000000e+002	 6.76644e+000	-1.07041e+002
824	 8.4300000000e+002	 6.82348e+000	-1.04450e+002
825	 8.4400000000e+002	 6.86452e+000	-1.01952e+002
826	 8.4500000000e+002	 6.99014e+000	-9.95056e+001
827	 8.4600000000e+002	 7.04561e+000	-9.70083e+001
828	 8.4700000000e+002	 7.17022e+000	-9.45782e+001
829	 8.4800000000e+002	 7.47789e+000	-9.21851e+001
830	 8.4900000000e+002	 7.65149e+000	-8.98026e+001
831	 8.5000000000e+002	 7.77464e+000	-8.74573e+001
832	 8.5100000000e+002	 8.02462e+000	-8.51573e+001
833	 8.5200000000e+002	 8.40184e+000	-8.28764e+001
834	 8.5300000000e+002	 8.66999e+000	-8.05768e+001
835	 8.5400000000e+002	 8.88583e+000	-7.83183e+001
836	 8.5500000000e+002	 9.34751e+000	-7.60902e+001
837	 8.5600000000e+002	 9.74298e+000	-7.38194e+001
838	 8.5700000000e+002	 1.00108e+001	-7.15365e+001
839	 8.5800000000e+002	 1.05386e+001	-6.93674e+001
840	 8.5900000000e+002	 1.09898e+001	-6.71045e+001
841	 8.6000000000e+002	 1.13917e+001	-6.48299e+001
842	 8.6100000000e+002	 1.19976e+001	-6.27035e+001
843	 8.6200000000e+002	 1.24660e+001	-6.04329e+001
844	 8.6300000000e+002	 1.30356e+001	-5.82720e+001
845	 8.6400000000e+002	 1.36500e+001	-5.60860e+001
846	 8.6500000000e+002	 1.42357e+001	-5.37036e+001
847	 8.6600000000e+002	 1.49226e+001	-5.16296e+001
848	 8.6700000000e+002	 1.55911e+001	-4.93215e+001
849	 8.6800000000e+002	 1.63056e+001	-4.70318e+001
850	 8.6900000000e+002	 1.70342e+001	-4.47650e+001
851	 8.7000000000e+002	 1.78490e+001	-4.24963e+001
852	 8.7100000000e+002	 1.86626e+001	-4.01648e+001
853	 8.7200000000e+002	 1.95643e+001	-3.78138e+001
854	 8.7300000000e+002	 2.04419e+001	-3.54745e+001
855	 8.7400000000e+002	 2.14063e+001	-3.30803e+001
856	 8.7500000000e+002	 2.24408e+001	-3.06785e+001
857	 8.7600000000e+002	 2.34916e+001	-2.82003e+001
858	 8.7700000000e+002	 2.46157e+001	-2.57076e+001
859	 8.7800000000e+002	 2.58273e+001	-2.31503e+001
860	 8.7900000000e+002	 2.70983e+001	-2.06137e+001
861	 8.8000000000e+002	 2.84413e+001	-1.80274e+001
862	 8.8100000000e+002	 2.98642e+001	-1.53660e+001
863	 8.8200000000e+002	 3.13767e+001	-1.26650e+001
864	 8.8300000000e+002	 3.29708e+001	-9.88443e+000
865	 8.8400000000e+002	 3.46888e+001	-7.02707e+000
866	 8.8500000000e+002	 3.65175e+001	-4.21761e+000
867	 8.8600000000e+002	 3.84711e+001	-1.37021e+000
868	 8.8700000000e+002	 4.05575e+001	 1.57643e+000
869	 8.8800000000e+002	 4.27561e+001	 4.62041e+000
870	 8.8900000000e+002	 4.51090e+001	 7.71581e+000
871	 8.9000000000e+002	 4.76256e+001	 1.08513e+001
872	 8.9100000000e+002	 5.02609e+001	 1.39453e+001
873	 8.9200000000e+002	 5.31386e+001	 1.71053e+001
874	 8.9300000000e+002	 5.62326e+001	 2.03894e+001
875	 8.9400000000e+002	 5.95638e+001	 2.37659e+001
876	 8.9500000000e+002	 6.30502e+001	 2.71161e+001
877	 8.9600000000e+002	 6.68321e+001	 3.05250e+001
878	 8.9700000000e+002	 7.08905e+001	 3.39569e+001
879	 8.9800000000e+002	 7.53357e+001	 3.75385e+001
880	 8.9900000000e+002	 8.00705e+001	 4.10918e+001
881	 9.0000000000e+002	 8.51311e+001	 4.46778e+001
882	 9.0100000000e+002	 9.06155e+001	 4.82248e+001
883	 9.0200000000e+002	 9.64800e+001	 5.18738e+001
884	 9.0300000000e+002	 1.02898e+002	 5.54300e+001
885	 9.0400000000e+002	 1.09916e+002	 5.89118e+001
886	 9.0500000000e+002	 1.17533e+002	 6.22564e+001
887	 9.0600000000e+002	 1.25818e+002	 6.54446e+001
888	 9.0700000000e+002	 1.34785e+002	 6.84481e+001
889	 9.0800000000e+002	 1.44558e+002	 7.11754e+001
890	 9.0900000000e+002	 1.55225e+002	 7.34942e+001
891	 9.1000000000e+002	 1.66694e+002	 7.53955e+001
892	 9.1100000000e+002	 1.79195e+002	 7.65795e+001
893	 9.1200000000e+002	 1.92794e+002	 7.69223e+001
894	 9.1300000000e+002	 2.07433e+002	 7.59741e+001
895	 9.1400000000e+002	 2.23161e+002	 7.38357e+001
896	 9.1500000000e+002	 2.40018e+002	 7.00654e+001
897	 9.1600000000e+002	 2.57701e+002	 6.44009e+001
898	 9.1700000000e+002	 2.76049e+002	 5.62580e+001
899	 9.1800000000e+002	 2.94779e+002	 4.53483e+001
900	 9.1900000000e+002	 3.13289e+002	 3.12023e+001
901	 9.2000000000e+002	 3.31061e+002	 1.35016e+001
902	 9.2100000000e+002	 3.47140e+002	-7.76006e+000
903	 9.2200000000e+002	 3.60766e+002	-3.23982e+001
904	 9.2300000000e+002	 3.70861e+002	-6.00998e+001
905	 9.2400000000e+002	 3.76498e+002	-9.00156e+001
906	 9.2500000000e+002	 3.77119e+002	-1.21101e+002
907	 9.2600000000e+002	 3.72417e+002	-1.52255e+002
908	 9.2700000000e+002	 3.62712e+002	-1.82015e+002
909	 9.2800000000e+002	 3.48414e+002	-2.09157e+002
910	 9.2900000000e+002	 3.30527e+002	-2.33023e+002
911	 9.3000000000e+002	 3.09963e+002	-2.52846e+002
912	 9.3100000000e+002	 2.87773e+002	-2.68621e+002
913	 9.3200000000e+002	 2.65066e+002	-2.80455e+002
914	 9.3300000000e+002	 2.42535e+002	-2.88614e+002
915	 9.3400000000e+002	 2.20792e+002	-2.93547e+002
916	 9.3500000000e+002	 2.00235e+002	-2.95583e+002
917	 9.3600000000e+002	 1.81085e+002	-2.95588e+002
918	 9.3700000000e+002	 1.63535e+002	-2.93783e+002
919	 9.3800000000e+002	 1.47597e+002	-2.90643e+002
920	 9.3900000000e+002	 1.33034e+002	-2.86535e+002
921	 9.4000000000e+002	 1.19912e+002	-2.81839e+002
922	 9.4100000000e+002	 1.08186e+002	-2.76591e+002
923	 9.4200000000e+002	 9.75891e+001	-2.70956e+002
924	 9.4300000000e+002	 8.81686e+001	-2.65164e+002
925	 9.4400000000e+002	 7.97188e+001	-2.59267e+002
926	 9.4500000000e+002	 7.20841e+001	-2.53357e+002
927	 9.4600000000e+002	 6.52555e+001	-2.47549e+002
928	 9.4700000000e+002	 5.92266e+001	-2.41808e+002
929	 9.4800000000e+002	 5.36726e+001	-2.36188e+002
930	 9.4900000000e+002	 4.87240e+001	-2.30793e+002
931	 9.5000000000e+002	 4.42865e+001	-2.25459e+002
932	 9.5100000000e+002	 4.02789e+001	-2.20239e+002
933	 9.5200000000e+002	 3.65983e+001	-2.15195e+002
934	 9.5300000000e+002	 3.32791e+001	-2.10417e+002
935	 9.5400000000e+002	 3.02846e+001	-2.05685e+002
936	 9.5500000000e+002	 2.74616e+001	-2.01145e+002
937	 9.5600000000e+002	 2.49598e+001	-1.96765e+002
938	 9.5700000000e+002	 2.27544e+001	-1.92476e+002
939	 9.5800000000e+002	 2.06792e+001	-1.88337e+002
940	 9.5900000000e+002	 1.87394e+001	-1.84348e+002
941	 9.6000000000e+002	 1.70006e+001	-1.80486e+002
942	 9.6100000000e+002	 1.54823e+001	-1.76703e+002
943	 9.6200000000e+002	 1.40432e+001	-1.72997e+002
944	 9.6300000000e+002	 1.27118e+001	-1.69433e+002
945	 9.6400000000e+002	 1.14945e+001	-1.65991e+002
946	 9.6500000000e+002	 1.03917e+001	-1.62608e+002
947	 9.6600000000e+002	 9.39356e+000	-1.59275e+002
948	 9.6700000000e+002	 8.47501e+000	-1.56080e+002
949	 9.6800000000e+002	 7.73257e+000	-1.52958e+002
950	 9.6900000000e+002	 7.05456e+000	-1.49904e+002
951	 9.7000000000e+002	 6.43428e+000	-1.46845e+002
952	 9.7100000000e+002	 5.87293e+000	-1.43916e+002
953	 9.7200000000e+002	 5.38487e+000	-1.41071e+002
954	 9.7300000000e+002	 5.02498e+000	-1.38259e+002
955	 9.7400000000e+002	 4.65956e+000	-1.35581e+002
956	 9.7500000000e+002	 4.37289e+000	-1.32891e+002
957	 9.7600000000e+002	 4.13914e+000	-1.30280e+002
958	 9.7700000000e+002	 3.93618e+000	-1.27759e+002
959	 9.7800000000e+002	 3.86356e+000	-1.25195e+002
960	 9.7900000000e+002	 3.77822e+000	-1.22819e+002
961	 9.8000000000e+002	 3.73650e+000	-1.20523e+002
962	 9.8100000000e+002	 3.79673e+000	-1.18137e+002
963	 9.8200000000e+002	 3.74036e+000	-1.15819e+002
964	 9.8300000000e+002	 3.78589e+000	-1.13578e+002
965	 9.8400000000e+002	 3.95813e+000	-1.11366e+002
966	 9.8500000000e+002	 4.03450e+000	-1.09110e+002
967	 9.8600000000e+002	 4.16790e+000	-1.06972e+002
968	 9.8700000000e+002	 4.43807e+000	-1.04913e+002
969	 9.8800000000e+002	 4.63488e+000	-1.02746e+002
970	 9.8900000000e+002	 4.81746e+000	-1.00638e+002
971	 9.9000000000e+002	 5.07607e+000	-9.86368e+001
972	 9.9100000000e+002	 5.34111e+000	-9.65813e+001
973	 9.9200000000e+002	 5.64930e+000	-9.45662e+001
974	 9.9300000000e+002	 5.98545e+000	-9.26842e+001
975	 9.9400000000e+002	 6.34645e+000	-9.07995e+001
976	 9.9500000000e+002	 6.81832e+000	-8.88124e+001
977	 9.9600000000e+002	 7.26045e+000	-8.68209e+001
978	 9.9700000000e+002	 7.63154e+000	-8.48424e+001
979	 9.9800000000e+002	 8.02029e+000	-8.28779e+001
980	 9.9900000000e+002	 8.48384e+000	-8.09519e+001
981	 1.0000000000e+003	 9.03007e+000	-7.90224e+001
982	 1.0010000000e+003	 9.63371e+000	-7.70848e+001
983	 1.0020000000e+003	 1.01933e+001	-7.52171e+001
984	 1.0030000000e+003	 1.07666e+001	-7.33642e+001
985	 1.0040000000e+003	 1.14923e+001	-7.14892e+001
986	 1.0050000000e+003	 1.22482e+001	-6.95831e+001
987	 1.0060000000e+003	 1.29656e+001	-6.76553e+001
988	 1.0070000000e+003	 1.37182e+001	-6.57494e+001
989	 1.0080000000e+003	 1.46087e+001	-6.39060e+001
990	 1.0090000000e+003	 1.55248e+001	-6.21470e+001
991	 1.0100000000e+003	 1.63384e+001	-6.02509e+001
992	 1.0110000000e+003	 1.72645e+001	-5.81642e+001
993	 1.0120000000e+003	 1.83631e+001	-5.63445e+001
994	 1.0130000000e+003	 1.94839e+001	-5.49366e+001
995	 1.0140000000e+003	 2.05088e+001	-5.36285e+001
996	 1.0150000000e+003	 2.15657e+001	-5.20842e+001
997	 1.0160000000e+003	 2.27135e+001	-5.01903e+001
998	 1.0170000000e+003	 2.38954e+001	-4.80316e+001
999	 1.0180000000e+003	 2.51059e+001	-4.57641e+001
1000	 1.0190000000e+003	 2.64874e+001	-4.37504e+001
1001	 1.0200000000e+003	 2.81395e+001	-4.25885e+001
1002	 1.0210000000e+003	 2.99508e+001	-4.23710e+001
1003	 1.0220000000e+003	 3.16143e+001	-4.22607e+001
1004	 1.0230000000e+003	 3.30549e+001	-4.09811e+001
1005	 1.0240000000e+003	 3.46082e+001	-3.79499e+001
1006	 1.0250000000e+003	 3.65420e+001	-3.39822e+001
1007	 1.0260000000e+003	 3.88449e+001	-3.06857e+001
1008	 1.0270000000e+003	 4.11693e+001	-2.92175e+001
1009	 1.0280000000e+003	 4.33383e+001	-2.91787e+001
1010	 1.0290000000e+003	 4.54040e+001	-2.88975e+001
1011	 1.0300000000e+003	 4.77145e+001	-2.69331e+001
1012	 1.0310000000e+003	 5.04346e+001	-2.38762e+001
1013	 1.0320000000e+003	 5.32949e+001	-2.23363e+001
1014	 1.0330000000e+003	 5.58693e+001	-2.53853e+001
1015	 1.0340000000e+003	 5.80078e+001	-3.40665e+001
1016	 1.0350000000e+003	 5.99509e+001	-4.59364e+001
1017	 1.0360000000e+003	 6.22538e+001	-5.58193e+001
1018	 1.0370000000e+003	 6.54655e+001	-5.87629e+001
1019	 1.0380000000e+003	 6.97706e+001	-5.29004e+001
1020	 1.0390000000e+003	 7.49285e+001	-4.01353e+001
1021	 1.0400000000e+003	 8.05434e+001	-2.51827e+001
1022	 1.0410000000e+003	 8.62793e+001	-1.24772e+001
1023	 1.0420000000e+003	 9.18047e+001	-4.22151e+000
1024	 1.0430000000e+003	 9.71650e+001	 3.41905e-002
1025	 1.0440000000e+003	 1.02583e+002	 1.86186e+000
1026	 1.0450000000e+003	 1.08224e+002	 2.38208e+000
1027	 1.0460000000e+003	 1.14235e+002	 1.80708e+000
1028	 1.0470000000e+003	 1.20555e+002	-6.40023e-003
1029	 1.0480000000e+003	 1.27303e+002	-2.36546e+000
1030	 1.0490000000e+003	 1.34595e+002	-4.09580e+000
1031	 1.0500000000e+003	 1.42606e+002	-4.20049e+000
1032	 1.0510000000e+003	 1.51250e+002	-2.97200e+000
1033	 1.0520000000e+003	 1.60210e+002	-2.20510e+000
1034	 1.0530000000e+003	 1.69201e+002	-3.54064e+000
1035	 1.0540000000e+003	 1.78110e+002	-7.49953e+000
1036	 1.0550000000e+003	 1.86995e+002	-1.31530e+001
1037	 1.0560000000e+003	 1.96111e+002	-1.93288e+001
1038	 1.0570000000e+003	 2.05361e+002	-2.57943e+001
1039	 1.0580000000e+003	 2.14490e+002	-3.34212e+001
1040	 1.0590000000e+003	 2.22988e+002	-4.34815e+001
1041	 1.0600000000e+003	 2.30613e+002	-5.61963e+001
1042	 1.0610000000e+003	 2.37270e+002	-7.04021e+001
1043	 1.0620000000e+003	 2.43171e+002	-8.47080e+001
1044	 1.0630000000e+003	 2.48167e+002	-9.84658e+001
1045	 1.0640000000e+003	 2.51661e+002	-1.12012e+002
1046	 1.0650000000e+003	 2.53087e+002	-1.26132e+002
1047	 1.0660000000e+003	 2.52159e+002	-1.41099e+002
1048	 1.0670000000e+003	 2.48891e+002	-1.56428e+002
1049	 1.0680000000e+003	 2.43615e+002	-1.71680e+002
1050	 1.0690000000e+003	 2.36423e+002	-1.86467e+002
1051	 1.0700000000e+003	 2.27518e+002	-2.00298e+002
1052	 1.0710000000e+003	 2.17209e+002	-2.12826e+002
1053	 1.0720000000e+003	 2.05939e+002	-2.23647e+002
1054	 1.0730000000e+003	 1.93970e+002	-2.32571e+002
1055	 1.0740000000e+003	 1.81469e+002	-2.39624e+002
1056	 1.0750000000e+003	 1.68675e+002	-2.45010e+002
1057	 1.0760000000e+003	 1.55932e+002	-2.49019e+002
1058	 1.0770000000e+003	 1.43521e+002	-2.52040e+002
1059	 1.0780000000e+003	 1.31476e+002	-2.53885e+002
1060	 1.0790000000e+003	 1.19845e+002	-2.54243e+002
1061	 1.0800000000e+003	 1.08890e+002	-2.53255e+002
1062	 1.0810000000e+003	 9.88279e+001	-2.51417e+002
1063	 1.0820000000e+003	 8.93982e+001	-2.49274e+002
1064	 1.0830000000e+003	 8.04960e+001	-2.46742e+002
1065	 1.0840000000e+003	 7.22433e+001	-2.43687e+002
1066	 1.0850000000e+003	 6.47791e+001	-2.40273e+002
1067	 1.0860000000e+003	 5.79100e+001	-2.36612e+002
1068	 1.0870000000e+003	 5.15197e+001	-2.32906e+002
1069	 1.0880000000e+003	 4.56276e+001	-2.29220e+002
1070	 1.0890000000e+003	 4.01498e+001	-2.25583e+002
1071	 1.0900000000e+003	 3.51017e+001	-2.21740e+002
1072	 1.0910000000e+003	 3.06116e+001	-2.17595e+002
1073	 1.0920000000e+003	 2.66743e+001	-2.13379e+002
1074	 1.0930000000e+003	 2.31287e+001	-2.09296e+002
1075	 1.0940000000e+003	 1.98478e+001	-2.05352e+002
1076	 1.0950000000e+003	 1.67325e+001	-2.01577e+002
1077	 1.0960000000e+003	 1.37321e+001	-1.97817e+002
1078	 1.0970000000e+003	 1.10359e+001	-1.93939e+002
1079	 1.0980000000e+003	 8.72169e+000	-1.90066e+002
1080	 1.0990000000e+003	 6.66543e+000	-1.86405e+002
1081	 1.1000000000e+003	 4.73720e+000	-1.82928e+002
1082	 1.1010000000e+003	 2.99240e+000	-1.79511e+002
1083	 1.1020000000e+003	 1.39636e+000	-1.76171e+002
1084	 1.1030000000e+003	-4.67617e-002	-1.72816e+002
1085	 1.1040000000e+003	-1.30534e+000	-1.69554e+002
1086	 1.1050000000e+003	-2.49060e+000	-1.66436e+002
1087	 1.1060000000e+003	-3.58841e+000	-1.63367e+002
1088	 1.1070000000e+003	-4.50886e+000	-1.60446e+002
1089	 1.1080000000e+003	-5.36896e+000	-1.57601e+002
1090	 1.1090000000e+003	-6.13448e+000	-1.54743e+002
1091	 1.1100000000e+003	-6.76728e+000	-1.51983e+002
1092	 1.1110000000e+003	-7.35314e+000	-1.49279e+002
1093	 1.1120000000e+003	-7.83630e+000	-1.46652e+002
1094	 1.1130000000e+003	-8.28009e+000	-1.44115e+002
1095	 1.1140000000e+003	-8.67549e+000	-1.41613e+002
1096	 1.1150000000e+003	-8.96951e+000	-1.39151e+002
1097	 1.1160000000e+003	-9.20544e+000	-1.36760e+002
1098	 1.1170000000e+003	-9.35451e+000	-1.34462e+002
1099	 1.1180000000e+003	-9.48549e+000	-1.32228e+002
1100	 1.1190000000e+003	-9.60122e+000	-1.29958e+002
1101	 1.1200000000e+003	-9.64920e+000	-1.27740e+002
1102	 1.1210000000e+003	-9.66762e+000	-1.25670e+002
1103	 1.1220000000e+003	-9.62361e+000	-1.23622e+002
1104	 1.1230000000e+003	-9.54578e+000	-1.21577e+002
1105	 1.1240000000e+003	-9.48117e+000	-1.19565e+002
1106	 1.1250000000e+003	-9.37035e+000	-1.17648e+002
1107	 1.1260000000e+003	-9.25581e+000	-1.15795e+002
1108	 1.1270000000e+003	-9.09224e+000	-1.13908e+002
1109	 1.1280000000e+003	-8.86026e+000	-1.12029e+002
1110	 1.1290000000e+003	-8.66624e+000	-1.10232e+002
1111	 1.1300000000e+003	-8.52306e+000	-1.08474e+002
1112	 1.1310000000e+003	-8.24541e+000	-1.06672e+002
1113	 1.1320000000e+003	-7.92501e+000	-1.04917e+002
1114	 1.1330000000e+003	-7.69841e+000	-1.03132e+002
1115	 1.1340000000e+003	-7.40642e+000	-1.01356e+002
1116	 1.1350000000e+003	-7.01760e+000	-9.96442e+001
1117	 1.1360000000e+003	-6.64101e+000	-9.79258e+001
1118	 1.1370000000e+003	-6.27593e+000	-9.61801e+001
1119	 1.1380000000e+003	-5.81732e+000	-9.44858e+001
1120	 1.1390000000e+003	-5.33976e+000	-9.28212e+001
1121	 1.1400000000e+003	-4.81555e+000	-9.11060e+001
1122	 1.1410000000e+003	-4.27176e+000	-8.94249e+001
1123	 1.1420000000e+003	-3.71263e+000	-8.77801e+001
1124	 1.1430000000e+003	-3.09429e+000	-8.61431e+001
1125	 1.1440000000e+003	-2.41257e+000	-8.45319e+001
1126	 1.1450000000e+003	-1.72785e+000	-8.29385e+001
1127	 1.1460000000e+003	-1.00002e+000	-8.13296e+001
1128	 1.1470000000e+003	-2.29484e-001	-7.97593e+001
1129	 1.1480000000e+003	 5.38560e-001	-7.82027e+001
1130	 1.1490000000e+003	 1.30551e+000	-7.66571e+001
1131	 1.1500000000e+003	 2.17184e+000	-7.51341e+001
1132	 1.1510000000e+003	 3.13854e+000	-7.36022e+001
1133	 1.1520000000e+003	 4.07168e+000	-7.20887e+001
1134	 1.1530000000e+003	 5.03631e+000	-7.05819e+001
1135	 1.1540000000e+003	 6.04605e+000	-6.91079e+001
1136	 1.1550000000e+003	 7.09409e+000	-6.76253e+001
1137	 1.1560000000e+003	 8.18345e+000	-6.61618e+001
1138	 1.1570000000e+003	 9.34102e+000	-6.47032e+001
1139	 1.1580000000e+003	 1.05327e+001	-6.32459e+001
1140	 1.1590000000e+003	 1.17601e+001	-6.18116e+001
1141	 1.1600000000e+003	 1.30422e+001	-6.03914e+001
1142	 1.1610000000e+003	 1.43627e+001	-5.89793e+001
1143	 1.1620000000e+003	 1.57825e+001	-5.75974e+001
1144	 1.1630000000e+003	 1.72477e+001	-5.61986e+001
1145	 1.1640000000e+003	 1.87499e+001	-5.48143e+001
1146	 1.1650000000e+003	 2.03248e+001	-5.34891e+001
1147	 1.1660000000e+003	 2.19767e+001	-5.21338e+001
1148	 1.1670000000e+003	 2.36694e+001	-5.08275e+001
1149	 1.1680000000e+003	 2.54562e+001	-4.95216e+001
1150	 1.1690000000e+003	 2.73317e+001	-4.82302e+001
1151	 1.1700000000e+003	 2.92958e+001	-4.69865e+001
1152	 1.1710000000e+003	 3.13351e+001	-4.57905e+001
1153	 1.1720000000e+003	 3.34060e+001	-4.46068e+001
1154	 1.1730000000e+003	 3.56313e+001	-4.34736e+001
1155	 1.1740000000e+003	 3.79205e+001	-4.23664e+001
1156	 1.1750000000e+003	 4.03403e+001	-4.13065e+001
1157	 1.1760000000e+003	 4.28466e+001	-4.03169e+001
1158	 1.1770000000e+003	 4.54512e+001	-3.93587e+001
1159	 1.1780000000e+003	 4.81819e+001	-3.85195e+001
1160	 1.1790000000e+003	 5.10355e+001	-3.77050e+001
1161	 1.1800000000e+003	 5.39950e+001	-3.70077e+001
1162	 1.1810000000e+003	 5.71197e+001	-3.63722e+001
1163	 1.1820000000e+003	 6.03207e+001	-3.58776e+001
1164	 1.1830000000e+003	 6.36990e+001	-3.54671e+001
1165	 1.1840000000e+003	 6.71820e+001	-3.52064e+001
1166	 1.1850000000e+003	 7.08373e+001	-3.50948e+001
1167	 1.1860000000e+003	 7.46060e+001	-3.51273e+001
1168	 1.1870000000e+003	 7.85169e+001	-3.53599e+001
1169	 1.1880000000e+003	 8.25884e+001	-3.58115e+001
1170	 1.1890000000e+003	 8.67856e+001	-3.64424e+001
1171	 1.1900000000e+003	 9.11265e+001	-3.73636e+001
1172	 1.1910000000e+003	 9.56053e+001	-3.85226e+001
1173	 1.1920000000e+003	 1.00215e+002	-3.99914e+001
1174	 1.1930000000e+003	 1.04942e+002	-4.17878e+001
1175	 1.1940000000e+003	 1.09784e+002	-4.39686e+001
1176	 1.1950000000e+003	 1.14713e+002	-4.65482e+001
1177	 1.1960000000e+003	 1.19667e+002	-4.96123e+001
1178	 1.1970000000e+003	 1.24608e+002	-5.31709e+001
1179	 1.1980000000e+003	 1.29536e+002	-5.72666e+001
1180	 1.1990000000e+003	 1.34342e+002	-6.19283e+001
1181	 1.2000000000e+003	 1.38948e+002	-6.72281e+001
1182	 1.2010000000e+003	 1.43292e+002	-7.31249e+001
1183	 1.2020000000e+003	 1.47226e+002	-7.95973e+001
1184	 1.2030000000e+003	 1.50716e+002	-8.66649e+001
1185	 1.2040000000e+003	 1.53593e+002	-9.43153e+001
1186	 1.2050000000e+003	 1.55797e+002	-1.02420e+002
1187	 1.2060000000e+003	 1.57210e+002	-1.10923e+002
1188	 1.2070000000e+003	 1.57794e+002	-1.19756e+002
1189	 1.2080000000e+003	 1.57433e+002	-1.28761e+002
1190	 1.2090000000e+003	 1.56170e+002	-1.37796e+002
1191	 1.2100000000e+003	 1.53932e+002	-1.46737e+002
1192	 1.2110000000e+003	 1.50747e+002	-1.55445e+002
1193	 1.2120000000e+003	 1.46657e+002	-1.63782e+002
1194	 1.2130000000e+003	 1.41758e+002	-1.71587e+002
1195	 1.2140000000e+003	 1.36130e+002	-1.78807e+002
1196	 1.2150000000e+003	 1.29885e+002	-1.85304e+002
1197	 1.2160000000e+003	 1.23145e+002	-1.91105e+002
1198	 1.2170000000e+003	 1.16041e+002	-1.96074e+002
1199	 1.2180000000e+003	 1.08665e+002	-2.00275e+002
1200	 1.2190000000e+003	 1.01143e+002	-2.03681e+002
1201	 1.2200000000e+003	 9.35590e+001	-2.06305e+002
1202	 1.2210000000e+003	 8.60309e+001	-2.08230e+002
1203	 1.2220000000e+003	 7.86433e+001	-2.09482e+002
1204	 1.2230000000e+003	 7.14102e+001	-2.10137e+002
1205	 1.2240000000e+003	 6.44044e+001	-2.10222e+002
1206	 1.2250000000e+003	 5.76817e+001	-2.09764e+002
1207	 1.2260000000e+003	 5.12652e+001	-2.08895e+002
1208	 1.2270000000e+003	 4.51769e+001	-2.07638e+002
1209	 1.2280000000e+003	 3.94177e+001	-2.06044e+002
1210	 1.2290000000e+003	 3.40145e+001	-2.04160e+002
1211	 1.2300000000e+003	 2.89037e+001	-2.02072e+002
1212	 1.2310000000e+003	 2.41391e+001	-1.99760e+002
1213	 1.2320000000e+003	 1.96983e+001	-1.97310e+002
1214	 1.2330000000e+003	 1.55549e+001	-1.94723e+002
1215	 1.2340000000e+003	 1.17042e+001	-1.92039e+002
1216	 1.2350000000e+003	 8.14457e+000	-1.89260e+002
1217	 1.2360000000e+003	 4.83744e+000	-1.86456e+002
1218	 1.2370000000e+003	 1.79500e+000	-1.83611e+002
1219	 1.2380000000e+003	-1.00352e+000	-1.80737e+002
1220	 1.2390000000e+003	-3.56431e+000	-1.77849e+002
1221	 1.2400000000e+003	-5.89692e+000	-1.74986e+002
1222	 1.2410000000e+003	-8.06249e+000	-1.72134e+002
1223	 1.2420000000e+003	-1.00363e+001	-1.69304e+002
1224	 1.2430000000e+003	-1.18341e+001	-1.66535e+002
1225	 1.2440000000e+003	-1.34970e+001	-1.63783e+002
1226	 1.2450000000e+003	-1.49871e+001	-1.61090e+002
1227	 1.2460000000e+003	-1.63518e+001	-1.58452e+002
1228	 1.2470000000e+003	-1.75889e+001	-1.55847e+002
1229	 1.2480000000e+003	-1.87166e+001	-1.53296e+002
1230	 1.2490000000e+003	-1.97553e+001	-1.50760e+002
1231	 1.2500000000e+003	-2.06964e+001	-1.48337e+002
1232	 1.2510000000e+003	-2.14946e+001	-1.45948e+002
1233	 1.2520000000e+003	-2.22281e+001	-1.43576e+002
1234	 1.2530000000e+003	-2.28925e+001	-1.41257e+002
1235	 1.2540000000e+003	-2.34869e+001	-1.39019e+002
1236	 1.2550000000e+003	-2.40051e+001	-1.36814e+002
1237	 1.2560000000e+003	-2.44555e+001	-1.34645e+002
1238	 1.2570000000e+003	-2.48634e+001	-1.32531e+002
1239	 1.2580000000e+003	-2.52137e+001	-1.30443e+002
1240	 1.2590000000e+003	-2.55191e+001	-1.28390e+002
1241	 1.2600000000e+003	-2.57717e+001	-1.26389e+002
1242	 1.2610000000e+003	-2.59573e+001	-1.24429e+002
1243	 1.2620000000e+003	-2.61057e+001	-1.22490e+002
1244	 1.2630000000e+003	-2.62233e+001	-1.20608e+002
1245	 1.2640000000e+003	-2.63048e+001	-1.18740e+002
1246	 1.2650000000e+003	-2.63363e+001	-1.16938e+002
1247	 1.2660000000e+003	-2.63014e+001	-1.15135e+002
1248	 1.2670000000e+003	-2.62665e+001	-1.13366e+002
1249	 1.2680000000e+003	-2.61886e+001	-1.11640e+002
1250	 1.2690000000e+003	-2.60817e+001	-1.09931e+002
1251	 1.2700000000e+003	-2.59686e+001	-1.08239e+002
1252	 1.2710000000e+003	-2.57936e+001	-1.06599e+002
1253	 1.2720000000e+003	-2.55976e+001	-1.04984e+002
1254	 1.2730000000e+003	-2.53624e+001	-1.03373e+002
1255	 1.2740000000e+003	-2.51073e+001	-1.01797e+002
1256	 1.2750000000e+003	-2.48385e+001	-1.00245e+002
1257	 1.2760000000e+003	-2.45161e+001	-9.87139e+001
1258	 1.2770000000e+003	-2.41734e+001	-9.72071e+001
1259	 1.2780000000e+003	-2.38144e+001	-9.57191e+001
1260	 1.2790000000e+003	-2.34177e+001	-9.42837e+001
1261	 1.2800000000e+003	-2.30038e+001	-9.28595e+001
1262	 1.2810000000e+003	-2.25635e+001	-9.14278e+001
1263	 1.2820000000e+003	-2.21086e+001	-9.00246e+001
1264	 1.2830000000e+003	-2.16417e+001	-8.86485e+001
1265	 1.2840000000e+003	-2.11308e+001	-8.73052e+001
1266	 1.2850000000e+003	-2.05891e+001	-8.59669e+001
1267	 1.2860000000e+003	-2.00276e+001	-8.46476e+001
1268	 1.2870000000e+003	-1.94491e+001	-8.33395e+001
1269	 1.2880000000e+003	-1.88492e+001	-8.20711e+001
1270	 1.2890000000e+003	-1.82231e+001	-8.08121e+001
1271	 1.2900000000e+003	-1.75804e+001	-7.95616e+001
1272	 1.2910000000e+003	-1.69117e+001	-7.83333e+001
1273	 1.2920000000e+003	-1.62175e+001	-7.71219e+001
1274	 1.2930000000e+003	-1.55027e+001	-7.59320e+001
1275	 1.2940000000e+003	-1.47466e+001	-7.47426e+001
1276	 1.2950000000e+003	-1.39666e+001	-7.35741e+001
1277	 1.2960000000e+003	-1.31789e+001	-7.24183e+001
1278	 1.2970000000e+003	-1.23616e+001	-7.12826e+001
1279	 1.2980000000e+003	-1.14970e+001	-7.01867e+001
1280	 1.2990000000e+003	-1.06042e+001	-6.90848e+001
1281	 1.3000000000e+003	-9.69161e+000	-6.80090e+001
1282	 1.3010000000e+003	-8.74705e+000	-6.69410e+001
1283	 1.3020000000e+003	-7.76366e+000	-6.59096e+001
1284	 1.3030000000e+003	-6.74774e+000	-6.48989e+001
1285	 1.3040000000e+003	-5.70448e+000	-6.38996e+001
1286	 1.3050000000e+003	-4.64319e+000	-6.29034e+001
1287	 1.3060000000e+003	-3.54949e+000	-6.19529e+001
1288	 1.3070000000e+003	-2.41294e+000	-6.10611e+001
1289	 1.3080000000e+003	-1.24980e+000	-6.01610e+001
1290	 1.3090000000e+003	-3.31902e-002	-5.92654e+001
1291	 1.3100000000e+003	 1.21982e+000	-5.84184e+001
1292	 1.3110000000e+003	 2.48967e+000	-5.76029e+001
1293	 1.3120000000e+003	 3.78499e+000	-5.68330e+001
1294	 1.3130000000e+003	 5.13981e+000	-5.60947e+001
1295	 1.3140000000e+003	 6.53990e+000	-5.53490e+001
1296	 1.3150000000e+003	 7.96926e+000	-5.46487e+001
1297	 1.3160000000e+003	 9.43474e+000	-5.39924e+001
1298	 1.3170000000e+003	 1.09126e+001	-5.33737e+001
1299	 1.3180000000e+003	 1.24486e+001	-5.28023e+001
1300	 1.3190000000e+003	 1.40321e+001	-5.22645e+001
1301	 1.3200000000e+003	 1.56545e+001	-5.17851e+001
1302	 1.3210000000e+003	 1.73376e+001	-5.13575e+001
1303	 1.3220000000e+003	 1.90532e+001	-5.09677e+001
1304	 1.3230000000e+003	 2.08038e+001	-5.06369e+001
1305	 1.3240000000e+003	 2.26188e+001	-5.03537e+001
1306	 1.3250000000e+003	 2.44965e+001	-5.01418e+001
1307	 1.3260000000e+003	 2.64129e+001	-5.00095e+001
1308	 1.3270000000e+003	 2.83819e+001	-4.99389e+001
1309	 1.3280000000e+003	 3.03950e+001	-4.99665e+001
1310	 1.3290000000e+003	 3.24311e+001	-5.00783e+001
1311	 1.3300000000e+003	 3.45219e+001	-5.02834e+001
1312	 1.3310000000e+003	 3.66707e+001	-5.05781e+001
1313	 1.3320000000e+003	 3.88526e+001	-5.09904e+001
1314	 1.3330000000e+003	 4.10814e+001	-5.15179e+001
1315	 1.3340000000e+003	 4.33461e+001	-5.21683e+001
1316	 1.3350000000e+003	 4.56348e+001	-5.29548e+001
1317	 1.3360000000e+003	 4.79456e+001	-5.38942e+001
1318	 1.3370000000e+003	 5.02656e+001	-5.49713e+001
1319	 1.3380000000e+003	 5.25681e+001	-5.62321e+001
1320	 1.3390000000e+003	 5.48819e+001	-5.76709e+001
1321	 1.3400000000e+003	 5.71934e+001	-5.92675e+001
1322	 1.3410000000e+003	 5.94514e+001	-6.10854e+001
1323	 1.3420000000e+003	 6.16865e+001	-6.31008e+001
1324	 1.3430000000e+003	 6.38454e+001	-6.53365e+001
1325	 1.3440000000e+003	 6.59025e+001	-6.78144e+001
1326	 1.3450000000e+003	 6.78328e+001	-7.05029e+001
1327	 1.3460000000e+003	 6.96188e+001	-7.33996e+001
1328	 1.3470000000e+003	 7.12277e+001	-7.65242e+001
1329	 1.3480000000e+003	 7.26147e+001	-7.98795e+001
1330	 1.3490000000e+003	 7.36539e+001	-8.34230e+001
1331	 1.3500000000e+003	 7.44821e+001	-8.71275e+001
1332	 1.3510000000e+003	 7.50586e+001	-9.09894e+001
1333	 1.3520000000e+003	 7.52145e+001	-9.49483e+001
1334	 1.3530000000e+003	 7.50014e+001	-9.89499e+001
1335	 1.3540000000e+003	 7.44246e+001	-1.02991e+002
1336	 1.3550000000e+003	 7.34246e+001	-1.06987e+002
1337	 1.3560000000e+003	 7.20343e+001	-1.10883e+002
1338	 1.3570000000e+003	 7.02984e+001	-1.14636e+002
1339	 1.3580000000e+003	 6.82018e+001	-1.18220e+002
1340	 1.3590000000e+003	 6.57945e+001	-1.21580e+002
1341	 1.3600000000e+003	 6.30886e+001	-1.24665e+002
1342	 1.3610000000e+003	 6.01276e+001	-1.27412e+002
1343	 1.3620000000e+003	 5.69720e+001	-1.29819e+002
1344	 1.3630000000e+003	 5.36737e+001	-1.31884e+002
1345	 1.3640000000e+003	 5.02979e+001	-1.33608e+002
1346	 1.3650000000e+003	 4.68430e+001	-1.35004e+002
1347	 1.3660000000e+003	 4.33821e+001	-1.36078e+002
1348	 1.3670000000e+003	 3.99530e+001	-1.36831e+002
1349	 1.3680000000e+003	 3.65860e+001	-1.37263e+002
1350	 1.3690000000e+003	 3.33172e+001	-1.37437e+002
1351	 1.3700000000e+003	 3.01537e+001	-1.37344e+002
1352	 1.3710000000e+003	 2.71130e+001	-1.37056e+002
1353	 1.3720000000e+003	 2.42160e+001	-1.36572e+002
1354	 1.3730000000e+003	 2.14761e+001	-1.35914e+002
1355	 1.3740000000e+003	 1.88924e+001	-1.35133e+002
1356	 1.3750000000e+003	 1.64815e+001	-1.34210e+002
1357	 1.3760000000e+003	 1.42454e+001	-1.33192e+002
1358	 1.3770000000e+003	 1.21201e+001	-1.32092e+002
1359	 1.3780000000e+003	 1.01229e+001	-1.30955e+002
1360	 1.3790000000e+003	 8.29028e+000	-1.29777e+002
1361	 1.3800000000e+003	 6.60087e+000	-1.28535e+002
1362	 1.3810000000e+003	 5.03512e+000	-1.27277e+002
1363	 1.3820000000e+003	 3.55703e+000	-1.26006e+002
1364	 1.3830000000e+003	 2.20749e+000	-1.24743e+002
1365	 1.3840000000e+003	 9.70380e-001	-1.23478e+002
1366	 1.3850000000e+003	-1.94871e-001	-1.22206e+002
1367	 1.3860000000e+003	-1.27654e+000	-1.20963e+002
1368	 1.3870000000e+003	-2.27921e+000	-1.19730e+002
1369	 1.3880000000e+003	-3.20911e+000	-1.18507e+002
1370	 1.3890000000e+003	-4.07731e+000	-1.17269e+002
1371	 1.3900000000e+003	-4.90178e+000	-1.16066e+002
1372	 1.3910000000e+003	-5.66330e+000	-1.14881e+002
1373	 1.3920000000e+003	-6.37299e+000	-1.13720e+002
1374	 1.3930000000e+003	-7.03870e+000	-1.12588e+002
1375	 1.3940000000e+003	-7.66025e+000	-1.11452e+002
1376	 1.3950000000e+003	-8.25369e+000	-1.10322e+002
1377	 1.3960000000e+003	-8.80545e+000	-1.09185e+002
1378	 1.3970000000e+003	-9.32716e+000	-1.08068e+002
1379	 1.3980000000e+003	-9.81619e+000	-1.06956e+002
1380	 1.3990000000e+003	-1.02670e+001	-1.05868e+002
1381	 1.4000000000e+003	-1.06930e+001	-1.04791e+002
1382	 1.4010000000e+003	-1.10625e+001	-1.03700e+002
1383	 1.4020000000e+003	-1.14216e+001	-1.02616e+002
1384	 1.4030000000e+003	-1.17535e+001	-1.01537e+002
1385	 1.4040000000e+003	-1.20589e+001	-1.00478e+002
1386	 1.4050000000e+003	-1.23259e+001	-9.94225e+001
1387	 1.4060000000e+003	-1.25681e+001	-9.83593e+001
1388	 1.4070000000e+003	-1.27857e+001	-9.73213e+001
1389	 1.4080000000e+003	-1.29711e+001	-9.62871e+001
1390	 1.4090000000e+003	-1.31356e+001	-9.52549e+001
1391	 1.4100000000e+003	-1.32631e+001	-9.42232e+001
1392	 1.4110000000e+003	-1.33574e+001	-9.32014e+001
1393	 1.4120000000e+003	-1.34420e+001	-9.21872e+001
1394	 1.4130000000e+003	-1.34951e+001	-9.11707e+001
1395	 1.4140000000e+003	-1.35286e+001	-9.01756e+001
1396	 1.4150000000e+003	-1.35313e+001	-8.91986e+001
1397	 1.4160000000e+003	-1.35152e+001	-8.82224e+001
1398	 1.4170000000e+003	-1.34642e+001	-8.72472e+001
1399	 1.4180000000e+003	-1.33983e+001	-8.62878e+001
1400	 1.4190000000e+003	-1.33079e+001	-8.53399e+001
1401	 1.4200000000e+003	-1.31751e+001	-8.43989e+001
1402	 1.4210000000e+003	-1.30370e+001	-8.34691e+001
1403	 1.4220000000e+003	-1.28819e+001	-8.25480e+001
1404	 1.4230000000e+003	-1.27081e+001	-8.16435e+001
1405	 1.4240000000e+003	-1.25052e+001	-8.07344e+001
1406	 1.4250000000e+003	-1.22877e+001	-7.98480e+001
1407	 1.4260000000e+003	-1.20469e+001	-7.89797e+001
1408	 1.4270000000e+003	-1.17808e+001	-7.81229e+001
1409	 1.4280000000e+003	-1.15034e+001	-7.72710e+001
1410	 1.4290000000e+003	-1.12078e+001	-7.64277e+001
1411	 1.4300000000e+003	-1.09018e+001	-7.55968e+001
1412	 1.4310000000e+003	-1.05683e+001	-7.47824e+001
1413	 1.4320000000e+003	-1.02162e+001	-7.39704e+001
1414	 1.4330000000e+003	-9.84625e+000	-7.31676e+001
1415	 1.4340000000e+003	-9.46396e+000	-7.23876e+001
1416	 1.4350000000e+003	-9.07138e+000	-7.16163e+001
1417	 1.4360000000e+003	-8.65982e+000	-7.08488e+001
1418	 1.4370000000e+003	-8.22828e+000	-7.00972e+001
1419	 1.4380000000e+003	-7.78767e+000	-6.93517e+001
1420	 1.4390000000e+003	-7.32936e+000	-6.86112e+001
1421	 1.4400000000e+003	-6.84865e+000	-6.78846e+001
1422	 1.4410000000e+003	-6.35252e+000	-6.71662e+001
1423	 1.4420000000e+003	-5.84117e+000	-6.64596e+001
1424	 1.4430000000e+003	-5.32054e+000	-6.57593e+001
1425	 1.4440000000e+003	-4.77807e+000	-6.50668e+001
1426	 1.4450000000e+003	-4.20636e+000	-6.43712e+001
1427	 1.4460000000e+003	-3.61484e+000	-6.36951e+001
1428	 1.4470000000e+003	-3.00707e+000	-6.30249e+001
1429	 1.4480000000e+003	-2.38136e+000	-6.23705e+001
1430	 1.4490000000e+003	-1.73679e+000	-6.17475e+001
1431	 1.4500000000e+003	-1.06621e+000	-6.11076e+001
1432	 1.4510000000e+003	-3.65722e-001	-6.04523e+001
1433	 1.4520000000e+003	 3.53233e-001	-5.98346e+001
1434	 1.4530000000e+003	 1.10267e+000	-5.92348e+001
1435	 1.4540000000e+003	 1.87410e+000	-5.86388e+001
1436	 1.4550000000e+003	 2.67919e+000	-5.80615e+001
1437	 1.4560000000e+003	 3.51359e+000	-5.75078e+001
1438	 1.4570000000e+003	 4.37406e+000	-5.69614e+001
1439	 1.4580000000e+003	 5.26457e+000	-5.64375e+001
1440	 1.4590000000e+003	 6.17580e+000	-5.59249e+001
1441	 1.4600000000e+003	 7.12657e+000	-5.54386e+001
1442	 1.4610000000e+003	 8.11962e+000	-5.49834e+001
1443	 1.4620000000e+003	 9.13665e+000	-5.45503e+001
1444	 1.4630000000e+003	 1.01852e+001	-5.41528e+001
1445	 1.4640000000e+003	 1.12751e+001	-5.37841e+001
1446	 1.4650000000e+003	 1.24018e+001	-5.34399e+001
1447	 1.4660000000e+003	 1.35587e+001	-5.31282e+001
1448	 1.4670000000e+003	 1.47522e+001	-5.28690e+001
1449	 1.4680000000e+003	 1.59805e+001	-5.26539e+001
1450	 1.4690000000e+003	 1.72428e+001	-5.24782e+001
1451	 1.4700000000e+003	 1.85434e+001	-5.23617e+001
1452	 1.4710000000e+003	 1.98734e+001	-5.23007e+001
1453	 1.4720000000e+003	 2.12409e+001	-5.22822e+001
1454	 1.4730000000e+003	 2.26339e+001	-5.23348e+001
1455	 1.4740000000e+003	 2.40306e+001	-5.24683e+001
1456	 1.4750000000e+003	 2.54733e+001	-5.26667e+001
1457	 1.4760000000e+003	 2.69412e+001	-5.29346e+001
1458	 1.4770000000e+003	 2.83919e+001	-5.32948e+001
1459	 1.4780000000e+003	 2.98907e+001	-5.37348e+001
1460	 1.4790000000e+003	 3.13980e+001	-5.42465e+001
1461	 1.4800000000e+003	 3.28498e+001	-5.48479e+001
1462	 1.4810000000e+003	 3.43562e+001	-5.55660e+001
1463	 1.4820000000e+003	 3.58557e+001	-5.63492e+001
1464	 1.4830000000e+003	 3.72556e+001	-5.72181e+001
1465	 1.4840000000e+003	 3.87621e+001	-5.82430e+001
1466	 1.4850000000e+003	 4.01902e+001	-5.93168e+001
1467	 1.4860000000e+003	 4.14978e+001	-6.04791e+001
1468	 1.4870000000e+003	 4.29365e+001	-6.18396e+001
1469	 1.4880000000e+003	 4.41542e+001	-6.31665e+001
1470	 1.4890000000e+003	 4.53660e+001	-6.46923e+001
1471	 1.4900000000e+003	 4.66172e+001	-6.63800e+001
1472	 1.4910000000e+003	 4.75550e+001	-6.79210e+001
1473	 1.4920000000e+003	 4.86680e+001	-6.99449e+001
1474	 1.4930000000e+003	 4.95451e+001	-7.17292e+001
1475	 1.4940000000e+003	 5.02846e+001	-7.37013e+001
1476	 1.4950000000e+003	 5.10654e+001	-7.60414e+001
1477	 1.4960000000e+003	 5.14681e+001	-7.78333e+001
1478	 1.4970000000e+003	 5.19339e+001	-8.05288e+001
1479	 1.4980000000e+003	 5.21539e+001	-8.24528e+001
1480	 1.4990000000e+003	 5.21846e+001	-8.50462e+001
1481	 1.5000000000e+003	 5.20946e+001	-8.74667e+001
1482	 1.5010000000e+003	 5.18063e+001	-8.96315e+001
1483	 1.5020000000e+003	 5.12300e+001	-9.25391e+001
1484	 1.5030000000e+003	 5.07073e+001	-9.42908e+001
1485	 1.5040000000e+003	 4.95387e+001	-9.73867e+001
1486	 1.5050000000e+003	 4.88472e+001	-9.88597e+001
1487	 1.5060000000e+003	 4.71413e+001	-1.01826e+002
1488	 1.5070000000e+003	 4.62262e+001	-1.03171e+002
1489	 1.5080000000e+003	 4.40738e+001	-1.05877e+002
1490	 1.5090000000e+003	 4.29589e+001	-1.07070e+002
1491	 1.5100000000e+003	 4.04028e+001	-1.09330e+002
1492	 1.5110000000e+003	 3.91544e+001	-1.10261e+002
1493	 1.5120000000e+003	 3.62899e+001	-1.12081e+002
1494	 1.5130000000e+003	 3.50551e+001	-1.12730e+002
1495	 1.5140000000e+003	 3.18819e+001	-1.14102e+002
1496	 1.5150000000e+003	 3.07497e+001	-1.14520e+002
1497	 1.5160000000e+003	 2.73577e+001	-1.15434e+002
1498	 1.5170000000e+003	 2.63030e+001	-1.15624e+002
1499	 1.5180000000e+003	 2.29469e+001	-1.15999e+002
1500	 1.5190000000e+003	 2.18150e+001	-1.16047e+002
1501	 1.5200000000e+003	 1.89875e+001	-1.16027e+002
1502	 1.5210000000e+003	 1.74093e+001	-1.15882e+002
1503	 1.5220000000e+003	 1.55810e+001	-1.15690e+002
1504	 1.5230000000e+003	 1.32491e+001	-1.15200e+002
1505	 1.5240000000e+003	 1.23295e+001	-1.15015e+002
1506	 1.5250000000e+003	 9.49098e+000	-1.14059e+002
1507	 1.5260000000e+003	 8.78882e+000	-1.13727e+002
1508	 1.5270000000e+003	 6.61640e+000	-1.12745e+002
1509	 1.5280000000e+003	 5.33502e+000	-1.12089e+002
1510	 1.5290000000e+003	 4.47665e+000	-1.11747e+002
1511	 1.5300000000e+003	 2.27244e+000	-1.10403e+002
1512	 1.5310000000e+003	 1.75882e+000	-1.10037e+002
1513	 1.5320000000e+003	 2.74270e-001	-1.09069e+002
1514	 1.5330000000e+003	-9.35291e-001	-1.07802e+002
1515	 1.5340000000e+003	-1.40486e+000	-1.07366e+002
1516	 1.5350000000e+003	-3.06401e+000	-1.05727e+002
1517	 1.5360000000e+003	-3.63212e+000	-1.05051e+002
1518	 1.5370000000e+003	-4.10559e+000	-1.04660e+002
1519	 1.5380000000e+003	-5.54676e+000	-1.02948e+002
1520	 1.5390000000e+003	-5.94769e+000	-1.02329e+002
1521	 1.5400000000e+003	-6.40655e+000	-1.01955e+002
1522	 1.5410000000e+003	-7.60541e+000	-1.00350e+002
1523	 1.5420000000e+003	-7.91218e+000	-9.98175e+001
1524	 1.5430000000e+003	-8.28500e+000	-1.00266e+002
1525	 1.5440000000e+003	-9.28606e+000	-9.89395e+001
1526	 1.5450000000e+003	-9.50366e+000	-9.71423e+001
1527	 1.5460000000e+003	-9.72849e+000	-9.66306e+001
1528	 1.5470000000e+003	-1.03545e+001	-9.50870e+001
1529	 1.5480000000e+003	-1.06970e+001	-9.34830e+001
1530	 1.5490000000e+003	-1.09054e+001	-9.30661e+001
1531	 1.5500000000e+003	-1.12853e+001	-9.36259e+001
1532	 1.5510000000e+003	-1.17782e+001	-9.21850e+001
1533	 1.5520000000e+003	-1.18260e+001	-9.07903e+001
1534	 1.5530000000e+003	-1.19777e+001	-9.04591e+001
1535	 1.5540000000e+003	-1.23641e+001	-9.11656e+001
1536	 1.5550000000e+003	-1.24021e+001	-8.78194e+001
1537	 1.5560000000e+003	-1.24045e+001	-8.67040e+001
1538	 1.5570000000e+003	-1.24707e+001	-8.62006e+001
1539	 1.5580000000e+003	-1.26100e+001	-8.64391e+001
1540	 1.5590000000e+003	-1.27141e+001	-8.44297e+001
1541	 1.5600000000e+003	-1.26814e+001	-8.33212e+001
1542	 1.5610000000e+003	-1.26843e+001	-8.27255e+001
1543	 1.5620000000e+003	-1.27181e+001	-8.25787e+001
1544	 1.5630000000e+003	-1.27882e+001	-8.28481e+001
1545	 1.5640000000e+003	-1.25711e+001	-8.01417e+001
1546	 1.5650000000e+003	-1.24845e+001	-7.92130e+001
1547	 1.5660000000e+003	-1.24092e+001	-7.85317e+001
1548	 1.5670000000e+003	-1.23341e+001	-7.79452e+001
1549	 1.5680000000e+003	-1.22310e+001	-7.73442e+001
1550	 1.5690000000e+003	-1.19464e+001	-7.59274e+001
1551	 1.5700000000e+003	-1.18280e+001	-7.53283e+001
1552	 1.5710000000e+003	-1.16902e+001	-7.47367e+001
1553	 1.5720000000e+003	-1.15353e+001	-7.41466e+001
1554	 1.5730000000e+003	-1.13643e+001	-7.36120e+001
1555	 1.5740000000e+003	-1.11616e+001	-7.32470e+001
1556	 1.5750000000e+003	-1.06543e+001	-7.20568e+001
1557	 1.5760000000e+003	-1.05115e+001	-7.12279e+001
1558	 1.5770000000e+003	-1.03103e+001	-7.06594e+001
1559	 1.5780000000e+003	-1.00742e+001	-7.00773e+001
1560	 1.5790000000e+003	-9.83152e+000	-6.95047e+001
1561	 1.5800000000e+003	-9.57890e+000	-6.89575e+001
1562	 1.5810000000e+003	-9.32597e+000	-6.84435e+001
1563	 1.5820000000e+003	-9.09237e+000	-6.80492e+001
1564	 1.5830000000e+003	-8.88359e+000	-6.81143e+001
1565	 1.5840000000e+003	-8.04910e+000	-6.68260e+001
1566	 1.5850000000e+003	-7.75315e+000	-6.58571e+001
1567	 1.5860000000e+003	-7.45825e+000	-6.52999e+001
1568	 1.5870000000e+003	-7.12206e+000	-6.47813e+001
1569	 1.5880000000e+003	-6.76780e+000	-6.42749e+001
1570	 1.5890000000e+003	-6.38786e+000	-6.37695e+001
1571	 1.5900000000e+003	-5.98979e+000	-6.32633e+001
1572	 1.5910000000e+003	-5.58273e+000	-6.27635e+001
1573	 1.5920000000e+003	-5.17003e+000	-6.22769e+001
1574	 1.5930000000e+003	-4.73570e+000	-6.17862e+001
1575	 1.5940000000e+003	-4.28379e+000	-6.12994e+001
1576	 1.5950000000e+003	-3.82659e+000	-6.08241e+001
1577	 1.5960000000e+003	-3.36003e+000	-6.03657e+001
1578	 1.5970000000e+003	-2.88370e+000	-5.99267e+001
1579	 1.5980000000e+003	-2.38262e+000	-5.95151e+001
1580	 1.5990000000e+003	-1.86529e+000	-5.91209e+001
1581	 1.6000000000e+003	-1.33376e+000	-5.87366e+001
1582	 1.6010000000e+003	-7.69297e-001	-5.83505e+001
1583	 1.6020000000e+003	-1.61794e-001	-5.79570e+001
1584	 1.6030000000e+003	 4.62240e-001	-5.76650e+001
1585	 1.6040000000e+003	 1.13798e+000	-5.75470e+001
1586	 1.6050000000e+003	 1.82729e+000	-5.75431e+001
1587	 1.6060000000e+003	 2.42938e+000	-5.75754e+001
1588	 1.6070000000e+003	 2.87060e+000	-5.74041e+001
1589	 1.6080000000e+003	 3.39228e+000	-5.68984e+001
1590	 1.6090000000e+003	 3.96852e+000	-5.65756e+001
1591	 1.6100000000e+003	 4.31653e+000	-5.68447e+001
1592	 1.6110000000e+003	 4.35956e+000	-5.73023e+001
1593	 1.6120000000e+003	 4.59547e+000	-5.69763e+001
1594	 1.6130000000e+003	 5.62636e+000	-5.60447e+001
1595	 1.6140000000e+003	 6.71777e+000	-5.64540e+001
1596	 1.6150000000e+003	 6.33579e+000	-5.91469e+001
1597	 1.6160000000e+003	 5.08152e+000	-6.19299e+001
1598	 1.6170000000e+003	 6.75473e+000	-6.27103e+001
1599	 1.6180000000e+003	 1.25508e+001	-6.31340e+001
1600	 1.6190000000e+003	 1.80452e+001	-6.36157e+001
1601	 1.6200000000e+003	 2.13009e+001	-6.28103e+001
TagsBegin:	 	 	 
OverLoad:	 	False	 
AverageNumber: []	 	 8.80000e+001	 
OverLoadRatio: []	 	 1.19209e-007	 
TagsEnd:	 	 	 
TagScalesBegin:	 	 	 
TagScalesEnd:	 	 	 
