Header Size:	 79	 	 
Pulse Version:	 80	 	 
Running Pulse Version:	PULSE LabShop Fast Track Version 18.1.1.9 - 2014-01-16	 	 
Decimal Symbol:	.	 	 
Date Format:	M/d/yyyy	 	 
Time Format:	HH:mm:ss:mmm	 	 
Data Type:	Complex	 	 
Slice:	False	 	 
Z-Axis type:	Linear	 	 
Z-Axis size:	1	 	 
Z-Axis unit:	 	 	 
Z-Axis first value:	 0.0000000000e+000	 	 
Z-Axis delta:	 1.0000000000e+000	 	 
X-Axis type:	Linear	 	 
X-Axis size:	1601	 	 
X-Axis unit:	Hz	 	 
X-Axis first value:	 2.0000000000e+001	 	 
X-Axis delta:	 1.0000000000e+000	 	 
	 	 	 
AmplitudeUnit:	Pa/(m/s)	 	 
Analyzer:	FFT_Spectrum_Averaging	 	 
AnalyzerName:	FFT Analyzer	 	 
	 	 	 
	 	 	 
Bipolar:	True	 	 
CenterFrequency:	 8.2000000000e+002	 	 
	 	 	 
	 	 	 
	 	 	 
	 	 	 
	 	 	 
	 	 	 
	 	 	 
	 	 	 
Domain:	1	 	 
Function:	Frequency Response	 	 
	 	 	 
InputRange:	-1.0000000000e-001	 	 
	 	 	 
	 	 	 
MultiBufferName:	Input	 	 
NBW:	 1.5000000000e+000	 	 
	 	 	 
OverlapFailed:	False	 	 
Overrun:	False	 	 
Power:	False	 	 
	 	 	 
Ratio:	True	 	 
RecordLength:	 1.0000000000e+000	 	 
ReducedSize:	True	 	 
Ref_Signal:	v	 	 
	 	 	 
	 	 	 
RefSignalUnit:	m/s	 	 
	 	 	 
	 	 	 
Signal:	p	 	 
	 	 	 
SignalUnit:	Pa	 	 
	 	 	 
	 	 	 
	 	 	 
Title:	Input Impedance	 	 
Title1:	Working : Input : Input : FFT Analyzer	 	 
	 	 	 
	 	 	 
	 	 	 
ZoomOn:	True	 	 
	 	 	 
TemplateName:	Working	 	 
MeasurementName:	Input	 	 
MeasurementSlice:	False	 	 
	 	 	 
	 	 	 
	 	 	 
EnvelopeOn:	False	 	 
	 	 	 
	 	 	 
	 	 	 
Z-index:	 	1	 
Date:	 	5/23/2022	 
Time:	 	18:15:24:625	 
Relative time:	 	 0.00000e+000	 
Z-axis:	 	 0.0000000000e+000	 
1	 2.0000000000e+001	 1.66990e+000	 5.92191e+001
2	 2.1000000000e+001	 1.69269e+000	 6.21925e+001
3	 2.2000000000e+001	 2.08889e+000	 6.46186e+001
4	 2.3000000000e+001	 2.25913e+000	 6.82668e+001
5	 2.4000000000e+001	 2.60689e+000	 7.17462e+001
6	 2.5000000000e+001	 3.04534e+000	 7.54131e+001
7	 2.6000000000e+001	 3.23710e+000	 7.91921e+001
8	 2.7000000000e+001	 3.87589e+000	 8.30630e+001
9	 2.8000000000e+001	 4.19474e+000	 8.68867e+001
10	 2.9000000000e+001	 4.46177e+000	 9.10056e+001
11	 3.0000000000e+001	 5.19528e+000	 9.53219e+001
12	 3.1000000000e+001	 5.21901e+000	 9.95966e+001
13	 3.2000000000e+001	 6.39791e+000	 1.04330e+002
14	 3.3000000000e+001	 6.41675e+000	 1.08804e+002
15	 3.4000000000e+001	 7.38811e+000	 1.13895e+002
16	 3.5000000000e+001	 8.14257e+000	 1.19028e+002
17	 3.6000000000e+001	 8.47296e+000	 1.24101e+002
18	 3.7000000000e+001	 9.87308e+000	 1.30057e+002
19	 3.8000000000e+001	 1.05407e+001	 1.35700e+002
20	 3.9000000000e+001	 1.13261e+001	 1.41635e+002
21	 4.0000000000e+001	 1.29389e+001	 1.48493e+002
22	 4.1000000000e+001	 1.39684e+001	 1.54896e+002
23	 4.2000000000e+001	 1.49243e+001	 1.61853e+002
24	 4.3000000000e+001	 1.67107e+001	 1.69856e+002
25	 4.4000000000e+001	 1.85519e+001	 1.77842e+002
26	 4.5000000000e+001	 1.96996e+001	 1.86130e+002
27	 4.6000000000e+001	 2.20954e+001	 1.95449e+002
28	 4.7000000000e+001	 2.46879e+001	 2.05578e+002
29	 4.8000000000e+001	 2.70173e+001	 2.15668e+002
30	 4.9000000000e+001	 2.97898e+001	 2.26973e+002
31	 5.0000000000e+001	 3.34766e+001	 2.39441e+002
32	 5.1000000000e+001	 3.76696e+001	 2.53082e+002
33	 5.2000000000e+001	 4.17535e+001	 2.66871e+002
34	 5.3000000000e+001	 4.67858e+001	 2.83123e+002
35	 5.4000000000e+001	 5.34720e+001	 3.00585e+002
36	 5.5000000000e+001	 6.11436e+001	 3.20400e+002
37	 5.6000000000e+001	 6.96696e+001	 3.41145e+002
38	 5.7000000000e+001	 7.93796e+001	 3.65041e+002
39	 5.8000000000e+001	 9.34566e+001	 3.92334e+002
40	 5.9000000000e+001	 1.09860e+002	 4.23210e+002
41	 6.0000000000e+001	 1.29934e+002	 4.57406e+002
42	 6.1000000000e+001	 1.55016e+002	 4.95389e+002
43	 6.2000000000e+001	 1.87786e+002	 5.42329e+002
44	 6.3000000000e+001	 2.34727e+002	 5.93004e+002
45	 6.4000000000e+001	 2.94790e+002	 6.53221e+002
46	 6.5000000000e+001	 3.77470e+002	 7.15596e+002
47	 6.6000000000e+001	 4.93245e+002	 7.82667e+002
48	 6.7000000000e+001	 6.62219e+002	 8.43289e+002
49	 6.8000000000e+001	 9.02709e+002	 8.55472e+002
50	 6.9000000000e+001	 1.20174e+003	 7.78907e+002
51	 7.0000000000e+001	 1.51526e+003	 5.19667e+002
52	 7.1000000000e+001	 1.68414e+003	 6.35862e+001
53	 7.2000000000e+001	 1.58212e+003	-4.19978e+002
54	 7.3000000000e+001	 1.27128e+003	-7.30886e+002
55	 7.4000000000e+001	 9.56724e+002	-8.39381e+002
56	 7.5000000000e+001	 7.12014e+002	-8.38407e+002
57	 7.6000000000e+001	 5.33680e+002	-7.86850e+002
58	 7.7000000000e+001	 4.07525e+002	-7.26064e+002
59	 7.8000000000e+001	 3.19945e+002	-6.62868e+002
60	 7.9000000000e+001	 2.53787e+002	-6.03588e+002
61	 8.0000000000e+001	 2.06811e+002	-5.52134e+002
62	 8.1000000000e+001	 1.70936e+002	-5.08187e+002
63	 8.2000000000e+001	 1.43677e+002	-4.68095e+002
64	 8.3000000000e+001	 1.21735e+002	-4.33704e+002
65	 8.4000000000e+001	 1.04836e+002	-4.03581e+002
66	 8.5000000000e+001	 9.07486e+001	-3.75817e+002
67	 8.6000000000e+001	 7.92956e+001	-3.51759e+002
68	 8.7000000000e+001	 6.98398e+001	-3.30191e+002
69	 8.8000000000e+001	 6.21570e+001	-3.10938e+002
70	 8.9000000000e+001	 5.52286e+001	-2.93206e+002
71	 9.0000000000e+001	 4.95851e+001	-2.77369e+002
72	 9.1000000000e+001	 4.48554e+001	-2.62667e+002
73	 9.2000000000e+001	 4.05225e+001	-2.49179e+002
74	 9.3000000000e+001	 3.68263e+001	-2.36755e+002
75	 9.4000000000e+001	 3.36304e+001	-2.25437e+002
76	 9.5000000000e+001	 3.08879e+001	-2.14846e+002
77	 9.6000000000e+001	 2.82576e+001	-2.04937e+002
78	 9.7000000000e+001	 2.60439e+001	-1.95836e+002
79	 9.8000000000e+001	 2.41666e+001	-1.87147e+002
80	 9.9000000000e+001	 2.22967e+001	-1.79042e+002
81	 1.0000000000e+002	 2.07457e+001	-1.71354e+002
82	 1.0100000000e+002	 1.92418e+001	-1.64213e+002
83	 1.0200000000e+002	 1.80449e+001	-1.57368e+002
84	 1.0300000000e+002	 1.68457e+001	-1.50926e+002
85	 1.0400000000e+002	 1.56705e+001	-1.44801e+002
86	 1.0500000000e+002	 1.47920e+001	-1.38950e+002
87	 1.0600000000e+002	 1.38977e+001	-1.33336e+002
88	 1.0700000000e+002	 1.30667e+001	-1.28019e+002
89	 1.0800000000e+002	 1.22821e+001	-1.22845e+002
90	 1.0900000000e+002	 1.16098e+001	-1.17983e+002
91	 1.1000000000e+002	 1.09939e+001	-1.13229e+002
92	 1.1100000000e+002	 1.04124e+001	-1.08679e+002
93	 1.1200000000e+002	 9.79949e+000	-1.04346e+002
94	 1.1300000000e+002	 9.31778e+000	-1.00086e+002
95	 1.1400000000e+002	 8.85479e+000	-9.59672e+001
96	 1.1500000000e+002	 8.42346e+000	-9.20017e+001
97	 1.1600000000e+002	 7.97316e+000	-8.81144e+001
98	 1.1700000000e+002	 7.58901e+000	-8.43522e+001
99	 1.1800000000e+002	 7.24379e+000	-8.06887e+001
100	 1.1900000000e+002	 6.94018e+000	-7.70752e+001
101	 1.2000000000e+002	 6.61606e+000	-7.35786e+001
102	 1.2100000000e+002	 6.30936e+000	-7.01825e+001
103	 1.2200000000e+002	 6.07738e+000	-6.68098e+001
104	 1.2300000000e+002	 5.86251e+000	-6.35189e+001
105	 1.2400000000e+002	 5.67643e+000	-6.03126e+001
106	 1.2500000000e+002	 5.47376e+000	-5.71506e+001
107	 1.2600000000e+002	 5.29458e+000	-5.40711e+001
108	 1.2700000000e+002	 5.15100e+000	-5.10279e+001
109	 1.2800000000e+002	 5.03250e+000	-4.80344e+001
110	 1.2900000000e+002	 4.88650e+000	-4.50703e+001
111	 1.3000000000e+002	 4.75831e+000	-4.21814e+001
112	 1.3100000000e+002	 4.64592e+000	-3.93225e+001
113	 1.3200000000e+002	 4.53715e+000	-3.64616e+001
114	 1.3300000000e+002	 4.46248e+000	-3.36432e+001
115	 1.3400000000e+002	 4.38383e+000	-3.08421e+001
116	 1.3500000000e+002	 4.28230e+000	-2.80733e+001
117	 1.3600000000e+002	 4.20272e+000	-2.53166e+001
118	 1.3700000000e+002	 4.14289e+000	-2.25750e+001
119	 1.3800000000e+002	 4.11039e+000	-1.98274e+001
120	 1.3900000000e+002	 4.05458e+000	-1.70999e+001
121	 1.4000000000e+002	 4.00871e+000	-1.43867e+001
122	 1.4100000000e+002	 3.98507e+000	-1.16751e+001
123	 1.4200000000e+002	 3.93924e+000	-8.95509e+000
124	 1.4300000000e+002	 3.92558e+000	-6.22402e+000
125	 1.4400000000e+002	 3.93208e+000	-3.47796e+000
126	 1.4500000000e+002	 3.92748e+000	-7.46380e-001
127	 1.4600000000e+002	 3.91296e+000	 2.00976e+000
128	 1.4700000000e+002	 3.92856e+000	 4.77741e+000
129	 1.4800000000e+002	 3.97977e+000	 7.58249e+000
130	 1.4900000000e+002	 4.05783e+000	 1.04418e+001
131	 1.5000000000e+002	 4.13874e+000	 1.33089e+001
132	 1.5100000000e+002	 4.26319e+000	 1.61503e+001
133	 1.5200000000e+002	 4.43049e+000	 1.90550e+001
134	 1.5300000000e+002	 4.54920e+000	 2.19906e+001
135	 1.5400000000e+002	 4.67881e+000	 2.49743e+001
136	 1.5500000000e+002	 4.80527e+000	 2.80283e+001
137	 1.5600000000e+002	 4.89930e+000	 3.10879e+001
138	 1.5700000000e+002	 4.94438e+000	 3.42232e+001
139	 1.5800000000e+002	 4.96057e+000	 3.74099e+001
140	 1.5900000000e+002	 4.98732e+000	 4.06799e+001
141	 1.6000000000e+002	 4.99697e+000	 4.40166e+001
142	 1.6100000000e+002	 5.01334e+000	 4.74554e+001
143	 1.6200000000e+002	 5.03879e+000	 5.09531e+001
144	 1.6300000000e+002	 5.07439e+000	 5.45498e+001
145	 1.6400000000e+002	 5.13741e+000	 5.82498e+001
146	 1.6500000000e+002	 5.21251e+000	 6.20657e+001
147	 1.6600000000e+002	 5.29083e+000	 6.60000e+001
148	 1.6700000000e+002	 5.42062e+000	 7.01018e+001
149	 1.6800000000e+002	 5.55765e+000	 7.43264e+001
150	 1.6900000000e+002	 5.70452e+000	 7.86897e+001
151	 1.7000000000e+002	 5.84585e+000	 8.32736e+001
152	 1.7100000000e+002	 5.99974e+000	 8.80167e+001
153	 1.7200000000e+002	 6.15456e+000	 9.29911e+001
154	 1.7300000000e+002	 6.35865e+000	 9.82480e+001
155	 1.7400000000e+002	 6.49095e+000	 1.03742e+002
156	 1.7500000000e+002	 6.64712e+000	 1.09560e+002
157	 1.7600000000e+002	 6.85201e+000	 1.15631e+002
158	 1.7700000000e+002	 7.00103e+000	 1.22160e+002
159	 1.7800000000e+002	 7.18415e+000	 1.29082e+002
160	 1.7900000000e+002	 7.37895e+000	 1.36536e+002
161	 1.8000000000e+002	 7.51987e+000	 1.44506e+002
162	 1.8100000000e+002	 7.74381e+000	 1.53148e+002
163	 1.8200000000e+002	 7.90465e+000	 1.62571e+002
164	 1.8300000000e+002	 8.10743e+000	 1.72722e+002
165	 1.8400000000e+002	 8.34314e+000	 1.84024e+002
166	 1.8500000000e+002	 8.56118e+000	 1.96515e+002
167	 1.8600000000e+002	 8.87920e+000	 2.10565e+002
168	 1.8700000000e+002	 9.42969e+000	 2.26379e+002
169	 1.8800000000e+002	 1.01174e+001	 2.44580e+002
170	 1.8900000000e+002	 1.13877e+001	 2.65573e+002
171	 1.9000000000e+002	 1.33374e+001	 2.90102e+002
172	 1.9100000000e+002	 1.63382e+001	 3.19215e+002
173	 1.9200000000e+002	 2.16054e+001	 3.54383e+002
174	 1.9300000000e+002	 3.03244e+001	 3.97284e+002
175	 1.9400000000e+002	 4.53820e+001	 4.50392e+002
176	 1.9500000000e+002	 7.14770e+001	 5.16317e+002
177	 1.9600000000e+002	 1.17343e+002	 5.97365e+002
178	 1.9700000000e+002	 1.98299e+002	 6.92790e+002
179	 1.9800000000e+002	 3.37990e+002	 7.90958e+002
180	 1.9900000000e+002	 5.64264e+002	 8.51157e+002
181	 2.0000000000e+002	 8.68371e+002	 7.87482e+002
182	 2.0100000000e+002	 1.13224e+003	 5.30429e+002
183	 2.0200000000e+002	 1.20385e+003	 1.73892e+002
184	 2.0300000000e+002	 1.09945e+003	-1.09123e+002
185	 2.0400000000e+002	 9.36293e+002	-2.68224e+002
186	 2.0500000000e+002	 7.85371e+002	-3.39432e+002
187	 2.0600000000e+002	 6.64483e+002	-3.64014e+002
188	 2.0700000000e+002	 5.70894e+002	-3.67076e+002
189	 2.0800000000e+002	 4.98725e+002	-3.60380e+002
190	 2.0900000000e+002	 4.41911e+002	-3.48942e+002
191	 2.1000000000e+002	 3.96459e+002	-3.36079e+002
192	 2.1100000000e+002	 3.60092e+002	-3.23049e+002
193	 2.1200000000e+002	 3.30489e+002	-3.10817e+002
194	 2.1300000000e+002	 3.06183e+002	-2.99544e+002
195	 2.1400000000e+002	 2.86134e+002	-2.89678e+002
196	 2.1500000000e+002	 2.69045e+002	-2.81290e+002
197	 2.1600000000e+002	 2.53912e+002	-2.74242e+002
198	 2.1700000000e+002	 2.39877e+002	-2.68539e+002
199	 2.1800000000e+002	 2.26586e+002	-2.63589e+002
200	 2.1900000000e+002	 2.14048e+002	-2.59201e+002
201	 2.2000000000e+002	 2.01652e+002	-2.54969e+002
202	 2.2100000000e+002	 1.89764e+002	-2.50836e+002
203	 2.2200000000e+002	 1.78425e+002	-2.46634e+002
204	 2.2300000000e+002	 1.67609e+002	-2.42218e+002
205	 2.2400000000e+002	 1.57188e+002	-2.37459e+002
206	 2.2500000000e+002	 1.47528e+002	-2.32513e+002
207	 2.2600000000e+002	 1.38434e+002	-2.27425e+002
208	 2.2700000000e+002	 1.29858e+002	-2.22307e+002
209	 2.2800000000e+002	 1.21743e+002	-2.16960e+002
210	 2.2900000000e+002	 1.14146e+002	-2.11611e+002
211	 2.3000000000e+002	 1.06995e+002	-2.06222e+002
212	 2.3100000000e+002	 1.00325e+002	-2.00829e+002
213	 2.3200000000e+002	 9.41658e+001	-1.95358e+002
214	 2.3300000000e+002	 8.84634e+001	-1.89899e+002
215	 2.3400000000e+002	 8.31923e+001	-1.84421e+002
216	 2.3500000000e+002	 7.83264e+001	-1.79024e+002
217	 2.3600000000e+002	 7.38898e+001	-1.73662e+002
218	 2.3700000000e+002	 6.98647e+001	-1.68388e+002
219	 2.3800000000e+002	 6.61862e+001	-1.63277e+002
220	 2.3900000000e+002	 6.28505e+001	-1.58315e+002
221	 2.4000000000e+002	 5.97417e+001	-1.53479e+002
222	 2.4100000000e+002	 5.68556e+001	-1.48792e+002
223	 2.4200000000e+002	 5.41921e+001	-1.44249e+002
224	 2.4300000000e+002	 5.17587e+001	-1.39790e+002
225	 2.4400000000e+002	 4.94826e+001	-1.35470e+002
226	 2.4500000000e+002	 4.73629e+001	-1.31270e+002
227	 2.4600000000e+002	 4.53819e+001	-1.27160e+002
228	 2.4700000000e+002	 4.35637e+001	-1.23162e+002
229	 2.4800000000e+002	 4.18590e+001	-1.19258e+002
230	 2.4900000000e+002	 4.03219e+001	-1.15444e+002
231	 2.5000000000e+002	 3.89585e+001	-1.11739e+002
232	 2.5100000000e+002	 3.75162e+001	-1.08111e+002
233	 2.5200000000e+002	 3.62173e+001	-1.04535e+002
234	 2.5300000000e+002	 3.50619e+001	-1.01065e+002
235	 2.5400000000e+002	 3.39934e+001	-9.76738e+001
236	 2.5500000000e+002	 3.30116e+001	-9.43402e+001
237	 2.5600000000e+002	 3.20857e+001	-9.10761e+001
238	 2.5700000000e+002	 3.12427e+001	-8.78917e+001
239	 2.5800000000e+002	 3.04436e+001	-8.47643e+001
240	 2.5900000000e+002	 2.97039e+001	-8.16953e+001
241	 2.6000000000e+002	 2.89983e+001	-7.86626e+001
242	 2.6100000000e+002	 2.83848e+001	-7.56720e+001
243	 2.6200000000e+002	 2.77997e+001	-7.27423e+001
244	 2.6300000000e+002	 2.72810e+001	-6.98505e+001
245	 2.6400000000e+002	 2.68075e+001	-6.69750e+001
246	 2.6500000000e+002	 2.63727e+001	-6.41634e+001
247	 2.6600000000e+002	 2.59890e+001	-6.13971e+001
248	 2.6700000000e+002	 2.56098e+001	-5.86626e+001
249	 2.6800000000e+002	 2.52983e+001	-5.59607e+001
250	 2.6900000000e+002	 2.50290e+001	-5.32706e+001
251	 2.7000000000e+002	 2.47842e+001	-5.06222e+001
252	 2.7100000000e+002	 2.45679e+001	-4.79722e+001
253	 2.7200000000e+002	 2.43995e+001	-4.53639e+001
254	 2.7300000000e+002	 2.42295e+001	-4.27864e+001
255	 2.7400000000e+002	 2.41166e+001	-4.02122e+001
256	 2.7500000000e+002	 2.40346e+001	-3.76642e+001
257	 2.7600000000e+002	 2.39810e+001	-3.51100e+001
258	 2.7700000000e+002	 2.39540e+001	-3.25584e+001
259	 2.7800000000e+002	 2.39618e+001	-3.00306e+001
260	 2.7900000000e+002	 2.39974e+001	-2.75116e+001
261	 2.8000000000e+002	 2.40503e+001	-2.49846e+001
262	 2.8100000000e+002	 2.41454e+001	-2.24631e+001
263	 2.8200000000e+002	 2.42805e+001	-1.99395e+001
264	 2.8300000000e+002	 2.44275e+001	-1.74241e+001
265	 2.8400000000e+002	 2.46016e+001	-1.48880e+001
266	 2.8500000000e+002	 2.48091e+001	-1.23532e+001
267	 2.8600000000e+002	 2.50690e+001	-9.81098e+000
268	 2.8700000000e+002	 2.53292e+001	-7.26728e+000
269	 2.8800000000e+002	 2.56257e+001	-4.71538e+000
270	 2.8900000000e+002	 2.59586e+001	-2.12730e+000
271	 2.9000000000e+002	 2.63109e+001	 4.64190e-001
272	 2.9100000000e+002	 2.67289e+001	 3.07671e+000
273	 2.9200000000e+002	 2.71727e+001	 5.71641e+000
274	 2.9300000000e+002	 2.76520e+001	 8.38089e+000
275	 2.9400000000e+002	 2.81658e+001	 1.11003e+001
276	 2.9500000000e+002	 2.87261e+001	 1.38216e+001
277	 2.9600000000e+002	 2.93375e+001	 1.65942e+001
278	 2.9700000000e+002	 3.00180e+001	 1.94210e+001
279	 2.9800000000e+002	 3.07230e+001	 2.22656e+001
280	 2.9900000000e+002	 3.14993e+001	 2.51579e+001
281	 3.0000000000e+002	 3.23312e+001	 2.80944e+001
282	 3.0100000000e+002	 3.32201e+001	 3.10690e+001
283	 3.0200000000e+002	 3.41725e+001	 3.40848e+001
284	 3.0300000000e+002	 3.51970e+001	 3.71704e+001
285	 3.0400000000e+002	 3.62939e+001	 4.03053e+001
286	 3.0500000000e+002	 3.74868e+001	 4.35002e+001
287	 3.0600000000e+002	 3.87542e+001	 4.67787e+001
288	 3.0700000000e+002	 4.01038e+001	 5.01110e+001
289	 3.0800000000e+002	 4.15833e+001	 5.35097e+001
290	 3.0900000000e+002	 4.31361e+001	 5.70014e+001
291	 3.1000000000e+002	 4.48298e+001	 6.05677e+001
292	 3.1100000000e+002	 4.66452e+001	 6.42182e+001
293	 3.1200000000e+002	 4.85916e+001	 6.79859e+001
294	 3.1300000000e+002	 5.07263e+001	 7.18617e+001
295	 3.1400000000e+002	 5.30113e+001	 7.58310e+001
296	 3.1500000000e+002	 5.55278e+001	 7.98850e+001
297	 3.1600000000e+002	 5.82479e+001	 8.40400e+001
298	 3.1700000000e+002	 6.11814e+001	 8.82986e+001
299	 3.1800000000e+002	 6.44040e+001	 9.26837e+001
300	 3.1900000000e+002	 6.78700e+001	 9.71447e+001
301	 3.2000000000e+002	 7.16283e+001	 1.01676e+002
302	 3.2100000000e+002	 7.57197e+001	 1.06356e+002
303	 3.2200000000e+002	 8.01775e+001	 1.11112e+002
304	 3.2300000000e+002	 8.50500e+001	 1.16009e+002
305	 3.2400000000e+002	 9.04371e+001	 1.20953e+002
306	 3.2500000000e+002	 9.62825e+001	 1.25939e+002
307	 3.2600000000e+002	 1.02684e+002	 1.30978e+002
308	 3.2700000000e+002	 1.09699e+002	 1.36072e+002
309	 3.2800000000e+002	 1.17412e+002	 1.41055e+002
310	 3.2900000000e+002	 1.25861e+002	 1.46029e+002
311	 3.3000000000e+002	 1.35182e+002	 1.50862e+002
312	 3.3100000000e+002	 1.45360e+002	 1.55377e+002
313	 3.3200000000e+002	 1.56548e+002	 1.59688e+002
314	 3.3300000000e+002	 1.68881e+002	 1.63415e+002
315	 3.3400000000e+002	 1.82418e+002	 1.66478e+002
316	 3.3500000000e+002	 1.97101e+002	 1.68821e+002
317	 3.3600000000e+002	 2.13038e+002	 1.69934e+002
318	 3.3700000000e+002	 2.30262e+002	 1.69630e+002
319	 3.3800000000e+002	 2.48669e+002	 1.67645e+002
320	 3.3900000000e+002	 2.68228e+002	 1.63469e+002
321	 3.4000000000e+002	 2.88555e+002	 1.56834e+002
322	 3.4100000000e+002	 3.09362e+002	 1.47324e+002
323	 3.4200000000e+002	 3.30041e+002	 1.34411e+002
324	 3.4300000000e+002	 3.49976e+002	 1.17879e+002
325	 3.4400000000e+002	 3.68386e+002	 9.77507e+001
326	 3.4500000000e+002	 3.84350e+002	 7.42498e+001
327	 3.4600000000e+002	 3.96937e+002	 4.77316e+001
328	 3.4700000000e+002	 4.05305e+002	 1.88885e+001
329	 3.4800000000e+002	 4.09129e+002	-1.12823e+001
330	 3.4900000000e+002	 4.08165e+002	-4.14866e+001
331	 3.5000000000e+002	 4.02461e+002	-7.09257e+001
332	 3.5100000000e+002	 3.92470e+002	-9.84653e+001
333	 3.5200000000e+002	 3.78882e+002	-1.23337e+002
334	 3.5300000000e+002	 3.62532e+002	-1.44990e+002
335	 3.5400000000e+002	 3.44278e+002	-1.63151e+002
336	 3.5500000000e+002	 3.25002e+002	-1.77807e+002
337	 3.5600000000e+002	 3.05226e+002	-1.89290e+002
338	 3.5700000000e+002	 2.85539e+002	-1.97969e+002
339	 3.5800000000e+002	 2.66384e+002	-2.03886e+002
340	 3.5900000000e+002	 2.48151e+002	-2.07604e+002
341	 3.6000000000e+002	 2.30999e+002	-2.09474e+002
342	 3.6100000000e+002	 2.15044e+002	-2.09671e+002
343	 3.6200000000e+002	 2.00343e+002	-2.08485e+002
344	 3.6300000000e+002	 1.86789e+002	-2.06283e+002
345	 3.6400000000e+002	 1.74390e+002	-2.03332e+002
346	 3.6500000000e+002	 1.63026e+002	-1.99793e+002
347	 3.6600000000e+002	 1.52589e+002	-1.95908e+002
348	 3.6700000000e+002	 1.43105e+002	-1.91736e+002
349	 3.6800000000e+002	 1.34453e+002	-1.87395e+002
350	 3.6900000000e+002	 1.26566e+002	-1.82919e+002
351	 3.7000000000e+002	 1.19351e+002	-1.78370e+002
352	 3.7100000000e+002	 1.12744e+002	-1.73764e+002
353	 3.7200000000e+002	 1.06762e+002	-1.69101e+002
354	 3.7300000000e+002	 1.01276e+002	-1.64420e+002
355	 3.7400000000e+002	 9.61960e+001	-1.59918e+002
356	 3.7500000000e+002	 9.15983e+001	-1.55415e+002
357	 3.7600000000e+002	 8.74486e+001	-1.51019e+002
358	 3.7700000000e+002	 8.36016e+001	-1.46672e+002
359	 3.7800000000e+002	 8.00422e+001	-1.42384e+002
360	 3.7900000000e+002	 7.68285e+001	-1.38225e+002
361	 3.8000000000e+002	 7.38654e+001	-1.34218e+002
362	 3.8100000000e+002	 7.10835e+001	-1.30247e+002
363	 3.8200000000e+002	 6.85850e+001	-1.26354e+002
364	 3.8300000000e+002	 6.62758e+001	-1.22520e+002
365	 3.8400000000e+002	 6.41182e+001	-1.18778e+002
366	 3.8500000000e+002	 6.21361e+001	-1.15146e+002
367	 3.8600000000e+002	 6.03507e+001	-1.11587e+002
368	 3.8700000000e+002	 5.87153e+001	-1.08052e+002
369	 3.8800000000e+002	 5.72244e+001	-1.04637e+002
370	 3.8900000000e+002	 5.58124e+001	-1.01281e+002
371	 3.9000000000e+002	 5.45656e+001	-9.79657e+001
372	 3.9100000000e+002	 5.33841e+001	-9.46917e+001
373	 3.9200000000e+002	 5.23516e+001	-9.15427e+001
374	 3.9300000000e+002	 5.14196e+001	-8.84511e+001
375	 3.9400000000e+002	 5.05435e+001	-8.54098e+001
376	 3.9500000000e+002	 4.97733e+001	-8.23877e+001
377	 3.9600000000e+002	 4.90859e+001	-7.93866e+001
378	 3.9700000000e+002	 4.84868e+001	-7.64514e+001
379	 3.9800000000e+002	 4.79647e+001	-7.35653e+001
380	 3.9900000000e+002	 4.75079e+001	-7.07455e+001
381	 4.0000000000e+002	 4.71054e+001	-6.79553e+001
382	 4.0100000000e+002	 4.68074e+001	-6.52152e+001
383	 4.0200000000e+002	 4.65584e+001	-6.24729e+001
384	 4.0300000000e+002	 4.63785e+001	-5.97554e+001
385	 4.0400000000e+002	 4.62165e+001	-5.70845e+001
386	 4.0500000000e+002	 4.61837e+001	-5.44033e+001
387	 4.0600000000e+002	 4.61783e+001	-5.18059e+001
388	 4.0700000000e+002	 4.62761e+001	-4.92141e+001
389	 4.0800000000e+002	 4.63886e+001	-4.66360e+001
390	 4.0900000000e+002	 4.65632e+001	-4.40718e+001
391	 4.1000000000e+002	 4.68172e+001	-4.15077e+001
392	 4.1100000000e+002	 4.70870e+001	-3.89468e+001
393	 4.1200000000e+002	 4.74310e+001	-3.64422e+001
394	 4.1300000000e+002	 4.78587e+001	-3.39351e+001
395	 4.1400000000e+002	 4.83649e+001	-3.14539e+001
396	 4.1500000000e+002	 4.89008e+001	-2.89818e+001
397	 4.1600000000e+002	 4.94994e+001	-2.65114e+001
398	 4.1700000000e+002	 5.01479e+001	-2.40558e+001
399	 4.1800000000e+002	 5.08851e+001	-2.16027e+001
400	 4.1900000000e+002	 5.17320e+001	-1.91487e+001
401	 4.2000000000e+002	 5.25976e+001	-1.67305e+001
402	 4.2100000000e+002	 5.35327e+001	-1.42664e+001
403	 4.2200000000e+002	 5.45422e+001	-1.18104e+001
404	 4.2300000000e+002	 5.56594e+001	-9.39133e+000
405	 4.2400000000e+002	 5.68875e+001	-6.98865e+000
406	 4.2500000000e+002	 5.82015e+001	-4.57830e+000
407	 4.2600000000e+002	 5.95759e+001	-2.16829e+000
408	 4.2700000000e+002	 6.10299e+001	 2.59983e-001
409	 4.2800000000e+002	 6.26603e+001	 2.63639e+000
410	 4.2900000000e+002	 6.43810e+001	 4.98369e+000
411	 4.3000000000e+002	 6.61633e+001	 7.36362e+000
412	 4.3100000000e+002	 6.80986e+001	 9.69761e+000
413	 4.3200000000e+002	 7.01537e+001	 1.20558e+001
414	 4.3300000000e+002	 7.23500e+001	 1.42870e+001
415	 4.3400000000e+002	 7.47572e+001	 1.65223e+001
416	 4.3500000000e+002	 7.72567e+001	 1.87355e+001
417	 4.3600000000e+002	 7.98303e+001	 2.08269e+001
418	 4.3700000000e+002	 8.26290e+001	 2.29144e+001
419	 4.3800000000e+002	 8.56152e+001	 2.49902e+001
420	 4.3900000000e+002	 8.87370e+001	 2.69387e+001
421	 4.4000000000e+002	 9.20841e+001	 2.87680e+001
422	 4.4100000000e+002	 9.56163e+001	 3.05115e+001
423	 4.4200000000e+002	 9.93114e+001	 3.21333e+001
424	 4.4300000000e+002	 1.03249e+002	 3.35476e+001
425	 4.4400000000e+002	 1.07407e+002	 3.47712e+001
426	 4.4500000000e+002	 1.11813e+002	 3.57537e+001
427	 4.4600000000e+002	 1.16345e+002	 3.65709e+001
428	 4.4700000000e+002	 1.20969e+002	 3.71570e+001
429	 4.4800000000e+002	 1.25810e+002	 3.74048e+001
430	 4.4900000000e+002	 1.30941e+002	 3.74244e+001
431	 4.5000000000e+002	 1.36151e+002	 3.70892e+001
432	 4.5100000000e+002	 1.41472e+002	 3.61978e+001
433	 4.5200000000e+002	 1.46927e+002	 3.50254e+001
434	 4.5300000000e+002	 1.52401e+002	 3.33670e+001
435	 4.5400000000e+002	 1.57961e+002	 3.12601e+001
436	 4.5500000000e+002	 1.63489e+002	 2.87015e+001
437	 4.5600000000e+002	 1.69095e+002	 2.55214e+001
438	 4.5700000000e+002	 1.74661e+002	 2.17897e+001
439	 4.5800000000e+002	 1.79962e+002	 1.74444e+001
440	 4.5900000000e+002	 1.84946e+002	 1.25319e+001
441	 4.6000000000e+002	 1.89416e+002	 6.99563e+000
442	 4.6100000000e+002	 1.93475e+002	 8.72222e-001
443	 4.6200000000e+002	 1.96994e+002	-5.82651e+000
444	 4.6300000000e+002	 1.99909e+002	-1.29149e+001
445	 4.6400000000e+002	 2.02070e+002	-2.03554e+001
446	 4.6500000000e+002	 2.03349e+002	-2.80225e+001
447	 4.6600000000e+002	 2.03830e+002	-3.59731e+001
448	 4.6700000000e+002	 2.03412e+002	-4.37648e+001
449	 4.6800000000e+002	 2.02296e+002	-5.15017e+001
450	 4.6900000000e+002	 2.00385e+002	-5.91014e+001
451	 4.7000000000e+002	 1.97623e+002	-6.63132e+001
452	 4.7100000000e+002	 1.94175e+002	-7.30059e+001
453	 4.7200000000e+002	 1.90024e+002	-7.92932e+001
454	 4.7300000000e+002	 1.85358e+002	-8.49153e+001
455	 4.7400000000e+002	 1.80349e+002	-8.98886e+001
456	 4.7500000000e+002	 1.75028e+002	-9.42166e+001
457	 4.7600000000e+002	 1.69456e+002	-9.80528e+001
458	 4.7700000000e+002	 1.63695e+002	-1.01179e+002
459	 4.7800000000e+002	 1.57762e+002	-1.03642e+002
460	 4.7900000000e+002	 1.51835e+002	-1.05483e+002
461	 4.8000000000e+002	 1.46154e+002	-1.06852e+002
462	 4.8100000000e+002	 1.40581e+002	-1.07624e+002
463	 4.8200000000e+002	 1.35046e+002	-1.07876e+002
464	 4.8300000000e+002	 1.29740e+002	-1.07661e+002
465	 4.8400000000e+002	 1.24633e+002	-1.07028e+002
466	 4.8500000000e+002	 1.19825e+002	-1.06106e+002
467	 4.8600000000e+002	 1.15242e+002	-1.04690e+002
468	 4.8700000000e+002	 1.10979e+002	-1.03119e+002
469	 4.8800000000e+002	 1.07105e+002	-1.01174e+002
470	 4.8900000000e+002	 1.03525e+002	-9.92108e+001
471	 4.9000000000e+002	 1.00322e+002	-9.69718e+001
472	 4.9100000000e+002	 9.76023e+001	-9.46361e+001
473	 4.9200000000e+002	 9.51544e+001	-9.25004e+001
474	 4.9300000000e+002	 9.29974e+001	-9.04474e+001
475	 4.9400000000e+002	 9.09548e+001	-8.85128e+001
476	 4.9500000000e+002	 8.90129e+001	-8.68044e+001
477	 4.9600000000e+002	 8.69752e+001	-8.51076e+001
478	 4.9700000000e+002	 8.48757e+001	-8.33107e+001
479	 4.9800000000e+002	 8.27278e+001	-8.14711e+001
480	 4.9900000000e+002	 8.06436e+001	-7.94205e+001
481	 5.0000000000e+002	 7.85495e+001	-7.71660e+001
482	 5.0100000000e+002	 7.66587e+001	-7.48850e+001
483	 5.0200000000e+002	 7.49734e+001	-7.24247e+001
484	 5.0300000000e+002	 7.33904e+001	-6.98444e+001
485	 5.0400000000e+002	 7.20420e+001	-6.72603e+001
486	 5.0500000000e+002	 7.08604e+001	-6.45236e+001
487	 5.0600000000e+002	 6.98384e+001	-6.17117e+001
488	 5.0700000000e+002	 6.89699e+001	-5.89022e+001
489	 5.0800000000e+002	 6.82909e+001	-5.59990e+001
490	 5.0900000000e+002	 6.77826e+001	-5.31518e+001
491	 5.1000000000e+002	 6.73061e+001	-5.03561e+001
492	 5.1100000000e+002	 6.70030e+001	-4.75224e+001
493	 5.1200000000e+002	 6.69661e+001	-4.46715e+001
494	 5.1300000000e+002	 6.69381e+001	-4.18125e+001
495	 5.1400000000e+002	 6.70630e+001	-3.90376e+001
496	 5.1500000000e+002	 6.73230e+001	-3.62093e+001
497	 5.1600000000e+002	 6.77939e+001	-3.33848e+001
498	 5.1700000000e+002	 6.82764e+001	-3.05875e+001
499	 5.1800000000e+002	 6.89994e+001	-2.78063e+001
500	 5.1900000000e+002	 6.98036e+001	-2.51539e+001
501	 5.2000000000e+002	 7.07537e+001	-2.24479e+001
502	 5.2100000000e+002	 7.18408e+001	-1.98924e+001
503	 5.2200000000e+002	 7.28488e+001	-1.73827e+001
504	 5.2300000000e+002	 7.39914e+001	-1.50071e+001
505	 5.2400000000e+002	 7.51587e+001	-1.26069e+001
506	 5.2500000000e+002	 7.63435e+001	-1.01956e+001
507	 5.2600000000e+002	 7.75809e+001	-7.70268e+000
508	 5.2700000000e+002	 7.88168e+001	-5.17002e+000
509	 5.2800000000e+002	 8.01350e+001	-2.52477e+000
510	 5.2900000000e+002	 8.15389e+001	 2.60869e-001
511	 5.3000000000e+002	 8.31252e+001	 3.14266e+000
512	 5.3100000000e+002	 8.48420e+001	 6.14380e+000
513	 5.3200000000e+002	 8.68099e+001	 9.24594e+000
514	 5.3300000000e+002	 8.90282e+001	 1.25058e+001
515	 5.3400000000e+002	 9.14158e+001	 1.58824e+001
516	 5.3500000000e+002	 9.40853e+001	 1.93444e+001
517	 5.3600000000e+002	 9.71467e+001	 2.27887e+001
518	 5.3700000000e+002	 1.00557e+002	 2.63503e+001
519	 5.3800000000e+002	 1.04360e+002	 2.99130e+001
520	 5.3900000000e+002	 1.08572e+002	 3.34445e+001
521	 5.4000000000e+002	 1.13296e+002	 3.70314e+001
522	 5.4100000000e+002	 1.18476e+002	 4.05690e+001
523	 5.4200000000e+002	 1.24179e+002	 4.40917e+001
524	 5.4300000000e+002	 1.30418e+002	 4.74488e+001
525	 5.4400000000e+002	 1.37348e+002	 5.07517e+001
526	 5.4500000000e+002	 1.45004e+002	 5.38049e+001
527	 5.4600000000e+002	 1.53392e+002	 5.64932e+001
528	 5.4700000000e+002	 1.62480e+002	 5.88521e+001
529	 5.4800000000e+002	 1.72634e+002	 6.06807e+001
530	 5.4900000000e+002	 1.83761e+002	 6.17647e+001
531	 5.5000000000e+002	 1.95914e+002	 6.22695e+001
532	 5.5100000000e+002	 2.09452e+002	 6.14025e+001
533	 5.5200000000e+002	 2.23742e+002	 5.90960e+001
534	 5.5300000000e+002	 2.38752e+002	 5.49972e+001
535	 5.5400000000e+002	 2.54962e+002	 4.89381e+001
536	 5.5500000000e+002	 2.71798e+002	 4.00100e+001
537	 5.5600000000e+002	 2.88293e+002	 2.82236e+001
538	 5.5700000000e+002	 3.04432e+002	 1.34928e+001
539	 5.5800000000e+002	 3.19500e+002	-5.28451e+000
540	 5.5900000000e+002	 3.31859e+002	-2.75032e+001
541	 5.6000000000e+002	 3.40838e+002	-5.24609e+001
542	 5.6100000000e+002	 3.45622e+002	-8.03286e+001
543	 5.6200000000e+002	 3.45583e+002	-1.08849e+002
544	 5.6300000000e+002	 3.40683e+002	-1.37958e+002
545	 5.6400000000e+002	 3.29390e+002	-1.65587e+002
546	 5.6500000000e+002	 3.14794e+002	-1.90107e+002
547	 5.6600000000e+002	 2.96005e+002	-2.11608e+002
548	 5.6700000000e+002	 2.74698e+002	-2.28210e+002
549	 5.6800000000e+002	 2.52119e+002	-2.41239e+002
550	 5.6900000000e+002	 2.29482e+002	-2.49753e+002
551	 5.7000000000e+002	 2.07603e+002	-2.54824e+002
552	 5.7100000000e+002	 1.86223e+002	-2.56174e+002
553	 5.7200000000e+002	 1.66743e+002	-2.55939e+002
554	 5.7300000000e+002	 1.48454e+002	-2.53533e+002
555	 5.7400000000e+002	 1.32907e+002	-2.49086e+002
556	 5.7500000000e+002	 1.17673e+002	-2.43448e+002
557	 5.7600000000e+002	 1.04913e+002	-2.38031e+002
558	 5.7700000000e+002	 9.36014e+001	-2.31294e+002
559	 5.7800000000e+002	 8.34499e+001	-2.24203e+002
560	 5.7900000000e+002	 7.37126e+001	-2.17757e+002
561	 5.8000000000e+002	 6.68399e+001	-2.10677e+002
562	 5.8100000000e+002	 5.90351e+001	-2.03159e+002
563	 5.8200000000e+002	 5.28254e+001	-1.97244e+002
564	 5.8300000000e+002	 4.80789e+001	-1.90166e+002
565	 5.8400000000e+002	 4.23223e+001	-1.83692e+002
566	 5.8500000000e+002	 3.84323e+001	-1.77878e+002
567	 5.8600000000e+002	 3.46284e+001	-1.71377e+002
568	 5.8700000000e+002	 3.08978e+001	-1.65671e+002
569	 5.8800000000e+002	 2.81118e+001	-1.59728e+002
570	 5.8900000000e+002	 2.54590e+001	-1.54575e+002
571	 5.9000000000e+002	 2.25923e+001	-1.48719e+002
572	 5.9100000000e+002	 2.09837e+001	-1.44587e+002
573	 5.9200000000e+002	 1.83787e+001	-1.38270e+002
574	 5.9300000000e+002	 1.71354e+001	-1.34985e+002
575	 5.9400000000e+002	 1.52508e+001	-1.28869e+002
576	 5.9500000000e+002	 1.37046e+001	-1.25559e+002
577	 5.9600000000e+002	 1.28292e+001	-1.20259e+002
578	 5.9700000000e+002	 1.11769e+001	-1.16327e+002
579	 5.9800000000e+002	 1.06189e+001	-1.12115e+002
580	 5.9900000000e+002	 8.95401e+000	-1.07782e+002
581	 6.0000000000e+002	 9.26524e+000	-1.04394e+002
582	 6.0100000000e+002	 6.96695e+000	-9.91768e+001
583	 6.0200000000e+002	 7.79962e+000	-9.79356e+001
584	 6.0300000000e+002	 6.65954e+000	-9.08071e+001
585	 6.0400000000e+002	 5.19219e+000	-9.01390e+001
586	 6.0500000000e+002	 6.09787e+000	-8.53845e+001
587	 6.0600000000e+002	 5.54718e+000	-8.07820e+001
588	 6.0700000000e+002	 3.09322e+000	-7.93288e+001
589	 6.0800000000e+002	 6.53335e+000	-7.37342e+001
590	 6.0900000000e+002	 1.61839e+000	-7.20296e+001
591	 6.1000000000e+002	 5.79005e+000	-6.83412e+001
592	 6.1100000000e+002	 5.34072e+000	-6.24351e+001
593	 6.1200000000e+002	-4.50235e+000	-6.15691e+001
594	 6.1300000000e+002	 1.30955e+001	-6.48813e+001
595	 6.1400000000e+002	 1.29192e+000	-4.43859e+001
596	 6.1500000000e+002	-5.58020e+000	-5.37540e+001
597	 6.1600000000e+002	 1.22965e+001	-5.93652e+001
598	 6.1700000000e+002	 7.58403e-001	-2.96818e+001
599	 6.1800000000e+002	-1.03369e+000	-4.89805e+001
600	 6.1900000000e+002	 9.52337e+000	-4.52819e+001
601	 6.2000000000e+002	 2.69292e+000	-1.54832e+001
602	 6.2100000000e+002	-5.22716e+000	-4.21730e+001
603	 6.2200000000e+002	 3.88190e+000	-3.99630e+001
604	 6.2300000000e+002	 1.70359e+001	-1.06943e+001
605	 6.2400000000e+002	 2.87171e+000	-2.13698e+001
606	 6.2500000000e+002	-8.87363e+000	-1.97420e+001
607	 6.2600000000e+002	 1.05401e+001	-7.58205e+000
608	 6.2700000000e+002	 1.07593e+001	-1.50579e+001
609	 6.2800000000e+002	-1.10467e+001	-8.81439e+000
610	 6.2900000000e+002	 2.01367e+000	-3.07333e+000
611	 6.3000000000e+002	 2.82437e+001	-1.32344e+001
612	 6.3100000000e+002	 1.71033e+001	 4.54686e+000
613	 6.3200000000e+002	-3.78021e+000	 3.51358e+001
614	 6.3300000000e+002	 3.35152e+000	 2.44884e+001
615	 6.3400000000e+002	 1.19295e+001	 6.32009e+000
616	 6.3500000000e+002	-4.87544e+000	 2.48581e+001
617	 6.3600000000e+002	-2.15855e+001	 3.97503e+001
618	 6.3700000000e+002	-5.34078e+000	 1.47627e+001
619	 6.3800000000e+002	 2.51893e+001	-5.06054e+000
620	 6.3900000000e+002	 2.88186e+001	 1.88224e+001
621	 6.4000000000e+002	 3.77384e+000	 5.39197e+001
622	 6.4100000000e+002	-3.11763e+000	 4.96073e+001
623	 6.4200000000e+002	 3.56024e+001	 1.70908e+001
624	 6.4300000000e+002	 8.34615e+001	 8.49500e+000
625	 6.4400000000e+002	 8.96948e+001	 4.92393e+001
626	 6.4500000000e+002	 5.16143e+001	 1.14214e+002
627	 6.4600000000e+002	 2.31338e+001	 1.48397e+002
628	 6.4700000000e+002	 4.98132e+001	 1.22679e+002
629	 6.4800000000e+002	 1.10222e+002	 6.69105e+001
630	 6.4900000000e+002	 1.53120e+002	 3.59420e+001
631	 6.5000000000e+002	 1.58906e+002	 6.24391e+001
632	 6.5100000000e+002	 1.53475e+002	 1.39238e+002
633	 6.5200000000e+002	 1.82489e+002	 2.20187e+002
634	 6.5300000000e+002	 2.68022e+002	 2.40612e+002
635	 6.5400000000e+002	 3.77654e+002	 1.71783e+002
636	 6.5500000000e+002	 4.56111e+002	 4.85225e+001
637	 6.5600000000e+002	 4.78950e+002	-7.21311e+001
638	 6.5700000000e+002	 4.57996e+002	-1.55327e+002
639	 6.5800000000e+002	 4.18882e+002	-1.95329e+002
640	 6.5900000000e+002	 3.83157e+002	-2.05153e+002
641	 6.6000000000e+002	 3.61297e+002	-2.05387e+002
642	 6.6100000000e+002	 3.52180e+002	-2.12615e+002
643	 6.6200000000e+002	 3.49956e+002	-2.28260e+002
644	 6.6300000000e+002	 3.54439e+002	-2.40114e+002
645	 6.6400000000e+002	 3.74341e+002	-2.36109e+002
646	 6.6500000000e+002	 4.22770e+002	-2.20228e+002
647	 6.6600000000e+002	 5.02591e+002	-2.22377e+002
648	 6.6700000000e+002	 5.84394e+002	-2.85928e+002
649	 6.6800000000e+002	 6.08684e+002	-4.20513e+002
650	 6.6900000000e+002	 5.36629e+002	-5.67604e+002
651	 6.7000000000e+002	 3.86327e+002	-6.43305e+002
652	 6.7100000000e+002	 2.14757e+002	-5.85933e+002
653	 6.7200000000e+002	 2.23974e+002	-3.37865e+002
654	 6.7300000000e+002	 5.62598e+002	-6.17957e+002
655	 6.7400000000e+002	 2.41178e+002	-9.12220e+002
656	 6.7500000000e+002	-6.09703e+001	-6.17386e+002
657	 6.7600000000e+002	-2.80499e-001	-3.81431e+002
658	 6.7700000000e+002	 7.98962e+001	-3.97738e+002
659	 6.7800000000e+002	 4.62065e+001	-4.74123e+002
660	 6.7900000000e+002	-4.40667e+001	-4.78614e+002
661	 6.8000000000e+002	-9.33856e+001	-4.22954e+002
662	 6.8100000000e+002	-7.31837e+001	-3.96009e+002
663	 6.8200000000e+002	-4.96176e+001	-4.31907e+002
664	 6.8300000000e+002	-6.94741e+001	-4.66068e+002
665	 6.8400000000e+002	-9.38985e+001	-4.49850e+002
666	 6.8500000000e+002	-7.35252e+001	-4.11267e+002
667	 6.8600000000e+002	-2.99864e+001	-3.97722e+002
668	 6.8700000000e+002	-1.65893e+001	-3.92463e+002
669	 6.8800000000e+002	-2.36891e+001	-3.57923e+002
670	 6.8900000000e+002	-2.14620e+001	-3.15155e+002
671	 6.9000000000e+002	-3.26052e+001	-2.95855e+002
672	 6.9100000000e+002	-6.89141e+001	-2.70555e+002
673	 6.9200000000e+002	-7.48688e+001	-2.21777e+002
674	 6.9300000000e+002	-2.38227e+001	-2.02472e+002
675	 6.9400000000e+002	 2.04355e+001	-2.28532e+002
676	 6.9500000000e+002	 2.38116e+001	-2.44771e+002
677	 6.9600000000e+002	 3.21687e+000	-2.37266e+002
678	 6.9700000000e+002	-4.24055e+001	-2.19572e+002
679	 6.9800000000e+002	-8.39327e+001	-1.82639e+002
680	 6.9900000000e+002	-6.25021e+001	-1.58283e+002
681	 7.0000000000e+002	-5.24893e+000	-1.82242e+002
682	 7.0100000000e+002	 2.46365e+001	-2.05660e+002
683	 7.0200000000e+002	 1.49903e+001	-1.96972e+002
684	 7.0300000000e+002	-3.71570e+001	-1.67183e+002
685	 7.0400000000e+002	-7.49468e+001	-1.23848e+002
686	 7.0500000000e+002	-2.88300e+001	-1.27079e+002
687	 7.0600000000e+002	 2.14654e+001	-1.86449e+002
688	 7.0700000000e+002	-1.42059e+000	-1.92139e+002
689	 7.0800000000e+002	-4.16239e+001	-1.19790e+002
690	 7.0900000000e+002	-2.93702e+001	-8.47263e+001
691	 7.1000000000e+002	-3.81825e+000	-1.49317e+002
692	 7.1100000000e+002	-2.15306e+001	-1.75298e+002
693	 7.1200000000e+002	-1.66448e+001	-1.07305e+002
694	 7.1300000000e+002	 2.24836e+000	-9.43484e+001
695	 7.1400000000e+002	-3.27747e+001	-1.30860e+002
696	 7.1500000000e+002	-2.59991e+001	-1.19584e+002
697	 7.1600000000e+002	 1.18106e+001	-1.11198e+002
698	 7.1700000000e+002	-1.84862e+001	-1.06386e+002
699	 7.1800000000e+002	-3.31626e+001	-8.75178e+001
700	 7.1900000000e+002	 4.43660e+000	-1.10685e+002
701	 7.2000000000e+002	-1.40197e+001	-1.14716e+002
702	 7.2100000000e+002	-2.20987e+001	-6.61718e+001
703	 7.2200000000e+002	 4.42089e-001	-9.71762e+001
704	 7.2300000000e+002	-2.18956e+001	-1.06725e+002
705	 7.2400000000e+002	-7.29870e+000	-6.56672e+001
706	 7.2500000000e+002	-4.72603e+000	-8.23509e+001
707	 7.2600000000e+002	-2.05905e+001	-8.92624e+001
708	 7.2700000000e+002	-4.92923e+000	-6.86187e+001
709	 7.2800000000e+002	-3.69915e+000	-6.97139e+001
710	 7.2900000000e+002	-1.96134e+001	-7.66636e+001
711	 7.3000000000e+002	-2.68292e+000	-6.43828e+001
712	 7.3100000000e+002	-4.24583e+000	-6.20068e+001
713	 7.3200000000e+002	-1.75395e+001	-6.49322e+001
714	 7.3300000000e+002	 7.36147e-001	-5.81710e+001
715	 7.3400000000e+002	-7.78471e+000	-5.42505e+001
716	 7.3500000000e+002	-1.20715e+001	-5.52085e+001
717	 7.3600000000e+002	 1.98075e+000	-5.12382e+001
718	 7.3700000000e+002	-1.08058e+001	-4.46102e+001
719	 7.3800000000e+002	-4.74446e+000	-4.92565e+001
720	 7.3900000000e+002	-3.22606e-001	-3.95126e+001
721	 7.4000000000e+002	-9.98867e+000	-3.97905e+001
722	 7.4100000000e+002	 1.45835e+000	-3.92780e+001
723	 7.4200000000e+002	-5.22207e+000	-3.00399e+001
724	 7.4300000000e+002	-3.08385e+000	-3.51300e+001
725	 7.4400000000e+002	 1.22823e+000	-2.51864e+001
726	 7.4500000000e+002	-5.49825e+000	-2.68404e+001
727	 7.4600000000e+002	 3.51223e+000	-2.22435e+001
728	 7.4700000000e+002	-3.15728e+000	-1.85940e+001
729	 7.4800000000e+002	 2.40778e+000	-1.74475e+001
730	 7.4900000000e+002	 9.72581e-002	-1.21198e+001
731	 7.5000000000e+002	 2.17541e+000	-1.05396e+001
732	 7.5100000000e+002	 2.57071e+000	-6.66233e+000
733	 7.5200000000e+002	 3.25602e+000	-3.81018e+000
734	 7.5300000000e+002	 4.02062e+000	-1.23953e-001
735	 7.5400000000e+002	 5.22548e+000	 2.82038e+000
736	 7.5500000000e+002	 5.34217e+000	 7.28098e+000
737	 7.5600000000e+002	 6.79183e+000	 9.27785e+000
738	 7.5700000000e+002	 7.67496e+000	 1.54245e+001
739	 7.5800000000e+002	 7.84666e+000	 1.60659e+001
740	 7.5900000000e+002	 1.10794e+001	 2.32463e+001
741	 7.6000000000e+002	 8.32696e+000	 2.54676e+001
742	 7.6100000000e+002	 1.39525e+001	 2.95776e+001
743	 7.6200000000e+002	 1.14305e+001	 3.62039e+001
744	 7.6300000000e+002	 1.46312e+001	 3.71074e+001
745	 7.6400000000e+002	 1.60000e+001	 4.60578e+001
746	 7.6500000000e+002	 1.62523e+001	 4.82988e+001
747	 7.6600000000e+002	 1.94386e+001	 5.43600e+001
748	 7.6700000000e+002	 2.10512e+001	 6.09679e+001
749	 7.6800000000e+002	 2.05109e+001	 6.51333e+001
750	 7.6900000000e+002	 2.64982e+001	 7.24101e+001
751	 7.7000000000e+002	 2.53373e+001	 7.92472e+001
752	 7.7100000000e+002	 2.96511e+001	 8.60941e+001
753	 7.7200000000e+002	 3.24693e+001	 9.25013e+001
754	 7.7300000000e+002	 3.38197e+001	 1.02972e+002
755	 7.7400000000e+002	 3.91177e+001	 1.09062e+002
756	 7.7500000000e+002	 4.09704e+001	 1.19949e+002
757	 7.7600000000e+002	 4.72867e+001	 1.29783e+002
758	 7.7700000000e+002	 5.10906e+001	 1.38870e+002
759	 7.7800000000e+002	 5.66481e+001	 1.52979e+002
760	 7.7900000000e+002	 6.39388e+001	 1.63190e+002
761	 7.8000000000e+002	 6.97038e+001	 1.78192e+002
762	 7.8100000000e+002	 7.98774e+001	 1.94140e+002
763	 7.8200000000e+002	 8.94152e+001	 2.09197e+002
764	 7.8300000000e+002	 1.00999e+002	 2.29968e+002
765	 7.8400000000e+002	 1.17317e+002	 2.49920e+002
766	 7.8500000000e+002	 1.33940e+002	 2.72233e+002
767	 7.8600000000e+002	 1.56592e+002	 2.99758e+002
768	 7.8700000000e+002	 1.84939e+002	 3.27135e+002
769	 7.8800000000e+002	 2.18518e+002	 3.59254e+002
770	 7.8900000000e+002	 2.65257e+002	 3.95953e+002
771	 7.9000000000e+002	 3.26147e+002	 4.32230e+002
772	 7.9100000000e+002	 4.06499e+002	 4.70299e+002
773	 7.9200000000e+002	 5.19505e+002	 5.01382e+002
774	 7.9300000000e+002	 6.69476e+002	 5.08313e+002
775	 7.9400000000e+002	 8.61472e+002	 4.66724e+002
776	 7.9500000000e+002	 1.07917e+003	 3.25294e+002
777	 7.9600000000e+002	 1.23828e+003	 5.40781e+001
778	 7.9700000000e+002	 1.24726e+003	-2.85688e+002
779	 7.9800000000e+002	 1.09578e+003	-5.74763e+002
780	 7.9900000000e+002	 8.63863e+002	-7.34521e+002
781	 8.0000000000e+002	 6.43637e+002	-7.79016e+002
782	 8.0100000000e+002	 4.69962e+002	-7.59876e+002
783	 8.0200000000e+002	 3.42306e+002	-7.12900e+002
784	 8.0300000000e+002	 2.52394e+002	-6.57531e+002
785	 8.0400000000e+002	 1.89447e+002	-6.03952e+002
786	 8.0500000000e+002	 1.44062e+002	-5.55829e+002
787	 8.0600000000e+002	 1.10723e+002	-5.13541e+002
788	 8.0700000000e+002	 8.61123e+001	-4.76134e+002
789	 8.0800000000e+002	 6.75785e+001	-4.43241e+002
790	 8.0900000000e+002	 5.31612e+001	-4.14428e+002
791	 8.1000000000e+002	 4.17097e+001	-3.89249e+002
792	 8.1100000000e+002	 3.27435e+001	-3.67291e+002
793	 8.1200000000e+002	 2.54902e+001	-3.47641e+002
794	 8.1300000000e+002	 1.96511e+001	-3.29762e+002
795	 8.1400000000e+002	 1.47997e+001	-3.13678e+002
796	 8.1500000000e+002	 1.08583e+001	-2.99057e+002
797	 8.1600000000e+002	 7.85935e+000	-2.85744e+002
798	 8.1700000000e+002	 5.39959e+000	-2.73610e+002
799	 8.1800000000e+002	 3.32052e+000	-2.62644e+002
800	 8.1900000000e+002	 1.49242e+000	-2.52400e+002
801	 8.2000000000e+002	-7.33011e-002	-2.42896e+002
802	 8.2100000000e+002	-1.51873e+000	-2.33947e+002
803	 8.2200000000e+002	-2.65086e+000	-2.25540e+002
804	 8.2300000000e+002	-3.62198e+000	-2.17716e+002
805	 8.2400000000e+002	-4.41250e+000	-2.10663e+002
806	 8.2500000000e+002	-5.05908e+000	-2.04000e+002
807	 8.2600000000e+002	-5.61857e+000	-1.97623e+002
808	 8.2700000000e+002	-6.05986e+000	-1.91484e+002
809	 8.2800000000e+002	-6.38101e+000	-1.85643e+002
810	 8.2900000000e+002	-6.65647e+000	-1.80208e+002
811	 8.3000000000e+002	-6.88699e+000	-1.75156e+002
812	 8.3100000000e+002	-7.06203e+000	-1.70201e+002
813	 8.3200000000e+002	-7.23088e+000	-1.65375e+002
814	 8.3300000000e+002	-7.26367e+000	-1.61036e+002
815	 8.3400000000e+002	-7.28702e+000	-1.56906e+002
816	 8.3500000000e+002	-7.35822e+000	-1.52799e+002
817	 8.3600000000e+002	-7.46620e+000	-1.48690e+002
818	 8.3700000000e+002	-7.51315e+000	-1.44802e+002
819	 8.3800000000e+002	-7.49743e+000	-1.41158e+002
820	 8.3900000000e+002	-7.40575e+000	-1.37622e+002
821	 8.4000000000e+002	-7.13182e+000	-1.34043e+002
822	 8.4100000000e+002	-6.83443e+000	-1.30524e+002
823	 8.4200000000e+002	-6.74610e+000	-1.27317e+002
824	 8.4300000000e+002	-6.85609e+000	-1.24270e+002
825	 8.4400000000e+002	-6.71217e+000	-1.21230e+002
826	 8.4500000000e+002	-6.25929e+000	-1.18022e+002
827	 8.4600000000e+002	-5.89573e+000	-1.14796e+002
828	 8.4700000000e+002	-5.84836e+000	-1.12068e+002
829	 8.4800000000e+002	-5.91894e+000	-1.09470e+002
830	 8.4900000000e+002	-5.47648e+000	-1.06565e+002
831	 8.5000000000e+002	-4.70480e+000	-1.03751e+002
832	 8.5100000000e+002	-4.63586e+000	-1.01037e+002
833	 8.5200000000e+002	-4.88795e+000	-9.82384e+001
834	 8.5300000000e+002	-4.21324e+000	-9.59563e+001
835	 8.5400000000e+002	-3.67354e+000	-9.36163e+001
836	 8.5500000000e+002	-3.54248e+000	-9.05277e+001
837	 8.5600000000e+002	-3.26847e+000	-8.80955e+001
838	 8.5700000000e+002	-2.86199e+000	-8.60606e+001
839	 8.5800000000e+002	-2.33109e+000	-8.32293e+001
840	 8.5900000000e+002	-2.05028e+000	-8.07471e+001
841	 8.6000000000e+002	-1.76986e+000	-7.85590e+001
842	 8.6100000000e+002	-1.12391e+000	-7.59812e+001
843	 8.6200000000e+002	-8.22064e-001	-7.37097e+001
844	 8.6300000000e+002	-4.01301e-001	-7.12343e+001
845	 8.6400000000e+002	 2.23954e-001	-6.88715e+001
846	 8.6500000000e+002	 5.93951e-001	-6.66694e+001
847	 8.6600000000e+002	 1.08837e+000	-6.40763e+001
848	 8.6700000000e+002	 1.64197e+000	-6.17687e+001
849	 8.6800000000e+002	 2.15979e+000	-5.94079e+001
850	 8.6900000000e+002	 2.69091e+000	-5.70433e+001
851	 8.7000000000e+002	 3.34499e+000	-5.46688e+001
852	 8.7100000000e+002	 3.95148e+000	-5.22461e+001
853	 8.7200000000e+002	 4.49872e+000	-4.98978e+001
854	 8.7300000000e+002	 5.30627e+000	-4.73519e+001
855	 8.7400000000e+002	 5.91626e+000	-4.49275e+001
856	 8.7500000000e+002	 6.61679e+000	-4.24901e+001
857	 8.7600000000e+002	 7.40081e+000	-3.98772e+001
858	 8.7700000000e+002	 8.12126e+000	-3.74037e+001
859	 8.7800000000e+002	 9.02249e+000	-3.49115e+001
860	 8.7900000000e+002	 9.80431e+000	-3.21763e+001
861	 8.8000000000e+002	 1.06552e+001	-2.94982e+001
862	 8.8100000000e+002	 1.16825e+001	-2.68953e+001
863	 8.8200000000e+002	 1.27506e+001	-2.41368e+001
864	 8.8300000000e+002	 1.36846e+001	-2.14308e+001
865	 8.8400000000e+002	 1.48204e+001	-1.85530e+001
866	 8.8500000000e+002	 1.59445e+001	-1.57077e+001
867	 8.8600000000e+002	 1.72915e+001	-1.28075e+001
868	 8.8700000000e+002	 1.86508e+001	-9.76540e+000
869	 8.8800000000e+002	 2.00409e+001	-6.67456e+000
870	 8.8900000000e+002	 2.15487e+001	-3.53778e+000
871	 8.9000000000e+002	 2.31141e+001	-3.29189e-001
872	 8.9100000000e+002	 2.47087e+001	 3.03327e+000
873	 8.9200000000e+002	 2.65287e+001	 6.36184e+000
874	 8.9300000000e+002	 2.84321e+001	 9.83329e+000
875	 8.9400000000e+002	 3.04353e+001	 1.32990e+001
876	 8.9500000000e+002	 3.26281e+001	 1.70104e+001
877	 8.9600000000e+002	 3.50958e+001	 2.06924e+001
878	 8.9700000000e+002	 3.75844e+001	 2.47200e+001
879	 8.9800000000e+002	 4.01511e+001	 2.87100e+001
880	 8.9900000000e+002	 4.29732e+001	 3.28572e+001
881	 9.0000000000e+002	 4.59640e+001	 3.70603e+001
882	 9.0100000000e+002	 4.94163e+001	 4.15090e+001
883	 9.0200000000e+002	 5.30986e+001	 4.60401e+001
884	 9.0300000000e+002	 5.71206e+001	 5.08086e+001
885	 9.0400000000e+002	 6.14311e+001	 5.57607e+001
886	 9.0500000000e+002	 6.60965e+001	 6.08028e+001
887	 9.0600000000e+002	 7.11500e+001	 6.61142e+001
888	 9.0700000000e+002	 7.67230e+001	 7.16751e+001
889	 9.0800000000e+002	 8.28776e+001	 7.72905e+001
890	 9.0900000000e+002	 8.97759e+001	 8.30907e+001
891	 9.1000000000e+002	 9.71634e+001	 8.90041e+001
892	 9.1100000000e+002	 1.05469e+002	 9.51419e+001
893	 9.1200000000e+002	 1.14857e+002	 1.01376e+002
894	 9.1300000000e+002	 1.25143e+002	 1.07886e+002
895	 9.1400000000e+002	 1.36742e+002	 1.14278e+002
896	 9.1500000000e+002	 1.49668e+002	 1.20805e+002
897	 9.1600000000e+002	 1.64552e+002	 1.27076e+002
898	 9.1700000000e+002	 1.81298e+002	 1.32996e+002
899	 9.1800000000e+002	 2.00401e+002	 1.38315e+002
900	 9.1900000000e+002	 2.21745e+002	 1.42288e+002
901	 9.2000000000e+002	 2.46147e+002	 1.44817e+002
902	 9.2100000000e+002	 2.73462e+002	 1.44844e+002
903	 9.2200000000e+002	 3.03906e+002	 1.41748e+002
904	 9.2300000000e+002	 3.37286e+002	 1.33980e+002
905	 9.2400000000e+002	 3.72924e+002	 1.20217e+002
906	 9.2500000000e+002	 4.09971e+002	 9.88410e+001
907	 9.2600000000e+002	 4.46560e+002	 6.82539e+001
908	 9.2700000000e+002	 4.79631e+002	 2.78255e+001
909	 9.2800000000e+002	 5.05754e+002	-2.21076e+001
910	 9.2900000000e+002	 5.20768e+002	-7.97272e+001
911	 9.3000000000e+002	 5.22461e+002	-1.41407e+002
912	 9.3100000000e+002	 5.09506e+002	-2.02171e+002
913	 9.3200000000e+002	 4.83511e+002	-2.57166e+002
914	 9.3300000000e+002	 4.47604e+002	-3.02742e+002
915	 9.3400000000e+002	 4.05811e+002	-3.37178e+002
916	 9.3500000000e+002	 3.61705e+002	-3.60662e+002
917	 9.3600000000e+002	 3.18583e+002	-3.74561e+002
918	 9.3700000000e+002	 2.78138e+002	-3.80494e+002
919	 9.3800000000e+002	 2.41805e+002	-3.80428e+002
920	 9.3900000000e+002	 2.09462e+002	-3.76160e+002
921	 9.4000000000e+002	 1.81316e+002	-3.68989e+002
922	 9.4100000000e+002	 1.56826e+002	-3.59955e+002
923	 9.4200000000e+002	 1.35704e+002	-3.50037e+002
924	 9.4300000000e+002	 1.17665e+002	-3.39427e+002
925	 9.4400000000e+002	 1.02317e+002	-3.28776e+002
926	 9.4500000000e+002	 8.90822e+001	-3.18330e+002
927	 9.4600000000e+002	 7.76625e+001	-3.08075e+002
928	 9.4700000000e+002	 6.77018e+001	-2.98174e+002
929	 9.4800000000e+002	 5.90547e+001	-2.88621e+002
930	 9.4900000000e+002	 5.12876e+001	-2.79473e+002
931	 9.5000000000e+002	 4.46055e+001	-2.70714e+002
932	 9.5100000000e+002	 3.89327e+001	-2.62552e+002
933	 9.5200000000e+002	 3.39164e+001	-2.54778e+002
934	 9.5300000000e+002	 2.95089e+001	-2.47360e+002
935	 9.5400000000e+002	 2.55169e+001	-2.40259e+002
936	 9.5500000000e+002	 2.20644e+001	-2.33435e+002
937	 9.5600000000e+002	 1.89482e+001	-2.26962e+002
938	 9.5700000000e+002	 1.61187e+001	-2.20913e+002
939	 9.5800000000e+002	 1.36882e+001	-2.15063e+002
940	 9.5900000000e+002	 1.15093e+001	-2.09503e+002
941	 9.6000000000e+002	 9.51652e+000	-2.04129e+002
942	 9.6100000000e+002	 7.62254e+000	-1.99041e+002
943	 9.6200000000e+002	 5.97753e+000	-1.94130e+002
944	 9.6300000000e+002	 4.63761e+000	-1.89424e+002
945	 9.6400000000e+002	 3.42718e+000	-1.85005e+002
946	 9.6500000000e+002	 2.29304e+000	-1.80605e+002
947	 9.6600000000e+002	 1.31353e+000	-1.76266e+002
948	 9.6700000000e+002	 4.56296e-001	-1.72161e+002
949	 9.6800000000e+002	-3.50330e-001	-1.68341e+002
950	 9.6900000000e+002	-1.10089e+000	-1.64555e+002
951	 9.7000000000e+002	-1.67088e+000	-1.60869e+002
952	 9.7100000000e+002	-2.17196e+000	-1.57332e+002
953	 9.7200000000e+002	-2.59530e+000	-1.53855e+002
954	 9.7300000000e+002	-2.92361e+000	-1.50561e+002
955	 9.7400000000e+002	-3.24891e+000	-1.47403e+002
956	 9.7500000000e+002	-3.51186e+000	-1.44259e+002
957	 9.7600000000e+002	-3.62824e+000	-1.41215e+002
958	 9.7700000000e+002	-3.73263e+000	-1.38230e+002
959	 9.7800000000e+002	-3.90855e+000	-1.35361e+002
960	 9.7900000000e+002	-4.00789e+000	-1.32557e+002
961	 9.8000000000e+002	-3.94542e+000	-1.29802e+002
962	 9.8100000000e+002	-3.83168e+000	-1.27115e+002
963	 9.8200000000e+002	-3.75816e+000	-1.24556e+002
964	 9.8300000000e+002	-3.76649e+000	-1.22015e+002
965	 9.8400000000e+002	-3.66132e+000	-1.19519e+002
966	 9.8500000000e+002	-3.50384e+000	-1.17090e+002
967	 9.8600000000e+002	-3.37104e+000	-1.14654e+002
968	 9.8700000000e+002	-3.19999e+000	-1.12309e+002
969	 9.8800000000e+002	-2.90248e+000	-1.10067e+002
970	 9.8900000000e+002	-2.64581e+000	-1.07752e+002
971	 9.9000000000e+002	-2.45982e+000	-1.05483e+002
972	 9.9100000000e+002	-2.16375e+000	-1.03281e+002
973	 9.9200000000e+002	-1.89907e+000	-1.01112e+002
974	 9.9300000000e+002	-1.56982e+000	-9.89841e+001
975	 9.9400000000e+002	-1.20492e+000	-9.68223e+001
976	 9.9500000000e+002	-7.97569e-001	-9.47130e+001
977	 9.9600000000e+002	-4.92218e-001	-9.25889e+001
978	 9.9700000000e+002	-5.29445e-002	-9.05171e+001
979	 9.9800000000e+002	 4.04413e-001	-8.84541e+001
980	 9.9900000000e+002	 8.44050e-001	-8.64217e+001
981	 1.0000000000e+003	 1.24420e+000	-8.43633e+001
982	 1.0010000000e+003	 1.81785e+000	-8.23225e+001
983	 1.0020000000e+003	 2.33339e+000	-8.03263e+001
984	 1.0030000000e+003	 2.88989e+000	-7.83201e+001
985	 1.0040000000e+003	 3.51888e+000	-7.62850e+001
986	 1.0050000000e+003	 4.03502e+000	-7.42466e+001
987	 1.0060000000e+003	 4.78943e+000	-7.22694e+001
988	 1.0070000000e+003	 5.42279e+000	-7.02575e+001
989	 1.0080000000e+003	 6.12837e+000	-6.82561e+001
990	 1.0090000000e+003	 6.87702e+000	-6.62329e+001
991	 1.0100000000e+003	 7.58862e+000	-6.42375e+001
992	 1.0110000000e+003	 8.49130e+000	-6.22453e+001
993	 1.0120000000e+003	 9.28332e+000	-6.01120e+001
994	 1.0130000000e+003	 1.01857e+001	-5.80523e+001
995	 1.0140000000e+003	 1.11371e+001	-5.60546e+001
996	 1.0150000000e+003	 1.20945e+001	-5.39341e+001
997	 1.0160000000e+003	 1.31109e+001	-5.19190e+001
998	 1.0170000000e+003	 1.42245e+001	-4.99149e+001
999	 1.0180000000e+003	 1.53067e+001	-4.77335e+001
1000	 1.0190000000e+003	 1.64238e+001	-4.55197e+001
1001	 1.0200000000e+003	 1.78199e+001	-4.35861e+001
1002	 1.0210000000e+003	 1.91519e+001	-4.14729e+001
1003	 1.0220000000e+003	 2.04270e+001	-3.91704e+001
1004	 1.0230000000e+003	 2.18393e+001	-3.70466e+001
1005	 1.0240000000e+003	 2.35267e+001	-3.48898e+001
1006	 1.0250000000e+003	 2.51022e+001	-3.26261e+001
1007	 1.0260000000e+003	 2.67172e+001	-3.02503e+001
1008	 1.0270000000e+003	 2.84690e+001	-2.80406e+001
1009	 1.0280000000e+003	 3.04522e+001	-2.59292e+001
1010	 1.0290000000e+003	 3.24567e+001	-2.35217e+001
1011	 1.0300000000e+003	 3.44481e+001	-2.10404e+001
1012	 1.0310000000e+003	 3.66654e+001	-1.86263e+001
1013	 1.0320000000e+003	 3.90727e+001	-1.64287e+001
1014	 1.0330000000e+003	 4.16155e+001	-1.42721e+001
1015	 1.0340000000e+003	 4.42128e+001	-1.18224e+001
1016	 1.0350000000e+003	 4.69389e+001	-9.14081e+000
1017	 1.0360000000e+003	 4.99381e+001	-6.46356e+000
1018	 1.0370000000e+003	 5.30812e+001	-4.10091e+000
1019	 1.0380000000e+003	 5.64057e+001	-1.86626e+000
1020	 1.0390000000e+003	 5.98900e+001	 2.86525e-001
1021	 1.0400000000e+003	 6.36293e+001	 2.74582e+000
1022	 1.0410000000e+003	 6.77480e+001	 5.27746e+000
1023	 1.0420000000e+003	 7.22272e+001	 7.88404e+000
1024	 1.0430000000e+003	 7.69608e+001	 1.03662e+001
1025	 1.0440000000e+003	 8.20213e+001	 1.28385e+001
1026	 1.0450000000e+003	 8.73112e+001	 1.49941e+001
1027	 1.0460000000e+003	 9.30170e+001	 1.70050e+001
1028	 1.0470000000e+003	 9.89033e+001	 1.88589e+001
1029	 1.0480000000e+003	 1.05355e+002	 2.05635e+001
1030	 1.0490000000e+003	 1.12155e+002	 2.20527e+001
1031	 1.0500000000e+003	 1.19475e+002	 2.32746e+001
1032	 1.0510000000e+003	 1.27417e+002	 2.43408e+001
1033	 1.0520000000e+003	 1.35964e+002	 2.49057e+001
1034	 1.0530000000e+003	 1.45098e+002	 2.50072e+001
1035	 1.0540000000e+003	 1.54796e+002	 2.44640e+001
1036	 1.0550000000e+003	 1.65123e+002	 2.32337e+001
1037	 1.0560000000e+003	 1.76031e+002	 2.09983e+001
1038	 1.0570000000e+003	 1.87507e+002	 1.78995e+001
1039	 1.0580000000e+003	 1.99450e+002	 1.35072e+001
1040	 1.0590000000e+003	 2.11789e+002	 7.73582e+000
1041	 1.0600000000e+003	 2.24488e+002	 3.04134e-001
1042	 1.0610000000e+003	 2.37074e+002	-8.89854e+000
1043	 1.0620000000e+003	 2.49401e+002	-2.01789e+001
1044	 1.0630000000e+003	 2.61052e+002	-3.35684e+001
1045	 1.0640000000e+003	 2.71666e+002	-4.91404e+001
1046	 1.0650000000e+003	 2.80594e+002	-6.66648e+001
1047	 1.0660000000e+003	 2.87375e+002	-8.60102e+001
1048	 1.0670000000e+003	 2.91535e+002	-1.06673e+002
1049	 1.0680000000e+003	 2.92756e+002	-1.28256e+002
1050	 1.0690000000e+003	 2.90768e+002	-1.50083e+002
1051	 1.0700000000e+003	 2.85496e+002	-1.71540e+002
1052	 1.0710000000e+003	 2.77322e+002	-1.92259e+002
1053	 1.0720000000e+003	 2.66269e+002	-2.11551e+002
1054	 1.0730000000e+003	 2.52955e+002	-2.28668e+002
1055	 1.0740000000e+003	 2.37730e+002	-2.43296e+002
1056	 1.0750000000e+003	 2.21435e+002	-2.55142e+002
1057	 1.0760000000e+003	 2.04515e+002	-2.64116e+002
1058	 1.0770000000e+003	 1.87459e+002	-2.70712e+002
1059	 1.0780000000e+003	 1.70666e+002	-2.75232e+002
1060	 1.0790000000e+003	 1.54320e+002	-2.77824e+002
1061	 1.0800000000e+003	 1.38916e+002	-2.78650e+002
1062	 1.0810000000e+003	 1.24632e+002	-2.77786e+002
1063	 1.0820000000e+003	 1.11400e+002	-2.75702e+002
1064	 1.0830000000e+003	 9.89949e+001	-2.72952e+002
1065	 1.0840000000e+003	 8.75934e+001	-2.69494e+002
1066	 1.0850000000e+003	 7.74479e+001	-2.65415e+002
1067	 1.0860000000e+003	 6.82781e+001	-2.60814e+002
1068	 1.0870000000e+003	 5.98188e+001	-2.56053e+002
1069	 1.0880000000e+003	 5.20702e+001	-2.51244e+002
1070	 1.0890000000e+003	 4.51837e+001	-2.46170e+002
1071	 1.0900000000e+003	 3.90838e+001	-2.41014e+002
1072	 1.0910000000e+003	 3.33935e+001	-2.35985e+002
1073	 1.0920000000e+003	 2.83170e+001	-2.30976e+002
1074	 1.0930000000e+003	 2.38100e+001	-2.26028e+002
1075	 1.0940000000e+003	 1.97154e+001	-2.21165e+002
1076	 1.0950000000e+003	 1.59048e+001	-2.16387e+002
1077	 1.0960000000e+003	 1.26044e+001	-2.11716e+002
1078	 1.0970000000e+003	 9.61551e+000	-2.07144e+002
1079	 1.0980000000e+003	 6.77079e+000	-2.02775e+002
1080	 1.0990000000e+003	 4.33790e+000	-1.98428e+002
1081	 1.1000000000e+003	 2.12392e+000	-1.94233e+002
1082	 1.1010000000e+003	 1.40530e-001	-1.90245e+002
1083	 1.1020000000e+003	-1.56457e+000	-1.86304e+002
1084	 1.1030000000e+003	-3.21033e+000	-1.82491e+002
1085	 1.1040000000e+003	-4.62981e+000	-1.78746e+002
1086	 1.1050000000e+003	-5.92122e+000	-1.75109e+002
1087	 1.1060000000e+003	-7.10040e+000	-1.71599e+002
1088	 1.1070000000e+003	-8.06471e+000	-1.68209e+002
1089	 1.1080000000e+003	-9.01810e+000	-1.64957e+002
1090	 1.1090000000e+003	-9.76921e+000	-1.61769e+002
1091	 1.1100000000e+003	-1.04811e+001	-1.58673e+002
1092	 1.1110000000e+003	-1.10368e+001	-1.55684e+002
1093	 1.1120000000e+003	-1.15500e+001	-1.52732e+002
1094	 1.1130000000e+003	-1.20108e+001	-1.49872e+002
1095	 1.1140000000e+003	-1.23951e+001	-1.47117e+002
1096	 1.1150000000e+003	-1.26839e+001	-1.44458e+002
1097	 1.1160000000e+003	-1.28669e+001	-1.41857e+002
1098	 1.1170000000e+003	-1.30686e+001	-1.39292e+002
1099	 1.1180000000e+003	-1.32162e+001	-1.36764e+002
1100	 1.1190000000e+003	-1.33060e+001	-1.34370e+002
1101	 1.1200000000e+003	-1.33329e+001	-1.32055e+002
1102	 1.1210000000e+003	-1.33018e+001	-1.29748e+002
1103	 1.1220000000e+003	-1.32524e+001	-1.27505e+002
1104	 1.1230000000e+003	-1.31950e+001	-1.25343e+002
1105	 1.1240000000e+003	-1.31362e+001	-1.23184e+002
1106	 1.1250000000e+003	-1.30074e+001	-1.21114e+002
1107	 1.1260000000e+003	-1.28603e+001	-1.19062e+002
1108	 1.1270000000e+003	-1.26946e+001	-1.17058e+002
1109	 1.1280000000e+003	-1.25093e+001	-1.15111e+002
1110	 1.1290000000e+003	-1.22968e+001	-1.13168e+002
1111	 1.1300000000e+003	-1.20760e+001	-1.11260e+002
1112	 1.1310000000e+003	-1.18400e+001	-1.09360e+002
1113	 1.1320000000e+003	-1.15731e+001	-1.07512e+002
1114	 1.1330000000e+003	-1.12996e+001	-1.05668e+002
1115	 1.1340000000e+003	-1.09811e+001	-1.03806e+002
1116	 1.1350000000e+003	-1.06471e+001	-1.01985e+002
1117	 1.1360000000e+003	-1.02918e+001	-1.00185e+002
1118	 1.1370000000e+003	-9.88374e+000	-9.83825e+001
1119	 1.1380000000e+003	-9.45919e+000	-9.65770e+001
1120	 1.1390000000e+003	-9.00154e+000	-9.47986e+001
1121	 1.1400000000e+003	-8.50569e+000	-9.30856e+001
1122	 1.1410000000e+003	-7.96137e+000	-9.13421e+001
1123	 1.1420000000e+003	-7.38350e+000	-8.95854e+001
1124	 1.1430000000e+003	-6.79094e+000	-8.78875e+001
1125	 1.1440000000e+003	-6.18535e+000	-8.62358e+001
1126	 1.1450000000e+003	-5.50874e+000	-8.45478e+001
1127	 1.1460000000e+003	-4.78978e+000	-8.28531e+001
1128	 1.1470000000e+003	-4.06953e+000	-8.12265e+001
1129	 1.1480000000e+003	-3.31458e+000	-7.96222e+001
1130	 1.1490000000e+003	-2.58217e+000	-7.80382e+001
1131	 1.1500000000e+003	-1.75877e+000	-7.64635e+001
1132	 1.1510000000e+003	-8.67435e-001	-7.48252e+001
1133	 1.1520000000e+003	 5.64172e-002	-7.32376e+001
1134	 1.1530000000e+003	 9.55424e-001	-7.16630e+001
1135	 1.1540000000e+003	 1.90082e+000	-7.01008e+001
1136	 1.1550000000e+003	 2.91202e+000	-6.85507e+001
1137	 1.1560000000e+003	 3.95386e+000	-6.69895e+001
1138	 1.1570000000e+003	 5.04506e+000	-6.54560e+001
1139	 1.1580000000e+003	 6.17406e+000	-6.39168e+001
1140	 1.1590000000e+003	 7.36001e+000	-6.23998e+001
1141	 1.1600000000e+003	 8.58764e+000	-6.09285e+001
1142	 1.1610000000e+003	 9.85155e+000	-5.94421e+001
1143	 1.1620000000e+003	 1.11349e+001	-5.79220e+001
1144	 1.1630000000e+003	 1.25134e+001	-5.64207e+001
1145	 1.1640000000e+003	 1.39705e+001	-5.49581e+001
1146	 1.1650000000e+003	 1.54348e+001	-5.35222e+001
1147	 1.1660000000e+003	 1.69896e+001	-5.20704e+001
1148	 1.1670000000e+003	 1.86273e+001	-5.06020e+001
1149	 1.1680000000e+003	 2.03122e+001	-4.91884e+001
1150	 1.1690000000e+003	 2.20786e+001	-4.77714e+001
1151	 1.1700000000e+003	 2.39299e+001	-4.63980e+001
1152	 1.1710000000e+003	 2.58369e+001	-4.50010e+001
1153	 1.1720000000e+003	 2.78499e+001	-4.36634e+001
1154	 1.1730000000e+003	 2.99781e+001	-4.23491e+001
1155	 1.1740000000e+003	 3.21416e+001	-4.10526e+001
1156	 1.1750000000e+003	 3.44243e+001	-3.98384e+001
1157	 1.1760000000e+003	 3.68347e+001	-3.86261e+001
1158	 1.1770000000e+003	 3.93174e+001	-3.74672e+001
1159	 1.1780000000e+003	 4.19323e+001	-3.62972e+001
1160	 1.1790000000e+003	 4.46580e+001	-3.52227e+001
1161	 1.1800000000e+003	 4.74938e+001	-3.42089e+001
1162	 1.1810000000e+003	 5.04973e+001	-3.33253e+001
1163	 1.1820000000e+003	 5.35656e+001	-3.24656e+001
1164	 1.1830000000e+003	 5.68528e+001	-3.16956e+001
1165	 1.1840000000e+003	 6.02603e+001	-3.10292e+001
1166	 1.1850000000e+003	 6.37988e+001	-3.04401e+001
1167	 1.1860000000e+003	 6.75012e+001	-3.00362e+001
1168	 1.1870000000e+003	 7.13852e+001	-2.97517e+001
1169	 1.1880000000e+003	 7.54802e+001	-2.96649e+001
1170	 1.1890000000e+003	 7.97145e+001	-2.97026e+001
1171	 1.1900000000e+003	 8.41527e+001	-3.00052e+001
1172	 1.1910000000e+003	 8.87521e+001	-3.05311e+001
1173	 1.1920000000e+003	 9.35696e+001	-3.13520e+001
1174	 1.1930000000e+003	 9.85623e+001	-3.24114e+001
1175	 1.1940000000e+003	 1.03674e+002	-3.38713e+001
1176	 1.1950000000e+003	 1.09018e+002	-3.57058e+001
1177	 1.1960000000e+003	 1.14426e+002	-3.80108e+001
1178	 1.1970000000e+003	 1.19991e+002	-4.08168e+001
1179	 1.1980000000e+003	 1.25577e+002	-4.40910e+001
1180	 1.1990000000e+003	 1.31162e+002	-4.80604e+001
1181	 1.2000000000e+003	 1.36770e+002	-5.25409e+001
1182	 1.2010000000e+003	 1.42170e+002	-5.77375e+001
1183	 1.2020000000e+003	 1.47394e+002	-6.36760e+001
1184	 1.2030000000e+003	 1.52287e+002	-7.03105e+001
1185	 1.2040000000e+003	 1.56635e+002	-7.76367e+001
1186	 1.2050000000e+003	 1.60471e+002	-8.57583e+001
1187	 1.2060000000e+003	 1.63595e+002	-9.43494e+001
1188	 1.2070000000e+003	 1.65882e+002	-1.03564e+002
1189	 1.2080000000e+003	 1.67230e+002	-1.13191e+002
1190	 1.2090000000e+003	 1.67513e+002	-1.23153e+002
1191	 1.2100000000e+003	 1.66795e+002	-1.33267e+002
1192	 1.2110000000e+003	 1.64894e+002	-1.43349e+002
1193	 1.2120000000e+003	 1.61923e+002	-1.53288e+002
1194	 1.2130000000e+003	 1.57913e+002	-1.62741e+002
1195	 1.2140000000e+003	 1.52809e+002	-1.71758e+002
1196	 1.2150000000e+003	 1.46873e+002	-1.80120e+002
1197	 1.2160000000e+003	 1.40207e+002	-1.87646e+002
1198	 1.2170000000e+003	 1.32793e+002	-1.94308e+002
1199	 1.2180000000e+003	 1.24954e+002	-2.00127e+002
1200	 1.2190000000e+003	 1.16796e+002	-2.04970e+002
1201	 1.2200000000e+003	 1.08443e+002	-2.08873e+002
1202	 1.2210000000e+003	 1.00053e+002	-2.11938e+002
1203	 1.2220000000e+003	 9.16898e+001	-2.14091e+002
1204	 1.2230000000e+003	 8.34575e+001	-2.15520e+002
1205	 1.2240000000e+003	 7.55279e+001	-2.16178e+002
1206	 1.2250000000e+003	 6.78075e+001	-2.16149e+002
1207	 1.2260000000e+003	 6.04269e+001	-2.15598e+002
1208	 1.2270000000e+003	 5.34748e+001	-2.14530e+002
1209	 1.2280000000e+003	 4.68312e+001	-2.13080e+002
1210	 1.2290000000e+003	 4.06342e+001	-2.11275e+002
1211	 1.2300000000e+003	 3.48051e+001	-2.09129e+002
1212	 1.2310000000e+003	 2.93648e+001	-2.06747e+002
1213	 1.2320000000e+003	 2.42755e+001	-2.04224e+002
1214	 1.2330000000e+003	 1.95855e+001	-2.01457e+002
1215	 1.2340000000e+003	 1.52434e+001	-1.98615e+002
1216	 1.2350000000e+003	 1.11819e+001	-1.95688e+002
1217	 1.2360000000e+003	 7.50288e+000	-1.92667e+002
1218	 1.2370000000e+003	 4.08632e+000	-1.89638e+002
1219	 1.2380000000e+003	 9.33308e-001	-1.86549e+002
1220	 1.2390000000e+003	-1.87163e+000	-1.83452e+002
1221	 1.2400000000e+003	-4.51864e+000	-1.80352e+002
1222	 1.2410000000e+003	-6.94203e+000	-1.77276e+002
1223	 1.2420000000e+003	-9.09196e+000	-1.74289e+002
1224	 1.2430000000e+003	-1.11341e+001	-1.71287e+002
1225	 1.2440000000e+003	-1.29390e+001	-1.68352e+002
1226	 1.2450000000e+003	-1.45578e+001	-1.65506e+002
1227	 1.2460000000e+003	-1.60802e+001	-1.62682e+002
1228	 1.2470000000e+003	-1.74234e+001	-1.59903e+002
1229	 1.2480000000e+003	-1.86570e+001	-1.57217e+002
1230	 1.2490000000e+003	-1.98482e+001	-1.54568e+002
1231	 1.2500000000e+003	-2.08247e+001	-1.51910e+002
1232	 1.2510000000e+003	-2.16582e+001	-1.49362e+002
1233	 1.2520000000e+003	-2.25243e+001	-1.46856e+002
1234	 1.2530000000e+003	-2.32374e+001	-1.44448e+002
1235	 1.2540000000e+003	-2.38740e+001	-1.42113e+002
1236	 1.2550000000e+003	-2.44362e+001	-1.39733e+002
1237	 1.2560000000e+003	-2.49346e+001	-1.37439e+002
1238	 1.2570000000e+003	-2.54078e+001	-1.35293e+002
1239	 1.2580000000e+003	-2.57342e+001	-1.33152e+002
1240	 1.2590000000e+003	-2.60334e+001	-1.30984e+002
1241	 1.2600000000e+003	-2.63707e+001	-1.28870e+002
1242	 1.2610000000e+003	-2.66222e+001	-1.26824e+002
1243	 1.2620000000e+003	-2.67554e+001	-1.24823e+002
1244	 1.2630000000e+003	-2.68659e+001	-1.22817e+002
1245	 1.2640000000e+003	-2.69727e+001	-1.20856e+002
1246	 1.2650000000e+003	-2.70239e+001	-1.18982e+002
1247	 1.2660000000e+003	-2.70226e+001	-1.17166e+002
1248	 1.2670000000e+003	-2.70145e+001	-1.15321e+002
1249	 1.2680000000e+003	-2.69521e+001	-1.13547e+002
1250	 1.2690000000e+003	-2.68383e+001	-1.11866e+002
1251	 1.2700000000e+003	-2.67277e+001	-1.10133e+002
1252	 1.2710000000e+003	-2.66244e+001	-1.08392e+002
1253	 1.2720000000e+003	-2.64612e+001	-1.06789e+002
1254	 1.2730000000e+003	-2.62672e+001	-1.05230e+002
1255	 1.2740000000e+003	-2.60446e+001	-1.03589e+002
1256	 1.2750000000e+003	-2.57238e+001	-1.01877e+002
1257	 1.2760000000e+003	-2.53819e+001	-1.00277e+002
1258	 1.2770000000e+003	-2.51027e+001	-9.88185e+001
1259	 1.2780000000e+003	-2.48639e+001	-9.73216e+001
1260	 1.2790000000e+003	-2.45163e+001	-9.58312e+001
1261	 1.2800000000e+003	-2.39959e+001	-9.44880e+001
1262	 1.2810000000e+003	-2.35155e+001	-9.32466e+001
1263	 1.2820000000e+003	-2.30843e+001	-9.18691e+001
1264	 1.2830000000e+003	-2.26556e+001	-9.02728e+001
1265	 1.2840000000e+003	-2.22037e+001	-8.87485e+001
1266	 1.2850000000e+003	-2.17015e+001	-8.74545e+001
1267	 1.2860000000e+003	-2.12128e+001	-8.62799e+001
1268	 1.2870000000e+003	-2.06082e+001	-8.50993e+001
1269	 1.2880000000e+003	-1.98855e+001	-8.37560e+001
1270	 1.2890000000e+003	-1.92571e+001	-8.23666e+001
1271	 1.2900000000e+003	-1.86677e+001	-8.10441e+001
1272	 1.2910000000e+003	-1.81058e+001	-7.96463e+001
1273	 1.2920000000e+003	-1.75409e+001	-7.82217e+001
1274	 1.2930000000e+003	-1.68011e+001	-7.68710e+001
1275	 1.2940000000e+003	-1.59666e+001	-7.56291e+001
1276	 1.2950000000e+003	-1.51339e+001	-7.45072e+001
1277	 1.2960000000e+003	-1.43525e+001	-7.33927e+001
1278	 1.2970000000e+003	-1.35815e+001	-7.22166e+001
1279	 1.2980000000e+003	-1.27798e+001	-7.10384e+001
1280	 1.2990000000e+003	-1.19166e+001	-6.99155e+001
1281	 1.3000000000e+003	-1.10107e+001	-6.88185e+001
1282	 1.3010000000e+003	-1.00797e+001	-6.77097e+001
1283	 1.3020000000e+003	-9.10910e+000	-6.66167e+001
1284	 1.3030000000e+003	-8.12645e+000	-6.56002e+001
1285	 1.3040000000e+003	-7.10735e+000	-6.47868e+001
1286	 1.3050000000e+003	-6.02277e+000	-6.41610e+001
1287	 1.3060000000e+003	-4.90756e+000	-6.35045e+001
1288	 1.3070000000e+003	-3.79477e+000	-6.26318e+001
1289	 1.3080000000e+003	-2.66607e+000	-6.15748e+001
1290	 1.3090000000e+003	-1.50304e+000	-6.05373e+001
1291	 1.3100000000e+003	-3.30109e-001	-6.00000e+001
1292	 1.3110000000e+003	 8.17599e-001	-6.01805e+001
1293	 1.3120000000e+003	 2.03628e+000	-6.08952e+001
1294	 1.3130000000e+003	 3.35654e+000	-6.15209e+001
1295	 1.3140000000e+003	 4.76727e+000	-6.13419e+001
1296	 1.3150000000e+003	 6.18706e+000	-6.01336e+001
1297	 1.3160000000e+003	 7.61475e+000	-5.82370e+001
1298	 1.3170000000e+003	 9.07499e+000	-5.62825e+001
1299	 1.3180000000e+003	 1.05330e+001	-5.47999e+001
1300	 1.3190000000e+003	 1.19952e+001	-5.39864e+001
1301	 1.3200000000e+003	 1.34743e+001	-5.35678e+001
1302	 1.3210000000e+003	 1.50054e+001	-5.32062e+001
1303	 1.3220000000e+003	 1.66089e+001	-5.27794e+001
1304	 1.3230000000e+003	 1.83019e+001	-5.22914e+001
1305	 1.3240000000e+003	 2.01015e+001	-5.18481e+001
1306	 1.3250000000e+003	 2.19553e+001	-5.15125e+001
1307	 1.3260000000e+003	 2.38689e+001	-5.12605e+001
1308	 1.3270000000e+003	 2.58450e+001	-5.09602e+001
1309	 1.3280000000e+003	 2.78712e+001	-5.06145e+001
1310	 1.3290000000e+003	 2.99522e+001	-5.02650e+001
1311	 1.3300000000e+003	 3.20776e+001	-5.00366e+001
1312	 1.3310000000e+003	 3.42427e+001	-4.99908e+001
1313	 1.3320000000e+003	 3.64562e+001	-5.01610e+001
1314	 1.3330000000e+003	 3.86715e+001	-5.05228e+001
1315	 1.3340000000e+003	 4.08669e+001	-5.11277e+001
1316	 1.3350000000e+003	 4.30584e+001	-5.19457e+001
1317	 1.3360000000e+003	 4.52602e+001	-5.28581e+001
1318	 1.3370000000e+003	 4.75393e+001	-5.37875e+001
1319	 1.3380000000e+003	 4.99130e+001	-5.46549e+001
1320	 1.3390000000e+003	 5.23533e+001	-5.55737e+001
1321	 1.3400000000e+003	 5.48015e+001	-5.67266e+001
1322	 1.3410000000e+003	 5.72071e+001	-5.82560e+001
1323	 1.3420000000e+003	 5.95363e+001	-6.01173e+001
1324	 1.3430000000e+003	 6.18410e+001	-6.21819e+001
1325	 1.3440000000e+003	 6.41316e+001	-6.43433e+001
1326	 1.3450000000e+003	 6.63965e+001	-6.65794e+001
1327	 1.3460000000e+003	 6.85632e+001	-6.90253e+001
1328	 1.3470000000e+003	 7.05309e+001	-7.18379e+001
1329	 1.3480000000e+003	 7.22841e+001	-7.49976e+001
1330	 1.3490000000e+003	 7.37904e+001	-7.85247e+001
1331	 1.3500000000e+003	 7.50229e+001	-8.20930e+001
1332	 1.3510000000e+003	 7.59457e+001	-8.57460e+001
1333	 1.3520000000e+003	 7.65188e+001	-8.96337e+001
1334	 1.3530000000e+003	 7.67102e+001	-9.37027e+001
1335	 1.3540000000e+003	 7.65564e+001	-9.78274e+001
1336	 1.3550000000e+003	 7.60240e+001	-1.01925e+002
1337	 1.3560000000e+003	 7.51195e+001	-1.05995e+002
1338	 1.3570000000e+003	 7.38092e+001	-1.09964e+002
1339	 1.3580000000e+003	 7.21015e+001	-1.13822e+002
1340	 1.3590000000e+003	 7.00039e+001	-1.17502e+002
1341	 1.3600000000e+003	 6.76187e+001	-1.20974e+002
1342	 1.3610000000e+003	 6.49111e+001	-1.24192e+002
1343	 1.3620000000e+003	 6.19259e+001	-1.27043e+002
1344	 1.3630000000e+003	 5.87219e+001	-1.29523e+002
1345	 1.3640000000e+003	 5.54097e+001	-1.31631e+002
1346	 1.3650000000e+003	 5.20019e+001	-1.33433e+002
1347	 1.3660000000e+003	 4.85405e+001	-1.34960e+002
1348	 1.3670000000e+003	 4.50260e+001	-1.36125e+002
1349	 1.3680000000e+003	 4.15500e+001	-1.36932e+002
1350	 1.3690000000e+003	 3.81339e+001	-1.37429e+002
1351	 1.3700000000e+003	 3.48117e+001	-1.37656e+002
1352	 1.3710000000e+003	 3.15845e+001	-1.37647e+002
1353	 1.3720000000e+003	 2.85260e+001	-1.37350e+002
1354	 1.3730000000e+003	 2.56517e+001	-1.36878e+002
1355	 1.3740000000e+003	 2.29163e+001	-1.36257e+002
1356	 1.3750000000e+003	 2.03045e+001	-1.35448e+002
1357	 1.3760000000e+003	 1.78114e+001	-1.34548e+002
1358	 1.3770000000e+003	 1.54773e+001	-1.33572e+002
1359	 1.3780000000e+003	 1.33039e+001	-1.32497e+002
1360	 1.3790000000e+003	 1.12834e+001	-1.31347e+002
1361	 1.3800000000e+003	 9.42167e+000	-1.30144e+002
1362	 1.3810000000e+003	 7.70941e+000	-1.28920e+002
1363	 1.3820000000e+003	 6.12425e+000	-1.27676e+002
1364	 1.3830000000e+003	 4.63711e+000	-1.26410e+002
1365	 1.3840000000e+003	 3.27001e+000	-1.25173e+002
1366	 1.3850000000e+003	 1.97449e+000	-1.23925e+002
1367	 1.3860000000e+003	 7.77532e-001	-1.22670e+002
1368	 1.3870000000e+003	-3.39574e-001	-1.21425e+002
1369	 1.3880000000e+003	-1.37064e+000	-1.20214e+002
1370	 1.3890000000e+003	-2.33632e+000	-1.18988e+002
1371	 1.3900000000e+003	-3.23152e+000	-1.17752e+002
1372	 1.3910000000e+003	-4.07219e+000	-1.16552e+002
1373	 1.3920000000e+003	-4.86914e+000	-1.15374e+002
1374	 1.3930000000e+003	-5.61717e+000	-1.14209e+002
1375	 1.3940000000e+003	-6.33552e+000	-1.13068e+002
1376	 1.3950000000e+003	-6.98664e+000	-1.11920e+002
1377	 1.3960000000e+003	-7.57282e+000	-1.10792e+002
1378	 1.3970000000e+003	-8.14252e+000	-1.09666e+002
1379	 1.3980000000e+003	-8.68977e+000	-1.08548e+002
1380	 1.3990000000e+003	-9.20766e+000	-1.07414e+002
1381	 1.4000000000e+003	-9.69051e+000	-1.06294e+002
1382	 1.4010000000e+003	-1.01231e+001	-1.05203e+002
1383	 1.4020000000e+003	-1.05359e+001	-1.04123e+002
1384	 1.4030000000e+003	-1.09082e+001	-1.03038e+002
1385	 1.4040000000e+003	-1.12500e+001	-1.01937e+002
1386	 1.4050000000e+003	-1.15630e+001	-1.00842e+002
1387	 1.4060000000e+003	-1.18536e+001	-9.97791e+001
1388	 1.4070000000e+003	-1.21097e+001	-9.87271e+001
1389	 1.4080000000e+003	-1.23216e+001	-9.76573e+001
1390	 1.4090000000e+003	-1.25108e+001	-9.65901e+001
1391	 1.4100000000e+003	-1.26697e+001	-9.55401e+001
1392	 1.4110000000e+003	-1.28060e+001	-9.44974e+001
1393	 1.4120000000e+003	-1.29289e+001	-9.34750e+001
1394	 1.4130000000e+003	-1.30031e+001	-9.24580e+001
1395	 1.4140000000e+003	-1.30610e+001	-9.14416e+001
1396	 1.4150000000e+003	-1.30767e+001	-9.04281e+001
1397	 1.4160000000e+003	-1.30689e+001	-8.94442e+001
1398	 1.4170000000e+003	-1.30545e+001	-8.84663e+001
1399	 1.4180000000e+003	-1.30182e+001	-8.74801e+001
1400	 1.4190000000e+003	-1.29298e+001	-8.65223e+001
1401	 1.4200000000e+003	-1.28309e+001	-8.55718e+001
1402	 1.4210000000e+003	-1.27110e+001	-8.46297e+001
1403	 1.4220000000e+003	-1.25720e+001	-8.36991e+001
1404	 1.4230000000e+003	-1.24224e+001	-8.27858e+001
1405	 1.4240000000e+003	-1.22619e+001	-8.18753e+001
1406	 1.4250000000e+003	-1.20515e+001	-8.09765e+001
1407	 1.4260000000e+003	-1.18250e+001	-8.01111e+001
1408	 1.4270000000e+003	-1.16014e+001	-7.92342e+001
1409	 1.4280000000e+003	-1.13371e+001	-7.83488e+001
1410	 1.4290000000e+003	-1.10420e+001	-7.75063e+001
1411	 1.4300000000e+003	-1.07714e+001	-7.66693e+001
1412	 1.4310000000e+003	-1.04596e+001	-7.58265e+001
1413	 1.4320000000e+003	-1.01105e+001	-7.50156e+001
1414	 1.4330000000e+003	-9.76278e+000	-7.42198e+001
1415	 1.4340000000e+003	-9.39963e+000	-7.34058e+001
1416	 1.4350000000e+003	-9.01056e+000	-7.26140e+001
1417	 1.4360000000e+003	-8.62542e+000	-7.18458e+001
1418	 1.4370000000e+003	-8.22117e+000	-7.10785e+001
1419	 1.4380000000e+003	-7.78056e+000	-7.03214e+001
1420	 1.4390000000e+003	-7.33615e+000	-6.95859e+001
1421	 1.4400000000e+003	-6.88003e+000	-6.88487e+001
1422	 1.4410000000e+003	-6.40708e+000	-6.81261e+001
1423	 1.4420000000e+003	-5.91596e+000	-6.74138e+001
1424	 1.4430000000e+003	-5.38764e+000	-6.67007e+001
1425	 1.4440000000e+003	-4.85932e+000	-6.60081e+001
1426	 1.4450000000e+003	-4.32602e+000	-6.53245e+001
1427	 1.4460000000e+003	-3.74764e+000	-6.46426e+001
1428	 1.4470000000e+003	-3.15015e+000	-6.39744e+001
1429	 1.4480000000e+003	-2.55829e+000	-6.33117e+001
1430	 1.4490000000e+003	-1.91494e+000	-6.26326e+001
1431	 1.4500000000e+003	-1.26191e+000	-6.20055e+001
1432	 1.4510000000e+003	-6.09753e-001	-6.13895e+001
1433	 1.4520000000e+003	 9.90861e-002	-6.07697e+001
1434	 1.4530000000e+003	 8.24841e-001	-6.01600e+001
1435	 1.4540000000e+003	 1.55832e+000	-5.95593e+001
1436	 1.4550000000e+003	 2.32674e+000	-5.89856e+001
1437	 1.4560000000e+003	 3.13616e+000	-5.84321e+001
1438	 1.4570000000e+003	 3.94827e+000	-5.78762e+001
1439	 1.4580000000e+003	 4.81987e+000	-5.73483e+001
1440	 1.4590000000e+003	 5.70863e+000	-5.68280e+001
1441	 1.4600000000e+003	 6.60759e+000	-5.63280e+001
1442	 1.4610000000e+003	 7.55462e+000	-5.58740e+001
1443	 1.4620000000e+003	 8.55079e+000	-5.54367e+001
1444	 1.4630000000e+003	 9.57461e+000	-5.50034e+001
1445	 1.4640000000e+003	 1.06210e+001	-5.46192e+001
1446	 1.4650000000e+003	 1.16757e+001	-5.42690e+001
1447	 1.4660000000e+003	 1.27882e+001	-5.39676e+001
1448	 1.4670000000e+003	 1.39725e+001	-5.36853e+001
1449	 1.4680000000e+003	 1.51469e+001	-5.34162e+001
1450	 1.4690000000e+003	 1.62972e+001	-5.32365e+001
1451	 1.4700000000e+003	 1.75521e+001	-5.31318e+001
1452	 1.4710000000e+003	 1.88948e+001	-5.30285e+001
1453	 1.4720000000e+003	 2.01619e+001	-5.29564e+001
1454	 1.4730000000e+003	 2.14131e+001	-5.30026e+001
1455	 1.4740000000e+003	 2.28201e+001	-5.31119e+001
1456	 1.4750000000e+003	 2.42769e+001	-5.32357e+001
1457	 1.4760000000e+003	 2.55586e+001	-5.34229e+001
1458	 1.4770000000e+003	 2.69293e+001	-5.37779e+001
1459	 1.4780000000e+003	 2.84601e+001	-5.41530e+001
1460	 1.4790000000e+003	 2.98074e+001	-5.45044e+001
1461	 1.4800000000e+003	 3.11245e+001	-5.50598e+001
1462	 1.4810000000e+003	 3.27000e+001	-5.57468e+001
1463	 1.4820000000e+003	 3.40710e+001	-5.63199e+001
1464	 1.4830000000e+003	 3.53394e+001	-5.71239e+001
1465	 1.4840000000e+003	 3.69277e+001	-5.81002e+001
1466	 1.4850000000e+003	 3.82265e+001	-5.88746e+001
1467	 1.4860000000e+003	 3.94181e+001	-5.99800e+001
1468	 1.4870000000e+003	 4.09446e+001	-6.12531e+001
1469	 1.4880000000e+003	 4.20587e+001	-6.22401e+001
1470	 1.4890000000e+003	 4.32465e+001	-6.37228e+001
1471	 1.4900000000e+003	 4.46278e+001	-6.51921e+001
1472	 1.4910000000e+003	 4.54677e+001	-6.64417e+001
1473	 1.4920000000e+003	 4.66580e+001	-6.84072e+001
1474	 1.4930000000e+003	 4.76521e+001	-6.98234e+001
1475	 1.4940000000e+003	 4.83403e+001	-7.16914e+001
1476	 1.4950000000e+003	 4.93765e+001	-7.37919e+001
1477	 1.4960000000e+003	 4.98132e+001	-7.53143e+001
1478	 1.4970000000e+003	 5.04450e+001	-7.78752e+001
1479	 1.4980000000e+003	 5.09487e+001	-7.95487e+001
1480	 1.4990000000e+003	 5.10133e+001	-8.20230e+001
1481	 1.5000000000e+003	 5.14290e+001	-8.42740e+001
1482	 1.5010000000e+003	 5.10788e+001	-8.63162e+001
1483	 1.5020000000e+003	 5.10306e+001	-8.91213e+001
1484	 1.5030000000e+003	 5.05332e+001	-9.07625e+001
1485	 1.5040000000e+003	 4.98865e+001	-9.37934e+001
1486	 1.5050000000e+003	 4.93395e+001	-9.52881e+001
1487	 1.5060000000e+003	 4.80441e+001	-9.82314e+001
1488	 1.5070000000e+003	 4.73564e+001	-9.96782e+001
1489	 1.5080000000e+003	 4.55397e+001	-1.02325e+002
1490	 1.5090000000e+003	 4.46772e+001	-1.03742e+002
1491	 1.5100000000e+003	 4.24351e+001	-1.06026e+002
1492	 1.5110000000e+003	 4.14058e+001	-1.07277e+002
1493	 1.5120000000e+003	 3.88174e+001	-1.09194e+002
1494	 1.5130000000e+003	 3.76741e+001	-1.10172e+002
1495	 1.5140000000e+003	 3.47812e+001	-1.11728e+002
1496	 1.5150000000e+003	 3.36270e+001	-1.12380e+002
1497	 1.5160000000e+003	 3.05365e+001	-1.13590e+002
1498	 1.5170000000e+003	 2.93833e+001	-1.13914e+002
1499	 1.5180000000e+003	 2.62803e+001	-1.14743e+002
1500	 1.5190000000e+003	 2.50292e+001	-1.14763e+002
1501	 1.5200000000e+003	 2.22896e+001	-1.15275e+002
1502	 1.5210000000e+003	 2.06784e+001	-1.15016e+002
1503	 1.5220000000e+003	 1.87921e+001	-1.15247e+002
1504	 1.5230000000e+003	 1.64768e+001	-1.14753e+002
1505	 1.5240000000e+003	 1.54324e+001	-1.14745e+002
1506	 1.5250000000e+003	 1.26221e+001	-1.14070e+002
1507	 1.5260000000e+003	 1.17980e+001	-1.13790e+002
1508	 1.5270000000e+003	 9.51765e+000	-1.13216e+002
1509	 1.5280000000e+003	 8.20787e+000	-1.12476e+002
1510	 1.5290000000e+003	 7.20912e+000	-1.12209e+002
1511	 1.5300000000e+003	 4.96840e+000	-1.10981e+002
1512	 1.5310000000e+003	 4.34508e+000	-1.10579e+002
1513	 1.5320000000e+003	 2.68224e+000	-1.09692e+002
1514	 1.5330000000e+003	 1.47043e+000	-1.08651e+002
1515	 1.5340000000e+003	 8.89007e-001	-1.08280e+002
1516	 1.5350000000e+003	-9.42172e-001	-1.06833e+002
1517	 1.5360000000e+003	-1.55051e+000	-1.06151e+002
1518	 1.5370000000e+003	-2.15624e+000	-1.05692e+002
1519	 1.5380000000e+003	-3.70977e+000	-1.04056e+002
1520	 1.5390000000e+003	-4.12613e+000	-1.03477e+002
1521	 1.5400000000e+003	-4.67306e+000	-1.02941e+002
1522	 1.5410000000e+003	-5.95683e+000	-1.01234e+002
1523	 1.5420000000e+003	-6.29146e+000	-1.00642e+002
1524	 1.5430000000e+003	-6.70349e+000	-1.00109e+002
1525	 1.5440000000e+003	-7.80491e+000	-9.83950e+001
1526	 1.5450000000e+003	-8.11636e+000	-9.77486e+001
1527	 1.5460000000e+003	-8.41877e+000	-9.72503e+001
1528	 1.5470000000e+003	-9.19056e+000	-9.58156e+001
1529	 1.5480000000e+003	-9.56044e+000	-9.48135e+001
1530	 1.5490000000e+003	-9.75819e+000	-9.42832e+001
1531	 1.5500000000e+003	-1.00405e+001	-9.36330e+001
1532	 1.5510000000e+003	-1.07130e+001	-9.18829e+001
1533	 1.5520000000e+003	-1.08667e+001	-9.12833e+001
1534	 1.5530000000e+003	-1.10321e+001	-9.07095e+001
1535	 1.5540000000e+003	-1.13074e+001	-8.98209e+001
1536	 1.5550000000e+003	-1.16285e+001	-8.83184e+001
1537	 1.5560000000e+003	-1.17139e+001	-8.77415e+001
1538	 1.5570000000e+003	-1.18137e+001	-8.71488e+001
1539	 1.5580000000e+003	-1.19528e+001	-8.64604e+001
1540	 1.5590000000e+003	-1.21237e+001	-8.48239e+001
1541	 1.5600000000e+003	-1.21449e+001	-8.42610e+001
1542	 1.5610000000e+003	-1.21759e+001	-8.36573e+001
1543	 1.5620000000e+003	-1.21995e+001	-8.30793e+001
1544	 1.5630000000e+003	-1.22177e+001	-8.18855e+001
1545	 1.5640000000e+003	-1.21834e+001	-8.08415e+001
1546	 1.5650000000e+003	-1.21492e+001	-8.02715e+001
1547	 1.5660000000e+003	-1.21003e+001	-7.96577e+001
1548	 1.5670000000e+003	-1.20571e+001	-7.90706e+001
1549	 1.5680000000e+003	-1.19914e+001	-7.83621e+001
1550	 1.5690000000e+003	-1.17585e+001	-7.69496e+001
1551	 1.5700000000e+003	-1.16577e+001	-7.64170e+001
1552	 1.5710000000e+003	-1.15384e+001	-7.58297e+001
1553	 1.5720000000e+003	-1.13964e+001	-7.52342e+001
1554	 1.5730000000e+003	-1.12491e+001	-7.46556e+001
1555	 1.5740000000e+003	-1.11178e+001	-7.41266e+001
1556	 1.5750000000e+003	-1.06769e+001	-7.27630e+001
1557	 1.5760000000e+003	-1.05003e+001	-7.21880e+001
1558	 1.5770000000e+003	-1.03117e+001	-7.16632e+001
1559	 1.5780000000e+003	-1.00871e+001	-7.10952e+001
1560	 1.5790000000e+003	-9.84935e+000	-7.05168e+001
1561	 1.5800000000e+003	-9.60115e+000	-6.99422e+001
1562	 1.5810000000e+003	-9.34754e+000	-6.93813e+001
1563	 1.5820000000e+003	-9.09889e+000	-6.88700e+001
1564	 1.5830000000e+003	-8.87479e+000	-6.83995e+001
1565	 1.5840000000e+003	-8.22372e+000	-6.71935e+001
1566	 1.5850000000e+003	-7.93079e+000	-6.67051e+001
1567	 1.5860000000e+003	-7.63524e+000	-6.62223e+001
1568	 1.5870000000e+003	-7.30931e+000	-6.57142e+001
1569	 1.5880000000e+003	-6.96636e+000	-6.52013e+001
1570	 1.5890000000e+003	-6.60576e+000	-6.46779e+001
1571	 1.5900000000e+003	-6.22851e+000	-6.41611e+001
1572	 1.5910000000e+003	-5.83884e+000	-6.36461e+001
1573	 1.5920000000e+003	-5.43788e+000	-6.31347e+001
1574	 1.5930000000e+003	-5.02980e+000	-6.26378e+001
1575	 1.5940000000e+003	-4.60637e+000	-6.21462e+001
1576	 1.5950000000e+003	-4.16306e+000	-6.16649e+001
1577	 1.5960000000e+003	-3.69239e+000	-6.11833e+001
1578	 1.5970000000e+003	-3.21323e+000	-6.07081e+001
1579	 1.5980000000e+003	-2.73300e+000	-6.02320e+001
1580	 1.5990000000e+003	-2.24007e+000	-5.97782e+001
1581	 1.6000000000e+003	-1.71061e+000	-5.93297e+001
1582	 1.6010000000e+003	-1.17257e+000	-5.89154e+001
1583	 1.6020000000e+003	-6.23633e-001	-5.84909e+001
1584	 1.6030000000e+003	-5.94562e-002	-5.80965e+001
1585	 1.6040000000e+003	 5.30827e-001	-5.77005e+001
1586	 1.6050000000e+003	 1.14134e+000	-5.73129e+001
1587	 1.6060000000e+003	 1.79643e+000	-5.69952e+001
1588	 1.6070000000e+003	 2.44104e+000	-5.67201e+001
1589	 1.6080000000e+003	 3.16511e+000	-5.64673e+001
1590	 1.6090000000e+003	 3.88995e+000	-5.62410e+001
1591	 1.6100000000e+003	 4.52072e+000	-5.60548e+001
1592	 1.6110000000e+003	 5.24248e+000	-5.58685e+001
1593	 1.6120000000e+003	 5.98692e+000	-5.58810e+001
1594	 1.6130000000e+003	 6.85472e+000	-5.59361e+001
1595	 1.6140000000e+003	 7.79791e+000	-5.60080e+001
1596	 1.6150000000e+003	 8.38573e+000	-5.61037e+001
1597	 1.6160000000e+003	 8.90111e+000	-5.61710e+001
1598	 1.6170000000e+003	 9.78857e+000	-5.64895e+001
1599	 1.6180000000e+003	 1.11006e+001	-5.64253e+001
1600	 1.6190000000e+003	 1.18543e+001	-5.67454e+001
1601	 1.6200000000e+003	 1.20364e+001	-5.76135e+001
TagsBegin:	 	 	 
OverLoad:	 	False	 
AverageNumber: []	 	 8.80000e+001	 
OverLoadRatio: []	 	 1.19209e-007	 
TagsEnd:	 	 	 
TagScalesBegin:	 	 	 
TagScalesEnd:	 	 	 
