Header Size:	 79	 	 
Pulse Version:	 80	 	 
Running Pulse Version:	PULSE LabShop Fast Track Version 18.1.1.9 - 2014-01-16	 	 
Decimal Symbol:	.	 	 
Date Format:	M/d/yyyy	 	 
Time Format:	HH:mm:ss:mmm	 	 
Data Type:	Complex	 	 
Slice:	False	 	 
Z-Axis type:	Linear	 	 
Z-Axis size:	1	 	 
Z-Axis unit:	 	 	 
Z-Axis first value:	 0.0000000000e+000	 	 
Z-Axis delta:	 1.0000000000e+000	 	 
X-Axis type:	Linear	 	 
X-Axis size:	1601	 	 
X-Axis unit:	Hz	 	 
X-Axis first value:	 2.0000000000e+001	 	 
X-Axis delta:	 1.0000000000e+000	 	 
	 	 	 
AmplitudeUnit:	Pa/(m/s)	 	 
Analyzer:	FFT_Spectrum_Averaging	 	 
AnalyzerName:	FFT Analyzer	 	 
	 	 	 
	 	 	 
Bipolar:	True	 	 
CenterFrequency:	 8.2000000000e+002	 	 
	 	 	 
	 	 	 
	 	 	 
	 	 	 
	 	 	 
	 	 	 
	 	 	 
	 	 	 
Domain:	1	 	 
Function:	Frequency Response	 	 
	 	 	 
InputRange:	 1.0000000000e-001	 	 
	 	 	 
	 	 	 
MultiBufferName:	Input	 	 
NBW:	 1.5000000000e+000	 	 
	 	 	 
OverlapFailed:	False	 	 
Overrun:	False	 	 
Power:	False	 	 
	 	 	 
Ratio:	True	 	 
RecordLength:	 1.0000000000e+000	 	 
ReducedSize:	True	 	 
Ref_Signal:	v	 	 
	 	 	 
	 	 	 
RefSignalUnit:	m/s	 	 
	 	 	 
	 	 	 
Signal:	p	 	 
	 	 	 
SignalUnit:	Pa	 	 
	 	 	 
	 	 	 
	 	 	 
Title:	Input Impedance	 	 
Title1:	Working : Input : Input : FFT Analyzer	 	 
	 	 	 
	 	 	 
	 	 	 
ZoomOn:	True	 	 
	 	 	 
TemplateName:	Working	 	 
MeasurementName:	Input	 	 
MeasurementSlice:	False	 	 
	 	 	 
	 	 	 
	 	 	 
EnvelopeOn:	False	 	 
	 	 	 
	 	 	 
	 	 	 
Z-index:	 	1	 
Date:	 	5/23/2022	 
Time:	 	10:13:42:999	 
Relative time:	 	 0.00000e+000	 
Z-axis:	 	 0.0000000000e+000	 
1	 2.0000000000e+001	-1.54411e+000	-5.92368e+001
2	 2.1000000000e+001	-1.78116e+000	-6.22359e+001
3	 2.2000000000e+001	-1.94424e+000	-6.46906e+001
4	 2.3000000000e+001	-2.37549e+000	-6.82622e+001
5	 2.4000000000e+001	-2.36593e+000	-7.18956e+001
6	 2.5000000000e+001	-3.16482e+000	-7.54682e+001
7	 2.6000000000e+001	-3.01170e+000	-7.92970e+001
8	 2.7000000000e+001	-4.01851e+000	-8.31437e+001
9	 2.8000000000e+001	-3.89436e+000	-8.69513e+001
10	 2.9000000000e+001	-4.66347e+000	-9.11376e+001
11	 3.0000000000e+001	-4.88391e+000	-9.53634e+001
12	 3.1000000000e+001	-5.33615e+000	-9.98035e+001
13	 3.2000000000e+001	-6.21782e+000	-1.04467e+002
14	 3.3000000000e+001	-6.23104e+000	-1.08945e+002
15	 3.4000000000e+001	-7.48689e+000	-1.14159e+002
16	 3.5000000000e+001	-7.79003e+000	-1.19154e+002
17	 3.6000000000e+001	-8.40634e+000	-1.24450e+002
18	 3.7000000000e+001	-9.77898e+000	-1.30380e+002
19	 3.8000000000e+001	-1.01517e+001	-1.36006e+002
20	 3.9000000000e+001	-1.12621e+001	-1.42150e+002
21	 4.0000000000e+001	-1.27932e+001	-1.48905e+002
22	 4.1000000000e+001	-1.33558e+001	-1.55378e+002
23	 4.2000000000e+001	-1.47092e+001	-1.62567e+002
24	 4.3000000000e+001	-1.64627e+001	-1.70758e+002
25	 4.4000000000e+001	-1.77589e+001	-1.78579e+002
26	 4.5000000000e+001	-1.93635e+001	-1.87182e+002
27	 4.6000000000e+001	-2.16335e+001	-1.96898e+002
28	 4.7000000000e+001	-2.41883e+001	-2.07034e+002
29	 4.8000000000e+001	-2.59985e+001	-2.17261e+002
30	 4.9000000000e+001	-2.92836e+001	-2.29169e+002
31	 5.0000000000e+001	-3.28493e+001	-2.42102e+002
32	 5.1000000000e+001	-3.67769e+001	-2.55905e+002
33	 5.2000000000e+001	-4.05689e+001	-2.70303e+002
34	 5.3000000000e+001	-4.63470e+001	-2.87371e+002
35	 5.4000000000e+001	-5.29057e+001	-3.05927e+002
36	 5.5000000000e+001	-6.02843e+001	-3.26434e+002
37	 5.6000000000e+001	-6.87096e+001	-3.47989e+002
38	 5.7000000000e+001	-7.96814e+001	-3.74604e+002
39	 5.8000000000e+001	-9.39891e+001	-4.03083e+002
40	 5.9000000000e+001	-1.11169e+002	-4.36843e+002
41	 6.0000000000e+001	-1.32643e+002	-4.73140e+002
42	 6.1000000000e+001	-1.58882e+002	-5.16720e+002
43	 6.2000000000e+001	-1.97949e+002	-5.67524e+002
44	 6.3000000000e+001	-2.48858e+002	-6.25942e+002
45	 6.4000000000e+001	-3.18510e+002	-6.91552e+002
46	 6.5000000000e+001	-4.15532e+002	-7.63076e+002
47	 6.6000000000e+001	-5.58271e+002	-8.40043e+002
48	 6.7000000000e+001	-7.74436e+002	-8.90787e+002
49	 6.8000000000e+001	-1.06682e+003	-8.75221e+002
50	 6.9000000000e+001	-1.42127e+003	-7.04611e+002
51	 7.0000000000e+001	-1.70597e+003	-2.85920e+002
52	 7.1000000000e+001	-1.71674e+003	 2.76270e+002
53	 7.2000000000e+001	-1.41893e+003	 6.95559e+002
54	 7.3000000000e+001	-1.05112e+003	 8.63819e+002
55	 7.4000000000e+001	-7.65625e+002	 8.74516e+002
56	 7.5000000000e+001	-5.61860e+002	 8.21933e+002
57	 7.6000000000e+001	-4.19584e+002	 7.50779e+002
58	 7.7000000000e+001	-3.23895e+002	 6.82238e+002
59	 7.8000000000e+001	-2.54543e+002	 6.16167e+002
60	 7.9000000000e+001	-2.04238e+002	 5.60289e+002
61	 8.0000000000e+001	-1.67521e+002	 5.12241e+002
62	 8.1000000000e+001	-1.40126e+002	 4.70339e+002
63	 8.2000000000e+001	-1.17815e+002	 4.33377e+002
64	 8.3000000000e+001	-1.00923e+002	 4.01998e+002
65	 8.4000000000e+001	-8.74024e+001	 3.73002e+002
66	 8.5000000000e+001	-7.59531e+001	 3.48056e+002
67	 8.6000000000e+001	-6.68379e+001	 3.25568e+002
68	 8.7000000000e+001	-5.93866e+001	 3.05998e+002
69	 8.8000000000e+001	-5.27551e+001	 2.87683e+002
70	 8.9000000000e+001	-4.72957e+001	 2.71430e+002
71	 9.0000000000e+001	-4.28713e+001	 2.56581e+002
72	 9.1000000000e+001	-3.87214e+001	 2.42733e+002
73	 9.2000000000e+001	-3.52784e+001	 2.30141e+002
74	 9.3000000000e+001	-3.22153e+001	 2.18579e+002
75	 9.4000000000e+001	-2.97207e+001	 2.07875e+002
76	 9.5000000000e+001	-2.72529e+001	 1.97821e+002
77	 9.6000000000e+001	-2.51667e+001	 1.88572e+002
78	 9.7000000000e+001	-2.34893e+001	 1.79798e+002
79	 9.8000000000e+001	-2.17571e+001	 1.71567e+002
80	 9.9000000000e+001	-2.03596e+001	 1.63784e+002
81	 1.0000000000e+002	-1.89738e+001	 1.56518e+002
82	 1.0100000000e+002	-1.79252e+001	 1.49591e+002
83	 1.0200000000e+002	-1.68590e+001	 1.43053e+002
84	 1.0300000000e+002	-1.58020e+001	 1.36808e+002
85	 1.0400000000e+002	-1.50483e+001	 1.30871e+002
86	 1.0500000000e+002	-1.42894e+001	 1.25148e+002
87	 1.0600000000e+002	-1.35702e+001	 1.19733e+002
88	 1.0700000000e+002	-1.29180e+001	 1.14445e+002
89	 1.0800000000e+002	-1.23516e+001	 1.09476e+002
90	 1.0900000000e+002	-1.18599e+001	 1.04599e+002
91	 1.1000000000e+002	-1.13968e+001	 9.99245e+001
92	 1.1100000000e+002	-1.09011e+001	 9.54534e+001
93	 1.1200000000e+002	-1.05565e+001	 9.10530e+001
94	 1.1300000000e+002	-1.02241e+001	 8.67924e+001
95	 1.1400000000e+002	-9.93190e+000	 8.26758e+001
96	 1.1500000000e+002	-9.61072e+000	 7.86175e+001
97	 1.1600000000e+002	-9.36840e+000	 7.46874e+001
98	 1.1700000000e+002	-9.15552e+000	 7.08457e+001
99	 1.1800000000e+002	-9.00525e+000	 6.70418e+001
100	 1.1900000000e+002	-8.83012e+000	 6.33575e+001
101	 1.2000000000e+002	-8.68650e+000	 5.97464e+001
102	 1.2100000000e+002	-8.62525e+000	 5.61434e+001
103	 1.2200000000e+002	-8.58905e+000	 5.26293e+001
104	 1.2300000000e+002	-8.57835e+000	 4.91659e+001
105	 1.2400000000e+002	-8.55851e+000	 4.57465e+001
106	 1.2500000000e+002	-8.58213e+000	 4.23728e+001
107	 1.2600000000e+002	-8.66221e+000	 3.90408e+001
108	 1.2700000000e+002	-8.75716e+000	 3.57193e+001
109	 1.2800000000e+002	-8.85388e+000	 3.24234e+001
110	 1.2900000000e+002	-8.97867e+000	 2.91884e+001
111	 1.3000000000e+002	-9.13761e+000	 2.59258e+001
112	 1.3100000000e+002	-9.32831e+000	 2.26636e+001
113	 1.3200000000e+002	-9.58929e+000	 1.94170e+001
114	 1.3300000000e+002	-9.83615e+000	 1.61614e+001
115	 1.3400000000e+002	-1.01142e+001	 1.29019e+001
116	 1.3500000000e+002	-1.04236e+001	 9.63461e+000
117	 1.3600000000e+002	-1.08282e+001	 6.34300e+000
118	 1.3700000000e+002	-1.12646e+001	 3.02298e+000
119	 1.3800000000e+002	-1.17047e+001	-3.34953e-001
120	 1.3900000000e+002	-1.22260e+001	-3.68519e+000
121	 1.4000000000e+002	-1.28064e+001	-7.09732e+000
122	 1.4100000000e+002	-1.34165e+001	-1.05790e+001
123	 1.4200000000e+002	-1.41637e+001	-1.40910e+001
124	 1.4300000000e+002	-1.49711e+001	-1.76915e+001
125	 1.4400000000e+002	-1.58416e+001	-2.13075e+001
126	 1.4500000000e+002	-1.67927e+001	-2.50356e+001
127	 1.4600000000e+002	-1.78708e+001	-2.87998e+001
128	 1.4700000000e+002	-1.91016e+001	-3.27063e+001
129	 1.4800000000e+002	-2.04965e+001	-3.66785e+001
130	 1.4900000000e+002	-2.19744e+001	-4.07724e+001
131	 1.5000000000e+002	-2.37045e+001	-4.50492e+001
132	 1.5100000000e+002	-2.57558e+001	-4.91884e+001
133	 1.5200000000e+002	-2.80494e+001	-5.34886e+001
134	 1.5300000000e+002	-3.06831e+001	-5.79043e+001
135	 1.5400000000e+002	-3.36262e+001	-6.23807e+001
136	 1.5500000000e+002	-3.68919e+001	-6.69698e+001
137	 1.5600000000e+002	-4.04988e+001	-7.16790e+001
138	 1.5700000000e+002	-4.45723e+001	-7.64604e+001
139	 1.5800000000e+002	-4.91723e+001	-8.12911e+001
140	 1.5900000000e+002	-5.44110e+001	-8.61814e+001
141	 1.6000000000e+002	-6.03190e+001	-9.09809e+001
142	 1.6100000000e+002	-6.70143e+001	-9.56637e+001
143	 1.6200000000e+002	-7.47393e+001	-1.00011e+002
144	 1.6300000000e+002	-8.34690e+001	-1.03821e+002
145	 1.6400000000e+002	-9.32969e+001	-1.06841e+002
146	 1.6500000000e+002	-1.04306e+002	-1.08660e+002
147	 1.6600000000e+002	-1.16296e+002	-1.08895e+002
148	 1.6700000000e+002	-1.29034e+002	-1.07141e+002
149	 1.6800000000e+002	-1.42127e+002	-1.03048e+002
150	 1.6900000000e+002	-1.54922e+002	-9.61956e+001
151	 1.7000000000e+002	-1.66615e+002	-8.65503e+001
152	 1.7100000000e+002	-1.76363e+002	-7.43747e+001
153	 1.7200000000e+002	-1.83447e+002	-6.02238e+001
154	 1.7300000000e+002	-1.87294e+002	-4.49805e+001
155	 1.7400000000e+002	-1.87831e+002	-2.95489e+001
156	 1.7500000000e+002	-1.85154e+002	-1.48336e+001
157	 1.7600000000e+002	-1.79747e+002	-1.67171e+000
158	 1.7700000000e+002	-1.72203e+002	 9.47513e+000
159	 1.7800000000e+002	-1.63279e+002	 1.83145e+001
160	 1.7900000000e+002	-1.53575e+002	 2.48664e+001
161	 1.8000000000e+002	-1.43663e+002	 2.93493e+001
162	 1.8100000000e+002	-1.33884e+002	 3.18993e+001
163	 1.8200000000e+002	-1.24540e+002	 3.28027e+001
164	 1.8300000000e+002	-1.15807e+002	 3.22864e+001
165	 1.8400000000e+002	-1.07705e+002	 3.06866e+001
166	 1.8500000000e+002	-1.00367e+002	 2.81498e+001
167	 1.8600000000e+002	-9.38340e+001	 2.48648e+001
168	 1.8700000000e+002	-8.79966e+001	 2.09745e+001
169	 1.8800000000e+002	-8.28795e+001	 1.65891e+001
170	 1.8900000000e+002	-7.84608e+001	 1.18696e+001
171	 1.9000000000e+002	-7.46680e+001	 6.80002e+000
172	 1.9100000000e+002	-7.15547e+001	 1.51109e+000
173	 1.9200000000e+002	-6.90436e+001	-3.89553e+000
174	 1.9300000000e+002	-6.70676e+001	-9.44783e+000
175	 1.9400000000e+002	-6.55883e+001	-1.50912e+001
176	 1.9500000000e+002	-6.46389e+001	-2.07204e+001
177	 1.9600000000e+002	-6.41578e+001	-2.63728e+001
178	 1.9700000000e+002	-6.40627e+001	-3.20009e+001
179	 1.9800000000e+002	-6.43713e+001	-3.76778e+001
180	 1.9900000000e+002	-6.50663e+001	-4.33431e+001
181	 2.0000000000e+002	-6.61340e+001	-4.89708e+001
182	 2.0100000000e+002	-6.75723e+001	-5.46016e+001
183	 2.0200000000e+002	-6.93915e+001	-6.02118e+001
184	 2.0300000000e+002	-7.15824e+001	-6.57821e+001
185	 2.0400000000e+002	-7.42030e+001	-7.13105e+001
186	 2.0500000000e+002	-7.72371e+001	-7.66933e+001
187	 2.0600000000e+002	-8.07194e+001	-8.19500e+001
188	 2.0700000000e+002	-8.46041e+001	-8.68646e+001
189	 2.0800000000e+002	-8.87599e+001	-9.14268e+001
190	 2.0900000000e+002	-9.30207e+001	-9.55518e+001
191	 2.1000000000e+002	-9.71517e+001	-9.93702e+001
192	 2.1100000000e+002	-1.00947e+002	-1.02979e+002
193	 2.1200000000e+002	-1.04271e+002	-1.06755e+002
194	 2.1300000000e+002	-1.07241e+002	-1.11160e+002
195	 2.1400000000e+002	-1.10214e+002	-1.16481e+002
196	 2.1500000000e+002	-1.13556e+002	-1.22803e+002
197	 2.1600000000e+002	-1.17506e+002	-1.30078e+002
198	 2.1700000000e+002	-1.22585e+002	-1.38214e+002
199	 2.1800000000e+002	-1.28910e+002	-1.47056e+002
200	 2.1900000000e+002	-1.36586e+002	-1.56507e+002
201	 2.2000000000e+002	-1.45919e+002	-1.66381e+002
202	 2.2100000000e+002	-1.57037e+002	-1.76614e+002
203	 2.2200000000e+002	-1.70215e+002	-1.87157e+002
204	 2.2300000000e+002	-1.85771e+002	-1.97636e+002
205	 2.2400000000e+002	-2.04031e+002	-2.07903e+002
206	 2.2500000000e+002	-2.25385e+002	-2.17602e+002
207	 2.2600000000e+002	-2.50507e+002	-2.26265e+002
208	 2.2700000000e+002	-2.79700e+002	-2.32950e+002
209	 2.2800000000e+002	-3.13364e+002	-2.36691e+002
210	 2.2900000000e+002	-3.51648e+002	-2.36067e+002
211	 2.3000000000e+002	-3.94695e+002	-2.29041e+002
212	 2.3100000000e+002	-4.41678e+002	-2.13362e+002
213	 2.3200000000e+002	-4.90382e+002	-1.86553e+002
214	 2.3300000000e+002	-5.37628e+002	-1.46669e+002
215	 2.3400000000e+002	-5.78854e+002	-9.26940e+001
216	 2.3500000000e+002	-6.08446e+002	-2.59284e+001
217	 2.3600000000e+002	-6.21555e+002	 4.96254e+001
218	 2.3700000000e+002	-6.14999e+002	 1.27625e+002
219	 2.3800000000e+002	-5.89148e+002	 2.00448e+002
220	 2.3900000000e+002	-5.47694e+002	 2.61906e+002
221	 2.4000000000e+002	-4.96479e+002	 3.08466e+002
222	 2.4100000000e+002	-4.41557e+002	 3.39721e+002
223	 2.4200000000e+002	-3.87838e+002	 3.57448e+002
224	 2.4300000000e+002	-3.37993e+002	 3.64528e+002
225	 2.4400000000e+002	-2.93455e+002	 3.63776e+002
226	 2.4500000000e+002	-2.54571e+002	 3.57622e+002
227	 2.4600000000e+002	-2.21288e+002	 3.48035e+002
228	 2.4700000000e+002	-1.92925e+002	 3.36385e+002
229	 2.4800000000e+002	-1.68791e+002	 3.23744e+002
230	 2.4900000000e+002	-1.48315e+002	 3.10748e+002
231	 2.5000000000e+002	-1.31030e+002	 2.98028e+002
232	 2.5100000000e+002	-1.16228e+002	 2.85101e+002
233	 2.5200000000e+002	-1.03576e+002	 2.72668e+002
234	 2.5300000000e+002	-9.27230e+001	 2.60895e+002
235	 2.5400000000e+002	-8.33459e+001	 2.49727e+002
236	 2.5500000000e+002	-7.52690e+001	 2.39121e+002
237	 2.5600000000e+002	-6.82311e+001	 2.29115e+002
238	 2.5700000000e+002	-6.20508e+001	 2.19640e+002
239	 2.5800000000e+002	-5.67080e+001	 2.10678e+002
240	 2.5900000000e+002	-5.19788e+001	 2.02202e+002
241	 2.6000000000e+002	-4.77977e+001	 1.94216e+002
242	 2.6100000000e+002	-4.40855e+001	 1.86628e+002
243	 2.6200000000e+002	-4.07559e+001	 1.79440e+002
244	 2.6300000000e+002	-3.77887e+001	 1.72607e+002
245	 2.6400000000e+002	-3.51602e+001	 1.66106e+002
246	 2.6500000000e+002	-3.27987e+001	 1.59946e+002
247	 2.6600000000e+002	-3.06506e+001	 1.54063e+002
248	 2.6700000000e+002	-2.87135e+001	 1.48427e+002
249	 2.6800000000e+002	-2.69728e+001	 1.43037e+002
250	 2.6900000000e+002	-2.53812e+001	 1.37899e+002
251	 2.7000000000e+002	-2.39188e+001	 1.32954e+002
252	 2.7100000000e+002	-2.26132e+001	 1.28194e+002
253	 2.7200000000e+002	-2.14212e+001	 1.23618e+002
254	 2.7300000000e+002	-2.03133e+001	 1.19191e+002
255	 2.7400000000e+002	-1.93064e+001	 1.14936e+002
256	 2.7500000000e+002	-1.83846e+001	 1.10816e+002
257	 2.7600000000e+002	-1.75469e+001	 1.06810e+002
258	 2.7700000000e+002	-1.67631e+001	 1.02950e+002
259	 2.7800000000e+002	-1.60448e+001	 9.92032e+001
260	 2.7900000000e+002	-1.54081e+001	 9.55546e+001
261	 2.8000000000e+002	-1.47983e+001	 9.20028e+001
262	 2.8100000000e+002	-1.42491e+001	 8.85497e+001
263	 2.8200000000e+002	-1.37286e+001	 8.51725e+001
264	 2.8300000000e+002	-1.32696e+001	 8.18795e+001
265	 2.8400000000e+002	-1.28348e+001	 7.86579e+001
266	 2.8500000000e+002	-1.24324e+001	 7.55087e+001
267	 2.8600000000e+002	-1.20730e+001	 7.24141e+001
268	 2.8700000000e+002	-1.17236e+001	 6.93737e+001
269	 2.8800000000e+002	-1.14072e+001	 6.63979e+001
270	 2.8900000000e+002	-1.11071e+001	 6.34751e+001
271	 2.9000000000e+002	-1.08440e+001	 6.05948e+001
272	 2.9100000000e+002	-1.05880e+001	 5.77453e+001
273	 2.9200000000e+002	-1.03656e+001	 5.49298e+001
274	 2.9300000000e+002	-1.01661e+001	 5.21571e+001
275	 2.9400000000e+002	-9.98382e+000	 4.94098e+001
276	 2.9500000000e+002	-9.81386e+000	 4.66976e+001
277	 2.9600000000e+002	-9.65476e+000	 4.40004e+001
278	 2.9700000000e+002	-9.53836e+000	 4.13142e+001
279	 2.9800000000e+002	-9.42039e+000	 3.86644e+001
280	 2.9900000000e+002	-9.31039e+000	 3.60190e+001
281	 3.0000000000e+002	-9.23021e+000	 3.33825e+001
282	 3.0100000000e+002	-9.14963e+000	 3.07733e+001
283	 3.0200000000e+002	-9.08977e+000	 2.81633e+001
284	 3.0300000000e+002	-9.05373e+000	 2.55555e+001
285	 3.0400000000e+002	-9.01402e+000	 2.29539e+001
286	 3.0500000000e+002	-8.97948e+000	 2.03536e+001
287	 3.0600000000e+002	-8.96568e+000	 1.77288e+001
288	 3.0700000000e+002	-8.96513e+000	 1.51123e+001
289	 3.0800000000e+002	-8.97414e+000	 1.24929e+001
290	 3.0900000000e+002	-8.96629e+000	 9.85455e+000
291	 3.1000000000e+002	-8.99068e+000	 7.16838e+000
292	 3.1100000000e+002	-9.02293e+000	 4.46554e+000
293	 3.1200000000e+002	-9.06166e+000	 1.74854e+000
294	 3.1300000000e+002	-9.12428e+000	-1.01387e+000
295	 3.1400000000e+002	-9.22462e+000	-3.81824e+000
296	 3.1500000000e+002	-9.34435e+000	-6.64637e+000
297	 3.1600000000e+002	-9.48017e+000	-9.51068e+000
298	 3.1700000000e+002	-9.64009e+000	-1.23954e+001
299	 3.1800000000e+002	-9.81524e+000	-1.53338e+001
300	 3.1900000000e+002	-1.00182e+001	-1.83276e+001
301	 3.2000000000e+002	-1.02357e+001	-2.13790e+001
302	 3.2100000000e+002	-1.04838e+001	-2.44828e+001
303	 3.2200000000e+002	-1.07873e+001	-2.76447e+001
304	 3.2300000000e+002	-1.11329e+001	-3.08607e+001
305	 3.2400000000e+002	-1.15212e+001	-3.41411e+001
306	 3.2500000000e+002	-1.19479e+001	-3.74381e+001
307	 3.2600000000e+002	-1.23865e+001	-4.07953e+001
308	 3.2700000000e+002	-1.28417e+001	-4.42329e+001
309	 3.2800000000e+002	-1.33175e+001	-4.77590e+001
310	 3.2900000000e+002	-1.38268e+001	-5.13846e+001
311	 3.3000000000e+002	-1.43440e+001	-5.51131e+001
312	 3.3100000000e+002	-1.49436e+001	-5.89458e+001
313	 3.3200000000e+002	-1.55824e+001	-6.29138e+001
314	 3.3300000000e+002	-1.62569e+001	-6.69727e+001
315	 3.3400000000e+002	-1.69626e+001	-7.11891e+001
316	 3.3500000000e+002	-1.77504e+001	-7.55184e+001
317	 3.3600000000e+002	-1.85957e+001	-8.00309e+001
318	 3.3700000000e+002	-1.94417e+001	-8.47041e+001
319	 3.3800000000e+002	-2.04039e+001	-8.95718e+001
320	 3.3900000000e+002	-2.14393e+001	-9.46388e+001
321	 3.4000000000e+002	-2.25393e+001	-9.99677e+001
322	 3.4100000000e+002	-2.37536e+001	-1.05486e+002
323	 3.4200000000e+002	-2.51198e+001	-1.11347e+002
324	 3.4300000000e+002	-2.65557e+001	-1.17468e+002
325	 3.4400000000e+002	-2.81853e+001	-1.23876e+002
326	 3.4500000000e+002	-2.99732e+001	-1.30696e+002
327	 3.4600000000e+002	-3.18952e+001	-1.37843e+002
328	 3.4700000000e+002	-3.40261e+001	-1.45402e+002
329	 3.4800000000e+002	-3.64001e+001	-1.53469e+002
330	 3.4900000000e+002	-3.90147e+001	-1.62067e+002
331	 3.5000000000e+002	-4.17824e+001	-1.71270e+002
332	 3.5100000000e+002	-4.52390e+001	-1.81023e+002
333	 3.5200000000e+002	-4.90679e+001	-1.91503e+002
334	 3.5300000000e+002	-5.33342e+001	-2.02835e+002
335	 3.5400000000e+002	-5.82389e+001	-2.15116e+002
336	 3.5500000000e+002	-6.38341e+001	-2.28428e+002
337	 3.5600000000e+002	-7.02113e+001	-2.42910e+002
338	 3.5700000000e+002	-7.76447e+001	-2.58778e+002
339	 3.5800000000e+002	-8.64135e+001	-2.76094e+002
340	 3.5900000000e+002	-9.67017e+001	-2.95088e+002
341	 3.6000000000e+002	-1.09029e+002	-3.16101e+002
342	 3.6100000000e+002	-1.23916e+002	-3.39475e+002
343	 3.6200000000e+002	-1.42226e+002	-3.65479e+002
344	 3.6300000000e+002	-1.64888e+002	-3.94382e+002
345	 3.6400000000e+002	-1.93218e+002	-4.26457e+002
346	 3.6500000000e+002	-2.29192e+002	-4.62025e+002
347	 3.6600000000e+002	-2.75561e+002	-5.01181e+002
348	 3.6700000000e+002	-3.36218e+002	-5.43109e+002
349	 3.6800000000e+002	-4.16921e+002	-5.85839e+002
350	 3.6900000000e+002	-5.25165e+002	-6.23846e+002
351	 3.7000000000e+002	-6.69630e+002	-6.45558e+002
352	 3.7100000000e+002	-8.56073e+002	-6.27311e+002
353	 3.7200000000e+002	-1.07498e+003	-5.31873e+002
354	 3.7300000000e+002	-1.27942e+003	-3.21607e+002
355	 3.7400000000e+002	-1.38406e+003	-4.38148e+000
356	 3.7500000000e+002	-1.32833e+003	 3.31968e+002
357	 3.7600000000e+002	-1.14589e+003	 5.81931e+002
358	 3.7700000000e+002	-9.22973e+002	 7.12057e+002
359	 3.7800000000e+002	-7.20432e+002	 7.50462e+002
360	 3.7900000000e+002	-5.58437e+002	 7.36909e+002
361	 3.8000000000e+002	-4.35435e+002	 6.99491e+002
362	 3.8100000000e+002	-3.43740e+002	 6.53902e+002
363	 3.8200000000e+002	-2.75266e+002	 6.07512e+002
364	 3.8300000000e+002	-2.23495e+002	 5.63598e+002
365	 3.8400000000e+002	-1.83785e+002	 5.23430e+002
366	 3.8500000000e+002	-1.53046e+002	 4.87128e+002
367	 3.8600000000e+002	-1.28993e+002	 4.54660e+002
368	 3.8700000000e+002	-1.09928e+002	 4.25667e+002
369	 3.8800000000e+002	-9.44643e+001	 3.99721e+002
370	 3.8900000000e+002	-8.18254e+001	 3.76372e+002
371	 3.9000000000e+002	-7.14613e+001	 3.55291e+002
372	 3.9100000000e+002	-6.28965e+001	 3.36208e+002
373	 3.9200000000e+002	-5.56839e+001	 3.18945e+002
374	 3.9300000000e+002	-4.95553e+001	 3.03130e+002
375	 3.9400000000e+002	-4.43433e+001	 2.88662e+002
376	 3.9500000000e+002	-3.98787e+001	 2.75384e+002
377	 3.9600000000e+002	-3.59689e+001	 2.63113e+002
378	 3.9700000000e+002	-3.25594e+001	 2.51751e+002
379	 3.9800000000e+002	-2.96309e+001	 2.41226e+002
380	 3.9900000000e+002	-2.69518e+001	 2.31466e+002
381	 4.0000000000e+002	-2.46149e+001	 2.22315e+002
382	 4.0100000000e+002	-2.25842e+001	 2.13765e+002
383	 4.0200000000e+002	-2.08102e+001	 2.05752e+002
384	 4.0300000000e+002	-1.92202e+001	 1.98153e+002
385	 4.0400000000e+002	-1.76962e+001	 1.90965e+002
386	 4.0500000000e+002	-1.64186e+001	 1.84177e+002
387	 4.0600000000e+002	-1.53045e+001	 1.77745e+002
388	 4.0700000000e+002	-1.42329e+001	 1.71677e+002
389	 4.0800000000e+002	-1.32609e+001	 1.65882e+002
390	 4.0900000000e+002	-1.24200e+001	 1.60295e+002
391	 4.1000000000e+002	-1.16157e+001	 1.55029e+002
392	 4.1100000000e+002	-1.09152e+001	 1.49933e+002
393	 4.1200000000e+002	-1.02995e+001	 1.45047e+002
394	 4.1300000000e+002	-9.68481e+000	 1.40392e+002
395	 4.1400000000e+002	-9.16815e+000	 1.35884e+002
396	 4.1500000000e+002	-8.64890e+000	 1.31523e+002
397	 4.1600000000e+002	-8.23437e+000	 1.27308e+002
398	 4.1700000000e+002	-7.83048e+000	 1.23238e+002
399	 4.1800000000e+002	-7.44877e+000	 1.19341e+002
400	 4.1900000000e+002	-7.11032e+000	 1.15510e+002
401	 4.2000000000e+002	-6.78703e+000	 1.11814e+002
402	 4.2100000000e+002	-6.54672e+000	 1.08204e+002
403	 4.2200000000e+002	-6.27986e+000	 1.04714e+002
404	 4.2300000000e+002	-6.07547e+000	 1.01266e+002
405	 4.2400000000e+002	-5.84258e+000	 9.79477e+001
406	 4.2500000000e+002	-5.66732e+000	 9.46950e+001
407	 4.2600000000e+002	-5.50456e+000	 9.14902e+001
408	 4.2700000000e+002	-5.36027e+000	 8.83632e+001
409	 4.2800000000e+002	-5.23067e+000	 8.53196e+001
410	 4.2900000000e+002	-5.12911e+000	 8.23174e+001
411	 4.3000000000e+002	-5.02939e+000	 7.93722e+001
412	 4.3100000000e+002	-4.93603e+000	 7.64503e+001
413	 4.3200000000e+002	-4.87345e+000	 7.35849e+001
414	 4.3300000000e+002	-4.81488e+000	 7.07582e+001
415	 4.3400000000e+002	-4.78105e+000	 6.79705e+001
416	 4.3500000000e+002	-4.73086e+000	 6.52092e+001
417	 4.3600000000e+002	-4.70341e+000	 6.24933e+001
418	 4.3700000000e+002	-4.70457e+000	 5.97903e+001
419	 4.3800000000e+002	-4.69519e+000	 5.71064e+001
420	 4.3900000000e+002	-4.69009e+000	 5.44541e+001
421	 4.4000000000e+002	-4.71389e+000	 5.18232e+001
422	 4.4100000000e+002	-4.75040e+000	 4.92017e+001
423	 4.4200000000e+002	-4.80430e+000	 4.65880e+001
424	 4.4300000000e+002	-4.83960e+000	 4.39731e+001
425	 4.4400000000e+002	-4.89895e+000	 4.13710e+001
426	 4.4500000000e+002	-4.96122e+000	 3.87726e+001
427	 4.4600000000e+002	-5.05004e+000	 3.61752e+001
428	 4.4700000000e+002	-5.13297e+000	 3.35619e+001
429	 4.4800000000e+002	-5.24910e+000	 3.09563e+001
430	 4.4900000000e+002	-5.34642e+000	 2.82872e+001
431	 4.5000000000e+002	-5.43418e+000	 2.54425e+001
432	 4.5100000000e+002	-5.61832e+000	 2.29721e+001
433	 4.5200000000e+002	-5.84482e+000	 2.04211e+001
434	 4.5300000000e+002	-6.00662e+000	 1.77438e+001
435	 4.5400000000e+002	-6.22166e+000	 1.50726e+001
436	 4.5500000000e+002	-6.43249e+000	 1.23630e+001
437	 4.5600000000e+002	-6.67015e+000	 9.62788e+000
438	 4.5700000000e+002	-6.91566e+000	 6.88819e+000
439	 4.5800000000e+002	-7.20427e+000	 4.09863e+000
440	 4.5900000000e+002	-7.48430e+000	 1.30223e+000
441	 4.6000000000e+002	-7.80689e+000	-1.55030e+000
442	 4.6100000000e+002	-8.09427e+000	-4.44155e+000
443	 4.6200000000e+002	-8.45292e+000	-7.33883e+000
444	 4.6300000000e+002	-8.80994e+000	-1.02933e+001
445	 4.6400000000e+002	-9.20488e+000	-1.33031e+001
446	 4.6500000000e+002	-9.60838e+000	-1.64025e+001
447	 4.6600000000e+002	-1.00329e+001	-1.95317e+001
448	 4.6700000000e+002	-1.04719e+001	-2.27337e+001
449	 4.6800000000e+002	-1.09649e+001	-2.59369e+001
450	 4.6900000000e+002	-1.14783e+001	-2.93056e+001
451	 4.7000000000e+002	-1.20184e+001	-3.26966e+001
452	 4.7100000000e+002	-1.26275e+001	-3.62408e+001
453	 4.7200000000e+002	-1.32412e+001	-3.98080e+001
454	 4.7300000000e+002	-1.38708e+001	-4.34738e+001
455	 4.7400000000e+002	-1.45879e+001	-4.73312e+001
456	 4.7500000000e+002	-1.53046e+001	-5.12131e+001
457	 4.7600000000e+002	-1.61107e+001	-5.51992e+001
458	 4.7700000000e+002	-1.69461e+001	-5.93653e+001
459	 4.7800000000e+002	-1.78690e+001	-6.36941e+001
460	 4.7900000000e+002	-1.88615e+001	-6.81538e+001
461	 4.8000000000e+002	-1.98706e+001	-7.27781e+001
462	 4.8100000000e+002	-2.09724e+001	-7.75613e+001
463	 4.8200000000e+002	-2.21402e+001	-8.25246e+001
464	 4.8300000000e+002	-2.33903e+001	-8.77137e+001
465	 4.8400000000e+002	-2.48157e+001	-9.31329e+001
466	 4.8500000000e+002	-2.62417e+001	-9.88029e+001
467	 4.8600000000e+002	-2.77276e+001	-1.04782e+002
468	 4.8700000000e+002	-2.93885e+001	-1.11025e+002
469	 4.8800000000e+002	-3.11230e+001	-1.17544e+002
470	 4.8900000000e+002	-3.29597e+001	-1.24625e+002
471	 4.9000000000e+002	-3.49857e+001	-1.32194e+002
472	 4.9100000000e+002	-3.72369e+001	-1.40187e+002
473	 4.9200000000e+002	-3.97676e+001	-1.48793e+002
474	 4.9300000000e+002	-4.26673e+001	-1.58099e+002
475	 4.9400000000e+002	-4.60809e+001	-1.68204e+002
476	 4.9500000000e+002	-4.99428e+001	-1.79130e+002
477	 4.9600000000e+002	-5.44410e+001	-1.90663e+002
478	 4.9700000000e+002	-5.94744e+001	-2.02932e+002
479	 4.9800000000e+002	-6.50894e+001	-2.16200e+002
480	 4.9900000000e+002	-7.16579e+001	-2.30574e+002
481	 5.0000000000e+002	-7.93938e+001	-2.46311e+002
482	 5.0100000000e+002	-8.81525e+001	-2.63457e+002
483	 5.0200000000e+002	-9.81753e+001	-2.82677e+002
484	 5.0300000000e+002	-1.10035e+002	-3.04053e+002
485	 5.0400000000e+002	-1.24506e+002	-3.27916e+002
486	 5.0500000000e+002	-1.42458e+002	-3.54896e+002
487	 5.0600000000e+002	-1.64856e+002	-3.85309e+002
488	 5.0700000000e+002	-1.92593e+002	-4.19795e+002
489	 5.0800000000e+002	-2.27873e+002	-4.58786e+002
490	 5.0900000000e+002	-2.73726e+002	-5.02954e+002
491	 5.1000000000e+002	-3.34914e+002	-5.52514e+002
492	 5.1100000000e+002	-4.18744e+002	-6.05973e+002
493	 5.1200000000e+002	-5.35828e+002	-6.58305e+002
494	 5.1300000000e+002	-6.99951e+002	-6.96027e+002
495	 5.1400000000e+002	-9.24338e+002	-6.89940e+002
496	 5.1500000000e+002	-1.20452e+003	-5.84199e+002
497	 5.1600000000e+002	-1.47387e+003	-3.07871e+002
498	 5.1700000000e+002	-1.58486e+003	 1.30166e+002
499	 5.1800000000e+002	-1.44441e+003	 5.60814e+002
500	 5.1900000000e+002	-1.15351e+003	 8.19376e+002
501	 5.2000000000e+002	-8.59396e+002	 9.04401e+002
502	 5.2100000000e+002	-6.26158e+002	 8.88460e+002
503	 5.2200000000e+002	-4.57965e+002	 8.29789e+002
504	 5.2300000000e+002	-3.40644e+002	 7.59812e+002
505	 5.2400000000e+002	-2.58898e+002	 6.92357e+002
506	 5.2500000000e+002	-2.01126e+002	 6.31867e+002
507	 5.2600000000e+002	-1.59520e+002	 5.79033e+002
508	 5.2700000000e+002	-1.28706e+002	 5.33255e+002
509	 5.2800000000e+002	-1.05323e+002	 4.93481e+002
510	 5.2900000000e+002	-8.75021e+001	 4.58949e+002
511	 5.3000000000e+002	-7.37341e+001	 4.28860e+002
512	 5.3100000000e+002	-6.26750e+001	 4.02492e+002
513	 5.3200000000e+002	-5.37760e+001	 3.79128e+002
514	 5.3300000000e+002	-4.64167e+001	 3.58224e+002
515	 5.3400000000e+002	-4.02901e+001	 3.39495e+002
516	 5.3500000000e+002	-3.50495e+001	 3.22580e+002
517	 5.3600000000e+002	-3.05627e+001	 3.07217e+002
518	 5.3700000000e+002	-2.67633e+001	 2.93143e+002
519	 5.3800000000e+002	-2.35417e+001	 2.80199e+002
520	 5.3900000000e+002	-2.07866e+001	 2.68420e+002
521	 5.4000000000e+002	-1.82864e+001	 2.57552e+002
522	 5.4100000000e+002	-1.60831e+001	 2.47352e+002
523	 5.4200000000e+002	-1.42187e+001	 2.37895e+002
524	 5.4300000000e+002	-1.26342e+001	 2.29031e+002
525	 5.4400000000e+002	-1.11802e+001	 2.20740e+002
526	 5.4500000000e+002	-9.89032e+000	 2.12930e+002
527	 5.4600000000e+002	-8.82773e+000	 2.05613e+002
528	 5.4700000000e+002	-7.85405e+000	 1.98710e+002
529	 5.4800000000e+002	-6.92041e+000	 1.92024e+002
530	 5.4900000000e+002	-6.06908e+000	 1.85727e+002
531	 5.5000000000e+002	-5.35219e+000	 1.79912e+002
532	 5.5100000000e+002	-4.65765e+000	 1.74328e+002
533	 5.5200000000e+002	-4.18915e+000	 1.68808e+002
534	 5.5300000000e+002	-3.73518e+000	 1.63662e+002
535	 5.5400000000e+002	-3.12896e+000	 1.58820e+002
536	 5.5500000000e+002	-2.70893e+000	 1.53937e+002
537	 5.5600000000e+002	-2.49881e+000	 1.49380e+002
538	 5.5700000000e+002	-2.11292e+000	 1.45161e+002
539	 5.5800000000e+002	-1.66454e+000	 1.40814e+002
540	 5.5900000000e+002	-1.62726e+000	 1.36657e+002
541	 5.6000000000e+002	-1.37317e+000	 1.32927e+002
542	 5.6100000000e+002	-1.00336e+000	 1.28894e+002
543	 5.6200000000e+002	-1.03621e+000	 1.25141e+002
544	 5.6300000000e+002	-7.80052e-001	 1.21755e+002
545	 5.6400000000e+002	-5.43134e-001	 1.17983e+002
546	 5.6500000000e+002	-6.49226e-001	 1.14713e+002
547	 5.6600000000e+002	-3.29013e-001	 1.11443e+002
548	 5.6700000000e+002	-4.08435e-001	 1.07931e+002
549	 5.6800000000e+002	-3.58096e-001	 1.05100e+002
550	 5.6900000000e+002	-1.61054e-001	 1.01736e+002
551	 5.7000000000e+002	-3.98449e-001	 9.87556e+001
552	 5.7100000000e+002	-3.03293e-002	 9.58149e+001
553	 5.7200000000e+002	-3.02241e-001	 9.26742e+001
554	 5.7300000000e+002	-1.15929e-001	 9.00400e+001
555	 5.7400000000e+002	-1.84373e-001	 8.68907e+001
556	 5.7500000000e+002	-2.37438e-001	 8.44051e+001
557	 5.7600000000e+002	-1.94059e-001	 8.13442e+001
558	 5.7700000000e+002	-3.36320e-001	 7.88288e+001
559	 5.7800000000e+002	-2.23673e-001	 7.59401e+001
560	 5.7900000000e+002	-5.28171e-001	 7.33985e+001
561	 5.8000000000e+002	-3.62552e-001	 7.05870e+001
562	 5.8100000000e+002	-7.24214e-001	 6.80734e+001
563	 5.8200000000e+002	-5.81531e-001	 6.52875e+001
564	 5.8300000000e+002	-8.93178e-001	 6.28730e+001
565	 5.8400000000e+002	-9.12426e-001	 6.00654e+001
566	 5.8500000000e+002	-1.09952e+000	 5.77039e+001
567	 5.8600000000e+002	-1.22726e+000	 5.49583e+001
568	 5.8700000000e+002	-1.38153e+000	 5.25316e+001
569	 5.8800000000e+002	-1.60010e+000	 4.98849e+001
570	 5.8900000000e+002	-1.69903e+000	 4.73632e+001
571	 5.9000000000e+002	-1.96048e+000	 4.47715e+001
572	 5.9100000000e+002	-2.10013e+000	 4.22035e+001
573	 5.9200000000e+002	-2.38353e+000	 3.96271e+001
574	 5.9300000000e+002	-2.56864e+000	 3.69995e+001
575	 5.9400000000e+002	-2.79568e+000	 3.44599e+001
576	 5.9500000000e+002	-3.15508e+000	 3.18044e+001
577	 5.9600000000e+002	-3.30544e+000	 2.92543e+001
578	 5.9700000000e+002	-3.69145e+000	 2.65560e+001
579	 5.9800000000e+002	-3.87489e+000	 2.39475e+001
580	 5.9900000000e+002	-4.33517e+000	 2.11893e+001
581	 6.0000000000e+002	-4.50619e+000	 1.84667e+001
582	 6.0100000000e+002	-4.96073e+000	 1.57899e+001
583	 6.0200000000e+002	-5.28332e+000	 1.30316e+001
584	 6.0300000000e+002	-5.62753e+000	 1.01191e+001
585	 6.0400000000e+002	-6.11308e+000	 7.41237e+000
586	 6.0500000000e+002	-6.48923e+000	 4.31520e+000
587	 6.0600000000e+002	-6.89005e+000	 1.48267e+000
588	 6.0700000000e+002	-7.36582e+000	-1.58033e+000
589	 6.0800000000e+002	-7.99945e+000	-4.61234e+000
590	 6.0900000000e+002	-8.27551e+000	-7.68860e+000
591	 6.1000000000e+002	-9.02618e+000	-1.10277e+001
592	 6.1100000000e+002	-9.47170e+000	-1.40574e+001
593	 6.1200000000e+002	-9.96765e+000	-1.76358e+001
594	 6.1300000000e+002	-1.09723e+001	-2.09989e+001
595	 6.1400000000e+002	-1.12511e+001	-2.44343e+001
596	 6.1500000000e+002	-1.20653e+001	-2.81829e+001
597	 6.1600000000e+002	-1.31724e+001	-3.15092e+001
598	 6.1700000000e+002	-1.37149e+001	-3.58381e+001
599	 6.1800000000e+002	-1.46225e+001	-4.01958e+001
600	 6.1900000000e+002	-1.51326e+001	-4.34375e+001
601	 6.2000000000e+002	-1.60136e+001	-4.77468e+001
602	 6.2100000000e+002	-1.83564e+001	-5.26099e+001
603	 6.2200000000e+002	-1.91444e+001	-5.70753e+001
604	 6.2300000000e+002	-1.86669e+001	-6.24385e+001
605	 6.2400000000e+002	-2.04390e+001	-6.72140e+001
606	 6.2500000000e+002	-2.28165e+001	-7.05752e+001
607	 6.2600000000e+002	-2.41587e+001	-7.63746e+001
608	 6.2700000000e+002	-2.64163e+001	-8.47582e+001
609	 6.2800000000e+002	-2.85115e+001	-9.10064e+001
610	 6.2900000000e+002	-2.78742e+001	-9.54180e+001
611	 6.3000000000e+002	-2.79368e+001	-1.01714e+002
612	 6.3100000000e+002	-3.27366e+001	-1.08744e+002
613	 6.3200000000e+002	-3.89719e+001	-1.14157e+002
614	 6.3300000000e+002	-4.17050e+001	-1.21459e+002
615	 6.3400000000e+002	-4.26908e+001	-1.34057e+002
616	 6.3500000000e+002	-4.61564e+001	-1.47968e+002
617	 6.3600000000e+002	-5.05459e+001	-1.57051e+002
618	 6.3700000000e+002	-5.17187e+001	-1.62510e+002
619	 6.3800000000e+002	-5.09237e+001	-1.70600e+002
620	 6.3900000000e+002	-5.44004e+001	-1.83573e+002
621	 6.4000000000e+002	-6.52498e+001	-1.97421e+002
622	 6.4100000000e+002	-7.95394e+001	-2.08258e+002
623	 6.4200000000e+002	-9.09787e+001	-2.18277e+002
624	 6.4300000000e+002	-9.83718e+001	-2.33750e+002
625	 6.4400000000e+002	-1.06755e+002	-2.58131e+002
626	 6.4500000000e+002	-1.21968e+002	-2.89047e+002
627	 6.4600000000e+002	-1.45630e+002	-3.20576e+002
628	 6.4700000000e+002	-1.73702e+002	-3.48300e+002
629	 6.4800000000e+002	-2.00997e+002	-3.73642e+002
630	 6.4900000000e+002	-2.26979e+002	-4.03135e+002
631	 6.5000000000e+002	-2.56430e+002	-4.43532e+002
632	 6.5100000000e+002	-2.98666e+002	-4.96932e+002
633	 6.5200000000e+002	-3.67050e+002	-5.61909e+002
634	 6.5300000000e+002	-4.74241e+002	-6.29740e+002
635	 6.5400000000e+002	-6.32402e+002	-6.83746e+002
636	 6.5500000000e+002	-8.50360e+002	-6.96247e+002
637	 6.5600000000e+002	-1.12435e+003	-6.21806e+002
638	 6.5700000000e+002	-1.41012e+003	-3.98219e+002
639	 6.5800000000e+002	-1.59184e+003	 1.13202e+000
640	 6.5900000000e+002	-1.53826e+003	 4.69287e+002
641	 6.6000000000e+002	-1.27048e+003	 8.10589e+002
642	 6.6100000000e+002	-9.44071e+002	 9.52573e+002
643	 6.6200000000e+002	-6.67830e+002	 9.52382e+002
644	 6.6300000000e+002	-4.70597e+002	 8.86346e+002
645	 6.6400000000e+002	-3.40803e+002	 8.04933e+002
646	 6.6500000000e+002	-2.55832e+002	 7.30349e+002
647	 6.6600000000e+002	-1.96602e+002	 6.68814e+002
648	 6.6700000000e+002	-1.50876e+002	 6.17947e+002
649	 6.6800000000e+002	-1.12258e+002	 5.72996e+002
650	 6.6900000000e+002	-7.91172e+001	 5.30130e+002
651	 6.7000000000e+002	-5.28703e+001	 4.87543e+002
652	 6.7100000000e+002	-3.51179e+001	 4.46478e+002
653	 6.7200000000e+002	-2.58234e+001	 4.10372e+002
654	 6.7300000000e+002	-2.23466e+001	 3.82692e+002
655	 6.7400000000e+002	-1.96631e+001	 3.63948e+002
656	 6.7500000000e+002	-1.36380e+001	 3.50626e+002
657	 6.7600000000e+002	-4.33279e+000	 3.37659e+002
658	 6.7700000000e+002	 4.54584e+000	 3.22053e+002
659	 6.7800000000e+002	 8.60530e+000	 3.05066e+002
660	 6.7900000000e+002	 6.87574e+000	 2.90619e+002
661	 6.8000000000e+002	 3.12089e+000	 2.80900e+002
662	 6.8100000000e+002	 1.85897e+000	 2.73476e+002
663	 6.8200000000e+002	 3.38529e+000	 2.63570e+002
664	 6.8300000000e+002	 4.46701e+000	 2.49728e+002
665	 6.8400000000e+002	 3.38715e+000	 2.35691e+002
666	 6.8500000000e+002	 2.67388e+000	 2.25102e+002
667	 6.8600000000e+002	 5.48813e+000	 2.17637e+002
668	 6.8700000000e+002	 1.02656e+001	 2.10710e+002
669	 6.8800000000e+002	 1.27375e+001	 2.03934e+002
670	 6.8900000000e+002	 1.15707e+001	 1.99119e+002
671	 6.9000000000e+002	 9.67315e+000	 1.95244e+002
672	 6.9100000000e+002	 8.66253e+000	 1.88998e+002
673	 6.9200000000e+002	 7.90671e+000	 1.80619e+002
674	 6.9300000000e+002	 8.03308e+000	 1.73259e+002
675	 6.9400000000e+002	 9.82582e+000	 1.68551e+002
676	 6.9500000000e+002	 1.17649e+001	 1.64772e+002
677	 6.9600000000e+002	 1.12022e+001	 1.61066e+002
678	 6.9700000000e+002	 9.32093e+000	 1.57109e+002
679	 6.9800000000e+002	 8.40863e+000	 1.51906e+002
680	 6.9900000000e+002	 9.18274e+000	 1.46400e+002
681	 7.0000000000e+002	 1.02301e+001	 1.42173e+002
682	 7.0100000000e+002	 1.04518e+001	 1.39520e+002
683	 7.0200000000e+002	 9.40083e+000	 1.36305e+002
684	 7.0300000000e+002	 8.52111e+000	 1.32166e+002
685	 7.0400000000e+002	 8.79578e+000	 1.27599e+002
686	 7.0500000000e+002	 9.44281e+000	 1.24445e+002
687	 7.0600000000e+002	 9.35386e+000	 1.21916e+002
688	 7.0700000000e+002	 8.45088e+000	 1.18779e+002
689	 7.0800000000e+002	 8.10733e+000	 1.14762e+002
690	 7.0900000000e+002	 8.78820e+000	 1.11563e+002
691	 7.1000000000e+002	 8.59729e+000	 1.09128e+002
692	 7.1100000000e+002	 7.77227e+000	 1.06207e+002
693	 7.1200000000e+002	 7.65709e+000	 1.02740e+002
694	 7.1300000000e+002	 7.84066e+000	 9.98795e+001
695	 7.1400000000e+002	 7.69344e+000	 9.75167e+001
696	 7.1500000000e+002	 6.97438e+000	 9.46890e+001
697	 7.1600000000e+002	 7.09789e+000	 9.14855e+001
698	 7.1700000000e+002	 7.08647e+000	 8.91777e+001
699	 7.1800000000e+002	 6.41227e+000	 8.65806e+001
700	 7.1900000000e+002	 6.28125e+000	 8.36731e+001
701	 7.2000000000e+002	 6.19185e+000	 8.12232e+001
702	 7.2100000000e+002	 5.93105e+000	 7.86760e+001
703	 7.2200000000e+002	 5.44751e+000	 7.62232e+001
704	 7.2300000000e+002	 5.30214e+000	 7.33004e+001
705	 7.2400000000e+002	 5.37350e+000	 7.12114e+001
706	 7.2500000000e+002	 4.40551e+000	 6.86920e+001
707	 7.2600000000e+002	 4.63799e+000	 6.57470e+001
708	 7.2700000000e+002	 4.50721e+000	 6.40167e+001
709	 7.2800000000e+002	 3.41829e+000	 6.11731e+001
710	 7.2900000000e+002	 3.89865e+000	 5.83441e+001
711	 7.3000000000e+002	 3.34015e+000	 5.67024e+001
712	 7.3100000000e+002	 2.62738e+000	 5.35596e+001
713	 7.3200000000e+002	 2.91545e+000	 5.11474e+001
714	 7.3300000000e+002	 2.40872e+000	 4.91692e+001
715	 7.3400000000e+002	 1.36284e+000	 4.64348e+001
716	 7.3500000000e+002	 1.90557e+000	 4.34251e+001
717	 7.3600000000e+002	 1.27064e+000	 4.17659e+001
718	 7.3700000000e+002	 3.71955e-001	 3.91556e+001
719	 7.3800000000e+002	 2.92947e-001	 3.55788e+001
720	 7.3900000000e+002	 2.56383e-001	 3.41325e+001
721	 7.4000000000e+002	-7.25364e-001	 3.16447e+001
722	 7.4100000000e+002	-1.63048e+000	 2.79048e+001
723	 7.4200000000e+002	-8.14022e-001	 2.62189e+001
724	 7.4300000000e+002	-1.83517e+000	 2.35549e+001
725	 7.4400000000e+002	-3.53455e+000	 2.06178e+001
726	 7.4500000000e+002	-2.55441e+000	 1.75303e+001
727	 7.4600000000e+002	-2.94521e+000	 1.45901e+001
728	 7.4700000000e+002	-5.06416e+000	 1.34760e+001
729	 7.4800000000e+002	-4.85029e+000	 9.24551e+000
730	 7.4900000000e+002	-4.96412e+000	 4.87604e+000
731	 7.5000000000e+002	-6.34798e+000	 4.83787e+000
732	 7.5100000000e+002	-6.21379e+000	 2.02058e+000
733	 7.5200000000e+002	-8.52433e+000	-4.18986e+000
734	 7.5300000000e+002	-9.51278e+000	-7.11594e+000
735	 7.5400000000e+002	-6.45131e+000	-8.42199e+000
736	 7.5500000000e+002	-8.04178e+000	-1.21468e+001
737	 7.5600000000e+002	-1.35270e+001	-1.55204e+001
738	 7.5700000000e+002	-1.35384e+001	-1.87289e+001
739	 7.5800000000e+002	-1.01250e+001	-2.58935e+001
740	 7.5900000000e+002	-1.11500e+001	-3.05311e+001
741	 7.6000000000e+002	-1.40468e+001	-2.82940e+001
742	 7.6100000000e+002	-1.50760e+001	-2.97687e+001
743	 7.6200000000e+002	-1.75613e+001	-3.99198e+001
744	 7.6300000000e+002	-2.24183e+001	-4.94031e+001
745	 7.6400000000e+002	-2.18819e+001	-5.18485e+001
746	 7.6500000000e+002	-1.47843e+001	-5.38305e+001
747	 7.6600000000e+002	-1.28648e+001	-5.91132e+001
748	 7.6700000000e+002	-2.14856e+001	-6.26843e+001
749	 7.6800000000e+002	-3.16122e+001	-6.31338e+001
750	 7.6900000000e+002	-3.41521e+001	-6.75735e+001
751	 7.7000000000e+002	-3.23130e+001	-8.22508e+001
752	 7.7100000000e+002	-3.43307e+001	-1.00752e+002
753	 7.7200000000e+002	-3.84789e+001	-1.10886e+002
754	 7.7300000000e+002	-3.71891e+001	-1.10762e+002
755	 7.7400000000e+002	-2.93684e+001	-1.09657e+002
756	 7.7500000000e+002	-2.32758e+001	-1.15845e+002
757	 7.7600000000e+002	-2.86261e+001	-1.27554e+002
758	 7.7700000000e+002	-4.55637e+001	-1.36091e+002
759	 7.7800000000e+002	-6.39295e+001	-1.37786e+002
760	 7.7900000000e+002	-7.49706e+001	-1.39267e+002
761	 7.8000000000e+002	-7.83040e+001	-1.49363e+002
762	 7.8100000000e+002	-8.13669e+001	-1.72435e+002
763	 7.8200000000e+002	-9.28030e+001	-2.04477e+002
764	 7.8300000000e+002	-1.14942e+002	-2.36306e+002
765	 7.8400000000e+002	-1.41908e+002	-2.60309e+002
766	 7.8500000000e+002	-1.65406e+002	-2.76185e+002
767	 7.8600000000e+002	-1.80750e+002	-2.90926e+002
768	 7.8700000000e+002	-1.89335e+002	-3.13314e+002
769	 7.8800000000e+002	-1.99581e+002	-3.50554e+002
770	 7.8900000000e+002	-2.22186e+002	-4.02764e+002
771	 7.9000000000e+002	-2.67846e+002	-4.65810e+002
772	 7.9100000000e+002	-3.44345e+002	-5.31730e+002
773	 7.9200000000e+002	-4.55799e+002	-5.88401e+002
774	 7.9300000000e+002	-6.06380e+002	-6.22316e+002
775	 7.9400000000e+002	-7.95040e+002	-6.16314e+002
776	 7.9500000000e+002	-1.01526e+003	-5.44328e+002
777	 7.9600000000e+002	-1.24780e+003	-3.71496e+002
778	 7.9700000000e+002	-1.42559e+003	-6.56307e+001
779	 7.9800000000e+002	-1.44150e+003	 3.35276e+002
780	 7.9900000000e+002	-1.25306e+003	 6.88654e+002
781	 8.0000000000e+002	-9.57854e+002	 8.75202e+002
782	 8.0100000000e+002	-6.81057e+002	 9.02487e+002
783	 8.0200000000e+002	-4.81000e+002	 8.44671e+002
784	 8.0300000000e+002	-3.55839e+002	 7.66773e+002
785	 8.0400000000e+002	-2.78970e+002	 6.99264e+002
786	 8.0500000000e+002	-2.26196e+002	 6.49698e+002
787	 8.0600000000e+002	-1.81555e+002	 6.13570e+002
788	 8.0700000000e+002	-1.37152e+002	 5.82754e+002
789	 8.0800000000e+002	-9.32331e+001	 5.49658e+002
790	 8.0900000000e+002	-5.32115e+001	 5.10107e+002
791	 8.1000000000e+002	-2.27120e+001	 4.63936e+002
792	 8.1100000000e+002	-6.30988e+000	 4.15741e+002
793	 8.1200000000e+002	-4.20364e+000	 3.73815e+002
794	 8.1300000000e+002	-1.08555e+001	 3.45444e+002
795	 8.1400000000e+002	-1.65380e+001	 3.32311e+002
796	 8.1500000000e+002	-1.33109e+001	 3.28896e+002
797	 8.1600000000e+002	 2.07480e-001	 3.25204e+002
798	 8.1700000000e+002	 1.75727e+001	 3.13869e+002
799	 8.1800000000e+002	 2.95779e+001	 2.94784e+002
800	 8.1900000000e+002	 2.99423e+001	 2.75031e+002
801	 8.2000000000e+002	 2.14608e+001	 2.63163e+002
802	 8.2100000000e+002	 1.26618e+001	 2.61457e+002
803	 8.2200000000e+002	 1.11132e+001	 2.62909e+002
804	 8.2300000000e+002	 1.54494e+001	 2.57703e+002
805	 8.2400000000e+002	 1.80859e+001	 2.43087e+002
806	 8.2500000000e+002	 1.38668e+001	 2.25560e+002
807	 8.2600000000e+002	 6.92491e+000	 2.13544e+002
808	 8.2700000000e+002	 5.78976e+000	 2.08207e+002
809	 8.2800000000e+002	 1.27932e+001	 2.03616e+002
810	 8.2900000000e+002	 2.12840e+001	 1.95549e+002
811	 8.3000000000e+002	 2.34050e+001	 1.87606e+002
812	 8.3100000000e+002	 1.97532e+001	 1.85150e+002
813	 8.3200000000e+002	 1.64388e+001	 1.86304e+002
814	 8.3300000000e+002	 1.59744e+001	 1.83434e+002
815	 8.3400000000e+002	 1.52265e+001	 1.74081e+002
816	 8.3500000000e+002	 1.31458e+001	 1.64070e+002
817	 8.3600000000e+002	 1.32655e+001	 1.59069e+002
818	 8.3700000000e+002	 1.73142e+001	 1.57543e+002
819	 8.3800000000e+002	 2.00688e+001	 1.55211e+002
820	 8.3900000000e+002	 1.76586e+001	 1.51831e+002
821	 8.4000000000e+002	 1.33518e+001	 1.48654e+002
822	 8.4100000000e+002	 1.27678e+001	 1.44364e+002
823	 8.4200000000e+002	 1.51362e+001	 1.38211e+002
824	 8.4300000000e+002	 1.62451e+001	 1.33587e+002
825	 8.4400000000e+002	 1.55251e+001	 1.32900e+002
826	 8.4500000000e+002	 1.47514e+001	 1.32074e+002
827	 8.4600000000e+002	 1.40832e+001	 1.27178e+002
828	 8.4700000000e+002	 1.28438e+001	 1.21724e+002
829	 8.4800000000e+002	 1.33788e+001	 1.19605e+002
830	 8.4900000000e+002	 1.49854e+001	 1.18107e+002
831	 8.5000000000e+002	 1.39056e+001	 1.14626e+002
832	 8.5100000000e+002	 1.16158e+001	 1.11866e+002
833	 8.5200000000e+002	 1.24476e+001	 1.09143e+002
834	 8.5300000000e+002	 1.33850e+001	 1.05147e+002
835	 8.5400000000e+002	 1.19070e+001	 1.03691e+002
836	 8.5500000000e+002	 1.16192e+001	 1.02076e+002
837	 8.5600000000e+002	 1.15196e+001	 9.74775e+001
838	 8.5700000000e+002	 1.09382e+001	 9.52619e+001
839	 8.5800000000e+002	 1.15920e+001	 9.40297e+001
840	 8.5900000000e+002	 1.03992e+001	 9.04859e+001
841	 8.6000000000e+002	 9.55966e+000	 8.82572e+001
842	 8.6100000000e+002	 1.06088e+001	 8.58843e+001
843	 8.6200000000e+002	 9.45753e+000	 8.31071e+001
844	 8.6300000000e+002	 8.91726e+000	 8.16479e+001
845	 8.6400000000e+002	 9.21092e+000	 7.82730e+001
846	 8.6500000000e+002	 8.14369e+000	 7.60647e+001
847	 8.6600000000e+002	 8.36198e+000	 7.44556e+001
848	 8.6700000000e+002	 7.60988e+000	 7.11446e+001
849	 8.6800000000e+002	 7.23653e+000	 6.92795e+001
850	 8.6900000000e+002	 7.27111e+000	 6.68419e+001
851	 8.7000000000e+002	 6.15217e+000	 6.46139e+001
852	 8.7100000000e+002	 6.32711e+000	 6.20520e+001
853	 8.7200000000e+002	 5.62252e+000	 5.97031e+001
854	 8.7300000000e+002	 5.09034e+000	 5.77225e+001
855	 8.7400000000e+002	 4.83231e+000	 5.46178e+001
856	 8.7500000000e+002	 4.43208e+000	 5.27056e+001
857	 8.7600000000e+002	 3.80437e+000	 5.03694e+001
858	 8.7700000000e+002	 3.07401e+000	 4.75852e+001
859	 8.7800000000e+002	 2.95461e+000	 4.52253e+001
860	 8.7900000000e+002	 2.09239e+000	 4.28433e+001
861	 8.8000000000e+002	 1.76897e+000	 4.02286e+001
862	 8.8100000000e+002	 1.20288e+000	 3.77135e+001
863	 8.8200000000e+002	 3.83555e-001	 3.52242e+001
864	 8.8300000000e+002	 8.12718e-002	 3.22231e+001
865	 8.8400000000e+002	-8.85279e-001	 2.99161e+001
866	 8.8500000000e+002	-1.57589e+000	 2.70903e+001
867	 8.8600000000e+002	-2.12496e+000	 2.42585e+001
868	 8.8700000000e+002	-2.99616e+000	 2.15289e+001
869	 8.8800000000e+002	-3.82320e+000	 1.84999e+001
870	 8.8900000000e+002	-4.36227e+000	 1.58232e+001
871	 8.9000000000e+002	-5.68387e+000	 1.27048e+001
872	 8.9100000000e+002	-6.38611e+000	 9.62536e+000
873	 8.9200000000e+002	-7.68701e+000	 6.49541e+000
874	 8.9300000000e+002	-8.26292e+000	 2.96654e+000
875	 8.9400000000e+002	-9.52230e+000	 3.70688e-002
876	 8.9500000000e+002	-1.07373e+001	-3.46041e+000
877	 8.9600000000e+002	-1.18009e+001	-6.73268e+000
878	 8.9700000000e+002	-1.33156e+001	-1.07575e+001
879	 8.9800000000e+002	-1.45287e+001	-1.45221e+001
880	 8.9900000000e+002	-1.62173e+001	-1.82602e+001
881	 9.0000000000e+002	-1.74234e+001	-2.22350e+001
882	 9.0100000000e+002	-1.92139e+001	-2.61939e+001
883	 9.0200000000e+002	-2.09234e+001	-3.08629e+001
884	 9.0300000000e+002	-2.28407e+001	-3.48616e+001
885	 9.0400000000e+002	-2.47145e+001	-3.99060e+001
886	 9.0500000000e+002	-2.66409e+001	-4.45335e+001
887	 9.0600000000e+002	-2.92958e+001	-4.98800e+001
888	 9.0700000000e+002	-3.16200e+001	-5.48616e+001
889	 9.0800000000e+002	-3.45970e+001	-6.07910e+001
890	 9.0900000000e+002	-3.74819e+001	-6.67856e+001
891	 9.1000000000e+002	-4.08529e+001	-7.34959e+001
892	 9.1100000000e+002	-4.42916e+001	-7.99479e+001
893	 9.1200000000e+002	-4.81915e+001	-8.73555e+001
894	 9.1300000000e+002	-5.22279e+001	-9.45699e+001
895	 9.1400000000e+002	-5.67556e+001	-1.03160e+002
896	 9.1500000000e+002	-6.20256e+001	-1.11633e+002
897	 9.1600000000e+002	-6.78754e+001	-1.21333e+002
898	 9.1700000000e+002	-7.47285e+001	-1.31001e+002
899	 9.1800000000e+002	-8.21183e+001	-1.42035e+002
900	 9.1900000000e+002	-9.10848e+001	-1.53673e+002
901	 9.2000000000e+002	-1.00606e+002	-1.66549e+002
902	 9.2100000000e+002	-1.12502e+002	-1.80596e+002
903	 9.2200000000e+002	-1.25902e+002	-1.95779e+002
904	 9.2300000000e+002	-1.42584e+002	-2.12606e+002
905	 9.2400000000e+002	-1.62176e+002	-2.30382e+002
906	 9.2500000000e+002	-1.85616e+002	-2.50315e+002
907	 9.2600000000e+002	-2.14434e+002	-2.71509e+002
908	 9.2700000000e+002	-2.49879e+002	-2.94363e+002
909	 9.2800000000e+002	-2.95161e+002	-3.17517e+002
910	 9.2900000000e+002	-3.52022e+002	-3.38769e+002
911	 9.3000000000e+002	-4.24629e+002	-3.56338e+002
912	 9.3100000000e+002	-5.16855e+002	-3.62575e+002
913	 9.3200000000e+002	-6.31176e+002	-3.47495e+002
914	 9.3300000000e+002	-7.65412e+002	-2.94557e+002
915	 9.3400000000e+002	-9.01080e+002	-1.82395e+002
916	 9.3500000000e+002	-1.00346e+003	-2.53600e+000
917	 9.3600000000e+002	-1.02665e+003	 2.23586e+002
918	 9.3700000000e+002	-9.52686e+002	 4.39167e+002
919	 9.3800000000e+002	-8.10077e+002	 5.93812e+002
920	 9.3900000000e+002	-6.46525e+002	 6.72610e+002
921	 9.4000000000e+002	-4.96459e+002	 6.92302e+002
922	 9.4100000000e+002	-3.74983e+002	 6.75926e+002
923	 9.4200000000e+002	-2.82079e+002	 6.42423e+002
924	 9.4300000000e+002	-2.12852e+002	 6.03315e+002
925	 9.4400000000e+002	-1.61268e+002	 5.63938e+002
926	 9.4500000000e+002	-1.22727e+002	 5.26910e+002
927	 9.4600000000e+002	-9.31505e+001	 4.92659e+002
928	 9.4700000000e+002	-7.05034e+001	 4.61891e+002
929	 9.4800000000e+002	-5.31319e+001	 4.34188e+002
930	 9.4900000000e+002	-3.94063e+001	 4.09590e+002
931	 9.5000000000e+002	-2.85438e+001	 3.88018e+002
932	 9.5100000000e+002	-2.00006e+001	 3.67870e+002
933	 9.5200000000e+002	-1.30138e+001	 3.49885e+002
934	 9.5300000000e+002	-7.07437e+000	 3.33889e+002
935	 9.5400000000e+002	-2.33429e+000	 3.19280e+002
936	 9.5500000000e+002	 1.77092e+000	 3.05931e+002
937	 9.5600000000e+002	 5.30854e+000	 2.93473e+002
938	 9.5700000000e+002	 8.22144e+000	 2.82023e+002
939	 9.5800000000e+002	 1.04679e+001	 2.71498e+002
940	 9.5900000000e+002	 1.22036e+001	 2.61845e+002
941	 9.6000000000e+002	 1.37273e+001	 2.53096e+002
942	 9.6100000000e+002	 1.50839e+001	 2.44803e+002
943	 9.6200000000e+002	 1.63067e+001	 2.36833e+002
944	 9.6300000000e+002	 1.74106e+001	 2.29328e+002
945	 9.6400000000e+002	 1.82753e+001	 2.22271e+002
946	 9.6500000000e+002	 1.89689e+001	 2.15699e+002
947	 9.6600000000e+002	 1.95702e+001	 2.09573e+002
948	 9.6700000000e+002	 2.00394e+001	 2.03832e+002
949	 9.6800000000e+002	 2.07060e+001	 1.98122e+002
950	 9.6900000000e+002	 2.08282e+001	 1.92772e+002
951	 9.7000000000e+002	 2.08399e+001	 1.87828e+002
952	 9.7100000000e+002	 2.07866e+001	 1.82991e+002
953	 9.7200000000e+002	 2.09215e+001	 1.78352e+002
954	 9.7300000000e+002	 2.11287e+001	 1.73819e+002
955	 9.7400000000e+002	 2.11852e+001	 1.69524e+002
956	 9.7500000000e+002	 2.11459e+001	 1.65577e+002
957	 9.7600000000e+002	 2.10887e+001	 1.61782e+002
958	 9.7700000000e+002	 2.09322e+001	 1.58073e+002
959	 9.7800000000e+002	 2.06804e+001	 1.54358e+002
960	 9.7900000000e+002	 2.04720e+001	 1.50931e+002
961	 9.8000000000e+002	 2.02460e+001	 1.47511e+002
962	 9.8100000000e+002	 1.98838e+001	 1.44251e+002
963	 9.8200000000e+002	 1.97398e+001	 1.40901e+002
964	 9.8300000000e+002	 1.95023e+001	 1.37857e+002
965	 9.8400000000e+002	 1.93080e+001	 1.35034e+002
966	 9.8500000000e+002	 1.90970e+001	 1.32232e+002
967	 9.8600000000e+002	 1.86524e+001	 1.29195e+002
968	 9.8700000000e+002	 1.84001e+001	 1.26366e+002
969	 9.8800000000e+002	 1.80610e+001	 1.23733e+002
970	 9.8900000000e+002	 1.77404e+001	 1.21130e+002
971	 9.9000000000e+002	 1.76339e+001	 1.18681e+002
972	 9.9100000000e+002	 1.71713e+001	 1.16188e+002
973	 9.9200000000e+002	 1.66041e+001	 1.13550e+002
974	 9.9300000000e+002	 1.62485e+001	 1.10969e+002
975	 9.9400000000e+002	 1.62026e+001	 1.08645e+002
976	 9.9500000000e+002	 1.58397e+001	 1.06329e+002
977	 9.9600000000e+002	 1.52464e+001	 1.04000e+002
978	 9.9700000000e+002	 1.46311e+001	 1.01489e+002
979	 9.9800000000e+002	 1.45966e+001	 9.92983e+001
980	 9.9900000000e+002	 1.41913e+001	 9.70815e+001
981	 1.0000000000e+003	 1.35774e+001	 9.48820e+001
982	 1.0010000000e+003	 1.30960e+001	 9.27570e+001
983	 1.0020000000e+003	 1.29479e+001	 9.04693e+001
984	 1.0030000000e+003	 1.24017e+001	 8.81456e+001
985	 1.0040000000e+003	 1.17621e+001	 8.60186e+001
986	 1.0050000000e+003	 1.13893e+001	 8.38386e+001
987	 1.0060000000e+003	 1.07151e+001	 8.16199e+001
988	 1.0070000000e+003	 1.02395e+001	 7.96894e+001
989	 1.0080000000e+003	 9.60042e+000	 7.74888e+001
990	 1.0090000000e+003	 9.05403e+000	 7.52256e+001
991	 1.0100000000e+003	 8.67942e+000	 7.30822e+001
992	 1.0110000000e+003	 7.76881e+000	 7.09108e+001
993	 1.0120000000e+003	 7.27068e+000	 6.87769e+001
994	 1.0130000000e+003	 6.81609e+000	 6.64959e+001
995	 1.0140000000e+003	 5.84716e+000	 6.43353e+001
996	 1.0150000000e+003	 5.39650e+000	 6.22930e+001
997	 1.0160000000e+003	 4.72029e+000	 6.00402e+001
998	 1.0170000000e+003	 3.50965e+000	 5.79259e+001
999	 1.0180000000e+003	 2.99451e+000	 5.55378e+001
1000	 1.0190000000e+003	 2.42426e+000	 5.31960e+001
1001	 1.0200000000e+003	 1.18602e+000	 5.10257e+001
1002	 1.0210000000e+003	 3.00297e-001	 4.87610e+001
1003	 1.0220000000e+003	-1.94279e-001	 4.64227e+001
1004	 1.0230000000e+003	-1.43762e+000	 4.40472e+001
1005	 1.0240000000e+003	-2.85846e+000	 4.17073e+001
1006	 1.0250000000e+003	-3.69234e+000	 3.93425e+001
1007	 1.0260000000e+003	-4.26239e+000	 3.67710e+001
1008	 1.0270000000e+003	-5.58176e+000	 3.42928e+001
1009	 1.0280000000e+003	-7.47084e+000	 3.21160e+001
1010	 1.0290000000e+003	-8.73122e+000	 2.96138e+001
1011	 1.0300000000e+003	-9.32848e+000	 2.64048e+001
1012	 1.0310000000e+003	-1.06996e+001	 2.33849e+001
1013	 1.0320000000e+003	-1.25752e+001	 2.13841e+001
1014	 1.0330000000e+003	-1.43817e+001	 1.93691e+001
1015	 1.0340000000e+003	-1.59998e+001	 1.65635e+001
1016	 1.0350000000e+003	-1.74943e+001	 1.27603e+001
1017	 1.0360000000e+003	-1.94666e+001	 9.07637e+000
1018	 1.0370000000e+003	-2.16383e+001	 6.13623e+000
1019	 1.0380000000e+003	-2.36246e+001	 3.79800e+000
1020	 1.0390000000e+003	-2.54756e+001	 1.40579e+000
1021	 1.0400000000e+003	-2.77177e+001	-1.83813e+000
1022	 1.0410000000e+003	-3.02899e+001	-5.44202e+000
1023	 1.0420000000e+003	-3.33026e+001	-9.32396e+000
1024	 1.0430000000e+003	-3.65734e+001	-1.33515e+001
1025	 1.0440000000e+003	-3.98464e+001	-1.71708e+001
1026	 1.0450000000e+003	-4.30670e+001	-2.10336e+001
1027	 1.0460000000e+003	-4.64458e+001	-2.47791e+001
1028	 1.0470000000e+003	-5.01772e+001	-2.86842e+001
1029	 1.0480000000e+003	-5.40846e+001	-3.25791e+001
1030	 1.0490000000e+003	-5.82170e+001	-3.68138e+001
1031	 1.0500000000e+003	-6.25691e+001	-4.12410e+001
1032	 1.0510000000e+003	-6.80653e+001	-4.57300e+001
1033	 1.0520000000e+003	-7.38848e+001	-5.02781e+001
1034	 1.0530000000e+003	-8.04847e+001	-5.52216e+001
1035	 1.0540000000e+003	-8.74566e+001	-6.01543e+001
1036	 1.0550000000e+003	-9.53162e+001	-6.52730e+001
1037	 1.0560000000e+003	-1.03872e+002	-7.04567e+001
1038	 1.0570000000e+003	-1.13485e+002	-7.58014e+001
1039	 1.0580000000e+003	-1.24118e+002	-8.10280e+001
1040	 1.0590000000e+003	-1.36060e+002	-8.61019e+001
1041	 1.0600000000e+003	-1.49343e+002	-9.10720e+001
1042	 1.0610000000e+003	-1.64639e+002	-9.57446e+001
1043	 1.0620000000e+003	-1.81630e+002	-9.95109e+001
1044	 1.0630000000e+003	-2.01078e+002	-1.02919e+002
1045	 1.0640000000e+003	-2.22594e+002	-1.04527e+002
1046	 1.0650000000e+003	-2.46757e+002	-1.04336e+002
1047	 1.0660000000e+003	-2.73428e+002	-1.01176e+002
1048	 1.0670000000e+003	-3.02643e+002	-9.47522e+001
1049	 1.0680000000e+003	-3.33883e+002	-8.33221e+001
1050	 1.0690000000e+003	-3.66353e+002	-6.58177e+001
1051	 1.0700000000e+003	-3.99430e+002	-4.07957e+001
1052	 1.0710000000e+003	-4.31025e+002	-6.78643e+000
1053	 1.0720000000e+003	-4.58346e+002	 3.69730e+001
1054	 1.0730000000e+003	-4.77900e+002	 8.91505e+001
1055	 1.0740000000e+003	-4.85838e+002	 1.47501e+002
1056	 1.0750000000e+003	-4.79439e+002	 2.07123e+002
1057	 1.0760000000e+003	-4.59227e+002	 2.63123e+002
1058	 1.0770000000e+003	-4.27332e+002	 3.11975e+002
1059	 1.0780000000e+003	-3.86895e+002	 3.51461e+002
1060	 1.0790000000e+003	-3.42302e+002	 3.80271e+002
1061	 1.0800000000e+003	-2.97164e+002	 3.97832e+002
1062	 1.0810000000e+003	-2.53983e+002	 4.05418e+002
1063	 1.0820000000e+003	-2.14555e+002	 4.05569e+002
1064	 1.0830000000e+003	-1.79513e+002	 4.01410e+002
1065	 1.0840000000e+003	-1.48840e+002	 3.93879e+002
1066	 1.0850000000e+003	-1.22708e+002	 3.83539e+002
1067	 1.0860000000e+003	-1.00589e+002	 3.71622e+002
1068	 1.0870000000e+003	-8.14257e+001	 3.59637e+002
1069	 1.0880000000e+003	-6.48433e+001	 3.47785e+002
1070	 1.0890000000e+003	-5.11042e+001	 3.35576e+002
1071	 1.0900000000e+003	-3.96874e+001	 3.23515e+002
1072	 1.0910000000e+003	-2.96231e+001	 3.12393e+002
1073	 1.0920000000e+003	-2.09566e+001	 3.01589e+002
1074	 1.0930000000e+003	-1.38441e+001	 2.90997e+002
1075	 1.0940000000e+003	-7.51459e+000	 2.81202e+002
1076	 1.0950000000e+003	-2.18587e+000	 2.72122e+002
1077	 1.0960000000e+003	 2.07445e+000	 2.63237e+002
1078	 1.0970000000e+003	 6.02984e+000	 2.54903e+002
1079	 1.0980000000e+003	 9.55332e+000	 2.47263e+002
1080	 1.0990000000e+003	 1.23224e+001	 2.39703e+002
1081	 1.1000000000e+003	 1.48103e+001	 2.32650e+002
1082	 1.1010000000e+003	 1.70563e+001	 2.26038e+002
1083	 1.1020000000e+003	 1.87788e+001	 2.19672e+002
1084	 1.1030000000e+003	 2.04907e+001	 2.13897e+002
1085	 1.1040000000e+003	 2.17936e+001	 2.08153e+002
1086	 1.1050000000e+003	 2.28901e+001	 2.02647e+002
1087	 1.1060000000e+003	 2.40125e+001	 1.97589e+002
1088	 1.1070000000e+003	 2.47340e+001	 1.92660e+002
1089	 1.1080000000e+003	 2.55347e+001	 1.88033e+002
1090	 1.1090000000e+003	 2.60612e+001	 1.83349e+002
1091	 1.1100000000e+003	 2.64977e+001	 1.79115e+002
1092	 1.1110000000e+003	 2.68170e+001	 1.75074e+002
1093	 1.1120000000e+003	 2.71538e+001	 1.71153e+002
1094	 1.1130000000e+003	 2.74872e+001	 1.67321e+002
1095	 1.1140000000e+003	 2.75733e+001	 1.63645e+002
1096	 1.1150000000e+003	 2.75112e+001	 1.60199e+002
1097	 1.1160000000e+003	 2.73393e+001	 1.56778e+002
1098	 1.1170000000e+003	 2.73891e+001	 1.53748e+002
1099	 1.1180000000e+003	 2.74274e+001	 1.50727e+002
1100	 1.1190000000e+003	 2.73574e+001	 1.47588e+002
1101	 1.1200000000e+003	 2.71472e+001	 1.44533e+002
1102	 1.1210000000e+003	 2.68447e+001	 1.41631e+002
1103	 1.1220000000e+003	 2.67305e+001	 1.38987e+002
1104	 1.1230000000e+003	 2.66230e+001	 1.36386e+002
1105	 1.1240000000e+003	 2.63726e+001	 1.33810e+002
1106	 1.1250000000e+003	 2.60460e+001	 1.31273e+002
1107	 1.1260000000e+003	 2.58218e+001	 1.28848e+002
1108	 1.1270000000e+003	 2.54639e+001	 1.26470e+002
1109	 1.1280000000e+003	 2.52759e+001	 1.24125e+002
1110	 1.1290000000e+003	 2.49465e+001	 1.21937e+002
1111	 1.1300000000e+003	 2.45115e+001	 1.19707e+002
1112	 1.1310000000e+003	 2.41900e+001	 1.17396e+002
1113	 1.1320000000e+003	 2.39276e+001	 1.15139e+002
1114	 1.1330000000e+003	 2.36139e+001	 1.13137e+002
1115	 1.1340000000e+003	 2.31954e+001	 1.11061e+002
1116	 1.1350000000e+003	 2.27024e+001	 1.08908e+002
1117	 1.1360000000e+003	 2.22823e+001	 1.06896e+002
1118	 1.1370000000e+003	 2.19652e+001	 1.04884e+002
1119	 1.1380000000e+003	 2.15066e+001	 1.02804e+002
1120	 1.1390000000e+003	 2.09329e+001	 1.00818e+002
1121	 1.1400000000e+003	 2.04490e+001	 9.89569e+001
1122	 1.1410000000e+003	 1.99810e+001	 9.70246e+001
1123	 1.1420000000e+003	 1.93405e+001	 9.49975e+001
1124	 1.1430000000e+003	 1.87129e+001	 9.30367e+001
1125	 1.1440000000e+003	 1.81613e+001	 9.12026e+001
1126	 1.1450000000e+003	 1.75108e+001	 8.93380e+001
1127	 1.1460000000e+003	 1.67130e+001	 8.75035e+001
1128	 1.1470000000e+003	 1.60375e+001	 8.57301e+001
1129	 1.1480000000e+003	 1.54743e+001	 8.39843e+001
1130	 1.1490000000e+003	 1.46547e+001	 8.21544e+001
1131	 1.1500000000e+003	 1.38690e+001	 8.02696e+001
1132	 1.1510000000e+003	 1.31216e+001	 7.85874e+001
1133	 1.1520000000e+003	 1.22819e+001	 7.68050e+001
1134	 1.1530000000e+003	 1.13617e+001	 7.50579e+001
1135	 1.1540000000e+003	 1.05451e+001	 7.33224e+001
1136	 1.1550000000e+003	 9.70977e+000	 7.16418e+001
1137	 1.1560000000e+003	 8.78224e+000	 6.99039e+001
1138	 1.1570000000e+003	 7.78727e+000	 6.80501e+001
1139	 1.1580000000e+003	 6.73358e+000	 6.63743e+001
1140	 1.1590000000e+003	 5.76480e+000	 6.46965e+001
1141	 1.1600000000e+003	 4.72824e+000	 6.29307e+001
1142	 1.1610000000e+003	 3.57606e+000	 6.12102e+001
1143	 1.1620000000e+003	 2.40128e+000	 5.95450e+001
1144	 1.1630000000e+003	 1.23061e+000	 5.78141e+001
1145	 1.1640000000e+003	-8.88072e-003	 5.61000e+001
1146	 1.1650000000e+003	-1.25927e+000	 5.44009e+001
1147	 1.1660000000e+003	-2.59626e+000	 5.27254e+001
1148	 1.1670000000e+003	-4.06602e+000	 5.09144e+001
1149	 1.1680000000e+003	-5.59264e+000	 4.92362e+001
1150	 1.1690000000e+003	-7.05694e+000	 4.75598e+001
1151	 1.1700000000e+003	-8.64558e+000	 4.57984e+001
1152	 1.1710000000e+003	-1.03425e+001	 4.41413e+001
1153	 1.1720000000e+003	-1.19678e+001	 4.24171e+001
1154	 1.1730000000e+003	-1.37662e+001	 4.06768e+001
1155	 1.1740000000e+003	-1.56908e+001	 3.88955e+001
1156	 1.1750000000e+003	-1.76122e+001	 3.72084e+001
1157	 1.1760000000e+003	-1.96844e+001	 3.55097e+001
1158	 1.1770000000e+003	-2.17650e+001	 3.37089e+001
1159	 1.1780000000e+003	-2.39266e+001	 3.20953e+001
1160	 1.1790000000e+003	-2.64059e+001	 3.03450e+001
1161	 1.1800000000e+003	-2.88403e+001	 2.86942e+001
1162	 1.1810000000e+003	-3.13944e+001	 2.70472e+001
1163	 1.1820000000e+003	-3.41492e+001	 2.53556e+001
1164	 1.1830000000e+003	-3.69169e+001	 2.36776e+001
1165	 1.1840000000e+003	-3.99413e+001	 2.20557e+001
1166	 1.1850000000e+003	-4.31177e+001	 2.03928e+001
1167	 1.1860000000e+003	-4.65271e+001	 1.89129e+001
1168	 1.1870000000e+003	-5.00949e+001	 1.74548e+001
1169	 1.1880000000e+003	-5.38115e+001	 1.59481e+001
1170	 1.1890000000e+003	-5.77567e+001	 1.44901e+001
1171	 1.1900000000e+003	-6.20354e+001	 1.30960e+001
1172	 1.1910000000e+003	-6.64745e+001	 1.18570e+001
1173	 1.1920000000e+003	-7.13848e+001	 1.07931e+001
1174	 1.1930000000e+003	-7.64628e+001	 9.88665e+000
1175	 1.1940000000e+003	-8.19111e+001	 9.14166e+000
1176	 1.1950000000e+003	-8.76752e+001	 8.63634e+000
1177	 1.1960000000e+003	-9.37257e+001	 8.35572e+000
1178	 1.1970000000e+003	-1.00251e+002	 8.49446e+000
1179	 1.1980000000e+003	-1.07131e+002	 8.97366e+000
1180	 1.1990000000e+003	-1.14407e+002	 9.99152e+000
1181	 1.2000000000e+003	-1.21989e+002	 1.15994e+001
1182	 1.2010000000e+003	-1.29887e+002	 1.38210e+001
1183	 1.2020000000e+003	-1.38222e+002	 1.68663e+001
1184	 1.2030000000e+003	-1.46668e+002	 2.04549e+001
1185	 1.2040000000e+003	-1.55502e+002	 2.53764e+001
1186	 1.2050000000e+003	-1.64208e+002	 3.11270e+001
1187	 1.2060000000e+003	-1.72836e+002	 3.82570e+001
1188	 1.2070000000e+003	-1.81175e+002	 4.65386e+001
1189	 1.2080000000e+003	-1.89095e+002	 5.62373e+001
1190	 1.2090000000e+003	-1.96162e+002	 6.71609e+001
1191	 1.2100000000e+003	-2.02307e+002	 7.94385e+001
1192	 1.2110000000e+003	-2.07111e+002	 9.28256e+001
1193	 1.2120000000e+003	-2.10478e+002	 1.07253e+002
1194	 1.2130000000e+003	-2.11884e+002	 1.22367e+002
1195	 1.2140000000e+003	-2.11609e+002	 1.37899e+002
1196	 1.2150000000e+003	-2.09126e+002	 1.53340e+002
1197	 1.2160000000e+003	-2.04543e+002	 1.68699e+002
1198	 1.2170000000e+003	-1.97994e+002	 1.83298e+002
1199	 1.2180000000e+003	-1.89731e+002	 1.96783e+002
1200	 1.2190000000e+003	-1.79876e+002	 2.08827e+002
1201	 1.2200000000e+003	-1.68760e+002	 2.19532e+002
1202	 1.2210000000e+003	-1.56930e+002	 2.28373e+002
1203	 1.2220000000e+003	-1.44363e+002	 2.35576e+002
1204	 1.2230000000e+003	-1.31703e+002	 2.40983e+002
1205	 1.2240000000e+003	-1.19095e+002	 2.44920e+002
1206	 1.2250000000e+003	-1.06807e+002	 2.47117e+002
1207	 1.2260000000e+003	-9.46662e+001	 2.48125e+002
1208	 1.2270000000e+003	-8.32670e+001	 2.48050e+002
1209	 1.2280000000e+003	-7.25187e+001	 2.47040e+002
1210	 1.2290000000e+003	-6.24196e+001	 2.44996e+002
1211	 1.2300000000e+003	-5.29866e+001	 2.42370e+002
1212	 1.2310000000e+003	-4.43054e+001	 2.39229e+002
1213	 1.2320000000e+003	-3.65109e+001	 2.35826e+002
1214	 1.2330000000e+003	-2.93842e+001	 2.32112e+002
1215	 1.2340000000e+003	-2.28739e+001	 2.28123e+002
1216	 1.2350000000e+003	-1.68371e+001	 2.23955e+002
1217	 1.2360000000e+003	-1.14344e+001	 2.19682e+002
1218	 1.2370000000e+003	-6.59480e+000	 2.15369e+002
1219	 1.2380000000e+003	-2.16859e+000	 2.11050e+002
1220	 1.2390000000e+003	 1.75016e+000	 2.06728e+002
1221	 1.2400000000e+003	 5.34444e+000	 2.02507e+002
1222	 1.2410000000e+003	 8.52820e+000	 1.98440e+002
1223	 1.2420000000e+003	 1.14139e+001	 1.94402e+002
1224	 1.2430000000e+003	 1.39680e+001	 1.90402e+002
1225	 1.2440000000e+003	 1.62461e+001	 1.86556e+002
1226	 1.2450000000e+003	 1.82615e+001	 1.82745e+002
1227	 1.2460000000e+003	 2.01106e+001	 1.79083e+002
1228	 1.2470000000e+003	 2.17676e+001	 1.75535e+002
1229	 1.2480000000e+003	 2.32672e+001	 1.72061e+002
1230	 1.2490000000e+003	 2.46174e+001	 1.68699e+002
1231	 1.2500000000e+003	 2.57687e+001	 1.65468e+002
1232	 1.2510000000e+003	 2.68278e+001	 1.62288e+002
1233	 1.2520000000e+003	 2.77753e+001	 1.59182e+002
1234	 1.2530000000e+003	 2.86266e+001	 1.56193e+002
1235	 1.2540000000e+003	 2.92894e+001	 1.53322e+002
1236	 1.2550000000e+003	 2.99026e+001	 1.50532e+002
1237	 1.2560000000e+003	 3.04948e+001	 1.47806e+002
1238	 1.2570000000e+003	 3.09455e+001	 1.45158e+002
1239	 1.2580000000e+003	 3.13046e+001	 1.42606e+002
1240	 1.2590000000e+003	 3.16850e+001	 1.40116e+002
1241	 1.2600000000e+003	 3.19764e+001	 1.37666e+002
1242	 1.2610000000e+003	 3.21991e+001	 1.35279e+002
1243	 1.2620000000e+003	 3.23110e+001	 1.32969e+002
1244	 1.2630000000e+003	 3.24613e+001	 1.30753e+002
1245	 1.2640000000e+003	 3.26431e+001	 1.28588e+002
1246	 1.2650000000e+003	 3.26535e+001	 1.26416e+002
1247	 1.2660000000e+003	 3.26438e+001	 1.24283e+002
1248	 1.2670000000e+003	 3.26265e+001	 1.22218e+002
1249	 1.2680000000e+003	 3.26098e+001	 1.20204e+002
1250	 1.2690000000e+003	 3.25259e+001	 1.18242e+002
1251	 1.2700000000e+003	 3.23475e+001	 1.16291e+002
1252	 1.2710000000e+003	 3.22029e+001	 1.14422e+002
1253	 1.2720000000e+003	 3.20230e+001	 1.12582e+002
1254	 1.2730000000e+003	 3.18024e+001	 1.10808e+002
1255	 1.2740000000e+003	 3.15473e+001	 1.09005e+002
1256	 1.2750000000e+003	 3.13276e+001	 1.07206e+002
1257	 1.2760000000e+003	 3.10640e+001	 1.05474e+002
1258	 1.2770000000e+003	 3.07460e+001	 1.03812e+002
1259	 1.2780000000e+003	 3.04433e+001	 1.02147e+002
1260	 1.2790000000e+003	 3.00780e+001	 1.00478e+002
1261	 1.2800000000e+003	 2.96689e+001	 9.89004e+001
1262	 1.2810000000e+003	 2.92712e+001	 9.73069e+001
1263	 1.2820000000e+003	 2.88232e+001	 9.57008e+001
1264	 1.2830000000e+003	 2.83776e+001	 9.41577e+001
1265	 1.2840000000e+003	 2.79303e+001	 9.26935e+001
1266	 1.2850000000e+003	 2.74447e+001	 9.12071e+001
1267	 1.2860000000e+003	 2.69197e+001	 8.96987e+001
1268	 1.2870000000e+003	 2.63711e+001	 8.82363e+001
1269	 1.2880000000e+003	 2.58461e+001	 8.67907e+001
1270	 1.2890000000e+003	 2.52811e+001	 8.53923e+001
1271	 1.2900000000e+003	 2.46376e+001	 8.40208e+001
1272	 1.2910000000e+003	 2.40108e+001	 8.26211e+001
1273	 1.2920000000e+003	 2.33729e+001	 8.12323e+001
1274	 1.2930000000e+003	 2.26986e+001	 7.99158e+001
1275	 1.2940000000e+003	 2.20112e+001	 7.85719e+001
1276	 1.2950000000e+003	 2.12842e+001	 7.72266e+001
1277	 1.2960000000e+003	 2.05159e+001	 7.59420e+001
1278	 1.2970000000e+003	 1.97779e+001	 7.46593e+001
1279	 1.2980000000e+003	 1.89961e+001	 7.33750e+001
1280	 1.2990000000e+003	 1.81210e+001	 7.21440e+001
1281	 1.3000000000e+003	 1.73066e+001	 7.08980e+001
1282	 1.3010000000e+003	 1.64359e+001	 6.96603e+001
1283	 1.3020000000e+003	 1.55350e+001	 6.85115e+001
1284	 1.3030000000e+003	 1.46189e+001	 6.73080e+001
1285	 1.3040000000e+003	 1.36301e+001	 6.61353e+001
1286	 1.3050000000e+003	 1.25881e+001	 6.50363e+001
1287	 1.3060000000e+003	 1.15582e+001	 6.39284e+001
1288	 1.3070000000e+003	 1.05181e+001	 6.28210e+001
1289	 1.3080000000e+003	 9.41925e+000	 6.17254e+001
1290	 1.3090000000e+003	 8.26247e+000	 6.06808e+001
1291	 1.3100000000e+003	 7.13126e+000	 5.96774e+001
1292	 1.3110000000e+003	 5.94045e+000	 5.86397e+001
1293	 1.3120000000e+003	 4.70268e+000	 5.76370e+001
1294	 1.3130000000e+003	 3.46898e+000	 5.67261e+001
1295	 1.3140000000e+003	 2.16314e+000	 5.58243e+001
1296	 1.3150000000e+003	 8.10781e-001	 5.48942e+001
1297	 1.3160000000e+003	-5.27580e-001	 5.40161e+001
1298	 1.3170000000e+003	-1.94114e+000	 5.31673e+001
1299	 1.3180000000e+003	-3.40656e+000	 5.23551e+001
1300	 1.3190000000e+003	-4.85778e+000	 5.16089e+001
1301	 1.3200000000e+003	-6.35711e+000	 5.08468e+001
1302	 1.3210000000e+003	-7.94263e+000	 5.01517e+001
1303	 1.3220000000e+003	-9.54708e+000	 4.94798e+001
1304	 1.3230000000e+003	-1.11863e+001	 4.88128e+001
1305	 1.3240000000e+003	-1.29047e+001	 4.82152e+001
1306	 1.3250000000e+003	-1.45970e+001	 4.76414e+001
1307	 1.3260000000e+003	-1.63885e+001	 4.71411e+001
1308	 1.3270000000e+003	-1.82862e+001	 4.67219e+001
1309	 1.3280000000e+003	-2.01628e+001	 4.63565e+001
1310	 1.3290000000e+003	-2.20790e+001	 4.59923e+001
1311	 1.3300000000e+003	-2.40972e+001	 4.57281e+001
1312	 1.3310000000e+003	-2.61831e+001	 4.54712e+001
1313	 1.3320000000e+003	-2.82676e+001	 4.53549e+001
1314	 1.3330000000e+003	-3.04253e+001	 4.52975e+001
1315	 1.3340000000e+003	-3.26595e+001	 4.53497e+001
1316	 1.3350000000e+003	-3.49545e+001	 4.54764e+001
1317	 1.3360000000e+003	-3.72913e+001	 4.56500e+001
1318	 1.3370000000e+003	-3.97055e+001	 4.59971e+001
1319	 1.3380000000e+003	-4.21310e+001	 4.64188e+001
1320	 1.3390000000e+003	-4.46477e+001	 4.70080e+001
1321	 1.3400000000e+003	-4.71977e+001	 4.77805e+001
1322	 1.3410000000e+003	-4.98028e+001	 4.86788e+001
1323	 1.3420000000e+003	-5.25170e+001	 4.97514e+001
1324	 1.3430000000e+003	-5.51889e+001	 5.10188e+001
1325	 1.3440000000e+003	-5.78938e+001	 5.24569e+001
1326	 1.3450000000e+003	-6.05776e+001	 5.41274e+001
1327	 1.3460000000e+003	-6.32802e+001	 5.60759e+001
1328	 1.3470000000e+003	-6.59775e+001	 5.82376e+001
1329	 1.3480000000e+003	-6.85382e+001	 6.06852e+001
1330	 1.3490000000e+003	-7.10388e+001	 6.34481e+001
1331	 1.3500000000e+003	-7.33903e+001	 6.63478e+001
1332	 1.3510000000e+003	-7.55427e+001	 6.96833e+001
1333	 1.3520000000e+003	-7.74785e+001	 7.32814e+001
1334	 1.3530000000e+003	-7.91384e+001	 7.70507e+001
1335	 1.3540000000e+003	-8.05571e+001	 8.11076e+001
1336	 1.3550000000e+003	-8.16772e+001	 8.53730e+001
1337	 1.3560000000e+003	-8.23644e+001	 8.98269e+001
1338	 1.3570000000e+003	-8.26358e+001	 9.43961e+001
1339	 1.3580000000e+003	-8.24249e+001	 9.90265e+001
1340	 1.3590000000e+003	-8.18401e+001	 1.03717e+002
1341	 1.3600000000e+003	-8.07408e+001	 1.08348e+002
1342	 1.3610000000e+003	-7.92139e+001	 1.12838e+002
1343	 1.3620000000e+003	-7.71707e+001	 1.17186e+002
1344	 1.3630000000e+003	-7.47292e+001	 1.21329e+002
1345	 1.3640000000e+003	-7.19578e+001	 1.25135e+002
1346	 1.3650000000e+003	-6.88625e+001	 1.28633e+002
1347	 1.3660000000e+003	-6.54556e+001	 1.31784e+002
1348	 1.3670000000e+003	-6.18600e+001	 1.34513e+002
1349	 1.3680000000e+003	-5.81001e+001	 1.36864e+002
1350	 1.3690000000e+003	-5.42169e+001	 1.38769e+002
1351	 1.3700000000e+003	-5.03017e+001	 1.40329e+002
1352	 1.3710000000e+003	-4.63478e+001	 1.41485e+002
1353	 1.3720000000e+003	-4.24590e+001	 1.42318e+002
1354	 1.3730000000e+003	-3.86947e+001	 1.42755e+002
1355	 1.3740000000e+003	-3.50017e+001	 1.42939e+002
1356	 1.3750000000e+003	-3.14918e+001	 1.42835e+002
1357	 1.3760000000e+003	-2.80566e+001	 1.42464e+002
1358	 1.3770000000e+003	-2.47728e+001	 1.41817e+002
1359	 1.3780000000e+003	-2.17134e+001	 1.41073e+002
1360	 1.3790000000e+003	-1.88295e+001	 1.40126e+002
1361	 1.3800000000e+003	-1.61229e+001	 1.39084e+002
1362	 1.3810000000e+003	-1.36296e+001	 1.37942e+002
1363	 1.3820000000e+003	-1.12750e+001	 1.36672e+002
1364	 1.3830000000e+003	-9.05286e+000	 1.35332e+002
1365	 1.3840000000e+003	-7.00858e+000	 1.33971e+002
1366	 1.3850000000e+003	-5.13327e+000	 1.32571e+002
1367	 1.3860000000e+003	-3.37716e+000	 1.31140e+002
1368	 1.3870000000e+003	-1.74824e+000	 1.29711e+002
1369	 1.3880000000e+003	-2.75345e-001	 1.28231e+002
1370	 1.3890000000e+003	 1.10466e+000	 1.26774e+002
1371	 1.3900000000e+003	 2.37963e+000	 1.25311e+002
1372	 1.3910000000e+003	 3.58136e+000	 1.23836e+002
1373	 1.3920000000e+003	 4.68602e+000	 1.22422e+002
1374	 1.3930000000e+003	 5.68387e+000	 1.20986e+002
1375	 1.3940000000e+003	 6.61295e+000	 1.19562e+002
1376	 1.3950000000e+003	 7.47866e+000	 1.18159e+002
1377	 1.3960000000e+003	 8.26703e+000	 1.16789e+002
1378	 1.3970000000e+003	 8.97979e+000	 1.15404e+002
1379	 1.3980000000e+003	 9.64173e+000	 1.14074e+002
1380	 1.3990000000e+003	 1.02638e+001	 1.12760e+002
1381	 1.4000000000e+003	 1.08262e+001	 1.11457e+002
1382	 1.4010000000e+003	 1.13382e+001	 1.10161e+002
1383	 1.4020000000e+003	 1.18085e+001	 1.08895e+002
1384	 1.4030000000e+003	 1.22299e+001	 1.07633e+002
1385	 1.4040000000e+003	 1.26143e+001	 1.06384e+002
1386	 1.4050000000e+003	 1.29686e+001	 1.05151e+002
1387	 1.4060000000e+003	 1.32766e+001	 1.03937e+002
1388	 1.4070000000e+003	 1.35223e+001	 1.02759e+002
1389	 1.4080000000e+003	 1.37330e+001	 1.01590e+002
1390	 1.4090000000e+003	 1.39378e+001	 1.00421e+002
1391	 1.4100000000e+003	 1.41288e+001	 9.92761e+001
1392	 1.4110000000e+003	 1.42820e+001	 9.81524e+001
1393	 1.4120000000e+003	 1.43892e+001	 9.70658e+001
1394	 1.4130000000e+003	 1.44740e+001	 9.59763e+001
1395	 1.4140000000e+003	 1.45069e+001	 9.49025e+001
1396	 1.4150000000e+003	 1.45391e+001	 9.38423e+001
1397	 1.4160000000e+003	 1.45736e+001	 9.28054e+001
1398	 1.4170000000e+003	 1.45296e+001	 9.17929e+001
1399	 1.4180000000e+003	 1.44666e+001	 9.07776e+001
1400	 1.4190000000e+003	 1.44108e+001	 8.97688e+001
1401	 1.4200000000e+003	 1.43244e+001	 8.87772e+001
1402	 1.4210000000e+003	 1.42195e+001	 8.77846e+001
1403	 1.4220000000e+003	 1.40918e+001	 8.68332e+001
1404	 1.4230000000e+003	 1.39271e+001	 8.58973e+001
1405	 1.4240000000e+003	 1.37646e+001	 8.49664e+001
1406	 1.4250000000e+003	 1.35845e+001	 8.40396e+001
1407	 1.4260000000e+003	 1.33953e+001	 8.31498e+001
1408	 1.4270000000e+003	 1.31629e+001	 8.22861e+001
1409	 1.4280000000e+003	 1.29037e+001	 8.14241e+001
1410	 1.4290000000e+003	 1.26656e+001	 8.05586e+001
1411	 1.4300000000e+003	 1.24053e+001	 7.97202e+001
1412	 1.4310000000e+003	 1.21107e+001	 7.88911e+001
1413	 1.4320000000e+003	 1.17714e+001	 7.80655e+001
1414	 1.4330000000e+003	 1.14512e+001	 7.72472e+001
1415	 1.4340000000e+003	 1.11119e+001	 7.64561e+001
1416	 1.4350000000e+003	 1.07554e+001	 7.56814e+001
1417	 1.4360000000e+003	 1.03925e+001	 7.49052e+001
1418	 1.4370000000e+003	 1.00237e+001	 7.41594e+001
1419	 1.4380000000e+003	 9.63170e+000	 7.34348e+001
1420	 1.4390000000e+003	 9.22325e+000	 7.26992e+001
1421	 1.4400000000e+003	 8.81159e+000	 7.19783e+001
1422	 1.4410000000e+003	 8.37392e+000	 7.12526e+001
1423	 1.4420000000e+003	 7.91984e+000	 7.05722e+001
1424	 1.4430000000e+003	 7.46596e+000	 6.99101e+001
1425	 1.4440000000e+003	 6.97354e+000	 6.92206e+001
1426	 1.4450000000e+003	 6.47098e+000	 6.85450e+001
1427	 1.4460000000e+003	 5.97209e+000	 6.78832e+001
1428	 1.4470000000e+003	 5.46852e+000	 6.72484e+001
1429	 1.4480000000e+003	 4.91965e+000	 6.66051e+001
1430	 1.4490000000e+003	 4.35013e+000	 6.59605e+001
1431	 1.4500000000e+003	 3.74974e+000	 6.53223e+001
1432	 1.4510000000e+003	 3.18067e+000	 6.47366e+001
1433	 1.4520000000e+003	 2.57631e+000	 6.41311e+001
1434	 1.4530000000e+003	 1.95058e+000	 6.35483e+001
1435	 1.4540000000e+003	 1.29448e+000	 6.29931e+001
1436	 1.4550000000e+003	 6.36134e-001	 6.24441e+001
1437	 1.4560000000e+003	-4.71839e-002	 6.19050e+001
1438	 1.4570000000e+003	-7.89765e-001	 6.13886e+001
1439	 1.4580000000e+003	-1.54262e+000	 6.08932e+001
1440	 1.4590000000e+003	-2.30715e+000	 6.04076e+001
1441	 1.4600000000e+003	-3.08120e+000	 5.99377e+001
1442	 1.4610000000e+003	-3.88984e+000	 5.94773e+001
1443	 1.4620000000e+003	-4.74481e+000	 5.90304e+001
1444	 1.4630000000e+003	-5.57493e+000	 5.86107e+001
1445	 1.4640000000e+003	-6.45499e+000	 5.82408e+001
1446	 1.4650000000e+003	-7.37703e+000	 5.79360e+001
1447	 1.4660000000e+003	-8.30823e+000	 5.76586e+001
1448	 1.4670000000e+003	-9.22462e+000	 5.73725e+001
1449	 1.4680000000e+003	-1.01693e+001	 5.71152e+001
1450	 1.4690000000e+003	-1.11209e+001	 5.69070e+001
1451	 1.4700000000e+003	-1.21215e+001	 5.67496e+001
1452	 1.4710000000e+003	-1.31790e+001	 5.65898e+001
1453	 1.4720000000e+003	-1.41842e+001	 5.64608e+001
1454	 1.4730000000e+003	-1.52162e+001	 5.64415e+001
1455	 1.4740000000e+003	-1.63077e+001	 5.64513e+001
1456	 1.4750000000e+003	-1.73405e+001	 5.64737e+001
1457	 1.4760000000e+003	-1.83640e+001	 5.65529e+001
1458	 1.4770000000e+003	-1.94527e+001	 5.66800e+001
1459	 1.4780000000e+003	-2.05414e+001	 5.68644e+001
1460	 1.4790000000e+003	-2.15598e+001	 5.70255e+001
1461	 1.4800000000e+003	-2.25902e+001	 5.73151e+001
1462	 1.4810000000e+003	-2.36913e+001	 5.76932e+001
1463	 1.4820000000e+003	-2.47636e+001	 5.79537e+001
1464	 1.4830000000e+003	-2.57480e+001	 5.83792e+001
1465	 1.4840000000e+003	-2.68571e+001	 5.88846e+001
1466	 1.4850000000e+003	-2.78170e+001	 5.92401e+001
1467	 1.4860000000e+003	-2.87399e+001	 5.97872e+001
1468	 1.4870000000e+003	-2.99108e+001	 6.04018e+001
1469	 1.4880000000e+003	-3.08322e+001	 6.08852e+001
1470	 1.4890000000e+003	-3.17859e+001	 6.16622e+001
1471	 1.4900000000e+003	-3.29089e+001	 6.23503e+001
1472	 1.4910000000e+003	-3.37115e+001	 6.30301e+001
1473	 1.4920000000e+003	-3.47753e+001	 6.39679e+001
1474	 1.4930000000e+003	-3.57216e+001	 6.46901e+001
1475	 1.4940000000e+003	-3.64675e+001	 6.56802e+001
1476	 1.4950000000e+003	-3.76180e+001	 6.66112e+001
1477	 1.4960000000e+003	-3.82728e+001	 6.75001e+001
1478	 1.4970000000e+003	-3.92922e+001	 6.88282e+001
1479	 1.4980000000e+003	-4.00661e+001	 6.97684e+001
1480	 1.4990000000e+003	-4.07314e+001	 7.11729e+001
1481	 1.5000000000e+003	-4.16873e+001	 7.24489e+001
1482	 1.5010000000e+003	-4.21542e+001	 7.37692e+001
1483	 1.5020000000e+003	-4.30842e+001	 7.55017e+001
1484	 1.5030000000e+003	-4.33670e+001	 7.66763e+001
1485	 1.5040000000e+003	-4.40134e+001	 7.87351e+001
1486	 1.5050000000e+003	-4.41860e+001	 7.98562e+001
1487	 1.5060000000e+003	-4.45417e+001	 8.21886e+001
1488	 1.5070000000e+003	-4.47027e+001	 8.33633e+001
1489	 1.5080000000e+003	-4.46225e+001	 8.57795e+001
1490	 1.5090000000e+003	-4.46835e+001	 8.70025e+001
1491	 1.5100000000e+003	-4.42592e+001	 8.95481e+001
1492	 1.5110000000e+003	-4.41299e+001	 9.07751e+001
1493	 1.5120000000e+003	-4.32929e+001	 9.32664e+001
1494	 1.5130000000e+003	-4.29998e+001	 9.44379e+001
1495	 1.5140000000e+003	-4.17429e+001	 9.69543e+001
1496	 1.5150000000e+003	-4.13286e+001	 9.78892e+001
1497	 1.5160000000e+003	-3.96860e+001	 1.00457e+002
1498	 1.5170000000e+003	-3.90670e+001	 1.01169e+002
1499	 1.5180000000e+003	-3.71856e+001	 1.03521e+002
1500	 1.5190000000e+003	-3.63452e+001	 1.04173e+002
1501	 1.5200000000e+003	-3.43413e+001	 1.06050e+002
1502	 1.5210000000e+003	-3.30491e+001	 1.06829e+002
1503	 1.5220000000e+003	-3.15899e+001	 1.07973e+002
1504	 1.5230000000e+003	-2.93821e+001	 1.09042e+002
1505	 1.5240000000e+003	-2.85279e+001	 1.09594e+002
1506	 1.5250000000e+003	-2.56363e+001	 1.10712e+002
1507	 1.5260000000e+003	-2.48495e+001	 1.10913e+002
1508	 1.5270000000e+003	-2.23921e+001	 1.11588e+002
1509	 1.5280000000e+003	-2.07960e+001	 1.11703e+002
1510	 1.5290000000e+003	-1.97259e+001	 1.11968e+002
1511	 1.5300000000e+003	-1.67958e+001	 1.12033e+002
1512	 1.5310000000e+003	-1.59977e+001	 1.11978e+002
1513	 1.5320000000e+003	-1.38460e+001	 1.11946e+002
1514	 1.5330000000e+003	-1.20389e+001	 1.11603e+002
1515	 1.5340000000e+003	-1.13140e+001	 1.11511e+002
1516	 1.5350000000e+003	-8.62321e+000	 1.10950e+002
1517	 1.5360000000e+003	-7.69535e+000	 1.10559e+002
1518	 1.5370000000e+003	-6.87021e+000	 1.10323e+002
1519	 1.5380000000e+003	-4.31271e+000	 1.09305e+002
1520	 1.5390000000e+003	-3.61009e+000	 1.08934e+002
1521	 1.5400000000e+003	-2.79786e+000	 1.08568e+002
1522	 1.5410000000e+003	-5.76259e-001	 1.07207e+002
1523	 1.5420000000e+003	 6.58676e-002	 1.06816e+002
1524	 1.5430000000e+003	 7.39617e-001	 1.06432e+002
1525	 1.5440000000e+003	 2.72794e+000	 1.04862e+002
1526	 1.5450000000e+003	 3.32334e+000	 1.04270e+002
1527	 1.5460000000e+003	 3.81099e+000	 1.03836e+002
1528	 1.5470000000e+003	 5.26404e+000	 1.02483e+002
1529	 1.5480000000e+003	 6.09030e+000	 1.01437e+002
1530	 1.5490000000e+003	 6.51953e+000	 1.00853e+002
1531	 1.5500000000e+003	 7.04615e+000	 1.00188e+002
1532	 1.5510000000e+003	 8.32779e+000	 9.84092e+001
1533	 1.5520000000e+003	 8.70837e+000	 9.77842e+001
1534	 1.5530000000e+003	 9.07204e+000	 9.71830e+001
1535	 1.5540000000e+003	 9.65433e+000	 9.62714e+001
1536	 1.5550000000e+003	 1.04691e+001	 9.45812e+001
1537	 1.5560000000e+003	 1.07119e+001	 9.39394e+001
1538	 1.5570000000e+003	 1.09748e+001	 9.33075e+001
1539	 1.5580000000e+003	 1.12709e+001	 9.25468e+001
1540	 1.5590000000e+003	 1.18248e+001	 9.06907e+001
1541	 1.5600000000e+003	 1.20302e+001	 9.00381e+001
1542	 1.5610000000e+003	 1.22245e+001	 8.93777e+001
1543	 1.5620000000e+003	 1.23948e+001	 8.87467e+001
1544	 1.5630000000e+003	 1.26446e+001	 8.73708e+001
1545	 1.5640000000e+003	 1.27600e+001	 8.61685e+001
1546	 1.5650000000e+003	 1.28422e+001	 8.55350e+001
1547	 1.5660000000e+003	 1.29262e+001	 8.48516e+001
1548	 1.5670000000e+003	 1.29579e+001	 8.42040e+001
1549	 1.5680000000e+003	 1.30210e+001	 8.34303e+001
1550	 1.5690000000e+003	 1.30601e+001	 8.17988e+001
1551	 1.5700000000e+003	 1.30643e+001	 8.11860e+001
1552	 1.5710000000e+003	 1.30214e+001	 8.05371e+001
1553	 1.5720000000e+003	 1.29459e+001	 7.98552e+001
1554	 1.5730000000e+003	 1.29138e+001	 7.92069e+001
1555	 1.5740000000e+003	 1.29092e+001	 7.86056e+001
1556	 1.5750000000e+003	 1.26611e+001	 7.71022e+001
1557	 1.5760000000e+003	 1.25144e+001	 7.64848e+001
1558	 1.5770000000e+003	 1.23775e+001	 7.58674e+001
1559	 1.5780000000e+003	 1.22276e+001	 7.52213e+001
1560	 1.5790000000e+003	 1.20792e+001	 7.45659e+001
1561	 1.5800000000e+003	 1.19043e+001	 7.39020e+001
1562	 1.5810000000e+003	 1.17151e+001	 7.32947e+001
1563	 1.5820000000e+003	 1.14922e+001	 7.27368e+001
1564	 1.5830000000e+003	 1.12931e+001	 7.22787e+001
1565	 1.5840000000e+003	 1.08474e+001	 7.08848e+001
1566	 1.5850000000e+003	 1.06525e+001	 7.02928e+001
1567	 1.5860000000e+003	 1.03846e+001	 6.97742e+001
1568	 1.5870000000e+003	 1.01103e+001	 6.91984e+001
1569	 1.5880000000e+003	 9.85988e+000	 6.85945e+001
1570	 1.5890000000e+003	 9.55011e+000	 6.80112e+001
1571	 1.5900000000e+003	 9.23331e+000	 6.74526e+001
1572	 1.5910000000e+003	 8.90530e+000	 6.68504e+001
1573	 1.5920000000e+003	 8.55421e+000	 6.62710e+001
1574	 1.5930000000e+003	 8.21592e+000	 6.57188e+001
1575	 1.5940000000e+003	 7.87207e+000	 6.51751e+001
1576	 1.5950000000e+003	 7.47281e+000	 6.46481e+001
1577	 1.5960000000e+003	 7.08119e+000	 6.40999e+001
1578	 1.5970000000e+003	 6.69177e+000	 6.35528e+001
1579	 1.5980000000e+003	 6.29240e+000	 6.30357e+001
1580	 1.5990000000e+003	 5.87078e+000	 6.25806e+001
1581	 1.6000000000e+003	 5.46564e+000	 6.21095e+001
1582	 1.6010000000e+003	 5.00254e+000	 6.15793e+001
1583	 1.6020000000e+003	 4.58415e+000	 6.11089e+001
1584	 1.6030000000e+003	 4.19147e+000	 6.06050e+001
1585	 1.6040000000e+003	 3.78100e+000	 6.01265e+001
1586	 1.6050000000e+003	 3.28424e+000	 5.96130e+001
1587	 1.6060000000e+003	 2.65454e+000	 5.90073e+001
1588	 1.6070000000e+003	 1.99618e+000	 5.85113e+001
1589	 1.6080000000e+003	 1.35093e+000	 5.82251e+001
1590	 1.6090000000e+003	 7.78338e-001	 5.77449e+001
1591	 1.6100000000e+003	-8.92834e-002	 5.72777e+001
1592	 1.6110000000e+003	-1.09445e+000	 5.76191e+001
1593	 1.6120000000e+003	-1.14003e+000	 5.81655e+001
1594	 1.6130000000e+003	-6.26565e-001	 5.81278e+001
1595	 1.6140000000e+003	 2.61240e-001	 5.77078e+001
1596	 1.6150000000e+003	 1.07351e+000	 5.71183e+001
1597	 1.6160000000e+003	 2.71616e+000	 5.56047e+001
1598	 1.6170000000e+003	 3.36057e+000	 5.25546e+001
1599	 1.6180000000e+003	 1.23386e+000	 5.02834e+001
1600	 1.6190000000e+003	-1.55959e+000	 4.98657e+001
1601	 1.6200000000e+003	-5.73540e+000	 5.20389e+001
TagsBegin:	 	 	 
OverLoad:	 	False	 
AverageNumber: []	 	 8.80000e+001	 
OverLoadRatio: []	 	 1.19209e-007	 
TagsEnd:	 	 	 
TagScalesBegin:	 	 	 
TagScalesEnd:	 	 	 
