Header Size:	 79	 	 
Pulse Version:	 80	 	 
Running Pulse Version:	PULSE LabShop Fast Track Version 18.1.1.9 - 2014-01-16	 	 
Decimal Symbol:	.	 	 
Date Format:	M/d/yyyy	 	 
Time Format:	HH:mm:ss:mmm	 	 
Data Type:	Complex	 	 
Slice:	False	 	 
Z-Axis type:	Linear	 	 
Z-Axis size:	1	 	 
Z-Axis unit:	 	 	 
Z-Axis first value:	 0.0000000000e+000	 	 
Z-Axis delta:	 1.0000000000e+000	 	 
X-Axis type:	Linear	 	 
X-Axis size:	1601	 	 
X-Axis unit:	Hz	 	 
X-Axis first value:	 2.0000000000e+001	 	 
X-Axis delta:	 1.0000000000e+000	 	 
	 	 	 
AmplitudeUnit:	Pa/(m/s)	 	 
Analyzer:	FFT_Spectrum_Averaging	 	 
AnalyzerName:	FFT Analyzer	 	 
	 	 	 
	 	 	 
Bipolar:	True	 	 
CenterFrequency:	 8.2000000000e+002	 	 
	 	 	 
	 	 	 
	 	 	 
	 	 	 
	 	 	 
	 	 	 
	 	 	 
	 	 	 
Domain:	1	 	 
Function:	Frequency Response	 	 
	 	 	 
InputRange:	-1.0000000000e-001	 	 
	 	 	 
	 	 	 
MultiBufferName:	Input	 	 
NBW:	 1.5000000000e+000	 	 
	 	 	 
OverlapFailed:	False	 	 
Overrun:	False	 	 
Power:	False	 	 
	 	 	 
Ratio:	True	 	 
RecordLength:	 1.0000000000e+000	 	 
ReducedSize:	True	 	 
Ref_Signal:	v	 	 
	 	 	 
	 	 	 
RefSignalUnit:	m/s	 	 
	 	 	 
	 	 	 
Signal:	p	 	 
	 	 	 
SignalUnit:	Pa	 	 
	 	 	 
	 	 	 
	 	 	 
Title:	Input Impedance	 	 
Title1:	Working : Input : Input : FFT Analyzer	 	 
	 	 	 
	 	 	 
	 	 	 
ZoomOn:	True	 	 
	 	 	 
TemplateName:	Working	 	 
MeasurementName:	Input	 	 
MeasurementSlice:	False	 	 
	 	 	 
	 	 	 
	 	 	 
EnvelopeOn:	False	 	 
	 	 	 
	 	 	 
	 	 	 
Z-index:	 	1	 
Date:	 	5/24/2022	 
Time:	 	10:49:11:749	 
Relative time:	 	 0.00000e+000	 
Z-axis:	 	 0.0000000000e+000	 
1	 2.0000000000e+001	 1.46514e+000	 5.95671e+001
2	 2.1000000000e+001	 1.87249e+000	 6.25644e+001
3	 2.2000000000e+001	 1.87809e+000	 6.50873e+001
4	 2.3000000000e+001	 2.48943e+000	 6.85561e+001
5	 2.4000000000e+001	 2.31917e+000	 7.22747e+001
6	 2.5000000000e+001	 3.28337e+000	 7.58055e+001
7	 2.6000000000e+001	 3.00147e+000	 7.97376e+001
8	 2.7000000000e+001	 4.12339e+000	 8.36026e+001
9	 2.8000000000e+001	 3.87759e+000	 8.74395e+001
10	 2.9000000000e+001	 4.84741e+000	 9.16403e+001
11	 3.0000000000e+001	 4.77431e+000	 9.58104e+001
12	 3.1000000000e+001	 5.59600e+000	 1.00347e+002
13	 3.2000000000e+001	 6.13691e+000	 1.04951e+002
14	 3.3000000000e+001	 6.35714e+000	 1.09562e+002
15	 3.4000000000e+001	 7.61864e+000	 1.14748e+002
16	 3.5000000000e+001	 7.76658e+000	 1.19659e+002
17	 3.6000000000e+001	 8.68329e+000	 1.25161e+002
18	 3.7000000000e+001	 9.81889e+000	 1.30908e+002
19	 3.8000000000e+001	 1.01985e+001	 1.36548e+002
20	 3.9000000000e+001	 1.15270e+001	 1.42957e+002
21	 4.0000000000e+001	 1.29026e+001	 1.49484e+002
22	 4.1000000000e+001	 1.35453e+001	 1.55999e+002
23	 4.2000000000e+001	 1.50819e+001	 1.63345e+002
24	 4.3000000000e+001	 1.68443e+001	 1.71312e+002
25	 4.4000000000e+001	 1.78260e+001	 1.79119e+002
26	 4.5000000000e+001	 1.98324e+001	 1.87805e+002
27	 4.6000000000e+001	 2.20936e+001	 1.97503e+002
28	 4.7000000000e+001	 2.44269e+001	 2.07255e+002
29	 4.8000000000e+001	 2.64907e+001	 2.17740e+002
30	 4.9000000000e+001	 2.98366e+001	 2.29528e+002
31	 5.0000000000e+001	 3.35353e+001	 2.42352e+002
32	 5.1000000000e+001	 3.71589e+001	 2.55511e+002
33	 5.2000000000e+001	 4.12414e+001	 2.70390e+002
34	 5.3000000000e+001	 4.70449e+001	 2.86834e+002
35	 5.4000000000e+001	 5.36570e+001	 3.05270e+002
36	 5.5000000000e+001	 6.08358e+001	 3.24742e+002
37	 5.6000000000e+001	 6.89154e+001	 3.46583e+002
38	 5.7000000000e+001	 8.06456e+001	 3.71991e+002
39	 5.8000000000e+001	 9.43072e+001	 4.00344e+002
40	 5.9000000000e+001	 1.10749e+002	 4.32069e+002
41	 6.0000000000e+001	 1.31210e+002	 4.66905e+002
42	 6.1000000000e+001	 1.57505e+002	 5.10038e+002
43	 6.2000000000e+001	 1.94993e+002	 5.56892e+002
44	 6.3000000000e+001	 2.42238e+002	 6.13522e+002
45	 6.4000000000e+001	 3.06514e+002	 6.74001e+002
46	 6.5000000000e+001	 3.95617e+002	 7.43170e+002
47	 6.6000000000e+001	 5.27409e+002	 8.16897e+002
48	 6.7000000000e+001	 7.20163e+002	 8.68951e+002
49	 6.8000000000e+001	 9.78828e+002	 8.77359e+002
50	 6.9000000000e+001	 1.31012e+003	 7.58406e+002
51	 7.0000000000e+001	 1.62791e+003	 4.26697e+002
52	 7.1000000000e+001	 1.73441e+003	-9.30461e+001
53	 7.2000000000e+001	 1.51694e+003	-5.72615e+002
54	 7.3000000000e+001	 1.17615e+003	-8.11355e+002
55	 7.4000000000e+001	 8.70282e+002	-8.72597e+002
56	 7.5000000000e+001	 6.38774e+002	-8.38725e+002
57	 7.6000000000e+001	 4.78229e+002	-7.80217e+002
58	 7.7000000000e+001	 3.67489e+002	-7.09901e+002
59	 7.8000000000e+001	 2.85757e+002	-6.44352e+002
60	 7.9000000000e+001	 2.29759e+002	-5.86565e+002
61	 8.0000000000e+001	 1.87657e+002	-5.37521e+002
62	 8.1000000000e+001	 1.55463e+002	-4.92363e+002
63	 8.2000000000e+001	 1.30802e+002	-4.54823e+002
64	 8.3000000000e+001	 1.11853e+002	-4.21012e+002
65	 8.4000000000e+001	 9.57975e+001	-3.90967e+002
66	 8.5000000000e+001	 8.33980e+001	-3.64527e+002
67	 8.6000000000e+001	 7.31281e+001	-3.41643e+002
68	 8.7000000000e+001	 6.46325e+001	-3.20456e+002
69	 8.8000000000e+001	 5.72608e+001	-3.01608e+002
70	 8.9000000000e+001	 5.13923e+001	-2.84799e+002
71	 9.0000000000e+001	 4.61217e+001	-2.68902e+002
72	 9.1000000000e+001	 4.16647e+001	-2.54716e+002
73	 9.2000000000e+001	 3.77257e+001	-2.41533e+002
74	 9.3000000000e+001	 3.45680e+001	-2.29660e+002
75	 9.4000000000e+001	 3.14797e+001	-2.18455e+002
76	 9.5000000000e+001	 2.88104e+001	-2.08098e+002
77	 9.6000000000e+001	 2.66851e+001	-1.98508e+002
78	 9.7000000000e+001	 2.45647e+001	-1.89431e+002
79	 9.8000000000e+001	 2.27629e+001	-1.80931e+002
80	 9.9000000000e+001	 2.10617e+001	-1.72954e+002
81	 1.0000000000e+002	 1.97028e+001	-1.65477e+002
82	 1.0100000000e+002	 1.84059e+001	-1.58390e+002
83	 1.0200000000e+002	 1.71023e+001	-1.51657e+002
84	 1.0300000000e+002	 1.60909e+001	-1.45327e+002
85	 1.0400000000e+002	 1.51529e+001	-1.39203e+002
86	 1.0500000000e+002	 1.42259e+001	-1.33445e+002
87	 1.0600000000e+002	 1.34109e+001	-1.27828e+002
88	 1.0700000000e+002	 1.26543e+001	-1.22578e+002
89	 1.0800000000e+002	 1.20059e+001	-1.17462e+002
90	 1.0900000000e+002	 1.14227e+001	-1.12577e+002
91	 1.1000000000e+002	 1.07616e+001	-1.07899e+002
92	 1.1100000000e+002	 1.02481e+001	-1.03356e+002
93	 1.1200000000e+002	 9.80085e+000	-9.89445e+001
94	 1.1300000000e+002	 9.34489e+000	-9.47131e+001
95	 1.1400000000e+002	 8.91287e+000	-9.05721e+001
96	 1.1500000000e+002	 8.50766e+000	-8.65677e+001
97	 1.1600000000e+002	 8.17381e+000	-8.26790e+001
98	 1.1700000000e+002	 7.86921e+000	-7.88603e+001
99	 1.1800000000e+002	 7.54948e+000	-7.51359e+001
100	 1.1900000000e+002	 7.23199e+000	-7.15419e+001
101	 1.2000000000e+002	 6.99529e+000	-6.79714e+001
102	 1.2100000000e+002	 6.77681e+000	-6.44611e+001
103	 1.2200000000e+002	 6.58569e+000	-6.10462e+001
104	 1.2300000000e+002	 6.39288e+000	-5.76627e+001
105	 1.2400000000e+002	 6.22682e+000	-5.43645e+001
106	 1.2500000000e+002	 6.11658e+000	-5.11065e+001
107	 1.2600000000e+002	 6.02912e+000	-4.79048e+001
108	 1.2700000000e+002	 5.92083e+000	-4.47291e+001
109	 1.2800000000e+002	 5.83276e+000	-4.16387e+001
110	 1.2900000000e+002	 5.76278e+000	-3.85651e+001
111	 1.3000000000e+002	 5.70649e+000	-3.54918e+001
112	 1.3100000000e+002	 5.69261e+000	-3.24636e+001
113	 1.3200000000e+002	 5.66400e+000	-2.94517e+001
114	 1.3300000000e+002	 5.62847e+000	-2.64653e+001
115	 1.3400000000e+002	 5.60896e+000	-2.34881e+001
116	 1.3500000000e+002	 5.63680e+000	-2.05123e+001
117	 1.3600000000e+002	 5.67699e+000	-1.75316e+001
118	 1.3700000000e+002	 5.69146e+000	-1.45514e+001
119	 1.3800000000e+002	 5.73588e+000	-1.15988e+001
120	 1.3900000000e+002	 5.80219e+000	-8.62186e+000
121	 1.4000000000e+002	 5.85375e+000	-5.61577e+000
122	 1.4100000000e+002	 5.97259e+000	-2.60578e+000
123	 1.4200000000e+002	 6.08640e+000	 4.48908e-001
124	 1.4300000000e+002	 6.19689e+000	 3.48821e+000
125	 1.4400000000e+002	 6.32205e+000	 6.59457e+000
126	 1.4500000000e+002	 6.48349e+000	 9.69126e+000
127	 1.4600000000e+002	 6.66558e+000	 1.28766e+001
128	 1.4700000000e+002	 6.88139e+000	 1.60927e+001
129	 1.4800000000e+002	 7.06472e+000	 1.93525e+001
130	 1.4900000000e+002	 7.31309e+000	 2.26992e+001
131	 1.5000000000e+002	 7.59788e+000	 2.60964e+001
132	 1.5100000000e+002	 7.91656e+000	 2.95471e+001
133	 1.5200000000e+002	 8.33982e+000	 3.31183e+001
134	 1.5300000000e+002	 8.84717e+000	 3.67605e+001
135	 1.5400000000e+002	 9.38905e+000	 4.04646e+001
136	 1.5500000000e+002	 9.94329e+000	 4.42699e+001
137	 1.5600000000e+002	 1.05187e+001	 4.82112e+001
138	 1.5700000000e+002	 1.11508e+001	 5.22871e+001
139	 1.5800000000e+002	 1.17939e+001	 5.65251e+001
140	 1.5900000000e+002	 1.24426e+001	 6.09303e+001
141	 1.6000000000e+002	 1.30878e+001	 6.55081e+001
142	 1.6100000000e+002	 1.37996e+001	 7.03193e+001
143	 1.6200000000e+002	 1.45727e+001	 7.53662e+001
144	 1.6300000000e+002	 1.54001e+001	 8.06567e+001
145	 1.6400000000e+002	 1.63835e+001	 8.62701e+001
146	 1.6500000000e+002	 1.75002e+001	 9.22142e+001
147	 1.6600000000e+002	 1.88088e+001	 9.84927e+001
148	 1.6700000000e+002	 2.02818e+001	 1.05209e+002
149	 1.6800000000e+002	 2.19941e+001	 1.12392e+002
150	 1.6900000000e+002	 2.40390e+001	 1.20173e+002
151	 1.7000000000e+002	 2.65488e+001	 1.28545e+002
152	 1.7100000000e+002	 2.93993e+001	 1.37743e+002
153	 1.7200000000e+002	 3.28716e+001	 1.47746e+002
154	 1.7300000000e+002	 3.70435e+001	 1.58816e+002
155	 1.7400000000e+002	 4.21018e+001	 1.71185e+002
156	 1.7500000000e+002	 4.84373e+001	 1.84854e+002
157	 1.7600000000e+002	 5.65913e+001	 2.00286e+002
158	 1.7700000000e+002	 6.72953e+001	 2.18004e+002
159	 1.7800000000e+002	 8.17066e+001	 2.38060e+002
160	 1.7900000000e+002	 1.01319e+002	 2.60783e+002
161	 1.8000000000e+002	 1.28837e+002	 2.86166e+002
162	 1.8100000000e+002	 1.68585e+002	 3.13162e+002
163	 1.8200000000e+002	 2.26568e+002	 3.37161e+002
164	 1.8300000000e+002	 3.08547e+002	 3.47121e+002
165	 1.8400000000e+002	 4.12274e+002	 3.22387e+002
166	 1.8500000000e+002	 5.15546e+002	 2.39588e+002
167	 1.8600000000e+002	 5.70262e+002	 1.00418e+002
168	 1.8700000000e+002	 5.45969e+002	-4.47228e+001
169	 1.8800000000e+002	 4.67220e+002	-1.43979e+002
170	 1.8900000000e+002	 3.77041e+002	-1.89632e+002
171	 1.9000000000e+002	 2.99645e+002	-1.99711e+002
172	 1.9100000000e+002	 2.39700e+002	-1.91463e+002
173	 1.9200000000e+002	 1.95172e+002	-1.75139e+002
174	 1.9300000000e+002	 1.62875e+002	-1.56094e+002
175	 1.9400000000e+002	 1.39498e+002	-1.37119e+002
176	 1.9500000000e+002	 1.22506e+002	-1.19333e+002
177	 1.9600000000e+002	 1.10099e+002	-1.02853e+002
178	 1.9700000000e+002	 1.01296e+002	-8.77709e+001
179	 1.9800000000e+002	 9.51416e+001	-7.42019e+001
180	 1.9900000000e+002	 9.06834e+001	-6.19878e+001
181	 2.0000000000e+002	 8.76492e+001	-5.07796e+001
182	 2.0100000000e+002	 8.56941e+001	-4.03531e+001
183	 2.0200000000e+002	 8.46013e+001	-3.08975e+001
184	 2.0300000000e+002	 8.40772e+001	-2.21030e+001
185	 2.0400000000e+002	 8.40228e+001	-1.39311e+001
186	 2.0500000000e+002	 8.45390e+001	-6.42892e+000
187	 2.0600000000e+002	 8.55329e+001	 6.22016e-001
188	 2.0700000000e+002	 8.67613e+001	 7.16792e+000
189	 2.0800000000e+002	 8.82794e+001	 1.32897e+001
190	 2.0900000000e+002	 8.98779e+001	 1.90011e+001
191	 2.1000000000e+002	 9.14621e+001	 2.43390e+001
192	 2.1100000000e+002	 9.29606e+001	 2.95743e+001
193	 2.1200000000e+002	 9.43676e+001	 3.49000e+001
194	 2.1300000000e+002	 9.57851e+001	 4.05391e+001
195	 2.1400000000e+002	 9.72984e+001	 4.65835e+001
196	 2.1500000000e+002	 9.91311e+001	 5.31202e+001
197	 2.1600000000e+002	 1.01597e+002	 6.00142e+001
198	 2.1700000000e+002	 1.04664e+002	 6.74751e+001
199	 2.1800000000e+002	 1.08528e+002	 7.52002e+001
200	 2.1900000000e+002	 1.13235e+002	 8.31133e+001
201	 2.2000000000e+002	 1.18751e+002	 9.13918e+001
202	 2.2100000000e+002	 1.25300e+002	 9.99438e+001
203	 2.2200000000e+002	 1.33013e+002	 1.08646e+002
204	 2.2300000000e+002	 1.42039e+002	 1.17636e+002
205	 2.2400000000e+002	 1.52629e+002	 1.26738e+002
206	 2.2500000000e+002	 1.65041e+002	 1.36021e+002
207	 2.2600000000e+002	 1.79488e+002	 1.45233e+002
208	 2.2700000000e+002	 1.96364e+002	 1.54050e+002
209	 2.2800000000e+002	 2.16084e+002	 1.62341e+002
210	 2.2900000000e+002	 2.39187e+002	 1.69474e+002
211	 2.3000000000e+002	 2.66084e+002	 1.74734e+002
212	 2.3100000000e+002	 2.97296e+002	 1.76834e+002
213	 2.3200000000e+002	 3.33065e+002	 1.74285e+002
214	 2.3300000000e+002	 3.72975e+002	 1.65121e+002
215	 2.3400000000e+002	 4.16055e+002	 1.47043e+002
216	 2.3500000000e+002	 4.60329e+002	 1.17722e+002
217	 2.3600000000e+002	 5.01723e+002	 7.47316e+001
218	 2.3700000000e+002	 5.34994e+002	 1.76508e+001
219	 2.3800000000e+002	 5.53963e+002	-5.11412e+001
220	 2.3900000000e+002	 5.53385e+002	-1.25831e+002
221	 2.4000000000e+002	 5.31816e+002	-1.97829e+002
222	 2.4100000000e+002	 4.92358e+002	-2.58980e+002
223	 2.4200000000e+002	 4.41710e+002	-3.04560e+002
224	 2.4300000000e+002	 3.87022e+002	-3.33477e+002
225	 2.4400000000e+002	 3.33802e+002	-3.47963e+002
226	 2.4500000000e+002	 2.85418e+002	-3.51391e+002
227	 2.4600000000e+002	 2.42996e+002	-3.47132e+002
228	 2.4700000000e+002	 2.06998e+002	-3.37930e+002
229	 2.4800000000e+002	 1.76831e+002	-3.26008e+002
230	 2.4900000000e+002	 1.51739e+002	-3.12633e+002
231	 2.5000000000e+002	 1.31058e+002	-2.98724e+002
232	 2.5100000000e+002	 1.13585e+002	-2.84821e+002
233	 2.5200000000e+002	 9.91081e+001	-2.71372e+002
234	 2.5300000000e+002	 8.69890e+001	-2.58491e+002
235	 2.5400000000e+002	 7.68222e+001	-2.46224e+002
236	 2.5500000000e+002	 6.81689e+001	-2.34747e+002
237	 2.5600000000e+002	 6.08002e+001	-2.23907e+002
238	 2.5700000000e+002	 5.45299e+001	-2.13681e+002
239	 2.5800000000e+002	 4.91183e+001	-2.04131e+002
240	 2.5900000000e+002	 4.44590e+001	-1.95122e+002
241	 2.6000000000e+002	 4.04148e+001	-1.86683e+002
242	 2.6100000000e+002	 3.68861e+001	-1.78736e+002
243	 2.6200000000e+002	 3.37916e+001	-1.71253e+002
244	 2.6300000000e+002	 3.10421e+001	-1.64192e+002
245	 2.6400000000e+002	 2.86402e+001	-1.57500e+002
246	 2.6500000000e+002	 2.65227e+001	-1.51145e+002
247	 2.6600000000e+002	 2.46301e+001	-1.45103e+002
248	 2.6700000000e+002	 2.29133e+001	-1.39369e+002
249	 2.6800000000e+002	 2.13837e+001	-1.33903e+002
250	 2.6900000000e+002	 2.00286e+001	-1.28673e+002
251	 2.7000000000e+002	 1.88067e+001	-1.23676e+002
252	 2.7100000000e+002	 1.77053e+001	-1.18873e+002
253	 2.7200000000e+002	 1.67020e+001	-1.14236e+002
254	 2.7300000000e+002	 1.58103e+001	-1.09793e+002
255	 2.7400000000e+002	 1.49999e+001	-1.05516e+002
256	 2.7500000000e+002	 1.42479e+001	-1.01368e+002
257	 2.7600000000e+002	 1.35785e+001	-9.73682e+001
258	 2.7700000000e+002	 1.29705e+001	-9.34831e+001
259	 2.7800000000e+002	 1.24115e+001	-8.97045e+001
260	 2.7900000000e+002	 1.19033e+001	-8.60432e+001
261	 2.8000000000e+002	 1.14544e+001	-8.24606e+001
262	 2.8100000000e+002	 1.10553e+001	-7.89867e+001
263	 2.8200000000e+002	 1.06815e+001	-7.55945e+001
264	 2.8300000000e+002	 1.03314e+001	-7.22841e+001
265	 2.8400000000e+002	 1.00136e+001	-6.90449e+001
266	 2.8500000000e+002	 9.73763e+000	-6.58618e+001
267	 2.8600000000e+002	 9.49544e+000	-6.27346e+001
268	 2.8700000000e+002	 9.26162e+000	-5.96762e+001
269	 2.8800000000e+002	 9.05517e+000	-5.66597e+001
270	 2.8900000000e+002	 8.85635e+000	-5.36727e+001
271	 2.9000000000e+002	 8.69402e+000	-5.07419e+001
272	 2.9100000000e+002	 8.54145e+000	-4.78448e+001
273	 2.9200000000e+002	 8.41154e+000	-4.49712e+001
274	 2.9300000000e+002	 8.30077e+000	-4.21266e+001
275	 2.9400000000e+002	 8.20569e+000	-3.93108e+001
276	 2.9500000000e+002	 8.12320e+000	-3.65208e+001
277	 2.9600000000e+002	 8.05748e+000	-3.37365e+001
278	 2.9700000000e+002	 8.01700e+000	-3.09646e+001
279	 2.9800000000e+002	 7.97864e+000	-2.82086e+001
280	 2.9900000000e+002	 7.95921e+000	-2.54546e+001
281	 3.0000000000e+002	 7.96004e+000	-2.27028e+001
282	 3.0100000000e+002	 7.96521e+000	-1.99534e+001
283	 3.0200000000e+002	 7.98613e+000	-1.72134e+001
284	 3.0300000000e+002	 8.02366e+000	-1.44712e+001
285	 3.0400000000e+002	 8.08646e+000	-1.17119e+001
286	 3.0500000000e+002	 8.13712e+000	-8.95123e+000
287	 3.0600000000e+002	 8.20655e+000	-6.16707e+000
288	 3.0700000000e+002	 8.27967e+000	-3.37250e+000
289	 3.0800000000e+002	 8.38656e+000	-5.41549e-001
290	 3.0900000000e+002	 8.49136e+000	 2.30313e+000
291	 3.1000000000e+002	 8.62187e+000	 5.18031e+000
292	 3.1100000000e+002	 8.73995e+000	 8.10365e+000
293	 3.1200000000e+002	 8.88788e+000	 1.10732e+001
294	 3.1300000000e+002	 9.04615e+000	 1.40949e+001
295	 3.1400000000e+002	 9.23596e+000	 1.71670e+001
296	 3.1500000000e+002	 9.46786e+000	 2.02778e+001
297	 3.1600000000e+002	 9.71553e+000	 2.34551e+001
298	 3.1700000000e+002	 1.00026e+001	 2.66634e+001
299	 3.1800000000e+002	 1.02973e+001	 2.99512e+001
300	 3.1900000000e+002	 1.06203e+001	 3.33168e+001
301	 3.2000000000e+002	 1.09828e+001	 3.67352e+001
302	 3.2100000000e+002	 1.13734e+001	 4.02513e+001
303	 3.2200000000e+002	 1.17904e+001	 4.38668e+001
304	 3.2300000000e+002	 1.22559e+001	 4.75697e+001
305	 3.2400000000e+002	 1.27841e+001	 5.13826e+001
306	 3.2500000000e+002	 1.33704e+001	 5.53027e+001
307	 3.2600000000e+002	 1.40249e+001	 5.93031e+001
308	 3.2700000000e+002	 1.47018e+001	 6.33990e+001
309	 3.2800000000e+002	 1.54403e+001	 6.76168e+001
310	 3.2900000000e+002	 1.62175e+001	 7.19909e+001
311	 3.3000000000e+002	 1.70454e+001	 7.65110e+001
312	 3.3100000000e+002	 1.79300e+001	 8.12200e+001
313	 3.3200000000e+002	 1.89058e+001	 8.60891e+001
314	 3.3300000000e+002	 1.99708e+001	 9.11777e+001
315	 3.3400000000e+002	 2.11338e+001	 9.64518e+001
316	 3.3500000000e+002	 2.23838e+001	 1.01996e+002
317	 3.3600000000e+002	 2.37528e+001	 1.07748e+002
318	 3.3700000000e+002	 2.52293e+001	 1.13818e+002
319	 3.3800000000e+002	 2.68494e+001	 1.20179e+002
320	 3.3900000000e+002	 2.86051e+001	 1.26886e+002
321	 3.4000000000e+002	 3.05305e+001	 1.34000e+002
322	 3.4100000000e+002	 3.26924e+001	 1.41486e+002
323	 3.4200000000e+002	 3.51344e+001	 1.49469e+002
324	 3.4300000000e+002	 3.78146e+001	 1.57963e+002
325	 3.4400000000e+002	 4.07996e+001	 1.67000e+002
326	 3.4500000000e+002	 4.42145e+001	 1.76646e+002
327	 3.4600000000e+002	 4.79921e+001	 1.86997e+002
328	 3.4700000000e+002	 5.22787e+001	 1.98132e+002
329	 3.4800000000e+002	 5.72842e+001	 2.10159e+002
330	 3.4900000000e+002	 6.29994e+001	 2.23139e+002
331	 3.5000000000e+002	 6.95672e+001	 2.37238e+002
332	 3.5100000000e+002	 7.71053e+001	 2.52777e+002
333	 3.5200000000e+002	 8.60117e+001	 2.69657e+002
334	 3.5300000000e+002	 9.65412e+001	 2.88216e+002
335	 3.5400000000e+002	 1.09109e+002	 3.08587e+002
336	 3.5500000000e+002	 1.24271e+002	 3.31090e+002
337	 3.5600000000e+002	 1.42796e+002	 3.55940e+002
338	 3.5700000000e+002	 1.65650e+002	 3.83531e+002
339	 3.5800000000e+002	 1.94338e+002	 4.14078e+002
340	 3.5900000000e+002	 2.30807e+002	 4.47610e+002
341	 3.6000000000e+002	 2.77582e+002	 4.83690e+002
342	 3.6100000000e+002	 3.38322e+002	 5.21417e+002
343	 3.6200000000e+002	 4.17997e+002	 5.58094e+002
344	 3.6300000000e+002	 5.23193e+002	 5.87944e+002
345	 3.6400000000e+002	 6.60471e+002	 5.98859e+002
346	 3.6500000000e+002	 8.31982e+002	 5.69464e+002
347	 3.6600000000e+002	 1.02401e+003	 4.69011e+002
348	 3.6700000000e+002	 1.19297e+003	 2.72756e+002
349	 3.6800000000e+002	 1.27304e+003	-4.70956e+000
350	 3.6900000000e+002	 1.22353e+003	-2.92189e+002
351	 3.7000000000e+002	 1.07118e+003	-5.11286e+002
352	 3.7100000000e+002	 8.81290e+002	-6.34279e+002
353	 3.7200000000e+002	 7.02931e+002	-6.79567e+002
354	 3.7300000000e+002	 5.55527e+002	-6.77130e+002
355	 3.7400000000e+002	 4.40575e+002	-6.50469e+002
356	 3.7500000000e+002	 3.52782e+002	-6.13797e+002
357	 3.7600000000e+002	 2.85866e+002	-5.74476e+002
358	 3.7700000000e+002	 2.34524e+002	-5.36071e+002
359	 3.7800000000e+002	 1.94697e+002	-5.00066e+002
360	 3.7900000000e+002	 1.63570e+002	-4.67023e+002
361	 3.8000000000e+002	 1.38927e+002	-4.37057e+002
362	 3.8100000000e+002	 1.19189e+002	-4.10016e+002
363	 3.8200000000e+002	 1.03234e+002	-3.85716e+002
364	 3.8300000000e+002	 9.01065e+001	-3.63782e+002
365	 3.8400000000e+002	 7.92010e+001	-3.43866e+002
366	 3.8500000000e+002	 7.01540e+001	-3.25734e+002
367	 3.8600000000e+002	 6.25955e+001	-3.09198e+002
368	 3.8700000000e+002	 5.61501e+001	-2.94061e+002
369	 3.8800000000e+002	 5.05918e+001	-2.80184e+002
370	 3.8900000000e+002	 4.57530e+001	-2.67379e+002
371	 3.9000000000e+002	 4.15395e+001	-2.55575e+002
372	 3.9100000000e+002	 3.79130e+001	-2.44618e+002
373	 3.9200000000e+002	 3.47626e+001	-2.34406e+002
374	 3.9300000000e+002	 3.19727e+001	-2.24882e+002
375	 3.9400000000e+002	 2.94283e+001	-2.16001e+002
376	 3.9500000000e+002	 2.71820e+001	-2.07688e+002
377	 3.9600000000e+002	 2.52661e+001	-1.99877e+002
378	 3.9700000000e+002	 2.35199e+001	-1.92497e+002
379	 3.9800000000e+002	 2.19282e+001	-1.85481e+002
380	 3.9900000000e+002	 2.05430e+001	-1.78861e+002
381	 4.0000000000e+002	 1.92777e+001	-1.72594e+002
382	 4.0100000000e+002	 1.81080e+001	-1.66605e+002
383	 4.0200000000e+002	 1.71019e+001	-1.60915e+002
384	 4.0300000000e+002	 1.61449e+001	-1.55489e+002
385	 4.0400000000e+002	 1.52746e+001	-1.50277e+002
386	 4.0500000000e+002	 1.45194e+001	-1.45294e+002
387	 4.0600000000e+002	 1.38015e+001	-1.40500e+002
388	 4.0700000000e+002	 1.31912e+001	-1.35867e+002
389	 4.0800000000e+002	 1.25894e+001	-1.31435e+002
390	 4.0900000000e+002	 1.20566e+001	-1.27124e+002
391	 4.1000000000e+002	 1.15738e+001	-1.22953e+002
392	 4.1100000000e+002	 1.11153e+001	-1.18944e+002
393	 4.1200000000e+002	 1.07338e+001	-1.15068e+002
394	 4.1300000000e+002	 1.03385e+001	-1.11300e+002
395	 4.1400000000e+002	 1.00381e+001	-1.07638e+002
396	 4.1500000000e+002	 9.71448e+000	-1.04042e+002
397	 4.1600000000e+002	 9.45391e+000	-1.00567e+002
398	 4.1700000000e+002	 9.21096e+000	-9.71729e+001
399	 4.1800000000e+002	 9.00353e+000	-9.38608e+001
400	 4.1900000000e+002	 8.78922e+000	-9.05936e+001
401	 4.2000000000e+002	 8.63309e+000	-8.74246e+001
402	 4.2100000000e+002	 8.47912e+000	-8.42910e+001
403	 4.2200000000e+002	 8.36210e+000	-8.12463e+001
404	 4.2300000000e+002	 8.24690e+000	-7.82289e+001
405	 4.2400000000e+002	 8.16121e+000	-7.52599e+001
406	 4.2500000000e+002	 8.09112e+000	-7.23331e+001
407	 4.2600000000e+002	 8.01807e+000	-6.94613e+001
408	 4.2700000000e+002	 7.96743e+000	-6.66404e+001
409	 4.2800000000e+002	 7.95752e+000	-6.38247e+001
410	 4.2900000000e+002	 7.95263e+000	-6.10536e+001
411	 4.3000000000e+002	 7.96039e+000	-5.83054e+001
412	 4.3100000000e+002	 7.98098e+000	-5.55763e+001
413	 4.3200000000e+002	 8.00842e+000	-5.28801e+001
414	 4.3300000000e+002	 8.05269e+000	-5.01920e+001
415	 4.3400000000e+002	 8.11357e+000	-4.75217e+001
416	 4.3500000000e+002	 8.19033e+000	-4.48742e+001
417	 4.3600000000e+002	 8.27819e+000	-4.22273e+001
418	 4.3700000000e+002	 8.37195e+000	-3.95793e+001
419	 4.3800000000e+002	 8.49301e+000	-3.69513e+001
420	 4.3900000000e+002	 8.62010e+000	-3.43127e+001
421	 4.4000000000e+002	 8.76341e+000	-3.16664e+001
422	 4.4100000000e+002	 8.91756e+000	-2.90266e+001
423	 4.4200000000e+002	 9.09083e+000	-2.63730e+001
424	 4.4300000000e+002	 9.27853e+000	-2.37052e+001
425	 4.4400000000e+002	 9.49672e+000	-2.10243e+001
426	 4.4500000000e+002	 9.71810e+000	-1.83391e+001
427	 4.4600000000e+002	 9.95252e+000	-1.56329e+001
428	 4.4700000000e+002	 1.02291e+001	-1.28997e+001
429	 4.4800000000e+002	 1.04989e+001	-1.01354e+001
430	 4.4900000000e+002	 1.07479e+001	-7.30034e+000
431	 4.5000000000e+002	 1.09630e+001	-4.38617e+000
432	 4.5100000000e+002	 1.14536e+001	-1.67102e+000
433	 4.5200000000e+002	 1.18474e+001	 1.18166e+000
434	 4.5300000000e+002	 1.22531e+001	 4.10311e+000
435	 4.5400000000e+002	 1.26762e+001	 7.07658e+000
436	 4.5500000000e+002	 1.31399e+001	 1.00939e+001
437	 4.5600000000e+002	 1.36216e+001	 1.31539e+001
438	 4.5700000000e+002	 1.41578e+001	 1.62697e+001
439	 4.5800000000e+002	 1.47110e+001	 1.94497e+001
440	 4.5900000000e+002	 1.53304e+001	 2.26799e+001
441	 4.6000000000e+002	 1.59576e+001	 2.59590e+001
442	 4.6100000000e+002	 1.66594e+001	 2.93541e+001
443	 4.6200000000e+002	 1.73646e+001	 3.27980e+001
444	 4.6300000000e+002	 1.81615e+001	 3.63459e+001
445	 4.6400000000e+002	 1.89884e+001	 3.99570e+001
446	 4.6500000000e+002	 1.98475e+001	 4.36882e+001
447	 4.6600000000e+002	 2.08217e+001	 4.75040e+001
448	 4.6700000000e+002	 2.18335e+001	 5.14544e+001
449	 4.6800000000e+002	 2.28968e+001	 5.55008e+001
450	 4.6900000000e+002	 2.40590e+001	 5.97234e+001
451	 4.7000000000e+002	 2.53411e+001	 6.40688e+001
452	 4.7100000000e+002	 2.66488e+001	 6.85343e+001
453	 4.7200000000e+002	 2.81188e+001	 7.31557e+001
454	 4.7300000000e+002	 2.96933e+001	 7.79796e+001
455	 4.7400000000e+002	 3.13503e+001	 8.30137e+001
456	 4.7500000000e+002	 3.31822e+001	 8.82098e+001
457	 4.7600000000e+002	 3.51635e+001	 9.36241e+001
458	 4.7700000000e+002	 3.72928e+001	 9.93118e+001
459	 4.7800000000e+002	 3.96293e+001	 1.05234e+002
460	 4.7900000000e+002	 4.21996e+001	 1.11418e+002
461	 4.8000000000e+002	 4.49859e+001	 1.17965e+002
462	 4.8100000000e+002	 4.80028e+001	 1.24823e+002
463	 4.8200000000e+002	 5.13133e+001	 1.32031e+002
464	 4.8300000000e+002	 5.49792e+001	 1.39666e+002
465	 4.8400000000e+002	 5.90317e+001	 1.47741e+002
466	 4.8500000000e+002	 6.34996e+001	 1.56313e+002
467	 4.8600000000e+002	 6.84369e+001	 1.65456e+002
468	 4.8700000000e+002	 7.39426e+001	 1.75288e+002
469	 4.8800000000e+002	 8.01746e+001	 1.85784e+002
470	 4.8900000000e+002	 8.72616e+001	 1.96959e+002
471	 4.9000000000e+002	 9.52760e+001	 2.09107e+002
472	 4.9100000000e+002	 1.04469e+002	 2.22369e+002
473	 4.9200000000e+002	 1.15232e+002	 2.36735e+002
474	 4.9300000000e+002	 1.28007e+002	 2.52322e+002
475	 4.9400000000e+002	 1.43144e+002	 2.69137e+002
476	 4.9500000000e+002	 1.61301e+002	 2.87221e+002
477	 4.9600000000e+002	 1.83275e+002	 3.06442e+002
478	 4.9700000000e+002	 2.09817e+002	 3.26629e+002
479	 4.9800000000e+002	 2.41909e+002	 3.47355e+002
480	 4.9900000000e+002	 2.81036e+002	 3.67847e+002
481	 5.0000000000e+002	 3.28823e+002	 3.86963e+002
482	 5.0100000000e+002	 3.87308e+002	 4.02798e+002
483	 5.0200000000e+002	 4.58632e+002	 4.11877e+002
484	 5.0300000000e+002	 5.44173e+002	 4.08687e+002
485	 5.0400000000e+002	 6.43284e+002	 3.84866e+002
486	 5.0500000000e+002	 7.50598e+002	 3.30066e+002
487	 5.0600000000e+002	 8.53266e+002	 2.35391e+002
488	 5.0700000000e+002	 9.30348e+002	 9.90945e+001
489	 5.0800000000e+002	 9.59884e+002	-6.53753e+001
490	 5.0900000000e+002	 9.31171e+002	-2.30861e+002
491	 5.1000000000e+002	 8.52678e+002	-3.69529e+002
492	 5.1100000000e+002	 7.46205e+002	-4.66250e+002
493	 5.1200000000e+002	 6.33679e+002	-5.21262e+002
494	 5.1300000000e+002	 5.29017e+002	-5.43551e+002
495	 5.1400000000e+002	 4.38552e+002	-5.43736e+002
496	 5.1500000000e+002	 3.63504e+002	-5.30567e+002
497	 5.1600000000e+002	 3.02482e+002	-5.10205e+002
498	 5.1700000000e+002	 2.53302e+002	-4.86655e+002
499	 5.1800000000e+002	 2.13644e+002	-4.62096e+002
500	 5.1900000000e+002	 1.81584e+002	-4.37995e+002
501	 5.2000000000e+002	 1.55522e+002	-4.14978e+002
502	 5.2100000000e+002	 1.34166e+002	-3.93269e+002
503	 5.2200000000e+002	 1.16647e+002	-3.73011e+002
504	 5.2300000000e+002	 1.02104e+002	-3.54223e+002
505	 5.2400000000e+002	 8.99910e+001	-3.36900e+002
506	 5.2500000000e+002	 7.98047e+001	-3.20932e+002
507	 5.2600000000e+002	 7.12025e+001	-3.06165e+002
508	 5.2700000000e+002	 6.38986e+001	-2.92457e+002
509	 5.2800000000e+002	 5.76817e+001	-2.79771e+002
510	 5.2900000000e+002	 5.23282e+001	-2.68105e+002
511	 5.3000000000e+002	 4.76346e+001	-2.57334e+002
512	 5.3100000000e+002	 4.35282e+001	-2.47259e+002
513	 5.3200000000e+002	 3.99422e+001	-2.37880e+002
514	 5.3300000000e+002	 3.67868e+001	-2.29155e+002
515	 5.3400000000e+002	 3.39504e+001	-2.20954e+002
516	 5.3500000000e+002	 3.14139e+001	-2.13174e+002
517	 5.3600000000e+002	 2.91526e+001	-2.05850e+002
518	 5.3700000000e+002	 2.71055e+001	-1.98963e+002
519	 5.3800000000e+002	 2.52912e+001	-1.92431e+002
520	 5.3900000000e+002	 2.36466e+001	-1.86192e+002
521	 5.4000000000e+002	 2.21642e+001	-1.80214e+002
522	 5.4100000000e+002	 2.08013e+001	-1.74534e+002
523	 5.4200000000e+002	 1.95659e+001	-1.69125e+002
524	 5.4300000000e+002	 1.84990e+001	-1.63957e+002
525	 5.4400000000e+002	 1.75235e+001	-1.59006e+002
526	 5.4500000000e+002	 1.65833e+001	-1.54208e+002
527	 5.4600000000e+002	 1.57394e+001	-1.49603e+002
528	 5.4700000000e+002	 1.50191e+001	-1.45181e+002
529	 5.4800000000e+002	 1.43325e+001	-1.40898e+002
530	 5.4900000000e+002	 1.37080e+001	-1.36799e+002
531	 5.5000000000e+002	 1.31826e+001	-1.32818e+002
532	 5.5100000000e+002	 1.26708e+001	-1.28913e+002
533	 5.5200000000e+002	 1.22290e+001	-1.25147e+002
534	 5.5300000000e+002	 1.18366e+001	-1.21479e+002
535	 5.5400000000e+002	 1.14682e+001	-1.17949e+002
536	 5.5500000000e+002	 1.11514e+001	-1.14494e+002
537	 5.5600000000e+002	 1.08793e+001	-1.11112e+002
538	 5.5700000000e+002	 1.06196e+001	-1.07854e+002
539	 5.5800000000e+002	 1.04056e+001	-1.04620e+002
540	 5.5900000000e+002	 1.02367e+001	-1.01476e+002
541	 5.6000000000e+002	 1.00531e+001	-9.84275e+001
542	 5.6100000000e+002	 9.93179e+000	-9.54069e+001
543	 5.6200000000e+002	 9.81155e+000	-9.24262e+001
544	 5.6300000000e+002	 9.73127e+000	-8.95438e+001
545	 5.6400000000e+002	 9.68835e+000	-8.66818e+001
546	 5.6500000000e+002	 9.64098e+000	-8.38730e+001
547	 5.6600000000e+002	 9.61456e+000	-8.10922e+001
548	 5.6700000000e+002	 9.63685e+000	-7.83430e+001
549	 5.6800000000e+002	 9.63376e+000	-7.56439e+001
550	 5.6900000000e+002	 9.67570e+000	-7.29716e+001
551	 5.7000000000e+002	 9.71776e+000	-7.03450e+001
552	 5.7100000000e+002	 9.79433e+000	-6.77058e+001
553	 5.7200000000e+002	 9.87378e+000	-6.51174e+001
554	 5.7300000000e+002	 9.96513e+000	-6.25165e+001
555	 5.7400000000e+002	 1.00644e+001	-5.99458e+001
556	 5.7500000000e+002	 1.02092e+001	-5.73977e+001
557	 5.7600000000e+002	 1.03348e+001	-5.48326e+001
558	 5.7700000000e+002	 1.05153e+001	-5.22827e+001
559	 5.7800000000e+002	 1.06972e+001	-4.97317e+001
560	 5.7900000000e+002	 1.08860e+001	-4.71841e+001
561	 5.8000000000e+002	 1.11114e+001	-4.46371e+001
562	 5.8100000000e+002	 1.13279e+001	-4.20818e+001
563	 5.8200000000e+002	 1.16099e+001	-3.95051e+001
564	 5.8300000000e+002	 1.18925e+001	-3.69228e+001
565	 5.8400000000e+002	 1.21806e+001	-3.43382e+001
566	 5.8500000000e+002	 1.25287e+001	-3.17343e+001
567	 5.8600000000e+002	 1.28594e+001	-2.91244e+001
568	 5.8700000000e+002	 1.32471e+001	-2.64760e+001
569	 5.8800000000e+002	 1.36489e+001	-2.38288e+001
570	 5.8900000000e+002	 1.40880e+001	-2.11466e+001
571	 5.9000000000e+002	 1.45664e+001	-1.84146e+001
572	 5.9100000000e+002	 1.50867e+001	-1.57139e+001
573	 5.9200000000e+002	 1.56018e+001	-1.29045e+001
574	 5.9300000000e+002	 1.61586e+001	-1.01065e+001
575	 5.9400000000e+002	 1.67843e+001	-7.27734e+000
576	 5.9500000000e+002	 1.74261e+001	-4.39581e+000
577	 5.9600000000e+002	 1.81314e+001	-1.45196e+000
578	 5.9700000000e+002	 1.88418e+001	 1.52033e+000
579	 5.9800000000e+002	 1.96425e+001	 4.52133e+000
580	 5.9900000000e+002	 2.04757e+001	 7.60976e+000
581	 6.0000000000e+002	 2.13562e+001	 1.07674e+001
582	 6.0100000000e+002	 2.22699e+001	 1.39289e+001
583	 6.0200000000e+002	 2.32313e+001	 1.71982e+001
584	 6.0300000000e+002	 2.43483e+001	 2.05231e+001
585	 6.0400000000e+002	 2.54553e+001	 2.39307e+001
586	 6.0500000000e+002	 2.65981e+001	 2.74411e+001
587	 6.0600000000e+002	 2.78901e+001	 3.10101e+001
588	 6.0700000000e+002	 2.92762e+001	 3.47108e+001
589	 6.0800000000e+002	 3.06482e+001	 3.85135e+001
590	 6.0900000000e+002	 3.21804e+001	 4.23902e+001
591	 6.1000000000e+002	 3.38800e+001	 4.64263e+001
592	 6.1100000000e+002	 3.56066e+001	 5.05904e+001
593	 6.1200000000e+002	 3.74426e+001	 5.49213e+001
594	 6.1300000000e+002	 3.94908e+001	 5.93652e+001
595	 6.1400000000e+002	 4.17133e+001	 6.39310e+001
596	 6.1500000000e+002	 4.40592e+001	 6.87316e+001
597	 6.1600000000e+002	 4.65696e+001	 7.37422e+001
598	 6.1700000000e+002	 4.93523e+001	 7.89692e+001
599	 6.1800000000e+002	 5.23605e+001	 8.43999e+001
600	 6.1900000000e+002	 5.56014e+001	 9.00479e+001
601	 6.2000000000e+002	 5.91336e+001	 9.59502e+001
602	 6.2100000000e+002	 6.30978e+001	 1.02138e+002
603	 6.2200000000e+002	 6.74523e+001	 1.08624e+002
604	 6.2300000000e+002	 7.21905e+001	 1.15446e+002
605	 6.2400000000e+002	 7.73932e+001	 1.22622e+002
606	 6.2500000000e+002	 8.32022e+001	 1.30179e+002
607	 6.2600000000e+002	 8.96953e+001	 1.38138e+002
608	 6.2700000000e+002	 9.69610e+001	 1.46495e+002
609	 6.2800000000e+002	 1.05112e+002	 1.55192e+002
610	 6.2900000000e+002	 1.14321e+002	 1.64333e+002
611	 6.3000000000e+002	 1.24738e+002	 1.73971e+002
612	 6.3100000000e+002	 1.36648e+002	 1.84043e+002
613	 6.3200000000e+002	 1.50241e+002	 1.94494e+002
614	 6.3300000000e+002	 1.65803e+002	 2.05212e+002
615	 6.3400000000e+002	 1.83789e+002	 2.16111e+002
616	 6.3500000000e+002	 2.04661e+002	 2.26978e+002
617	 6.3600000000e+002	 2.28816e+002	 2.37419e+002
618	 6.3700000000e+002	 2.56894e+002	 2.46919e+002
619	 6.3800000000e+002	 2.89492e+002	 2.54692e+002
620	 6.3900000000e+002	 3.27277e+002	 2.59697e+002
621	 6.4000000000e+002	 3.70708e+002	 2.60323e+002
622	 6.4100000000e+002	 4.20038e+002	 2.54421e+002
623	 6.4200000000e+002	 4.74689e+002	 2.39347e+002
624	 6.4300000000e+002	 5.32758e+002	 2.11662e+002
625	 6.4400000000e+002	 5.90795e+002	 1.68184e+002
626	 6.4500000000e+002	 6.43095e+002	 1.07033e+002
627	 6.4600000000e+002	 6.82324e+002	 2.88109e+001
628	 6.4700000000e+002	 7.01597e+002	-6.17741e+001
629	 6.4800000000e+002	 6.96080e+002	-1.56193e+002
630	 6.4900000000e+002	 6.66064e+002	-2.44650e+002
631	 6.5000000000e+002	 6.16432e+002	-3.18858e+002
632	 6.5100000000e+002	 5.55209e+002	-3.73935e+002
633	 6.5200000000e+002	 4.89820e+002	-4.10440e+002
634	 6.5300000000e+002	 4.26004e+002	-4.30517e+002
635	 6.5400000000e+002	 3.67299e+002	-4.37909e+002
636	 6.5500000000e+002	 3.15453e+002	-4.36064e+002
637	 6.5600000000e+002	 2.70778e+002	-4.28025e+002
638	 6.5700000000e+002	 2.32717e+002	-4.16282e+002
639	 6.5800000000e+002	 2.00457e+002	-4.02365e+002
640	 6.5900000000e+002	 1.73225e+002	-3.87487e+002
641	 6.6000000000e+002	 1.50273e+002	-3.72363e+002
642	 6.6100000000e+002	 1.30977e+002	-3.57388e+002
643	 6.6200000000e+002	 1.14673e+002	-3.42814e+002
644	 6.6300000000e+002	 1.00805e+002	-3.28841e+002
645	 6.6400000000e+002	 8.89263e+001	-3.15592e+002
646	 6.6500000000e+002	 7.87588e+001	-3.03081e+002
647	 6.6600000000e+002	 7.00134e+001	-2.91285e+002
648	 6.6700000000e+002	 6.24017e+001	-2.80156e+002
649	 6.6800000000e+002	 5.58378e+001	-2.69665e+002
650	 6.6900000000e+002	 5.01366e+001	-2.59762e+002
651	 6.7000000000e+002	 4.51821e+001	-2.50457e+002
652	 6.7100000000e+002	 4.08396e+001	-2.41676e+002
653	 6.7200000000e+002	 3.69758e+001	-2.33407e+002
654	 6.7300000000e+002	 3.35347e+001	-2.25603e+002
655	 6.7400000000e+002	 3.05060e+001	-2.18186e+002
656	 6.7500000000e+002	 2.77939e+001	-2.11117e+002
657	 6.7600000000e+002	 2.53685e+001	-2.04405e+002
658	 6.7700000000e+002	 2.32801e+001	-1.98074e+002
659	 6.7800000000e+002	 2.14541e+001	-1.92029e+002
660	 6.7900000000e+002	 1.98064e+001	-1.86242e+002
661	 6.8000000000e+002	 1.82620e+001	-1.80695e+002
662	 6.8100000000e+002	 1.69154e+001	-1.75370e+002
663	 6.8200000000e+002	 1.57455e+001	-1.70321e+002
664	 6.8300000000e+002	 1.47233e+001	-1.65544e+002
665	 6.8400000000e+002	 1.37776e+001	-1.60896e+002
666	 6.8500000000e+002	 1.29152e+001	-1.56365e+002
667	 6.8600000000e+002	 1.21607e+001	-1.52052e+002
668	 6.8700000000e+002	 1.15027e+001	-1.47934e+002
669	 6.8800000000e+002	 1.09714e+001	-1.43949e+002
670	 6.8900000000e+002	 1.04675e+001	-1.40071e+002
671	 6.9000000000e+002	 1.00133e+001	-1.36322e+002
672	 6.9100000000e+002	 9.60619e+000	-1.32662e+002
673	 6.9200000000e+002	 9.25211e+000	-1.29125e+002
674	 6.9300000000e+002	 8.95742e+000	-1.25650e+002
675	 6.9400000000e+002	 8.73520e+000	-1.22310e+002
676	 6.9500000000e+002	 8.50929e+000	-1.19153e+002
677	 6.9600000000e+002	 8.35445e+000	-1.16000e+002
678	 6.9700000000e+002	 8.21836e+000	-1.12894e+002
679	 6.9800000000e+002	 8.12453e+000	-1.09869e+002
680	 6.9900000000e+002	 8.04353e+000	-1.06908e+002
681	 7.0000000000e+002	 7.98998e+000	-1.04051e+002
682	 7.0100000000e+002	 7.97778e+000	-1.01262e+002
683	 7.0200000000e+002	 7.98505e+000	-9.84853e+001
684	 7.0300000000e+002	 7.98381e+000	-9.57146e+001
685	 7.0400000000e+002	 8.01114e+000	-9.30784e+001
686	 7.0500000000e+002	 8.09958e+000	-9.04486e+001
687	 7.0600000000e+002	 8.19518e+000	-8.78082e+001
688	 7.0700000000e+002	 8.27850e+000	-8.52505e+001
689	 7.0800000000e+002	 8.40072e+000	-8.27232e+001
690	 7.0900000000e+002	 8.53335e+000	-8.01899e+001
691	 7.1000000000e+002	 8.68707e+000	-7.76998e+001
692	 7.1100000000e+002	 8.90462e+000	-7.52085e+001
693	 7.1200000000e+002	 9.09564e+000	-7.27347e+001
694	 7.1300000000e+002	 9.29843e+000	-7.02772e+001
695	 7.1400000000e+002	 9.57464e+000	-6.78846e+001
696	 7.1500000000e+002	 9.83526e+000	-6.54510e+001
697	 7.1600000000e+002	 1.01083e+001	-6.30855e+001
698	 7.1700000000e+002	 1.04177e+001	-6.06651e+001
699	 7.1800000000e+002	 1.07476e+001	-5.82816e+001
700	 7.1900000000e+002	 1.11122e+001	-5.59122e+001
701	 7.2000000000e+002	 1.14972e+001	-5.35132e+001
702	 7.2100000000e+002	 1.18524e+001	-5.11401e+001
703	 7.2200000000e+002	 1.22801e+001	-4.87015e+001
704	 7.2300000000e+002	 1.27275e+001	-4.63291e+001
705	 7.2400000000e+002	 1.32099e+001	-4.38888e+001
706	 7.2500000000e+002	 1.36974e+001	-4.15108e+001
707	 7.2600000000e+002	 1.41856e+001	-3.90789e+001
708	 7.2700000000e+002	 1.47713e+001	-3.66103e+001
709	 7.2800000000e+002	 1.53400e+001	-3.41488e+001
710	 7.2900000000e+002	 1.59466e+001	-3.16649e+001
711	 7.3000000000e+002	 1.66007e+001	-2.91452e+001
712	 7.3100000000e+002	 1.73030e+001	-2.66073e+001
713	 7.3200000000e+002	 1.79960e+001	-2.40329e+001
714	 7.3300000000e+002	 1.87470e+001	-2.14629e+001
715	 7.3400000000e+002	 1.95955e+001	-1.88204e+001
716	 7.3500000000e+002	 2.04378e+001	-1.61576e+001
717	 7.3600000000e+002	 2.12961e+001	-1.34605e+001
718	 7.3700000000e+002	 2.22433e+001	-1.07269e+001
719	 7.3800000000e+002	 2.32886e+001	-7.94107e+000
720	 7.3900000000e+002	 2.43161e+001	-5.11397e+000
721	 7.4000000000e+002	 2.53930e+001	-2.23368e+000
722	 7.4100000000e+002	 2.66065e+001	 7.28730e-001
723	 7.4200000000e+002	 2.78851e+001	 3.74825e+000
724	 7.4300000000e+002	 2.92287e+001	 6.75359e+000
725	 7.4400000000e+002	 3.06142e+001	 9.86341e+000
726	 7.4500000000e+002	 3.21123e+001	 1.30580e+001
727	 7.4600000000e+002	 3.37249e+001	 1.63448e+001
728	 7.4700000000e+002	 3.54334e+001	 1.96841e+001
729	 7.4800000000e+002	 3.72157e+001	 2.30919e+001
730	 7.4900000000e+002	 3.91607e+001	 2.66089e+001
731	 7.5000000000e+002	 4.12311e+001	 3.01825e+001
732	 7.5100000000e+002	 4.33409e+001	 3.39272e+001
733	 7.5200000000e+002	 4.56405e+001	 3.77763e+001
734	 7.5300000000e+002	 4.81379e+001	 4.17313e+001
735	 7.5400000000e+002	 5.08639e+001	 4.57912e+001
736	 7.5500000000e+002	 5.37755e+001	 4.99772e+001
737	 7.5600000000e+002	 5.68151e+001	 5.43093e+001
738	 7.5700000000e+002	 6.01427e+001	 5.88041e+001
739	 7.5800000000e+002	 6.37935e+001	 6.35047e+001
740	 7.5900000000e+002	 6.77660e+001	 6.83489e+001
741	 7.6000000000e+002	 7.20518e+001	 7.33715e+001
742	 7.6100000000e+002	 7.67206e+001	 7.85973e+001
743	 7.6200000000e+002	 8.18542e+001	 8.40524e+001
744	 7.6300000000e+002	 8.75148e+001	 8.96566e+001
745	 7.6400000000e+002	 9.37674e+001	 9.54150e+001
746	 7.6500000000e+002	 1.00635e+002	 1.01340e+002
747	 7.6600000000e+002	 1.08290e+002	 1.07489e+002
748	 7.6700000000e+002	 1.16798e+002	 1.13818e+002
749	 7.6800000000e+002	 1.26236e+002	 1.20256e+002
750	 7.6900000000e+002	 1.36834e+002	 1.26775e+002
751	 7.7000000000e+002	 1.48706e+002	 1.33261e+002
752	 7.7100000000e+002	 1.61972e+002	 1.39665e+002
753	 7.7200000000e+002	 1.76982e+002	 1.45700e+002
754	 7.7300000000e+002	 1.93940e+002	 1.51153e+002
755	 7.7400000000e+002	 2.12990e+002	 1.55859e+002
756	 7.7500000000e+002	 2.34275e+002	 1.59376e+002
757	 7.7600000000e+002	 2.58165e+002	 1.61192e+002
758	 7.7700000000e+002	 2.84856e+002	 1.60469e+002
759	 7.7800000000e+002	 3.14218e+002	 1.56501e+002
760	 7.7900000000e+002	 3.45937e+002	 1.48060e+002
761	 7.8000000000e+002	 3.79372e+002	 1.34131e+002
762	 7.8100000000e+002	 4.13545e+002	 1.13309e+002
763	 7.8200000000e+002	 4.46780e+002	 8.49963e+001
764	 7.8300000000e+002	 4.76890e+002	 4.82198e+001
765	 7.8400000000e+002	 5.01007e+002	 3.60150e+000
766	 7.8500000000e+002	 5.16413e+002	-4.74481e+001
767	 7.8600000000e+002	 5.20996e+002	-1.02254e+002
768	 7.8700000000e+002	 5.13790e+002	-1.57181e+002
769	 7.8800000000e+002	 4.95132e+002	-2.08698e+002
770	 7.8900000000e+002	 4.67259e+002	-2.53647e+002
771	 7.9000000000e+002	 4.32860e+002	-2.90206e+002
772	 7.9100000000e+002	 3.94894e+002	-3.17765e+002
773	 7.9200000000e+002	 3.56131e+002	-3.36637e+002
774	 7.9300000000e+002	 3.18282e+002	-3.47973e+002
775	 7.9400000000e+002	 2.82833e+002	-3.53153e+002
776	 7.9500000000e+002	 2.50582e+002	-3.53548e+002
777	 7.9600000000e+002	 2.21558e+002	-3.50365e+002
778	 7.9700000000e+002	 1.95700e+002	-3.44807e+002
779	 7.9800000000e+002	 1.73078e+002	-3.37573e+002
780	 7.9900000000e+002	 1.53217e+002	-3.29241e+002
781	 8.0000000000e+002	 1.35784e+002	-3.20223e+002
782	 8.0100000000e+002	 1.20684e+002	-3.10967e+002
783	 8.0200000000e+002	 1.07601e+002	-3.01616e+002
784	 8.0300000000e+002	 9.61037e+001	-2.92357e+002
785	 8.0400000000e+002	 8.59385e+001	-2.83267e+002
786	 8.0500000000e+002	 7.70405e+001	-2.74448e+002
787	 8.0600000000e+002	 6.92736e+001	-2.65970e+002
788	 8.0700000000e+002	 6.24974e+001	-2.57785e+002
789	 8.0800000000e+002	 5.64348e+001	-2.49930e+002
790	 8.0900000000e+002	 5.10064e+001	-2.42368e+002
791	 8.1000000000e+002	 4.62514e+001	-2.35172e+002
792	 8.1100000000e+002	 4.20518e+001	-2.28293e+002
793	 8.1200000000e+002	 3.83608e+001	-2.21750e+002
794	 8.1300000000e+002	 3.50261e+001	-2.15506e+002
795	 8.1400000000e+002	 3.20202e+001	-2.09499e+002
796	 8.1500000000e+002	 2.92691e+001	-2.03666e+002
797	 8.1600000000e+002	 2.67959e+001	-1.98142e+002
798	 8.1700000000e+002	 2.46193e+001	-1.92893e+002
799	 8.1800000000e+002	 2.26905e+001	-1.87862e+002
800	 8.1900000000e+002	 2.09386e+001	-1.82967e+002
801	 8.2000000000e+002	 1.93676e+001	-1.78300e+002
802	 8.2100000000e+002	 1.79888e+001	-1.73827e+002
803	 8.2200000000e+002	 1.66873e+001	-1.69545e+002
804	 8.2300000000e+002	 1.55792e+001	-1.65352e+002
805	 8.2400000000e+002	 1.45967e+001	-1.61348e+002
806	 8.2500000000e+002	 1.36733e+001	-1.57453e+002
807	 8.2600000000e+002	 1.27882e+001	-1.53686e+002
808	 8.2700000000e+002	 1.20256e+001	-1.50010e+002
809	 8.2800000000e+002	 1.13841e+001	-1.46517e+002
810	 8.2900000000e+002	 1.07979e+001	-1.43094e+002
811	 8.3000000000e+002	 1.02416e+001	-1.39729e+002
812	 8.3100000000e+002	 9.75735e+000	-1.36472e+002
813	 8.3200000000e+002	 9.36755e+000	-1.33334e+002
814	 8.3300000000e+002	 9.05251e+000	-1.30302e+002
815	 8.3400000000e+002	 8.77571e+000	-1.27286e+002
816	 8.3500000000e+002	 8.48808e+000	-1.24373e+002
817	 8.3600000000e+002	 8.25130e+000	-1.21573e+002
818	 8.3700000000e+002	 8.08781e+000	-1.18815e+002
819	 8.3800000000e+002	 7.97137e+000	-1.16053e+002
820	 8.3900000000e+002	 7.82922e+000	-1.13327e+002
821	 8.4000000000e+002	 7.70927e+000	-1.10688e+002
822	 8.4100000000e+002	 7.65871e+000	-1.08065e+002
823	 8.4200000000e+002	 7.66217e+000	-1.05534e+002
824	 8.4300000000e+002	 7.69497e+000	-1.03071e+002
825	 8.4400000000e+002	 7.76745e+000	-1.00646e+002
826	 8.4500000000e+002	 7.79722e+000	-9.81450e+001
827	 8.4600000000e+002	 7.87776e+000	-9.56901e+001
828	 8.4700000000e+002	 8.05112e+000	-9.33282e+001
829	 8.4800000000e+002	 8.19108e+000	-9.10612e+001
830	 8.4900000000e+002	 8.37992e+000	-8.87321e+001
831	 8.5000000000e+002	 8.59890e+000	-8.63353e+001
832	 8.5100000000e+002	 8.80193e+000	-8.40872e+001
833	 8.5200000000e+002	 9.07271e+000	-8.18799e+001
834	 8.5300000000e+002	 9.30657e+000	-7.95647e+001
835	 8.5400000000e+002	 9.63124e+000	-7.72801e+001
836	 8.5500000000e+002	 9.99162e+000	-7.51454e+001
837	 8.5600000000e+002	 1.02973e+001	-7.29155e+001
838	 8.5700000000e+002	 1.06719e+001	-7.05937e+001
839	 8.5800000000e+002	 1.10875e+001	-6.85358e+001
840	 8.5900000000e+002	 1.15314e+001	-6.63375e+001
841	 8.6000000000e+002	 1.19803e+001	-6.40724e+001
842	 8.6100000000e+002	 1.24026e+001	-6.19645e+001
843	 8.6200000000e+002	 1.29677e+001	-5.97309e+001
844	 8.6300000000e+002	 1.35065e+001	-5.75473e+001
845	 8.6400000000e+002	 1.39953e+001	-5.53818e+001
846	 8.6500000000e+002	 1.46743e+001	-5.30850e+001
847	 8.6600000000e+002	 1.52211e+001	-5.08917e+001
848	 8.6700000000e+002	 1.59331e+001	-4.86397e+001
849	 8.6800000000e+002	 1.65649e+001	-4.64253e+001
850	 8.6900000000e+002	 1.73061e+001	-4.41930e+001
851	 8.7000000000e+002	 1.80709e+001	-4.18558e+001
852	 8.7100000000e+002	 1.88179e+001	-3.95516e+001
853	 8.7200000000e+002	 1.96916e+001	-3.72547e+001
854	 8.7300000000e+002	 2.05263e+001	-3.48827e+001
855	 8.7400000000e+002	 2.15164e+001	-3.25036e+001
856	 8.7500000000e+002	 2.24833e+001	-3.00848e+001
857	 8.7600000000e+002	 2.35241e+001	-2.76544e+001
858	 8.7700000000e+002	 2.46345e+001	-2.51734e+001
859	 8.7800000000e+002	 2.57528e+001	-2.26291e+001
860	 8.7900000000e+002	 2.69503e+001	-2.00554e+001
861	 8.8000000000e+002	 2.82260e+001	-1.74306e+001
862	 8.8100000000e+002	 2.96721e+001	-1.48136e+001
863	 8.8200000000e+002	 3.11170e+001	-1.21112e+001
864	 8.8300000000e+002	 3.26618e+001	-9.37082e+000
865	 8.8400000000e+002	 3.43261e+001	-6.50241e+000
866	 8.8500000000e+002	 3.60981e+001	-3.64925e+000
867	 8.8600000000e+002	 3.79659e+001	-7.95950e-001
868	 8.8700000000e+002	 3.99437e+001	 2.13152e+000
869	 8.8800000000e+002	 4.21301e+001	 5.18452e+000
870	 8.8900000000e+002	 4.43952e+001	 8.30578e+000
871	 8.9000000000e+002	 4.68015e+001	 1.14167e+001
872	 8.9100000000e+002	 4.93581e+001	 1.45654e+001
873	 8.9200000000e+002	 5.21465e+001	 1.78276e+001
874	 8.9300000000e+002	 5.51409e+001	 2.11468e+001
875	 8.9400000000e+002	 5.83757e+001	 2.45463e+001
876	 8.9500000000e+002	 6.17767e+001	 2.80248e+001
877	 8.9600000000e+002	 6.54299e+001	 3.15102e+001
878	 8.9700000000e+002	 6.93681e+001	 3.50402e+001
879	 8.9800000000e+002	 7.36138e+001	 3.86428e+001
880	 8.9900000000e+002	 7.81886e+001	 4.22382e+001
881	 9.0000000000e+002	 8.31482e+001	 4.59702e+001
882	 9.0100000000e+002	 8.84677e+001	 4.97089e+001
883	 9.0200000000e+002	 9.42917e+001	 5.35159e+001
884	 9.0300000000e+002	 1.00612e+002	 5.72153e+001
885	 9.0400000000e+002	 1.07379e+002	 6.08879e+001
886	 9.0500000000e+002	 1.14767e+002	 6.44759e+001
887	 9.0600000000e+002	 1.22827e+002	 6.79434e+001
888	 9.0700000000e+002	 1.31577e+002	 7.12775e+001
889	 9.0800000000e+002	 1.41150e+002	 7.43359e+001
890	 9.0900000000e+002	 1.51612e+002	 7.71408e+001
891	 9.1000000000e+002	 1.62995e+002	 7.95334e+001
892	 9.1100000000e+002	 1.75401e+002	 8.13088e+001
893	 9.1200000000e+002	 1.88879e+002	 8.22940e+001
894	 9.1300000000e+002	 2.03475e+002	 8.23072e+001
895	 9.1400000000e+002	 2.19286e+002	 8.11107e+001
896	 9.1500000000e+002	 2.36257e+002	 7.83461e+001
897	 9.1600000000e+002	 2.54436e+002	 7.36620e+001
898	 9.1700000000e+002	 2.73407e+002	 6.66446e+001
899	 9.1800000000e+002	 2.93061e+002	 5.68188e+001
900	 9.1900000000e+002	 3.13012e+002	 4.36987e+001
901	 9.2000000000e+002	 3.32410e+002	 2.70590e+001
902	 9.2100000000e+002	 3.50600e+002	 6.58705e+000
903	 9.2200000000e+002	 3.66396e+002	-1.78530e+001
904	 9.2300000000e+002	 3.78901e+002	-4.58124e+001
905	 9.2400000000e+002	 3.87196e+002	-7.67405e+001
906	 9.2500000000e+002	 3.90058e+002	-1.09512e+002
907	 9.2600000000e+002	 3.87266e+002	-1.42816e+002
908	 9.2700000000e+002	 3.78696e+002	-1.75192e+002
909	 9.2800000000e+002	 3.64833e+002	-2.05028e+002
910	 9.2900000000e+002	 3.46715e+002	-2.31419e+002
911	 9.3000000000e+002	 3.25446e+002	-2.53586e+002
912	 9.3100000000e+002	 3.02178e+002	-2.71234e+002
913	 9.3200000000e+002	 2.77992e+002	-2.84438e+002
914	 9.3300000000e+002	 2.53985e+002	-2.93524e+002
915	 9.3400000000e+002	 2.30814e+002	-2.99106e+002
916	 9.3500000000e+002	 2.08869e+002	-3.01638e+002
917	 9.3600000000e+002	 1.88522e+002	-3.01715e+002
918	 9.3700000000e+002	 1.69884e+002	-2.99970e+002
919	 9.3800000000e+002	 1.52897e+002	-2.96821e+002
920	 9.3900000000e+002	 1.37617e+002	-2.92508e+002
921	 9.4000000000e+002	 1.23886e+002	-2.87473e+002
922	 9.4100000000e+002	 1.11618e+002	-2.81974e+002
923	 9.4200000000e+002	 1.00652e+002	-2.76131e+002
924	 9.4300000000e+002	 9.07463e+001	-2.70130e+002
925	 9.4400000000e+002	 8.19050e+001	-2.64057e+002
926	 9.4500000000e+002	 7.39984e+001	-2.57967e+002
927	 9.4600000000e+002	 6.68509e+001	-2.51915e+002
928	 9.4700000000e+002	 6.04904e+001	-2.45936e+002
929	 9.4800000000e+002	 5.47995e+001	-2.40145e+002
930	 9.4900000000e+002	 4.97547e+001	-2.34446e+002
931	 9.5000000000e+002	 4.50879e+001	-2.28927e+002
932	 9.5100000000e+002	 4.08017e+001	-2.23604e+002
933	 9.5200000000e+002	 3.70266e+001	-2.18420e+002
934	 9.5300000000e+002	 3.35640e+001	-2.13396e+002
935	 9.5400000000e+002	 3.04295e+001	-2.08554e+002
936	 9.5500000000e+002	 2.75994e+001	-2.03854e+002
937	 9.5600000000e+002	 2.49976e+001	-1.99266e+002
938	 9.5700000000e+002	 2.27105e+001	-1.94899e+002
939	 9.5800000000e+002	 2.06205e+001	-1.90629e+002
940	 9.5900000000e+002	 1.86799e+001	-1.86506e+002
941	 9.6000000000e+002	 1.68688e+001	-1.82456e+002
942	 9.6100000000e+002	 1.52611e+001	-1.78575e+002
943	 9.6200000000e+002	 1.38409e+001	-1.74859e+002
944	 9.6300000000e+002	 1.25088e+001	-1.71211e+002
945	 9.6400000000e+002	 1.13038e+001	-1.67633e+002
946	 9.6500000000e+002	 1.02071e+001	-1.64159e+002
947	 9.6600000000e+002	 9.18422e+000	-1.60817e+002
948	 9.6700000000e+002	 8.28695e+000	-1.57526e+002
949	 9.6800000000e+002	 7.45922e+000	-1.54339e+002
950	 9.6900000000e+002	 6.71996e+000	-1.51202e+002
951	 9.7000000000e+002	 6.11305e+000	-1.48142e+002
952	 9.7100000000e+002	 5.59487e+000	-1.45175e+002
953	 9.7200000000e+002	 5.08261e+000	-1.42280e+002
954	 9.7300000000e+002	 4.62692e+000	-1.39427e+002
955	 9.7400000000e+002	 4.28894e+000	-1.36661e+002
956	 9.7500000000e+002	 4.04946e+000	-1.33965e+002
957	 9.7600000000e+002	 3.80901e+000	-1.31335e+002
958	 9.7700000000e+002	 3.56649e+000	-1.28763e+002
959	 9.7800000000e+002	 3.42667e+000	-1.26248e+002
960	 9.7900000000e+002	 3.32135e+000	-1.23800e+002
961	 9.8000000000e+002	 3.26093e+000	-1.21347e+002
962	 9.8100000000e+002	 3.26028e+000	-1.18963e+002
963	 9.8200000000e+002	 3.25551e+000	-1.16634e+002
964	 9.8300000000e+002	 3.26947e+000	-1.14347e+002
965	 9.8400000000e+002	 3.34823e+000	-1.12104e+002
966	 9.8500000000e+002	 3.44167e+000	-1.09922e+002
967	 9.8600000000e+002	 3.59488e+000	-1.07723e+002
968	 9.8700000000e+002	 3.73926e+000	-1.05563e+002
969	 9.8800000000e+002	 3.90857e+000	-1.03480e+002
970	 9.8900000000e+002	 4.12108e+000	-1.01407e+002
971	 9.9000000000e+002	 4.35808e+000	-9.93214e+001
972	 9.9100000000e+002	 4.62701e+000	-9.72484e+001
973	 9.9200000000e+002	 4.89696e+000	-9.52052e+001
974	 9.9300000000e+002	 5.21633e+000	-9.32338e+001
975	 9.9400000000e+002	 5.52904e+000	-9.12127e+001
976	 9.9500000000e+002	 5.91718e+000	-8.92541e+001
977	 9.9600000000e+002	 6.30266e+000	-8.72924e+001
978	 9.9700000000e+002	 6.65733e+000	-8.53500e+001
979	 9.9800000000e+002	 7.10161e+000	-8.33773e+001
980	 9.9900000000e+002	 7.59325e+000	-8.14343e+001
981	 1.0000000000e+003	 8.06859e+000	-7.95137e+001
982	 1.0010000000e+003	 8.59650e+000	-7.76036e+001
983	 1.0020000000e+003	 9.17037e+000	-7.56078e+001
984	 1.0030000000e+003	 9.69641e+000	-7.37326e+001
985	 1.0040000000e+003	 1.03137e+001	-7.17591e+001
986	 1.0050000000e+003	 1.10137e+001	-6.98522e+001
987	 1.0060000000e+003	 1.17004e+001	-6.78931e+001
988	 1.0070000000e+003	 1.23908e+001	-6.59786e+001
989	 1.0080000000e+003	 1.31776e+001	-6.40903e+001
990	 1.0090000000e+003	 1.40058e+001	-6.21014e+001
991	 1.0100000000e+003	 1.47994e+001	-6.01849e+001
992	 1.0110000000e+003	 1.57191e+001	-5.82040e+001
993	 1.0120000000e+003	 1.66165e+001	-5.62599e+001
994	 1.0130000000e+003	 1.75790e+001	-5.43321e+001
995	 1.0140000000e+003	 1.86334e+001	-5.23143e+001
996	 1.0150000000e+003	 1.96699e+001	-5.03559e+001
997	 1.0160000000e+003	 2.08079e+001	-4.83517e+001
998	 1.0170000000e+003	 2.20309e+001	-4.62799e+001
999	 1.0180000000e+003	 2.32587e+001	-4.43465e+001
1000	 1.0190000000e+003	 2.45699e+001	-4.23021e+001
1001	 1.0200000000e+003	 2.59891e+001	-4.02034e+001
1002	 1.0210000000e+003	 2.74026e+001	-3.82003e+001
1003	 1.0220000000e+003	 2.89507e+001	-3.60858e+001
1004	 1.0230000000e+003	 3.06186e+001	-3.39124e+001
1005	 1.0240000000e+003	 3.23280e+001	-3.18218e+001
1006	 1.0250000000e+003	 3.40508e+001	-2.98198e+001
1007	 1.0260000000e+003	 3.59995e+001	-2.76063e+001
1008	 1.0270000000e+003	 3.80417e+001	-2.54235e+001
1009	 1.0280000000e+003	 4.01427e+001	-2.33258e+001
1010	 1.0290000000e+003	 4.23215e+001	-2.12602e+001
1011	 1.0300000000e+003	 4.47170e+001	-1.90152e+001
1012	 1.0310000000e+003	 4.72943e+001	-1.67308e+001
1013	 1.0320000000e+003	 4.99505e+001	-1.45422e+001
1014	 1.0330000000e+003	 5.26569e+001	-1.24767e+001
1015	 1.0340000000e+003	 5.55697e+001	-1.03624e+001
1016	 1.0350000000e+003	 5.87762e+001	-8.17411e+000
1017	 1.0360000000e+003	 6.22236e+001	-5.88507e+000
1018	 1.0370000000e+003	 6.57850e+001	-3.74639e+000
1019	 1.0380000000e+003	 6.94815e+001	-1.68788e+000
1020	 1.0390000000e+003	 7.33923e+001	 2.34431e-001
1021	 1.0400000000e+003	 7.76033e+001	 2.12448e+000
1022	 1.0410000000e+003	 8.21393e+001	 4.05088e+000
1023	 1.0420000000e+003	 8.71036e+001	 5.99008e+000
1024	 1.0430000000e+003	 9.23681e+001	 7.74713e+000
1025	 1.0440000000e+003	 9.79209e+001	 9.31298e+000
1026	 1.0450000000e+003	 1.03685e+002	 1.06469e+001
1027	 1.0460000000e+003	 1.09760e+002	 1.17985e+001
1028	 1.0470000000e+003	 1.16161e+002	 1.26788e+001
1029	 1.0480000000e+003	 1.23003e+002	 1.32687e+001
1030	 1.0490000000e+003	 1.30317e+002	 1.35113e+001
1031	 1.0500000000e+003	 1.38123e+002	 1.33459e+001
1032	 1.0510000000e+003	 1.46392e+002	 1.27273e+001
1033	 1.0520000000e+003	 1.55207e+002	 1.14582e+001
1034	 1.0530000000e+003	 1.64351e+002	 9.50447e+000
1035	 1.0540000000e+003	 1.73957e+002	 6.74920e+000
1036	 1.0550000000e+003	 1.83921e+002	 3.04841e+000
1037	 1.0560000000e+003	 1.94098e+002	-1.76113e+000
1038	 1.0570000000e+003	 2.04367e+002	-7.72684e+000
1039	 1.0580000000e+003	 2.14628e+002	-1.49890e+001
1040	 1.0590000000e+003	 2.24716e+002	-2.36540e+001
1041	 1.0600000000e+003	 2.34481e+002	-3.38510e+001
1042	 1.0610000000e+003	 2.43506e+002	-4.56318e+001
1043	 1.0620000000e+003	 2.51551e+002	-5.89626e+001
1044	 1.0630000000e+003	 2.58301e+002	-7.37260e+001
1045	 1.0640000000e+003	 2.63383e+002	-8.98509e+001
1046	 1.0650000000e+003	 2.66517e+002	-1.06945e+002
1047	 1.0660000000e+003	 2.67455e+002	-1.24830e+002
1048	 1.0670000000e+003	 2.66004e+002	-1.43008e+002
1049	 1.0680000000e+003	 2.62057e+002	-1.61003e+002
1050	 1.0690000000e+003	 2.55827e+002	-1.78308e+002
1051	 1.0700000000e+003	 2.47399e+002	-1.94385e+002
1052	 1.0710000000e+003	 2.37141e+002	-2.08929e+002
1053	 1.0720000000e+003	 2.25361e+002	-2.21674e+002
1054	 1.0730000000e+003	 2.12459e+002	-2.32560e+002
1055	 1.0740000000e+003	 1.98794e+002	-2.41585e+002
1056	 1.0750000000e+003	 1.84733e+002	-2.48714e+002
1057	 1.0760000000e+003	 1.70578e+002	-2.54150e+002
1058	 1.0770000000e+003	 1.56651e+002	-2.57735e+002
1059	 1.0780000000e+003	 1.43301e+002	-2.59617e+002
1060	 1.0790000000e+003	 1.30616e+002	-2.60173e+002
1061	 1.0800000000e+003	 1.18603e+002	-2.59661e+002
1062	 1.0810000000e+003	 1.07246e+002	-2.58406e+002
1063	 1.0820000000e+003	 9.67572e+001	-2.56410e+002
1064	 1.0830000000e+003	 8.71175e+001	-2.53661e+002
1065	 1.0840000000e+003	 7.82666e+001	-2.50357e+002
1066	 1.0850000000e+003	 7.00115e+001	-2.46856e+002
1067	 1.0860000000e+003	 6.23750e+001	-2.43154e+002
1068	 1.0870000000e+003	 5.54599e+001	-2.39148e+002
1069	 1.0880000000e+003	 4.91717e+001	-2.34973e+002
1070	 1.0890000000e+003	 4.34165e+001	-2.30786e+002
1071	 1.0900000000e+003	 3.80820e+001	-2.26625e+002
1072	 1.0910000000e+003	 3.33088e+001	-2.22364e+002
1073	 1.0920000000e+003	 2.90130e+001	-2.18066e+002
1074	 1.0930000000e+003	 2.50001e+001	-2.13881e+002
1075	 1.0940000000e+003	 2.13356e+001	-2.09711e+002
1076	 1.0950000000e+003	 1.80808e+001	-2.05539e+002
1077	 1.0960000000e+003	 1.50520e+001	-2.01522e+002
1078	 1.0970000000e+003	 1.22475e+001	-1.97611e+002
1079	 1.0980000000e+003	 9.82944e+000	-1.93718e+002
1080	 1.0990000000e+003	 7.58188e+000	-1.89882e+002
1081	 1.1000000000e+003	 5.52076e+000	-1.86194e+002
1082	 1.1010000000e+003	 3.65968e+000	-1.82616e+002
1083	 1.1020000000e+003	 1.94368e+000	-1.79125e+002
1084	 1.1030000000e+003	 4.37907e-001	-1.75729e+002
1085	 1.1040000000e+003	-9.03765e-001	-1.72350e+002
1086	 1.1050000000e+003	-2.10482e+000	-1.69097e+002
1087	 1.1060000000e+003	-3.20854e+000	-1.65927e+002
1088	 1.1070000000e+003	-4.18574e+000	-1.62795e+002
1089	 1.1080000000e+003	-5.03894e+000	-1.59809e+002
1090	 1.1090000000e+003	-5.85766e+000	-1.56828e+002
1091	 1.1100000000e+003	-6.51344e+000	-1.53978e+002
1092	 1.1110000000e+003	-7.12541e+000	-1.51234e+002
1093	 1.1120000000e+003	-7.61688e+000	-1.48558e+002
1094	 1.1130000000e+003	-8.02673e+000	-1.45941e+002
1095	 1.1140000000e+003	-8.45894e+000	-1.43331e+002
1096	 1.1150000000e+003	-8.76255e+000	-1.40816e+002
1097	 1.1160000000e+003	-9.03201e+000	-1.38350e+002
1098	 1.1170000000e+003	-9.21091e+000	-1.35989e+002
1099	 1.1180000000e+003	-9.41669e+000	-1.33656e+002
1100	 1.1190000000e+003	-9.50015e+000	-1.31366e+002
1101	 1.1200000000e+003	-9.56167e+000	-1.29158e+002
1102	 1.1210000000e+003	-9.56502e+000	-1.27005e+002
1103	 1.1220000000e+003	-9.58878e+000	-1.24885e+002
1104	 1.1230000000e+003	-9.52770e+000	-1.22815e+002
1105	 1.1240000000e+003	-9.45997e+000	-1.20810e+002
1106	 1.1250000000e+003	-9.37303e+000	-1.18825e+002
1107	 1.1260000000e+003	-9.23735e+000	-1.16865e+002
1108	 1.1270000000e+003	-9.09731e+000	-1.14945e+002
1109	 1.1280000000e+003	-8.94125e+000	-1.13030e+002
1110	 1.1290000000e+003	-8.79368e+000	-1.11152e+002
1111	 1.1300000000e+003	-8.56969e+000	-1.09352e+002
1112	 1.1310000000e+003	-8.33755e+000	-1.07563e+002
1113	 1.1320000000e+003	-8.11660e+000	-1.05754e+002
1114	 1.1330000000e+003	-7.82777e+000	-1.03964e+002
1115	 1.1340000000e+003	-7.54516e+000	-1.02205e+002
1116	 1.1350000000e+003	-7.24465e+000	-1.00427e+002
1117	 1.1360000000e+003	-6.88865e+000	-9.86399e+001
1118	 1.1370000000e+003	-6.52841e+000	-9.68999e+001
1119	 1.1380000000e+003	-6.10997e+000	-9.51889e+001
1120	 1.1390000000e+003	-5.65783e+000	-9.34535e+001
1121	 1.1400000000e+003	-5.17951e+000	-9.17188e+001
1122	 1.1410000000e+003	-4.67622e+000	-9.00140e+001
1123	 1.1420000000e+003	-4.12957e+000	-8.83518e+001
1124	 1.1430000000e+003	-3.53498e+000	-8.66930e+001
1125	 1.1440000000e+003	-2.85578e+000	-8.50127e+001
1126	 1.1450000000e+003	-2.19234e+000	-8.33661e+001
1127	 1.1460000000e+003	-1.54298e+000	-8.17749e+001
1128	 1.1470000000e+003	-8.09098e-001	-8.01477e+001
1129	 1.1480000000e+003	-4.94551e-002	-7.85172e+001
1130	 1.1490000000e+003	 7.31055e-001	-7.69490e+001
1131	 1.1500000000e+003	 1.55463e+000	-7.53952e+001
1132	 1.1510000000e+003	 2.42876e+000	-7.38184e+001
1133	 1.1520000000e+003	 3.33488e+000	-7.22699e+001
1134	 1.1530000000e+003	 4.26012e+000	-7.07239e+001
1135	 1.1540000000e+003	 5.22352e+000	-6.91803e+001
1136	 1.1550000000e+003	 6.24848e+000	-6.76558e+001
1137	 1.1560000000e+003	 7.31262e+000	-6.61310e+001
1138	 1.1570000000e+003	 8.41044e+000	-6.46148e+001
1139	 1.1580000000e+003	 9.54472e+000	-6.31335e+001
1140	 1.1590000000e+003	 1.07447e+001	-6.15941e+001
1141	 1.1600000000e+003	 1.19893e+001	-6.01170e+001
1142	 1.1610000000e+003	 1.32544e+001	-5.86367e+001
1143	 1.1620000000e+003	 1.46140e+001	-5.71569e+001
1144	 1.1630000000e+003	 1.60221e+001	-5.57213e+001
1145	 1.1640000000e+003	 1.75027e+001	-5.42544e+001
1146	 1.1650000000e+003	 1.90415e+001	-5.28227e+001
1147	 1.1660000000e+003	 2.06287e+001	-5.13826e+001
1148	 1.1670000000e+003	 2.23456e+001	-4.99748e+001
1149	 1.1680000000e+003	 2.40747e+001	-4.85998e+001
1150	 1.1690000000e+003	 2.58684e+001	-4.72308e+001
1151	 1.1700000000e+003	 2.77593e+001	-4.58790e+001
1152	 1.1710000000e+003	 2.97404e+001	-4.45638e+001
1153	 1.1720000000e+003	 3.18205e+001	-4.32703e+001
1154	 1.1730000000e+003	 3.39919e+001	-4.20199e+001
1155	 1.1740000000e+003	 3.62687e+001	-4.07982e+001
1156	 1.1750000000e+003	 3.86177e+001	-3.95876e+001
1157	 1.1760000000e+003	 4.10872e+001	-3.84563e+001
1158	 1.1770000000e+003	 4.36417e+001	-3.73446e+001
1159	 1.1780000000e+003	 4.63202e+001	-3.63199e+001
1160	 1.1790000000e+003	 4.91477e+001	-3.53473e+001
1161	 1.1800000000e+003	 5.20854e+001	-3.44100e+001
1162	 1.1810000000e+003	 5.51566e+001	-3.35901e+001
1163	 1.1820000000e+003	 5.83608e+001	-3.28479e+001
1164	 1.1830000000e+003	 6.17131e+001	-3.22507e+001
1165	 1.1840000000e+003	 6.52186e+001	-3.17366e+001
1166	 1.1850000000e+003	 6.88998e+001	-3.13418e+001
1167	 1.1860000000e+003	 7.27047e+001	-3.11028e+001
1168	 1.1870000000e+003	 7.66982e+001	-3.10146e+001
1169	 1.1880000000e+003	 8.08603e+001	-3.11397e+001
1170	 1.1890000000e+003	 8.52299e+001	-3.14612e+001
1171	 1.1900000000e+003	 8.97503e+001	-3.20403e+001
1172	 1.1910000000e+003	 9.43934e+001	-3.28969e+001
1173	 1.1920000000e+003	 9.91839e+001	-3.40441e+001
1174	 1.1930000000e+003	 1.04133e+002	-3.55344e+001
1175	 1.1940000000e+003	 1.09230e+002	-3.73779e+001
1176	 1.1950000000e+003	 1.14481e+002	-3.96720e+001
1177	 1.1960000000e+003	 1.19797e+002	-4.23661e+001
1178	 1.1970000000e+003	 1.25200e+002	-4.56038e+001
1179	 1.1980000000e+003	 1.30575e+002	-4.93741e+001
1180	 1.1990000000e+003	 1.35921e+002	-5.37216e+001
1181	 1.2000000000e+003	 1.41143e+002	-5.87325e+001
1182	 1.2010000000e+003	 1.46107e+002	-6.43943e+001
1183	 1.2020000000e+003	 1.50832e+002	-7.07405e+001
1184	 1.2030000000e+003	 1.55071e+002	-7.77480e+001
1185	 1.2040000000e+003	 1.58762e+002	-8.54444e+001
1186	 1.2050000000e+003	 1.61815e+002	-9.37110e+001
1187	 1.2060000000e+003	 1.64122e+002	-1.02563e+002
1188	 1.2070000000e+003	 1.65530e+002	-1.11782e+002
1189	 1.2080000000e+003	 1.65997e+002	-1.21323e+002
1190	 1.2090000000e+003	 1.65412e+002	-1.30991e+002
1191	 1.2100000000e+003	 1.63774e+002	-1.40724e+002
1192	 1.2110000000e+003	 1.61097e+002	-1.50293e+002
1193	 1.2120000000e+003	 1.57366e+002	-1.59497e+002
1194	 1.2130000000e+003	 1.52702e+002	-1.68217e+002
1195	 1.2140000000e+003	 1.47175e+002	-1.76329e+002
1196	 1.2150000000e+003	 1.40894e+002	-1.83744e+002
1197	 1.2160000000e+003	 1.33996e+002	-1.90422e+002
1198	 1.2170000000e+003	 1.26593e+002	-1.96235e+002
1199	 1.2180000000e+003	 1.18876e+002	-2.01160e+002
1200	 1.2190000000e+003	 1.10948e+002	-2.05180e+002
1201	 1.2200000000e+003	 1.02939e+002	-2.08381e+002
1202	 1.2210000000e+003	 9.49572e+001	-2.10759e+002
1203	 1.2220000000e+003	 8.70649e+001	-2.12360e+002
1204	 1.2230000000e+003	 7.93669e+001	-2.13314e+002
1205	 1.2240000000e+003	 7.18803e+001	-2.13611e+002
1206	 1.2250000000e+003	 6.47128e+001	-2.13374e+002
1207	 1.2260000000e+003	 5.78352e+001	-2.12647e+002
1208	 1.2270000000e+003	 5.13018e+001	-2.11473e+002
1209	 1.2280000000e+003	 4.50891e+001	-2.09965e+002
1210	 1.2290000000e+003	 3.92897e+001	-2.08103e+002
1211	 1.2300000000e+003	 3.38530e+001	-2.05975e+002
1212	 1.2310000000e+003	 2.87818e+001	-2.03641e+002
1213	 1.2320000000e+003	 2.40573e+001	-2.01113e+002
1214	 1.2330000000e+003	 1.96797e+001	-1.98470e+002
1215	 1.2340000000e+003	 1.56088e+001	-1.95682e+002
1216	 1.2350000000e+003	 1.18325e+001	-1.92835e+002
1217	 1.2360000000e+003	 8.35053e+000	-1.89941e+002
1218	 1.2370000000e+003	 5.13452e+000	-1.86998e+002
1219	 1.2380000000e+003	 2.18493e+000	-1.84055e+002
1220	 1.2390000000e+003	-5.48928e-001	-1.81109e+002
1221	 1.2400000000e+003	-3.03450e+000	-1.78178e+002
1222	 1.2410000000e+003	-5.30916e+000	-1.75267e+002
1223	 1.2420000000e+003	-7.37620e+000	-1.72408e+002
1224	 1.2430000000e+003	-9.28409e+000	-1.69561e+002
1225	 1.2440000000e+003	-1.10041e+001	-1.66733e+002
1226	 1.2450000000e+003	-1.25701e+001	-1.63978e+002
1227	 1.2460000000e+003	-1.40466e+001	-1.61256e+002
1228	 1.2470000000e+003	-1.53772e+001	-1.58594e+002
1229	 1.2480000000e+003	-1.65892e+001	-1.55992e+002
1230	 1.2490000000e+003	-1.76689e+001	-1.53419e+002
1231	 1.2500000000e+003	-1.86588e+001	-1.50895e+002
1232	 1.2510000000e+003	-1.95436e+001	-1.48464e+002
1233	 1.2520000000e+003	-2.03634e+001	-1.46069e+002
1234	 1.2530000000e+003	-2.10977e+001	-1.43712e+002
1235	 1.2540000000e+003	-2.17513e+001	-1.41395e+002
1236	 1.2550000000e+003	-2.22994e+001	-1.39143e+002
1237	 1.2560000000e+003	-2.27813e+001	-1.36912e+002
1238	 1.2570000000e+003	-2.32198e+001	-1.34744e+002
1239	 1.2580000000e+003	-2.36087e+001	-1.32621e+002
1240	 1.2590000000e+003	-2.39323e+001	-1.30535e+002
1241	 1.2600000000e+003	-2.42158e+001	-1.28495e+002
1242	 1.2610000000e+003	-2.44481e+001	-1.26482e+002
1243	 1.2620000000e+003	-2.46214e+001	-1.24512e+002
1244	 1.2630000000e+003	-2.47711e+001	-1.22609e+002
1245	 1.2640000000e+003	-2.48770e+001	-1.20724e+002
1246	 1.2650000000e+003	-2.49316e+001	-1.18874e+002
1247	 1.2660000000e+003	-2.49708e+001	-1.17066e+002
1248	 1.2670000000e+003	-2.49499e+001	-1.15281e+002
1249	 1.2680000000e+003	-2.48787e+001	-1.13525e+002
1250	 1.2690000000e+003	-2.48156e+001	-1.11798e+002
1251	 1.2700000000e+003	-2.47091e+001	-1.10088e+002
1252	 1.2710000000e+003	-2.45625e+001	-1.08402e+002
1253	 1.2720000000e+003	-2.43992e+001	-1.06749e+002
1254	 1.2730000000e+003	-2.41905e+001	-1.05130e+002
1255	 1.2740000000e+003	-2.39842e+001	-1.03542e+002
1256	 1.2750000000e+003	-2.37544e+001	-1.01984e+002
1257	 1.2760000000e+003	-2.34763e+001	-1.00442e+002
1258	 1.2770000000e+003	-2.31632e+001	-9.89028e+001
1259	 1.2780000000e+003	-2.28361e+001	-9.74028e+001
1260	 1.2790000000e+003	-2.24817e+001	-9.59288e+001
1261	 1.2800000000e+003	-2.20771e+001	-9.44627e+001
1262	 1.2810000000e+003	-2.16760e+001	-9.30230e+001
1263	 1.2820000000e+003	-2.12533e+001	-9.15934e+001
1264	 1.2830000000e+003	-2.07962e+001	-9.01952e+001
1265	 1.2840000000e+003	-2.03194e+001	-8.88171e+001
1266	 1.2850000000e+003	-1.98171e+001	-8.74486e+001
1267	 1.2860000000e+003	-1.92901e+001	-8.61009e+001
1268	 1.2870000000e+003	-1.87715e+001	-8.47662e+001
1269	 1.2880000000e+003	-1.81916e+001	-8.34656e+001
1270	 1.2890000000e+003	-1.75831e+001	-8.21918e+001
1271	 1.2900000000e+003	-1.69649e+001	-8.09072e+001
1272	 1.2910000000e+003	-1.63077e+001	-7.96364e+001
1273	 1.2920000000e+003	-1.56370e+001	-7.83954e+001
1274	 1.2930000000e+003	-1.49430e+001	-7.71664e+001
1275	 1.2940000000e+003	-1.42276e+001	-7.59401e+001
1276	 1.2950000000e+003	-1.34826e+001	-7.47455e+001
1277	 1.2960000000e+003	-1.27021e+001	-7.35730e+001
1278	 1.2970000000e+003	-1.19086e+001	-7.24098e+001
1279	 1.2980000000e+003	-1.10865e+001	-7.12591e+001
1280	 1.2990000000e+003	-1.02288e+001	-7.01255e+001
1281	 1.3000000000e+003	-9.34747e+000	-6.90058e+001
1282	 1.3010000000e+003	-8.43096e+000	-6.79124e+001
1283	 1.3020000000e+003	-7.48469e+000	-6.68377e+001
1284	 1.3030000000e+003	-6.50358e+000	-6.57759e+001
1285	 1.3040000000e+003	-5.49254e+000	-6.47329e+001
1286	 1.3050000000e+003	-4.44516e+000	-6.37127e+001
1287	 1.3060000000e+003	-3.35886e+000	-6.27046e+001
1288	 1.3070000000e+003	-2.23766e+000	-6.17180e+001
1289	 1.3080000000e+003	-1.11080e+000	-6.07712e+001
1290	 1.3090000000e+003	 6.12953e-002	-5.98494e+001
1291	 1.3100000000e+003	 1.27836e+000	-5.89376e+001
1292	 1.3110000000e+003	 2.55466e+000	-5.80581e+001
1293	 1.3120000000e+003	 3.85489e+000	-5.72015e+001
1294	 1.3130000000e+003	 5.18973e+000	-5.63876e+001
1295	 1.3140000000e+003	 6.56749e+000	-5.56024e+001
1296	 1.3150000000e+003	 7.97304e+000	-5.48276e+001
1297	 1.3160000000e+003	 9.41523e+000	-5.41115e+001
1298	 1.3170000000e+003	 1.09299e+001	-5.34409e+001
1299	 1.3180000000e+003	 1.24944e+001	-5.28017e+001
1300	 1.3190000000e+003	 1.40917e+001	-5.22054e+001
1301	 1.3200000000e+003	 1.57142e+001	-5.16464e+001
1302	 1.3210000000e+003	 1.73903e+001	-5.11407e+001
1303	 1.3220000000e+003	 1.91180e+001	-5.06910e+001
1304	 1.3230000000e+003	 2.08915e+001	-5.02786e+001
1305	 1.3240000000e+003	 2.27220e+001	-4.99494e+001
1306	 1.3250000000e+003	 2.45965e+001	-4.96703e+001
1307	 1.3260000000e+003	 2.65047e+001	-4.94388e+001
1308	 1.3270000000e+003	 2.84662e+001	-4.92980e+001
1309	 1.3280000000e+003	 3.04862e+001	-4.92347e+001
1310	 1.3290000000e+003	 3.25469e+001	-4.92522e+001
1311	 1.3300000000e+003	 3.46465e+001	-4.93615e+001
1312	 1.3310000000e+003	 3.68430e+001	-4.95784e+001
1313	 1.3320000000e+003	 3.90577e+001	-4.98730e+001
1314	 1.3330000000e+003	 4.13200e+001	-5.02874e+001
1315	 1.3340000000e+003	 4.36228e+001	-5.08125e+001
1316	 1.3350000000e+003	 4.59442e+001	-5.14601e+001
1317	 1.3360000000e+003	 4.83324e+001	-5.22766e+001
1318	 1.3370000000e+003	 5.07347e+001	-5.32442e+001
1319	 1.3380000000e+003	 5.31789e+001	-5.43708e+001
1320	 1.3390000000e+003	 5.56304e+001	-5.56731e+001
1321	 1.3400000000e+003	 5.80622e+001	-5.71371e+001
1322	 1.3410000000e+003	 6.05053e+001	-5.88430e+001
1323	 1.3420000000e+003	 6.29091e+001	-6.07436e+001
1324	 1.3430000000e+003	 6.52756e+001	-6.28851e+001
1325	 1.3440000000e+003	 6.75471e+001	-6.52694e+001
1326	 1.3450000000e+003	 6.97056e+001	-6.79038e+001
1327	 1.3460000000e+003	 7.17312e+001	-7.07878e+001
1328	 1.3470000000e+003	 7.35852e+001	-7.39220e+001
1329	 1.3480000000e+003	 7.52437e+001	-7.72913e+001
1330	 1.3490000000e+003	 7.66248e+001	-8.08820e+001
1331	 1.3500000000e+003	 7.77401e+001	-8.46761e+001
1332	 1.3510000000e+003	 7.85157e+001	-8.86297e+001
1333	 1.3520000000e+003	 7.89395e+001	-9.27720e+001
1334	 1.3530000000e+003	 7.89546e+001	-9.69861e+001
1335	 1.3540000000e+003	 7.85733e+001	-1.01252e+002
1336	 1.3550000000e+003	 7.78203e+001	-1.05525e+002
1337	 1.3560000000e+003	 7.66212e+001	-1.09731e+002
1338	 1.3570000000e+003	 7.49880e+001	-1.13803e+002
1339	 1.3580000000e+003	 7.29584e+001	-1.17692e+002
1340	 1.3590000000e+003	 7.05722e+001	-1.21348e+002
1341	 1.3600000000e+003	 6.79075e+001	-1.24728e+002
1342	 1.3610000000e+003	 6.49128e+001	-1.27807e+002
1343	 1.3620000000e+003	 6.17003e+001	-1.30554e+002
1344	 1.3630000000e+003	 5.82964e+001	-1.32936e+002
1345	 1.3640000000e+003	 5.47259e+001	-1.34907e+002
1346	 1.3650000000e+003	 5.10888e+001	-1.36529e+002
1347	 1.3660000000e+003	 4.74260e+001	-1.37814e+002
1348	 1.3670000000e+003	 4.38001e+001	-1.38744e+002
1349	 1.3680000000e+003	 4.02310e+001	-1.39337e+002
1350	 1.3690000000e+003	 3.67236e+001	-1.39644e+002
1351	 1.3700000000e+003	 3.33176e+001	-1.39653e+002
1352	 1.3710000000e+003	 3.00474e+001	-1.39417e+002
1353	 1.3720000000e+003	 2.69418e+001	-1.38964e+002
1354	 1.3730000000e+003	 2.40026e+001	-1.38318e+002
1355	 1.3740000000e+003	 2.12360e+001	-1.37507e+002
1356	 1.3750000000e+003	 1.86227e+001	-1.36557e+002
1357	 1.3760000000e+003	 1.61848e+001	-1.35496e+002
1358	 1.3770000000e+003	 1.39105e+001	-1.34322e+002
1359	 1.3780000000e+003	 1.17867e+001	-1.33087e+002
1360	 1.3790000000e+003	 9.81970e+000	-1.31816e+002
1361	 1.3800000000e+003	 8.01934e+000	-1.30499e+002
1362	 1.3810000000e+003	 6.35908e+000	-1.29158e+002
1363	 1.3820000000e+003	 4.84684e+000	-1.27791e+002
1364	 1.3830000000e+003	 3.44677e+000	-1.26424e+002
1365	 1.3840000000e+003	 2.15088e+000	-1.25059e+002
1366	 1.3850000000e+003	 9.65091e-001	-1.23700e+002
1367	 1.3860000000e+003	-1.19362e-001	-1.22368e+002
1368	 1.3870000000e+003	-1.11026e+000	-1.21055e+002
1369	 1.3880000000e+003	-2.02771e+000	-1.19766e+002
1370	 1.3890000000e+003	-2.88045e+000	-1.18489e+002
1371	 1.3900000000e+003	-3.68036e+000	-1.17247e+002
1372	 1.3910000000e+003	-4.43572e+000	-1.16029e+002
1373	 1.3920000000e+003	-5.13074e+000	-1.14836e+002
1374	 1.3930000000e+003	-5.78309e+000	-1.13657e+002
1375	 1.3940000000e+003	-6.38284e+000	-1.12504e+002
1376	 1.3950000000e+003	-6.94958e+000	-1.11350e+002
1377	 1.3960000000e+003	-7.47998e+000	-1.10212e+002
1378	 1.3970000000e+003	-7.97928e+000	-1.09096e+002
1379	 1.3980000000e+003	-8.44719e+000	-1.08003e+002
1380	 1.3990000000e+003	-8.89310e+000	-1.06916e+002
1381	 1.4000000000e+003	-9.29235e+000	-1.05847e+002
1382	 1.4010000000e+003	-9.67531e+000	-1.04777e+002
1383	 1.4020000000e+003	-1.00288e+001	-1.03687e+002
1384	 1.4030000000e+003	-1.03685e+001	-1.02611e+002
1385	 1.4040000000e+003	-1.06886e+001	-1.01564e+002
1386	 1.4050000000e+003	-1.09739e+001	-1.00506e+002
1387	 1.4060000000e+003	-1.12199e+001	-9.94674e+001
1388	 1.4070000000e+003	-1.14494e+001	-9.84334e+001
1389	 1.4080000000e+003	-1.16369e+001	-9.73946e+001
1390	 1.4090000000e+003	-1.17925e+001	-9.63717e+001
1391	 1.4100000000e+003	-1.19322e+001	-9.53441e+001
1392	 1.4110000000e+003	-1.20490e+001	-9.43152e+001
1393	 1.4120000000e+003	-1.21409e+001	-9.33117e+001
1394	 1.4130000000e+003	-1.22073e+001	-9.23200e+001
1395	 1.4140000000e+003	-1.22493e+001	-9.13272e+001
1396	 1.4150000000e+003	-1.22544e+001	-9.03323e+001
1397	 1.4160000000e+003	-1.22419e+001	-8.93469e+001
1398	 1.4170000000e+003	-1.22128e+001	-8.83752e+001
1399	 1.4180000000e+003	-1.21665e+001	-8.74204e+001
1400	 1.4190000000e+003	-1.20951e+001	-8.64720e+001
1401	 1.4200000000e+003	-1.19940e+001	-8.55349e+001
1402	 1.4210000000e+003	-1.18702e+001	-8.46168e+001
1403	 1.4220000000e+003	-1.17109e+001	-8.36886e+001
1404	 1.4230000000e+003	-1.15344e+001	-8.27776e+001
1405	 1.4240000000e+003	-1.13524e+001	-8.18816e+001
1406	 1.4250000000e+003	-1.11429e+001	-8.09866e+001
1407	 1.4260000000e+003	-1.09068e+001	-8.01100e+001
1408	 1.4270000000e+003	-1.06638e+001	-7.92508e+001
1409	 1.4280000000e+003	-1.04047e+001	-7.83898e+001
1410	 1.4290000000e+003	-1.01159e+001	-7.75491e+001
1411	 1.4300000000e+003	-9.82838e+000	-7.67149e+001
1412	 1.4310000000e+003	-9.50376e+000	-7.58893e+001
1413	 1.4320000000e+003	-9.16367e+000	-7.50711e+001
1414	 1.4330000000e+003	-8.81704e+000	-7.42734e+001
1415	 1.4340000000e+003	-8.44555e+000	-7.34866e+001
1416	 1.4350000000e+003	-8.05037e+000	-7.27084e+001
1417	 1.4360000000e+003	-7.64909e+000	-7.19470e+001
1418	 1.4370000000e+003	-7.22735e+000	-7.11839e+001
1419	 1.4380000000e+003	-6.78669e+000	-7.04328e+001
1420	 1.4390000000e+003	-6.33849e+000	-6.97088e+001
1421	 1.4400000000e+003	-5.87824e+000	-6.89849e+001
1422	 1.4410000000e+003	-5.39691e+000	-6.82570e+001
1423	 1.4420000000e+003	-4.90272e+000	-6.75427e+001
1424	 1.4430000000e+003	-4.37983e+000	-6.68411e+001
1425	 1.4440000000e+003	-3.85273e+000	-6.61501e+001
1426	 1.4450000000e+003	-3.30972e+000	-6.54664e+001
1427	 1.4460000000e+003	-2.74783e+000	-6.47899e+001
1428	 1.4470000000e+003	-2.16152e+000	-6.41202e+001
1429	 1.4480000000e+003	-1.54507e+000	-6.34604e+001
1430	 1.4490000000e+003	-8.78435e-001	-6.28003e+001
1431	 1.4500000000e+003	-2.20457e-001	-6.21515e+001
1432	 1.4510000000e+003	 4.12022e-001	-6.15306e+001
1433	 1.4520000000e+003	 1.11320e+000	-6.09067e+001
1434	 1.4530000000e+003	 1.82538e+000	-6.02863e+001
1435	 1.4540000000e+003	 2.57610e+000	-5.96802e+001
1436	 1.4550000000e+003	 3.35466e+000	-5.90909e+001
1437	 1.4560000000e+003	 4.15586e+000	-5.85127e+001
1438	 1.4570000000e+003	 4.99634e+000	-5.79526e+001
1439	 1.4580000000e+003	 5.86453e+000	-5.74092e+001
1440	 1.4590000000e+003	 6.77149e+000	-5.68794e+001
1441	 1.4600000000e+003	 7.71064e+000	-5.63812e+001
1442	 1.4610000000e+003	 8.68066e+000	-5.59126e+001
1443	 1.4620000000e+003	 9.67569e+000	-5.54644e+001
1444	 1.4630000000e+003	 1.07074e+001	-5.50402e+001
1445	 1.4640000000e+003	 1.17909e+001	-5.46568e+001
1446	 1.4650000000e+003	 1.29022e+001	-5.43028e+001
1447	 1.4660000000e+003	 1.40380e+001	-5.39765e+001
1448	 1.4670000000e+003	 1.52122e+001	-5.36942e+001
1449	 1.4680000000e+003	 1.64180e+001	-5.34717e+001
1450	 1.4690000000e+003	 1.76478e+001	-5.32892e+001
1451	 1.4700000000e+003	 1.89156e+001	-5.31575e+001
1452	 1.4710000000e+003	 2.02242e+001	-5.30669e+001
1453	 1.4720000000e+003	 2.15680e+001	-5.30339e+001
1454	 1.4730000000e+003	 2.29262e+001	-5.30640e+001
1455	 1.4740000000e+003	 2.42942e+001	-5.31814e+001
1456	 1.4750000000e+003	 2.57102e+001	-5.33467e+001
1457	 1.4760000000e+003	 2.71451e+001	-5.35687e+001
1458	 1.4770000000e+003	 2.85610e+001	-5.39052e+001
1459	 1.4780000000e+003	 3.00095e+001	-5.43118e+001
1460	 1.4790000000e+003	 3.14713e+001	-5.47677e+001
1461	 1.4800000000e+003	 3.28738e+001	-5.53347e+001
1462	 1.4810000000e+003	 3.43553e+001	-5.59963e+001
1463	 1.4820000000e+003	 3.58090e+001	-5.67021e+001
1464	 1.4830000000e+003	 3.71585e+001	-5.75269e+001
1465	 1.4840000000e+003	 3.86238e+001	-5.84658e+001
1466	 1.4850000000e+003	 4.00101e+001	-5.94275e+001
1467	 1.4860000000e+003	 4.12729e+001	-6.05415e+001
1468	 1.4870000000e+003	 4.27050e+001	-6.17727e+001
1469	 1.4880000000e+003	 4.39032e+001	-6.29552e+001
1470	 1.4890000000e+003	 4.50905e+001	-6.43965e+001
1471	 1.4900000000e+003	 4.64016e+001	-6.59059e+001
1472	 1.4910000000e+003	 4.73346e+001	-6.73293e+001
1473	 1.4920000000e+003	 4.84721e+001	-6.91938e+001
1474	 1.4930000000e+003	 4.94272e+001	-7.08179e+001
1475	 1.4940000000e+003	 5.01438e+001	-7.26824e+001
1476	 1.4950000000e+003	 5.10717e+001	-7.48233e+001
1477	 1.4960000000e+003	 5.15210e+001	-7.65090e+001
1478	 1.4970000000e+003	 5.21165e+001	-7.90183e+001
1479	 1.4980000000e+003	 5.24824e+001	-8.08345e+001
1480	 1.4990000000e+003	 5.25989e+001	-8.32907e+001
1481	 1.5000000000e+003	 5.27748e+001	-8.56091e+001
1482	 1.5010000000e+003	 5.25510e+001	-8.76914e+001
1483	 1.5020000000e+003	 5.22927e+001	-9.04975e+001
1484	 1.5030000000e+003	 5.18926e+001	-9.22101e+001
1485	 1.5040000000e+003	 5.10356e+001	-9.52662e+001
1486	 1.5050000000e+003	 5.04724e+001	-9.67757e+001
1487	 1.5060000000e+003	 4.90451e+001	-9.97506e+001
1488	 1.5070000000e+003	 4.82888e+001	-1.01113e+002
1489	 1.5080000000e+003	 4.63822e+001	-1.03864e+002
1490	 1.5090000000e+003	 4.54137e+001	-1.05107e+002
1491	 1.5100000000e+003	 4.31201e+001	-1.07479e+002
1492	 1.5110000000e+003	 4.20035e+001	-1.08512e+002
1493	 1.5120000000e+003	 3.93490e+001	-1.10501e+002
1494	 1.5130000000e+003	 3.82085e+001	-1.11269e+002
1495	 1.5140000000e+003	 3.52147e+001	-1.12851e+002
1496	 1.5150000000e+003	 3.41462e+001	-1.13361e+002
1497	 1.5160000000e+003	 3.09320e+001	-1.14538e+002
1498	 1.5170000000e+003	 2.99057e+001	-1.14813e+002
1499	 1.5180000000e+003	 2.66761e+001	-1.15514e+002
1500	 1.5190000000e+003	 2.55606e+001	-1.15647e+002
1501	 1.5200000000e+003	 2.27447e+001	-1.15884e+002
1502	 1.5210000000e+003	 2.11743e+001	-1.15848e+002
1503	 1.5220000000e+003	 1.93188e+001	-1.15806e+002
1504	 1.5230000000e+003	 1.69499e+001	-1.15483e+002
1505	 1.5240000000e+003	 1.60102e+001	-1.15350e+002
1506	 1.5250000000e+003	 1.31274e+001	-1.14664e+002
1507	 1.5260000000e+003	 1.24102e+001	-1.14431e+002
1508	 1.5270000000e+003	 1.01392e+001	-1.13680e+002
1509	 1.5280000000e+003	 8.81380e+000	-1.13071e+002
1510	 1.5290000000e+003	 7.92058e+000	-1.12702e+002
1511	 1.5300000000e+003	 5.61069e+000	-1.11480e+002
1512	 1.5310000000e+003	 5.05936e+000	-1.11141e+002
1513	 1.5320000000e+003	 3.43244e+000	-1.10145e+002
1514	 1.5330000000e+003	 2.16874e+000	-1.09191e+002
1515	 1.5340000000e+003	 1.67773e+000	-1.08835e+002
1516	 1.5350000000e+003	-1.59047e-001	-1.07318e+002
1517	 1.5360000000e+003	-7.92584e-001	-1.06698e+002
1518	 1.5370000000e+003	-1.32984e+000	-1.06224e+002
1519	 1.5380000000e+003	-2.92462e+000	-1.04545e+002
1520	 1.5390000000e+003	-3.35141e+000	-1.04015e+002
1521	 1.5400000000e+003	-3.84589e+000	-1.03448e+002
1522	 1.5410000000e+003	-5.15410e+000	-1.01731e+002
1523	 1.5420000000e+003	-5.49655e+000	-1.01198e+002
1524	 1.5430000000e+003	-5.85977e+000	-1.00676e+002
1525	 1.5440000000e+003	-6.98513e+000	-9.89189e+001
1526	 1.5450000000e+003	-7.30654e+000	-9.83004e+001
1527	 1.5460000000e+003	-7.56786e+000	-9.78054e+001
1528	 1.5470000000e+003	-8.32853e+000	-9.63191e+001
1529	 1.5480000000e+003	-8.74668e+000	-9.53512e+001
1530	 1.5490000000e+003	-8.92849e+000	-9.48708e+001
1531	 1.5500000000e+003	-9.13783e+000	-9.42546e+001
1532	 1.5510000000e+003	-9.86766e+000	-9.24245e+001
1533	 1.5520000000e+003	-1.00444e+001	-9.18542e+001
1534	 1.5530000000e+003	-1.02094e+001	-9.13115e+001
1535	 1.5540000000e+003	-1.04677e+001	-9.03914e+001
1536	 1.5550000000e+003	-1.07931e+001	-8.88589e+001
1537	 1.5560000000e+003	-1.08990e+001	-8.83047e+001
1538	 1.5570000000e+003	-1.09966e+001	-8.77474e+001
1539	 1.5580000000e+003	-1.11113e+001	-8.70512e+001
1540	 1.5590000000e+003	-1.13110e+001	-8.53841e+001
1541	 1.5600000000e+003	-1.13491e+001	-8.48121e+001
1542	 1.5610000000e+003	-1.13800e+001	-8.42178e+001
1543	 1.5620000000e+003	-1.14072e+001	-8.36489e+001
1544	 1.5630000000e+003	-1.14394e+001	-8.24127e+001
1545	 1.5640000000e+003	-1.14109e+001	-8.13583e+001
1546	 1.5650000000e+003	-1.13755e+001	-8.08143e+001
1547	 1.5660000000e+003	-1.13301e+001	-8.02056e+001
1548	 1.5670000000e+003	-1.12731e+001	-7.96268e+001
1549	 1.5680000000e+003	-1.11972e+001	-7.89023e+001
1550	 1.5690000000e+003	-1.09599e+001	-7.74479e+001
1551	 1.5700000000e+003	-1.08727e+001	-7.69218e+001
1552	 1.5710000000e+003	-1.07638e+001	-7.63290e+001
1553	 1.5720000000e+003	-1.06285e+001	-7.57205e+001
1554	 1.5730000000e+003	-1.04788e+001	-7.51518e+001
1555	 1.5740000000e+003	-1.03529e+001	-7.46205e+001
1556	 1.5750000000e+003	-9.94954e+000	-7.31999e+001
1557	 1.5760000000e+003	-9.74508e+000	-7.26565e+001
1558	 1.5770000000e+003	-9.55122e+000	-7.21262e+001
1559	 1.5780000000e+003	-9.33621e+000	-7.15496e+001
1560	 1.5790000000e+003	-9.10543e+000	-7.09624e+001
1561	 1.5800000000e+003	-8.85903e+000	-7.03822e+001
1562	 1.5810000000e+003	-8.60051e+000	-6.98195e+001
1563	 1.5820000000e+003	-8.34628e+000	-6.92865e+001
1564	 1.5830000000e+003	-8.09075e+000	-6.87760e+001
1565	 1.5840000000e+003	-7.41673e+000	-6.74934e+001
1566	 1.5850000000e+003	-7.16505e+000	-6.70518e+001
1567	 1.5860000000e+003	-6.86603e+000	-6.65854e+001
1568	 1.5870000000e+003	-6.53602e+000	-6.60708e+001
1569	 1.5880000000e+003	-6.18437e+000	-6.55366e+001
1570	 1.5890000000e+003	-5.81594e+000	-6.50093e+001
1571	 1.5900000000e+003	-5.43775e+000	-6.44858e+001
1572	 1.5910000000e+003	-5.04499e+000	-6.39599e+001
1573	 1.5920000000e+003	-4.63709e+000	-6.34417e+001
1574	 1.5930000000e+003	-4.21223e+000	-6.29331e+001
1575	 1.5940000000e+003	-3.77100e+000	-6.24382e+001
1576	 1.5950000000e+003	-3.31126e+000	-6.19385e+001
1577	 1.5960000000e+003	-2.84465e+000	-6.14447e+001
1578	 1.5970000000e+003	-2.36385e+000	-6.09670e+001
1579	 1.5980000000e+003	-1.85633e+000	-6.05035e+001
1580	 1.5990000000e+003	-1.34419e+000	-6.00384e+001
1581	 1.6000000000e+003	-8.28419e-001	-5.95689e+001
1582	 1.6010000000e+003	-2.72587e-001	-5.91273e+001
1583	 1.6020000000e+003	 2.81337e-001	-5.87016e+001
1584	 1.6030000000e+003	 8.70090e-001	-5.82720e+001
1585	 1.6040000000e+003	 1.48978e+000	-5.78759e+001
1586	 1.6050000000e+003	 2.10618e+000	-5.74366e+001
1587	 1.6060000000e+003	 2.71493e+000	-5.70151e+001
1588	 1.6070000000e+003	 3.34186e+000	-5.67049e+001
1589	 1.6080000000e+003	 4.03714e+000	-5.63562e+001
1590	 1.6090000000e+003	 4.72968e+000	-5.59064e+001
1591	 1.6100000000e+003	 5.51346e+000	-5.55580e+001
1592	 1.6110000000e+003	 6.28481e+000	-5.52299e+001
1593	 1.6120000000e+003	 6.98968e+000	-5.48991e+001
1594	 1.6130000000e+003	 7.74484e+000	-5.45914e+001
1595	 1.6140000000e+003	 8.56130e+000	-5.42724e+001
1596	 1.6150000000e+003	 9.39066e+000	-5.38823e+001
1597	 1.6160000000e+003	 1.01102e+001	-5.33894e+001
1598	 1.6170000000e+003	 1.08002e+001	-5.29662e+001
1599	 1.6180000000e+003	 1.18254e+001	-5.27353e+001
1600	 1.6190000000e+003	 1.25090e+001	-5.25053e+001
1601	 1.6200000000e+003	 1.30995e+001	-5.18061e+001
TagsBegin:	 	 	 
OverLoad:	 	False	 
AverageNumber: []	 	 8.80000e+001	 
OverLoadRatio: []	 	 1.19209e-007	 
TagsEnd:	 	 	 
TagScalesBegin:	 	 	 
TagScalesEnd:	 	 	 
