Header Size:	 79	 	 
Pulse Version:	 80	 	 
Running Pulse Version:	PULSE LabShop Fast Track Version 18.1.1.9 - 2014-01-16	 	 
Decimal Symbol:	.	 	 
Date Format:	M/d/yyyy	 	 
Time Format:	HH:mm:ss:mmm	 	 
Data Type:	Complex	 	 
Slice:	False	 	 
Z-Axis type:	Linear	 	 
Z-Axis size:	1	 	 
Z-Axis unit:	 	 	 
Z-Axis first value:	 0.0000000000e+000	 	 
Z-Axis delta:	 1.0000000000e+000	 	 
X-Axis type:	Linear	 	 
X-Axis size:	1601	 	 
X-Axis unit:	Hz	 	 
X-Axis first value:	 2.0000000000e+001	 	 
X-Axis delta:	 1.0000000000e+000	 	 
	 	 	 
AmplitudeUnit:	Pa/(m/s)	 	 
Analyzer:	FFT_Spectrum_Averaging	 	 
AnalyzerName:	FFT Analyzer	 	 
	 	 	 
	 	 	 
Bipolar:	True	 	 
CenterFrequency:	 8.2000000000e+002	 	 
	 	 	 
	 	 	 
	 	 	 
	 	 	 
	 	 	 
	 	 	 
	 	 	 
	 	 	 
Domain:	1	 	 
Function:	Frequency Response	 	 
	 	 	 
InputRange:	 1.0000000000e-001	 	 
	 	 	 
	 	 	 
MultiBufferName:	Input	 	 
NBW:	 1.5000000000e+000	 	 
	 	 	 
OverlapFailed:	False	 	 
Overrun:	False	 	 
Power:	False	 	 
	 	 	 
Ratio:	True	 	 
RecordLength:	 1.0000000000e+000	 	 
ReducedSize:	True	 	 
Ref_Signal:	v	 	 
	 	 	 
	 	 	 
RefSignalUnit:	m/s	 	 
	 	 	 
	 	 	 
Signal:	p	 	 
	 	 	 
SignalUnit:	Pa	 	 
	 	 	 
	 	 	 
	 	 	 
Title:	Input Impedance	 	 
Title1:	Working : Input : Input : FFT Analyzer	 	 
	 	 	 
	 	 	 
	 	 	 
ZoomOn:	True	 	 
	 	 	 
TemplateName:	Working	 	 
MeasurementName:	Input	 	 
MeasurementSlice:	False	 	 
	 	 	 
	 	 	 
	 	 	 
EnvelopeOn:	False	 	 
	 	 	 
	 	 	 
	 	 	 
Z-index:	 	1	 
Date:	 	5/23/2022	 
Time:	 	10:01:12:874	 
Relative time:	 	 0.00000e+000	 
Z-axis:	 	 0.0000000000e+000	 
1	 2.0000000000e+001	-1.42122e+000	-5.92370e+001
2	 2.1000000000e+001	-1.87349e+000	-6.22109e+001
3	 2.2000000000e+001	-1.83981e+000	-6.47383e+001
4	 2.3000000000e+001	-2.47620e+000	-6.81556e+001
5	 2.4000000000e+001	-2.25929e+000	-7.18989e+001
6	 2.5000000000e+001	-3.14504e+000	-7.53539e+001
7	 2.6000000000e+001	-2.91402e+000	-7.93061e+001
8	 2.7000000000e+001	-4.09155e+000	-8.31436e+001
9	 2.8000000000e+001	-3.82628e+000	-8.69740e+001
10	 2.9000000000e+001	-4.80360e+000	-9.11767e+001
11	 3.0000000000e+001	-4.63117e+000	-9.53214e+001
12	 3.1000000000e+001	-5.54366e+000	-9.98541e+001
13	 3.2000000000e+001	-5.96390e+000	-1.04405e+002
14	 3.3000000000e+001	-6.27371e+000	-1.09060e+002
15	 3.4000000000e+001	-7.46248e+000	-1.14219e+002
16	 3.5000000000e+001	-7.56032e+000	-1.19101e+002
17	 3.6000000000e+001	-8.55016e+000	-1.24674e+002
18	 3.7000000000e+001	-9.56093e+000	-1.30365e+002
19	 3.8000000000e+001	-9.95246e+000	-1.36021e+002
20	 3.9000000000e+001	-1.13205e+001	-1.42494e+002
21	 4.0000000000e+001	-1.25542e+001	-1.48902e+002
22	 4.1000000000e+001	-1.31171e+001	-1.55493e+002
23	 4.2000000000e+001	-1.46506e+001	-1.63013e+002
24	 4.3000000000e+001	-1.63595e+001	-1.70946e+002
25	 4.4000000000e+001	-1.72409e+001	-1.78852e+002
26	 4.5000000000e+001	-1.92641e+001	-1.87696e+002
27	 4.6000000000e+001	-2.14786e+001	-1.97536e+002
28	 4.7000000000e+001	-2.36140e+001	-2.07365e+002
29	 4.8000000000e+001	-2.57436e+001	-2.18114e+002
30	 4.9000000000e+001	-2.89653e+001	-2.30190e+002
31	 5.0000000000e+001	-3.25633e+001	-2.43325e+002
32	 5.1000000000e+001	-3.60228e+001	-2.56695e+002
33	 5.2000000000e+001	-4.02196e+001	-2.72307e+002
34	 5.3000000000e+001	-4.59482e+001	-2.89299e+002
35	 5.4000000000e+001	-5.25555e+001	-3.08519e+002
36	 5.5000000000e+001	-5.97851e+001	-3.28673e+002
37	 5.6000000000e+001	-6.79685e+001	-3.52033e+002
38	 5.7000000000e+001	-8.01606e+001	-3.78661e+002
39	 5.8000000000e+001	-9.43411e+001	-4.09231e+002
40	 5.9000000000e+001	-1.11635e+002	-4.43079e+002
41	 6.0000000000e+001	-1.33156e+002	-4.80976e+002
42	 6.1000000000e+001	-1.62391e+002	-5.28349e+002
43	 6.2000000000e+001	-2.03525e+002	-5.80181e+002
44	 6.3000000000e+001	-2.57275e+002	-6.43246e+002
45	 6.4000000000e+001	-3.31597e+002	-7.10941e+002
46	 6.5000000000e+001	-4.38252e+002	-7.89028e+002
47	 6.6000000000e+001	-6.01871e+002	-8.66746e+002
48	 6.7000000000e+001	-8.41346e+002	-9.08853e+002
49	 6.8000000000e+001	-1.16281e+003	-8.69731e+002
50	 6.9000000000e+001	-1.53570e+003	-6.25987e+002
51	 7.0000000000e+001	-1.77631e+003	-1.18960e+002
52	 7.1000000000e+001	-1.66307e+003	 4.52810e+002
53	 7.2000000000e+001	-1.28888e+003	 7.98865e+002
54	 7.3000000000e+001	-9.36162e+002	 8.93193e+002
55	 7.4000000000e+001	-6.73580e+002	 8.69373e+002
56	 7.5000000000e+001	-4.91470e+002	 7.97694e+002
57	 7.6000000000e+001	-3.69522e+002	 7.25429e+002
58	 7.7000000000e+001	-2.86097e+002	 6.52372e+002
59	 7.8000000000e+001	-2.24480e+002	 5.89133e+002
60	 7.9000000000e+001	-1.82142e+002	 5.35022e+002
61	 8.0000000000e+001	-1.50189e+002	 4.89456e+002
62	 8.1000000000e+001	-1.25257e+002	 4.48078e+002
63	 8.2000000000e+001	-1.06279e+002	 4.13857e+002
64	 8.3000000000e+001	-9.16341e+001	 3.82733e+002
65	 8.4000000000e+001	-7.89926e+001	 3.55478e+002
66	 8.5000000000e+001	-6.93208e+001	 3.31247e+002
67	 8.6000000000e+001	-6.12567e+001	 3.10380e+002
68	 8.7000000000e+001	-5.44533e+001	 2.90827e+002
69	 8.8000000000e+001	-4.86627e+001	 2.73521e+002
70	 8.9000000000e+001	-4.40576e+001	 2.57969e+002
71	 9.0000000000e+001	-3.98138e+001	 2.43246e+002
72	 9.1000000000e+001	-3.63003e+001	 2.30045e+002
73	 9.2000000000e+001	-3.31772e+001	 2.17802e+002
74	 9.3000000000e+001	-3.07216e+001	 2.06670e+002
75	 9.4000000000e+001	-2.82551e+001	 1.96131e+002
76	 9.5000000000e+001	-2.61697e+001	 1.86408e+002
77	 9.6000000000e+001	-2.45681e+001	 1.77292e+002
78	 9.7000000000e+001	-2.28933e+001	 1.68670e+002
79	 9.8000000000e+001	-2.15675e+001	 1.60556e+002
80	 9.9000000000e+001	-2.02547e+001	 1.52928e+002
81	 1.0000000000e+002	-1.93141e+001	 1.45717e+002
82	 1.0100000000e+002	-1.83549e+001	 1.38874e+002
83	 1.0200000000e+002	-1.74108e+001	 1.32321e+002
84	 1.0300000000e+002	-1.67785e+001	 1.26127e+002
85	 1.0400000000e+002	-1.61687e+001	 1.20115e+002
86	 1.0500000000e+002	-1.55895e+001	 1.14419e+002
87	 1.0600000000e+002	-1.51108e+001	 1.08841e+002
88	 1.0700000000e+002	-1.47101e+001	 1.03600e+002
89	 1.0800000000e+002	-1.44196e+001	 9.84359e+001
90	 1.0900000000e+002	-1.41682e+001	 9.34694e+001
91	 1.1000000000e+002	-1.38898e+001	 8.86940e+001
92	 1.1100000000e+002	-1.37957e+001	 8.39892e+001
93	 1.1200000000e+002	-1.37356e+001	 7.94141e+001
94	 1.1300000000e+002	-1.37264e+001	 7.49814e+001
95	 1.1400000000e+002	-1.37149e+001	 7.05858e+001
96	 1.1500000000e+002	-1.38178e+001	 6.63226e+001
97	 1.1600000000e+002	-1.39781e+001	 6.21256e+001
98	 1.1700000000e+002	-1.42329e+001	 5.79537e+001
99	 1.1800000000e+002	-1.44861e+001	 5.38961e+001
100	 1.1900000000e+002	-1.48221e+001	 4.98815e+001
101	 1.2000000000e+002	-1.53013e+001	 4.58484e+001
102	 1.2100000000e+002	-1.58524e+001	 4.19097e+001
103	 1.2200000000e+002	-1.64930e+001	 3.79753e+001
104	 1.2300000000e+002	-1.71933e+001	 3.40695e+001
105	 1.2400000000e+002	-1.80391e+001	 3.01879e+001
106	 1.2500000000e+002	-1.90272e+001	 2.63739e+001
107	 1.2600000000e+002	-2.01440e+001	 2.25249e+001
108	 1.2700000000e+002	-2.13780e+001	 1.87117e+001
109	 1.2800000000e+002	-2.27421e+001	 1.49597e+001
110	 1.2900000000e+002	-2.43436e+001	 1.11542e+001
111	 1.3000000000e+002	-2.61591e+001	 7.39913e+000
112	 1.3100000000e+002	-2.82167e+001	 3.73899e+000
113	 1.3200000000e+002	-3.04731e+001	 8.00242e-002
114	 1.3300000000e+002	-3.30303e+001	-3.46608e+000
115	 1.3400000000e+002	-3.58981e+001	-6.92719e+000
116	 1.3500000000e+002	-3.91618e+001	-1.01660e+001
117	 1.3600000000e+002	-4.27581e+001	-1.32042e+001
118	 1.3700000000e+002	-4.67261e+001	-1.59482e+001
119	 1.3800000000e+002	-5.10626e+001	-1.82797e+001
120	 1.3900000000e+002	-5.58052e+001	-2.01565e+001
121	 1.4000000000e+002	-6.08844e+001	-2.14036e+001
122	 1.4100000000e+002	-6.62261e+001	-2.18659e+001
123	 1.4200000000e+002	-7.16482e+001	-2.15183e+001
124	 1.4300000000e+002	-7.70195e+001	-2.02508e+001
125	 1.4400000000e+002	-8.21196e+001	-1.79710e+001
126	 1.4500000000e+002	-8.66750e+001	-1.46817e+001
127	 1.4600000000e+002	-9.04602e+001	-1.05622e+001
128	 1.4700000000e+002	-9.32820e+001	-5.81781e+000
129	 1.4800000000e+002	-9.49534e+001	-6.79021e-001
130	 1.4900000000e+002	-9.53406e+001	 4.52873e+000
131	 1.5000000000e+002	-9.45818e+001	 9.48512e+000
132	 1.5100000000e+002	-9.28396e+001	 1.42853e+001
133	 1.5200000000e+002	-9.01446e+001	 1.83293e+001
134	 1.5300000000e+002	-8.68009e+001	 2.14593e+001
135	 1.5400000000e+002	-8.30527e+001	 2.37247e+001
136	 1.5500000000e+002	-7.91765e+001	 2.51858e+001
137	 1.5600000000e+002	-7.51893e+001	 2.59442e+001
138	 1.5700000000e+002	-7.12524e+001	 2.60981e+001
139	 1.5800000000e+002	-6.74477e+001	 2.56917e+001
140	 1.5900000000e+002	-6.38306e+001	 2.48192e+001
141	 1.6000000000e+002	-6.04039e+001	 2.35726e+001
142	 1.6100000000e+002	-5.71422e+001	 2.19515e+001
143	 1.6200000000e+002	-5.41297e+001	 2.00660e+001
144	 1.6300000000e+002	-5.13111e+001	 1.79203e+001
145	 1.6400000000e+002	-4.87254e+001	 1.55211e+001
146	 1.6500000000e+002	-4.63674e+001	 1.29513e+001
147	 1.6600000000e+002	-4.42415e+001	 1.02295e+001
148	 1.6700000000e+002	-4.23161e+001	 7.39369e+000
149	 1.6800000000e+002	-4.05793e+001	 4.43765e+000
150	 1.6900000000e+002	-3.90299e+001	 1.37662e+000
151	 1.7000000000e+002	-3.76699e+001	-1.76685e+000
152	 1.7100000000e+002	-3.64628e+001	-4.96378e+000
153	 1.7200000000e+002	-3.54132e+001	-8.21372e+000
154	 1.7300000000e+002	-3.44965e+001	-1.15473e+001
155	 1.7400000000e+002	-3.36815e+001	-1.49240e+001
156	 1.7500000000e+002	-3.29892e+001	-1.83356e+001
157	 1.7600000000e+002	-3.24240e+001	-2.18222e+001
158	 1.7700000000e+002	-3.19336e+001	-2.53705e+001
159	 1.7800000000e+002	-3.15714e+001	-2.89833e+001
160	 1.7900000000e+002	-3.13000e+001	-3.26466e+001
161	 1.8000000000e+002	-3.11176e+001	-3.63627e+001
162	 1.8100000000e+002	-3.10224e+001	-4.01616e+001
163	 1.8200000000e+002	-3.10208e+001	-4.40547e+001
164	 1.8300000000e+002	-3.11019e+001	-4.80546e+001
165	 1.8400000000e+002	-3.13007e+001	-5.21233e+001
166	 1.8500000000e+002	-3.15603e+001	-5.63040e+001
167	 1.8600000000e+002	-3.19484e+001	-6.06053e+001
168	 1.8700000000e+002	-3.24349e+001	-6.50202e+001
169	 1.8800000000e+002	-3.29984e+001	-6.95903e+001
170	 1.8900000000e+002	-3.37137e+001	-7.43161e+001
171	 1.9000000000e+002	-3.45452e+001	-7.91765e+001
172	 1.9100000000e+002	-3.55145e+001	-8.42453e+001
173	 1.9200000000e+002	-3.66365e+001	-8.95191e+001
174	 1.9300000000e+002	-3.79372e+001	-9.49688e+001
175	 1.9400000000e+002	-3.94277e+001	-1.00631e+002
176	 1.9500000000e+002	-4.11157e+001	-1.06538e+002
177	 1.9600000000e+002	-4.30480e+001	-1.12750e+002
178	 1.9700000000e+002	-4.52869e+001	-1.19246e+002
179	 1.9800000000e+002	-4.78247e+001	-1.26060e+002
180	 1.9900000000e+002	-5.07536e+001	-1.33160e+002
181	 2.0000000000e+002	-5.40948e+001	-1.40629e+002
182	 2.0100000000e+002	-5.79918e+001	-1.48463e+002
183	 2.0200000000e+002	-6.24896e+001	-1.56634e+002
184	 2.0300000000e+002	-6.77016e+001	-1.65178e+002
185	 2.0400000000e+002	-7.38155e+001	-1.73973e+002
186	 2.0500000000e+002	-8.09015e+001	-1.82905e+002
187	 2.0600000000e+002	-8.91228e+001	-1.91796e+002
188	 2.0700000000e+002	-9.84608e+001	-2.00409e+002
189	 2.0800000000e+002	-1.08850e+002	-2.08454e+002
190	 2.0900000000e+002	-1.19917e+002	-2.15526e+002
191	 2.1000000000e+002	-1.31116e+002	-2.21799e+002
192	 2.1100000000e+002	-1.41873e+002	-2.27506e+002
193	 2.1200000000e+002	-1.51945e+002	-2.33629e+002
194	 2.1300000000e+002	-1.61424e+002	-2.40974e+002
195	 2.1400000000e+002	-1.71063e+002	-2.50524e+002
196	 2.1500000000e+002	-1.82043e+002	-2.62748e+002
197	 2.1600000000e+002	-1.95497e+002	-2.77583e+002
198	 2.1700000000e+002	-2.12812e+002	-2.95093e+002
199	 2.1800000000e+002	-2.35035e+002	-3.14647e+002
200	 2.1900000000e+002	-2.63737e+002	-3.35677e+002
201	 2.2000000000e+002	-3.00856e+002	-3.57496e+002
202	 2.2100000000e+002	-3.48201e+002	-3.78317e+002
203	 2.2200000000e+002	-4.08093e+002	-3.95422e+002
204	 2.2300000000e+002	-4.83330e+002	-4.04511e+002
205	 2.2400000000e+002	-5.75484e+002	-3.97911e+002
206	 2.2500000000e+002	-6.81891e+002	-3.65140e+002
207	 2.2600000000e+002	-7.93633e+002	-2.93666e+002
208	 2.2700000000e+002	-8.91333e+002	-1.75185e+002
209	 2.2800000000e+002	-9.47727e+002	-1.47714e+001
210	 2.2900000000e+002	-9.41356e+002	 1.61152e+002
211	 2.3000000000e+002	-8.73945e+002	 3.16845e+002
212	 2.3100000000e+002	-7.68933e+002	 4.28589e+002
213	 2.3200000000e+002	-6.52846e+002	 4.93569e+002
214	 2.3300000000e+002	-5.43809e+002	 5.21134e+002
215	 2.3400000000e+002	-4.50073e+002	 5.23684e+002
216	 2.3500000000e+002	-3.72657e+002	 5.11619e+002
217	 2.3600000000e+002	-3.09925e+002	 4.91702e+002
218	 2.3700000000e+002	-2.59654e+002	 4.68230e+002
219	 2.3800000000e+002	-2.19142e+002	 4.43717e+002
220	 2.3900000000e+002	-1.86404e+002	 4.19430e+002
221	 2.4000000000e+002	-1.59949e+002	 3.96187e+002
222	 2.4100000000e+002	-1.38281e+002	 3.74270e+002
223	 2.4200000000e+002	-1.20478e+002	 3.53893e+002
224	 2.4300000000e+002	-1.05707e+002	 3.34997e+002
225	 2.4400000000e+002	-9.34008e+001	 3.17565e+002
226	 2.4500000000e+002	-8.29777e+001	 3.01478e+002
227	 2.4600000000e+002	-7.41143e+001	 2.86577e+002
228	 2.4700000000e+002	-6.65311e+001	 2.72750e+002
229	 2.4800000000e+002	-6.00377e+001	 2.60039e+002
230	 2.4900000000e+002	-5.44367e+001	 2.48273e+002
231	 2.5000000000e+002	-4.97319e+001	 2.37380e+002
232	 2.5100000000e+002	-4.52940e+001	 2.26959e+002
233	 2.5200000000e+002	-4.14425e+001	 2.17358e+002
234	 2.5300000000e+002	-3.81246e+001	 2.08398e+002
235	 2.5400000000e+002	-3.51955e+001	 1.99932e+002
236	 2.5500000000e+002	-3.25626e+001	 1.92040e+002
237	 2.5600000000e+002	-3.02228e+001	 1.84572e+002
238	 2.5700000000e+002	-2.81366e+001	 1.77464e+002
239	 2.5800000000e+002	-2.62230e+001	 1.70783e+002
240	 2.5900000000e+002	-2.45502e+001	 1.64399e+002
241	 2.6000000000e+002	-2.30290e+001	 1.58367e+002
242	 2.6100000000e+002	-2.16480e+001	 1.52597e+002
243	 2.6200000000e+002	-2.03801e+001	 1.47108e+002
244	 2.6300000000e+002	-1.92218e+001	 1.41869e+002
245	 2.6400000000e+002	-1.81891e+001	 1.36831e+002
246	 2.6500000000e+002	-1.72403e+001	 1.32003e+002
247	 2.6600000000e+002	-1.63753e+001	 1.27347e+002
248	 2.6700000000e+002	-1.55659e+001	 1.22877e+002
249	 2.6800000000e+002	-1.48115e+001	 1.18575e+002
250	 2.6900000000e+002	-1.41512e+001	 1.14410e+002
251	 2.7000000000e+002	-1.35228e+001	 1.10378e+002
252	 2.7100000000e+002	-1.29627e+001	 1.06474e+002
253	 2.7200000000e+002	-1.24293e+001	 1.02688e+002
254	 2.7300000000e+002	-1.19443e+001	 9.90082e+001
255	 2.7400000000e+002	-1.15090e+001	 9.54436e+001
256	 2.7500000000e+002	-1.10918e+001	 9.19707e+001
257	 2.7600000000e+002	-1.07185e+001	 8.85679e+001
258	 2.7700000000e+002	-1.03657e+001	 8.52500e+001
259	 2.7800000000e+002	-1.00409e+001	 8.20173e+001
260	 2.7900000000e+002	-9.75969e+000	 7.88545e+001
261	 2.8000000000e+002	-9.48427e+000	 7.57527e+001
262	 2.8100000000e+002	-9.24962e+000	 7.27146e+001
263	 2.8200000000e+002	-9.02120e+000	 6.97265e+001
264	 2.8300000000e+002	-8.81186e+000	 6.67936e+001
265	 2.8400000000e+002	-8.61892e+000	 6.39210e+001
266	 2.8500000000e+002	-8.45231e+000	 6.10892e+001
267	 2.8600000000e+002	-8.30139e+000	 5.82957e+001
268	 2.8700000000e+002	-8.16770e+000	 5.55330e+001
269	 2.8800000000e+002	-8.04034e+000	 5.28070e+001
270	 2.8900000000e+002	-7.91689e+000	 5.01107e+001
271	 2.9000000000e+002	-7.81101e+000	 4.74433e+001
272	 2.9100000000e+002	-7.73094e+000	 4.47972e+001
273	 2.9200000000e+002	-7.65126e+000	 4.21666e+001
274	 2.9300000000e+002	-7.57784e+000	 3.95600e+001
275	 2.9400000000e+002	-7.53601e+000	 3.69653e+001
276	 2.9500000000e+002	-7.49482e+000	 3.43804e+001
277	 2.9600000000e+002	-7.45042e+000	 3.18133e+001
278	 2.9700000000e+002	-7.43813e+000	 2.92458e+001
279	 2.9800000000e+002	-7.43158e+000	 2.66853e+001
280	 2.9900000000e+002	-7.42687e+000	 2.41313e+001
281	 3.0000000000e+002	-7.44268e+000	 2.15768e+001
282	 3.0100000000e+002	-7.46064e+000	 1.90174e+001
283	 3.0200000000e+002	-7.48784e+000	 1.64542e+001
284	 3.0300000000e+002	-7.53093e+000	 1.38849e+001
285	 3.0400000000e+002	-7.57841e+000	 1.13085e+001
286	 3.0500000000e+002	-7.64085e+000	 8.71245e+000
287	 3.0600000000e+002	-7.70594e+000	 6.10302e+000
288	 3.0700000000e+002	-7.76900e+000	 3.47677e+000
289	 3.0800000000e+002	-7.84465e+000	 8.23796e-001
290	 3.0900000000e+002	-7.93762e+000	-1.86002e+000
291	 3.1000000000e+002	-8.02930e+000	-4.57616e+000
292	 3.1100000000e+002	-8.12549e+000	-7.32707e+000
293	 3.1200000000e+002	-8.24343e+000	-1.01261e+001
294	 3.1300000000e+002	-8.39422e+000	-1.29978e+001
295	 3.1400000000e+002	-8.56766e+000	-1.58924e+001
296	 3.1500000000e+002	-8.77310e+000	-1.88342e+001
297	 3.1600000000e+002	-8.99929e+000	-2.18289e+001
298	 3.1700000000e+002	-9.23989e+000	-2.48629e+001
299	 3.1800000000e+002	-9.51084e+000	-2.79598e+001
300	 3.1900000000e+002	-9.78760e+000	-3.11159e+001
301	 3.2000000000e+002	-1.01079e+001	-3.43378e+001
302	 3.2100000000e+002	-1.04657e+001	-3.76453e+001
303	 3.2200000000e+002	-1.08595e+001	-4.10347e+001
304	 3.2300000000e+002	-1.13008e+001	-4.44871e+001
305	 3.2400000000e+002	-1.17888e+001	-4.80245e+001
306	 3.2500000000e+002	-1.23251e+001	-5.16250e+001
307	 3.2600000000e+002	-1.28792e+001	-5.53142e+001
308	 3.2700000000e+002	-1.34619e+001	-5.91016e+001
309	 3.2800000000e+002	-1.40821e+001	-6.29631e+001
310	 3.2900000000e+002	-1.47314e+001	-6.69849e+001
311	 3.3000000000e+002	-1.54128e+001	-7.11317e+001
312	 3.3100000000e+002	-1.61817e+001	-7.54371e+001
313	 3.3200000000e+002	-1.69748e+001	-7.99046e+001
314	 3.3300000000e+002	-1.78665e+001	-8.45220e+001
315	 3.3400000000e+002	-1.87814e+001	-8.92994e+001
316	 3.3500000000e+002	-1.98099e+001	-9.42841e+001
317	 3.3600000000e+002	-2.08721e+001	-9.94873e+001
318	 3.3700000000e+002	-2.20465e+001	-1.04932e+002
319	 3.3800000000e+002	-2.33011e+001	-1.10631e+002
320	 3.3900000000e+002	-2.46695e+001	-1.16647e+002
321	 3.4000000000e+002	-2.61750e+001	-1.22949e+002
322	 3.4100000000e+002	-2.78335e+001	-1.29605e+002
323	 3.4200000000e+002	-2.96959e+001	-1.36599e+002
324	 3.4300000000e+002	-3.17223e+001	-1.44011e+002
325	 3.4400000000e+002	-3.39445e+001	-1.51924e+002
326	 3.4500000000e+002	-3.64725e+001	-1.60254e+002
327	 3.4600000000e+002	-3.92466e+001	-1.69193e+002
328	 3.4700000000e+002	-4.23520e+001	-1.78724e+002
329	 3.4800000000e+002	-4.58780e+001	-1.88958e+002
330	 3.4900000000e+002	-4.97664e+001	-1.99954e+002
331	 3.5000000000e+002	-5.41272e+001	-2.11652e+002
332	 3.5100000000e+002	-5.94768e+001	-2.24690e+002
333	 3.5200000000e+002	-6.55315e+001	-2.38746e+002
334	 3.5300000000e+002	-7.24237e+001	-2.54000e+002
335	 3.5400000000e+002	-8.03986e+001	-2.70793e+002
336	 3.5500000000e+002	-8.98135e+001	-2.89154e+002
337	 3.5600000000e+002	-1.01079e+002	-3.09321e+002
338	 3.5700000000e+002	-1.14625e+002	-3.31672e+002
339	 3.5800000000e+002	-1.31110e+002	-3.56552e+002
340	 3.5900000000e+002	-1.51319e+002	-3.84255e+002
341	 3.6000000000e+002	-1.76613e+002	-4.15191e+002
342	 3.6100000000e+002	-2.08586e+002	-4.49632e+002
343	 3.6200000000e+002	-2.49600e+002	-4.87829e+002
344	 3.6300000000e+002	-3.02988e+002	-5.29378e+002
345	 3.6400000000e+002	-3.73537e+002	-5.73079e+002
346	 3.6500000000e+002	-4.67827e+002	-6.15390e+002
347	 3.6600000000e+002	-5.94320e+002	-6.48183e+002
348	 3.6700000000e+002	-7.61944e+002	-6.54605e+002
349	 3.6800000000e+002	-9.70778e+002	-6.03139e+002
350	 3.6900000000e+002	-1.19508e+003	-4.51908e+002
351	 3.7000000000e+002	-1.36392e+003	-1.78220e+002
352	 3.7100000000e+002	-1.39040e+003	 1.68283e+002
353	 3.7200000000e+002	-1.25905e+003	 4.74574e+002
354	 3.7300000000e+002	-1.04326e+003	 6.64942e+002
355	 3.7400000000e+002	-8.23688e+002	 7.44045e+002
356	 3.7500000000e+002	-6.39459e+002	 7.52007e+002
357	 3.7600000000e+002	-4.97006e+002	 7.23688e+002
358	 3.7700000000e+002	-3.90019e+002	 6.80429e+002
359	 3.7800000000e+002	-3.10127e+002	 6.33485e+002
360	 3.7900000000e+002	-2.50175e+002	 5.87851e+002
361	 3.8000000000e+002	-2.04629e+002	 5.45546e+002
362	 3.8100000000e+002	-1.69555e+002	 5.07158e+002
363	 3.8200000000e+002	-1.42223e+002	 4.72715e+002
364	 3.8300000000e+002	-1.20584e+002	 4.41884e+002
365	 3.8400000000e+002	-1.03293e+002	 4.14230e+002
366	 3.8500000000e+002	-8.92727e+001	 3.89424e+002
367	 3.8600000000e+002	-7.77674e+001	 3.67104e+002
368	 3.8700000000e+002	-6.82230e+001	 3.46990e+002
369	 3.8800000000e+002	-6.02430e+001	 3.28761e+002
370	 3.8900000000e+002	-5.35863e+001	 3.12166e+002
371	 3.9000000000e+002	-4.79560e+001	 2.97016e+002
372	 3.9100000000e+002	-4.30649e+001	 2.83042e+002
373	 3.9200000000e+002	-3.88323e+001	 2.70168e+002
374	 3.9300000000e+002	-3.51638e+001	 2.58372e+002
375	 3.9400000000e+002	-3.19304e+001	 2.47465e+002
376	 3.9500000000e+002	-2.91379e+001	 2.37236e+002
377	 3.9600000000e+002	-2.66385e+001	 2.27665e+002
378	 3.9700000000e+002	-2.44020e+001	 2.18774e+002
379	 3.9800000000e+002	-2.24656e+001	 2.10462e+002
380	 3.9900000000e+002	-2.07545e+001	 2.02610e+002
381	 4.0000000000e+002	-1.92014e+001	 1.95175e+002
382	 4.0100000000e+002	-1.77901e+001	 1.88221e+002
383	 4.0200000000e+002	-1.65665e+001	 1.81596e+002
384	 4.0300000000e+002	-1.54470e+001	 1.75288e+002
385	 4.0400000000e+002	-1.43902e+001	 1.69347e+002
386	 4.0500000000e+002	-1.34915e+001	 1.63639e+002
387	 4.0600000000e+002	-1.26655e+001	 1.58187e+002
388	 4.0700000000e+002	-1.18684e+001	 1.52979e+002
389	 4.0800000000e+002	-1.12338e+001	 1.47968e+002
390	 4.0900000000e+002	-1.05898e+001	 1.43186e+002
391	 4.1000000000e+002	-1.00168e+001	 1.38571e+002
392	 4.1100000000e+002	-9.51835e+000	 1.34124e+002
393	 4.1200000000e+002	-9.02335e+000	 1.29833e+002
394	 4.1300000000e+002	-8.62055e+000	 1.25703e+002
395	 4.1400000000e+002	-8.20640e+000	 1.21686e+002
396	 4.1500000000e+002	-7.86689e+000	 1.17828e+002
397	 4.1600000000e+002	-7.53326e+000	 1.14045e+002
398	 4.1700000000e+002	-7.24237e+000	 1.10412e+002
399	 4.1800000000e+002	-6.98155e+000	 1.06834e+002
400	 4.1900000000e+002	-6.74465e+000	 1.03345e+002
401	 4.2000000000e+002	-6.52039e+000	 9.99657e+001
402	 4.2100000000e+002	-6.32705e+000	 9.66591e+001
403	 4.2200000000e+002	-6.15078e+000	 9.34287e+001
404	 4.2300000000e+002	-5.99154e+000	 9.02772e+001
405	 4.2400000000e+002	-5.83745e+000	 8.71720e+001
406	 4.2500000000e+002	-5.72985e+000	 8.41392e+001
407	 4.2600000000e+002	-5.63930e+000	 8.11460e+001
408	 4.2700000000e+002	-5.53754e+000	 7.82107e+001
409	 4.2800000000e+002	-5.45812e+000	 7.53343e+001
410	 4.2900000000e+002	-5.40187e+000	 7.24668e+001
411	 4.3000000000e+002	-5.35329e+000	 6.96757e+001
412	 4.3100000000e+002	-5.31242e+000	 6.69016e+001
413	 4.3200000000e+002	-5.30153e+000	 6.41655e+001
414	 4.3300000000e+002	-5.27679e+000	 6.14476e+001
415	 4.3400000000e+002	-5.28580e+000	 5.87618e+001
416	 4.3500000000e+002	-5.29189e+000	 5.61073e+001
417	 4.3600000000e+002	-5.30573e+000	 5.34638e+001
418	 4.3700000000e+002	-5.33618e+000	 5.08259e+001
419	 4.3800000000e+002	-5.38601e+000	 4.82096e+001
420	 4.3900000000e+002	-5.43346e+000	 4.56040e+001
421	 4.4000000000e+002	-5.50221e+000	 4.30139e+001
422	 4.4100000000e+002	-5.57185e+000	 4.04166e+001
423	 4.4200000000e+002	-5.63901e+000	 3.78285e+001
424	 4.4300000000e+002	-5.73833e+000	 3.52368e+001
425	 4.4400000000e+002	-5.85929e+000	 3.26464e+001
426	 4.4500000000e+002	-5.98656e+000	 3.00533e+001
427	 4.4600000000e+002	-6.10970e+000	 2.74430e+001
428	 4.4700000000e+002	-6.26237e+000	 2.48200e+001
429	 4.4800000000e+002	-6.42343e+000	 2.21820e+001
430	 4.4900000000e+002	-6.54706e+000	 1.95521e+001
431	 4.5000000000e+002	-6.57249e+000	 1.68241e+001
432	 4.5100000000e+002	-6.93051e+000	 1.41732e+001
433	 4.5200000000e+002	-7.21362e+000	 1.15045e+001
434	 4.5300000000e+002	-7.45494e+000	 8.77758e+000
435	 4.5400000000e+002	-7.72816e+000	 6.01301e+000
436	 4.5500000000e+002	-8.02915e+000	 3.20478e+000
437	 4.5600000000e+002	-8.30988e+000	 3.88204e-001
438	 4.5700000000e+002	-8.66075e+000	-2.44293e+000
439	 4.5800000000e+002	-8.99499e+000	-5.33486e+000
440	 4.5900000000e+002	-9.38164e+000	-8.24878e+000
441	 4.6000000000e+002	-9.77842e+000	-1.12387e+001
442	 4.6100000000e+002	-1.01842e+001	-1.42639e+001
443	 4.6200000000e+002	-1.05953e+001	-1.73624e+001
444	 4.6300000000e+002	-1.10896e+001	-2.05036e+001
445	 4.6400000000e+002	-1.15497e+001	-2.37264e+001
446	 4.6500000000e+002	-1.20918e+001	-2.69906e+001
447	 4.6600000000e+002	-1.26498e+001	-3.03370e+001
448	 4.6700000000e+002	-1.32069e+001	-3.37693e+001
449	 4.6800000000e+002	-1.38574e+001	-3.72874e+001
450	 4.6900000000e+002	-1.45333e+001	-4.09021e+001
451	 4.7000000000e+002	-1.52414e+001	-4.46111e+001
452	 4.7100000000e+002	-1.60245e+001	-4.84244e+001
453	 4.7200000000e+002	-1.68072e+001	-5.23538e+001
454	 4.7300000000e+002	-1.76588e+001	-5.64014e+001
455	 4.7400000000e+002	-1.85982e+001	-6.06212e+001
456	 4.7500000000e+002	-1.96185e+001	-6.49349e+001
457	 4.7600000000e+002	-2.06406e+001	-6.94106e+001
458	 4.7700000000e+002	-2.17789e+001	-7.41163e+001
459	 4.7800000000e+002	-2.30198e+001	-7.89520e+001
460	 4.7900000000e+002	-2.42882e+001	-8.39598e+001
461	 4.8000000000e+002	-2.56904e+001	-8.91959e+001
462	 4.8100000000e+002	-2.72587e+001	-9.46370e+001
463	 4.8200000000e+002	-2.88886e+001	-1.00395e+002
464	 4.8300000000e+002	-3.06745e+001	-1.06473e+002
465	 4.8400000000e+002	-3.26133e+001	-1.12744e+002
466	 4.8500000000e+002	-3.45962e+001	-1.19295e+002
467	 4.8600000000e+002	-3.67967e+001	-1.26320e+002
468	 4.8700000000e+002	-3.93071e+001	-1.33817e+002
469	 4.8800000000e+002	-4.19495e+001	-1.41708e+002
470	 4.8900000000e+002	-4.47236e+001	-1.50204e+002
471	 4.9000000000e+002	-4.78519e+001	-1.59419e+002
472	 4.9100000000e+002	-5.14840e+001	-1.69205e+002
473	 4.9200000000e+002	-5.55720e+001	-1.79779e+002
474	 4.9300000000e+002	-6.02412e+001	-1.91503e+002
475	 4.9400000000e+002	-6.57653e+001	-2.04173e+002
476	 4.9500000000e+002	-7.21670e+001	-2.17629e+002
477	 4.9600000000e+002	-7.96733e+001	-2.32202e+002
478	 4.9700000000e+002	-8.84252e+001	-2.48064e+002
479	 4.9800000000e+002	-9.85103e+001	-2.65325e+002
480	 4.9900000000e+002	-1.10360e+002	-2.84255e+002
481	 5.0000000000e+002	-1.24519e+002	-3.05147e+002
482	 5.0100000000e+002	-1.41337e+002	-3.28226e+002
483	 5.0200000000e+002	-1.61676e+002	-3.53943e+002
484	 5.0300000000e+002	-1.86732e+002	-3.82616e+002
485	 5.0400000000e+002	-2.18022e+002	-4.14591e+002
486	 5.0500000000e+002	-2.57908e+002	-4.49919e+002
487	 5.0600000000e+002	-3.09622e+002	-4.88467e+002
488	 5.0700000000e+002	-3.77744e+002	-5.29096e+002
489	 5.0800000000e+002	-4.68636e+002	-5.68523e+002
490	 5.0900000000e+002	-5.90018e+002	-5.99120e+002
491	 5.1000000000e+002	-7.50420e+002	-6.04648e+002
492	 5.1100000000e+002	-9.51559e+002	-5.56237e+002
493	 5.1200000000e+002	-1.17090e+003	-4.12420e+002
494	 5.1300000000e+002	-1.34163e+003	-1.46358e+002
495	 5.1400000000e+002	-1.37466e+003	 1.99493e+002
496	 5.1500000000e+002	-1.24506e+003	 5.11094e+002
497	 5.1600000000e+002	-1.02423e+003	 7.04942e+002
498	 5.1700000000e+002	-7.97161e+002	 7.82418e+002
499	 5.1800000000e+002	-6.06848e+002	 7.85036e+002
500	 5.1900000000e+002	-4.61243e+002	 7.49944e+002
501	 5.2000000000e+002	-3.53888e+002	 7.00366e+002
502	 5.2100000000e+002	-2.75394e+002	 6.48028e+002
503	 5.2200000000e+002	-2.17806e+002	 5.98235e+002
504	 5.2300000000e+002	-1.74871e+002	 5.53003e+002
505	 5.2400000000e+002	-1.42448e+002	 5.12443e+002
506	 5.2500000000e+002	-1.17793e+002	 4.76278e+002
507	 5.2600000000e+002	-9.87159e+001	 4.44416e+002
508	 5.2700000000e+002	-8.37169e+001	 4.16482e+002
509	 5.2800000000e+002	-7.17419e+001	 3.91686e+002
510	 5.2900000000e+002	-6.19891e+001	 3.69562e+002
511	 5.3000000000e+002	-5.39417e+001	 3.49740e+002
512	 5.3100000000e+002	-4.72050e+001	 3.31850e+002
513	 5.3200000000e+002	-4.15542e+001	 3.15679e+002
514	 5.3300000000e+002	-3.67930e+001	 3.00961e+002
515	 5.3400000000e+002	-3.26532e+001	 2.87471e+002
516	 5.3500000000e+002	-2.90655e+001	 2.75117e+002
517	 5.3600000000e+002	-2.59764e+001	 2.63779e+002
518	 5.3700000000e+002	-2.32688e+001	 2.53253e+002
519	 5.3800000000e+002	-2.09085e+001	 2.43343e+002
520	 5.3900000000e+002	-1.88562e+001	 2.34142e+002
521	 5.4000000000e+002	-1.69695e+001	 2.25550e+002
522	 5.4100000000e+002	-1.52799e+001	 2.17465e+002
523	 5.4200000000e+002	-1.38553e+001	 2.09911e+002
524	 5.4300000000e+002	-1.25772e+001	 2.02750e+002
525	 5.4400000000e+002	-1.14326e+001	 1.95937e+002
526	 5.4500000000e+002	-1.03907e+001	 1.89528e+002
527	 5.4600000000e+002	-9.40565e+000	 1.83488e+002
528	 5.4700000000e+002	-8.61109e+000	 1.77691e+002
529	 5.4800000000e+002	-7.87714e+000	 1.72081e+002
530	 5.4900000000e+002	-7.17386e+000	 1.66698e+002
531	 5.5000000000e+002	-6.61238e+000	 1.61654e+002
532	 5.5100000000e+002	-6.07315e+000	 1.56860e+002
533	 5.5200000000e+002	-5.55546e+000	 1.52186e+002
534	 5.5300000000e+002	-5.17363e+000	 1.47675e+002
535	 5.5400000000e+002	-4.74370e+000	 1.43383e+002
536	 5.5500000000e+002	-4.37578e+000	 1.39200e+002
537	 5.5600000000e+002	-4.12637e+000	 1.35101e+002
538	 5.5700000000e+002	-3.75372e+000	 1.31206e+002
539	 5.5800000000e+002	-3.55718e+000	 1.27394e+002
540	 5.5900000000e+002	-3.36912e+000	 1.23747e+002
541	 5.6000000000e+002	-3.14794e+000	 1.20180e+002
542	 5.6100000000e+002	-3.02673e+000	 1.16691e+002
543	 5.6200000000e+002	-2.86735e+000	 1.13297e+002
544	 5.6300000000e+002	-2.69803e+000	 1.09976e+002
545	 5.6400000000e+002	-2.62128e+000	 1.06775e+002
546	 5.6500000000e+002	-2.58796e+000	 1.03654e+002
547	 5.6600000000e+002	-2.46161e+000	 1.00503e+002
548	 5.6700000000e+002	-2.41611e+000	 9.75536e+001
549	 5.6800000000e+002	-2.35384e+000	 9.45298e+001
550	 5.6900000000e+002	-2.35590e+000	 9.16119e+001
551	 5.7000000000e+002	-2.32385e+000	 8.87721e+001
552	 5.7100000000e+002	-2.34041e+000	 8.59052e+001
553	 5.7200000000e+002	-2.33133e+000	 8.31452e+001
554	 5.7300000000e+002	-2.38237e+000	 8.03702e+001
555	 5.7400000000e+002	-2.39843e+000	 7.76435e+001
556	 5.7500000000e+002	-2.45929e+000	 7.49810e+001
557	 5.7600000000e+002	-2.52087e+000	 7.22725e+001
558	 5.7700000000e+002	-2.58102e+000	 6.96396e+001
559	 5.7800000000e+002	-2.67929e+000	 6.69964e+001
560	 5.7900000000e+002	-2.79013e+000	 6.43982e+001
561	 5.8000000000e+002	-2.89841e+000	 6.17998e+001
562	 5.8100000000e+002	-3.01583e+000	 5.92103e+001
563	 5.8200000000e+002	-3.14859e+000	 5.66552e+001
564	 5.8300000000e+002	-3.28268e+000	 5.40562e+001
565	 5.8400000000e+002	-3.46929e+000	 5.15184e+001
566	 5.8500000000e+002	-3.62327e+000	 4.89305e+001
567	 5.8600000000e+002	-3.80257e+000	 4.63853e+001
568	 5.8700000000e+002	-4.01659e+000	 4.38411e+001
569	 5.8800000000e+002	-4.24579e+000	 4.12667e+001
570	 5.8900000000e+002	-4.48323e+000	 3.86969e+001
571	 5.9000000000e+002	-4.69830e+000	 3.60873e+001
572	 5.9100000000e+002	-4.97832e+000	 3.35096e+001
573	 5.9200000000e+002	-5.24713e+000	 3.09087e+001
574	 5.9300000000e+002	-5.58314e+000	 2.82774e+001
575	 5.9400000000e+002	-5.88616e+000	 2.56690e+001
576	 5.9500000000e+002	-6.26040e+000	 2.29300e+001
577	 5.9600000000e+002	-6.56913e+000	 2.02281e+001
578	 5.9700000000e+002	-6.95829e+000	 1.75250e+001
579	 5.9800000000e+002	-7.34100e+000	 1.47974e+001
580	 5.9900000000e+002	-7.73807e+000	 1.19686e+001
581	 6.0000000000e+002	-8.18165e+000	 9.17399e+000
582	 6.0100000000e+002	-8.63036e+000	 6.34338e+000
583	 6.0200000000e+002	-9.14445e+000	 3.38060e+000
584	 6.0300000000e+002	-9.63381e+000	 4.14715e-001
585	 6.0400000000e+002	-1.01824e+001	-2.56496e+000
586	 6.0500000000e+002	-1.07667e+001	-5.66528e+000
587	 6.0600000000e+002	-1.13221e+001	-8.80553e+000
588	 6.0700000000e+002	-1.19216e+001	-1.19824e+001
589	 6.0800000000e+002	-1.26310e+001	-1.52454e+001
590	 6.0900000000e+002	-1.33018e+001	-1.85935e+001
591	 6.1000000000e+002	-1.40411e+001	-2.20506e+001
592	 6.1100000000e+002	-1.48649e+001	-2.55494e+001
593	 6.1200000000e+002	-1.56938e+001	-2.92222e+001
594	 6.1300000000e+002	-1.65815e+001	-3.30098e+001
595	 6.1400000000e+002	-1.75440e+001	-3.68242e+001
596	 6.1500000000e+002	-1.85756e+001	-4.07695e+001
597	 6.1600000000e+002	-1.95979e+001	-4.49788e+001
598	 6.1700000000e+002	-2.07563e+001	-4.92181e+001
599	 6.1800000000e+002	-2.20248e+001	-5.35134e+001
600	 6.1900000000e+002	-2.33018e+001	-5.81935e+001
601	 6.2000000000e+002	-2.47246e+001	-6.30842e+001
602	 6.2100000000e+002	-2.62296e+001	-6.80051e+001
603	 6.2200000000e+002	-2.77959e+001	-7.31049e+001
604	 6.2300000000e+002	-2.95804e+001	-7.86532e+001
605	 6.2400000000e+002	-3.16056e+001	-8.43713e+001
606	 6.2500000000e+002	-3.37573e+001	-9.02551e+001
607	 6.2600000000e+002	-3.60025e+001	-9.65947e+001
608	 6.2700000000e+002	-3.85222e+001	-1.03387e+002
609	 6.2800000000e+002	-4.13438e+001	-1.10273e+002
610	 6.2900000000e+002	-4.43568e+001	-1.17498e+002
611	 6.3000000000e+002	-4.75871e+001	-1.25278e+002
612	 6.3100000000e+002	-5.12257e+001	-1.33704e+002
613	 6.3200000000e+002	-5.54392e+001	-1.42695e+002
614	 6.3300000000e+002	-6.01563e+001	-1.52265e+002
615	 6.3400000000e+002	-6.52204e+001	-1.62478e+002
616	 6.3500000000e+002	-7.08334e+001	-1.73402e+002
617	 6.3600000000e+002	-7.73667e+001	-1.85281e+002
618	 6.3700000000e+002	-8.47939e+001	-1.98216e+002
619	 6.3800000000e+002	-9.33495e+001	-2.12287e+002
620	 6.3900000000e+002	-1.03235e+002	-2.27557e+002
621	 6.4000000000e+002	-1.14923e+002	-2.44295e+002
622	 6.4100000000e+002	-1.28694e+002	-2.62742e+002
623	 6.4200000000e+002	-1.44899e+002	-2.82921e+002
624	 6.4300000000e+002	-1.64669e+002	-3.05224e+002
625	 6.4400000000e+002	-1.88754e+002	-3.29598e+002
626	 6.4500000000e+002	-2.18232e+002	-3.56244e+002
627	 6.4600000000e+002	-2.54994e+002	-3.85064e+002
628	 6.4700000000e+002	-3.01098e+002	-4.16095e+002
629	 6.4800000000e+002	-3.60581e+002	-4.48210e+002
630	 6.4900000000e+002	-4.38211e+002	-4.78654e+002
631	 6.5000000000e+002	-5.39604e+002	-5.02533e+002
632	 6.5100000000e+002	-6.71271e+002	-5.05930e+002
633	 6.5200000000e+002	-8.35020e+002	-4.70707e+002
634	 6.5300000000e+002	-1.01813e+003	-3.67866e+002
635	 6.5400000000e+002	-1.17970e+003	-1.70787e+002
636	 6.5500000000e+002	-1.25337e+003	 1.08513e+002
637	 6.5600000000e+002	-1.19370e+003	 3.98447e+002
638	 6.5700000000e+002	-1.02732e+003	 6.15561e+002
639	 6.5800000000e+002	-8.23175e+002	 7.30901e+002
640	 6.5900000000e+002	-6.34044e+002	 7.63920e+002
641	 6.6000000000e+002	-4.80755e+002	 7.47468e+002
642	 6.6100000000e+002	-3.64404e+002	 7.08016e+002
643	 6.6200000000e+002	-2.78460e+002	 6.60855e+002
644	 6.6300000000e+002	-2.15247e+002	 6.13367e+002
645	 6.6400000000e+002	-1.68173e+002	 5.68715e+002
646	 6.6500000000e+002	-1.32831e+002	 5.28184e+002
647	 6.6600000000e+002	-1.05804e+002	 4.91976e+002
648	 6.6700000000e+002	-8.50148e+001	 4.59591e+002
649	 6.6800000000e+002	-6.87317e+001	 4.30656e+002
650	 6.6900000000e+002	-5.58294e+001	 4.04873e+002
651	 6.7000000000e+002	-4.55220e+001	 3.81806e+002
652	 6.7100000000e+002	-3.72274e+001	 3.61208e+002
653	 6.7200000000e+002	-3.04576e+001	 3.42598e+002
654	 6.7300000000e+002	-2.47087e+001	 3.25795e+002
655	 6.7400000000e+002	-1.99830e+001	 3.10455e+002
656	 6.7500000000e+002	-1.59689e+001	 2.96318e+002
657	 6.7600000000e+002	-1.27410e+001	 2.83455e+002
658	 6.7700000000e+002	-9.97891e+000	 2.71607e+002
659	 6.7800000000e+002	-7.61414e+000	 2.60626e+002
660	 6.7900000000e+002	-5.63815e+000	 2.50476e+002
661	 6.8000000000e+002	-3.91502e+000	 2.41103e+002
662	 6.8100000000e+002	-2.45263e+000	 2.32262e+002
663	 6.8200000000e+002	-1.26438e+000	 2.24023e+002
664	 6.8300000000e+002	-1.62212e-001	 2.16339e+002
665	 6.8400000000e+002	 7.18018e-001	 2.08974e+002
666	 6.8500000000e+002	 1.38260e+000	 2.02009e+002
667	 6.8600000000e+002	 2.06917e+000	 1.95533e+002
668	 6.8700000000e+002	 2.75627e+000	 1.89438e+002
669	 6.8800000000e+002	 3.24453e+000	 1.83610e+002
670	 6.8900000000e+002	 3.51829e+000	 1.78007e+002
671	 6.9000000000e+002	 3.80624e+000	 1.72673e+002
672	 6.9100000000e+002	 4.12307e+000	 1.67601e+002
673	 6.9200000000e+002	 4.36417e+000	 1.62793e+002
674	 6.9300000000e+002	 4.52573e+000	 1.58199e+002
675	 6.9400000000e+002	 4.71583e+000	 1.53792e+002
676	 6.9500000000e+002	 4.86484e+000	 1.49467e+002
677	 6.9600000000e+002	 4.81865e+000	 1.45297e+002
678	 6.9700000000e+002	 4.80348e+000	 1.41340e+002
679	 6.9800000000e+002	 4.96169e+000	 1.37491e+002
680	 6.9900000000e+002	 5.01582e+000	 1.33729e+002
681	 7.0000000000e+002	 4.88925e+000	 1.30215e+002
682	 7.0100000000e+002	 4.77814e+000	 1.26714e+002
683	 7.0200000000e+002	 4.76604e+000	 1.23319e+002
684	 7.0300000000e+002	 4.83473e+000	 1.20042e+002
685	 7.0400000000e+002	 4.63804e+000	 1.16824e+002
686	 7.0500000000e+002	 4.47450e+000	 1.13683e+002
687	 7.0600000000e+002	 4.52601e+000	 1.10573e+002
688	 7.0700000000e+002	 4.37077e+000	 1.07583e+002
689	 7.0800000000e+002	 4.18034e+000	 1.04748e+002
690	 7.0900000000e+002	 4.09241e+000	 1.01704e+002
691	 7.1000000000e+002	 3.88965e+000	 9.88808e+001
692	 7.1100000000e+002	 3.83500e+000	 9.62088e+001
693	 7.1200000000e+002	 3.59245e+000	 9.34116e+001
694	 7.1300000000e+002	 3.40724e+000	 9.06933e+001
695	 7.1400000000e+002	 3.22555e+000	 8.80457e+001
696	 7.1500000000e+002	 3.03624e+000	 8.54156e+001
697	 7.1600000000e+002	 2.82441e+000	 8.28224e+001
698	 7.1700000000e+002	 2.56783e+000	 8.01936e+001
699	 7.1800000000e+002	 2.36762e+000	 7.77540e+001
700	 7.1900000000e+002	 2.09793e+000	 7.50988e+001
701	 7.2000000000e+002	 1.83619e+000	 7.26469e+001
702	 7.2100000000e+002	 1.60202e+000	 7.01283e+001
703	 7.2200000000e+002	 1.24552e+000	 6.76003e+001
704	 7.2300000000e+002	 1.03965e+000	 6.51707e+001
705	 7.2400000000e+002	 7.35740e-001	 6.27176e+001
706	 7.2500000000e+002	 3.60757e-001	 6.02358e+001
707	 7.2600000000e+002	 1.13328e-001	 5.78127e+001
708	 7.2700000000e+002	-3.32984e-001	 5.54313e+001
709	 7.2800000000e+002	-6.16510e-001	 5.28946e+001
710	 7.2900000000e+002	-9.92666e-001	 5.04683e+001
711	 7.3000000000e+002	-1.38599e+000	 4.80230e+001
712	 7.3100000000e+002	-1.68934e+000	 4.55047e+001
713	 7.3200000000e+002	-2.13164e+000	 4.30950e+001
714	 7.3300000000e+002	-2.60951e+000	 4.05507e+001
715	 7.3400000000e+002	-3.00166e+000	 3.80214e+001
716	 7.3500000000e+002	-3.45894e+000	 3.55331e+001
717	 7.3600000000e+002	-3.96592e+000	 3.29682e+001
718	 7.3700000000e+002	-4.47226e+000	 3.03672e+001
719	 7.3800000000e+002	-4.98218e+000	 2.77124e+001
720	 7.3900000000e+002	-5.45973e+000	 2.51807e+001
721	 7.4000000000e+002	-6.08223e+000	 2.24822e+001
722	 7.4100000000e+002	-6.65851e+000	 1.97255e+001
723	 7.4200000000e+002	-7.25706e+000	 1.70451e+001
724	 7.4300000000e+002	-7.91922e+000	 1.42196e+001
725	 7.4400000000e+002	-8.66436e+000	 1.12956e+001
726	 7.4500000000e+002	-9.29730e+000	 8.51849e+000
727	 7.4600000000e+002	-1.00417e+001	 5.61886e+000
728	 7.4700000000e+002	-1.08584e+001	 2.62171e+000
729	 7.4800000000e+002	-1.16333e+001	-4.31392e-001
730	 7.4900000000e+002	-1.25495e+001	-3.63735e+000
731	 7.5000000000e+002	-1.36985e+001	-6.86909e+000
732	 7.5100000000e+002	-1.43639e+001	-1.01457e+001
733	 7.5200000000e+002	-1.52441e+001	-1.35062e+001
734	 7.5300000000e+002	-1.63726e+001	-1.69574e+001
735	 7.5400000000e+002	-1.75031e+001	-2.04145e+001
736	 7.5500000000e+002	-1.85712e+001	-2.41141e+001
737	 7.5600000000e+002	-1.96598e+001	-2.79864e+001
738	 7.5700000000e+002	-2.10202e+001	-3.19036e+001
739	 7.5800000000e+002	-2.24463e+001	-3.60459e+001
740	 7.5900000000e+002	-2.38435e+001	-4.03058e+001
741	 7.6000000000e+002	-2.53446e+001	-4.46978e+001
742	 7.6100000000e+002	-2.70274e+001	-4.93338e+001
743	 7.6200000000e+002	-2.88088e+001	-5.42870e+001
744	 7.6300000000e+002	-3.06951e+001	-5.93075e+001
745	 7.6400000000e+002	-3.27876e+001	-6.44722e+001
746	 7.6500000000e+002	-3.51368e+001	-7.00616e+001
747	 7.6600000000e+002	-3.76031e+001	-7.61415e+001
748	 7.6700000000e+002	-4.03125e+001	-8.24208e+001
749	 7.6800000000e+002	-4.32917e+001	-8.88953e+001
750	 7.6900000000e+002	-4.64339e+001	-9.56279e+001
751	 7.7000000000e+002	-4.98519e+001	-1.03042e+002
752	 7.7100000000e+002	-5.38713e+001	-1.10936e+002
753	 7.7200000000e+002	-5.83836e+001	-1.19264e+002
754	 7.7300000000e+002	-6.35135e+001	-1.28396e+002
755	 7.7400000000e+002	-6.91857e+001	-1.38070e+002
756	 7.7500000000e+002	-7.54092e+001	-1.48566e+002
757	 7.7600000000e+002	-8.24591e+001	-1.59708e+002
758	 7.7700000000e+002	-9.05727e+001	-1.71739e+002
759	 7.7800000000e+002	-1.00185e+002	-1.84627e+002
760	 7.7900000000e+002	-1.11263e+002	-1.98678e+002
761	 7.8000000000e+002	-1.24147e+002	-2.13727e+002
762	 7.8100000000e+002	-1.39427e+002	-2.30405e+002
763	 7.8200000000e+002	-1.57474e+002	-2.48492e+002
764	 7.8300000000e+002	-1.79363e+002	-2.68183e+002
765	 7.8400000000e+002	-2.05688e+002	-2.89069e+002
766	 7.8500000000e+002	-2.37910e+002	-3.11427e+002
767	 7.8600000000e+002	-2.78063e+002	-3.34619e+002
768	 7.8700000000e+002	-3.27971e+002	-3.57187e+002
769	 7.8800000000e+002	-3.91339e+002	-3.77396e+002
770	 7.8900000000e+002	-4.70971e+002	-3.90950e+002
771	 7.9000000000e+002	-5.70331e+002	-3.90605e+002
772	 7.9100000000e+002	-6.90995e+002	-3.64117e+002
773	 7.9200000000e+002	-8.24485e+002	-2.93857e+002
774	 7.9300000000e+002	-9.50959e+002	-1.63888e+002
775	 7.9400000000e+002	-1.03248e+003	 2.60143e+001
776	 7.9500000000e+002	-1.03244e+003	 2.45179e+002
777	 7.9600000000e+002	-9.46702e+002	 4.42857e+002
778	 7.9700000000e+002	-8.05939e+002	 5.80353e+002
779	 7.9800000000e+002	-6.51529e+002	 6.49850e+002
780	 7.9900000000e+002	-5.11972e+002	 6.67615e+002
781	 8.0000000000e+002	-3.97309e+002	 6.54113e+002
782	 8.0100000000e+002	-3.07903e+002	 6.24672e+002
783	 8.0200000000e+002	-2.39495e+002	 5.88719e+002
784	 8.0300000000e+002	-1.87587e+002	 5.52198e+002
785	 8.0400000000e+002	-1.48118e+002	 5.17436e+002
786	 8.0500000000e+002	-1.17925e+002	 4.85057e+002
787	 8.0600000000e+002	-9.44226e+001	 4.55198e+002
788	 8.0700000000e+002	-7.57895e+001	 4.27971e+002
789	 8.0800000000e+002	-6.11200e+001	 4.03767e+002
790	 8.0900000000e+002	-4.94064e+001	 3.82186e+002
791	 8.1000000000e+002	-3.97110e+001	 3.62548e+002
792	 8.1100000000e+002	-3.17228e+001	 3.44600e+002
793	 8.1200000000e+002	-2.51158e+001	 3.28226e+002
794	 8.1300000000e+002	-1.98393e+001	 3.13210e+002
795	 8.1400000000e+002	-1.54521e+001	 2.99560e+002
796	 8.1500000000e+002	-1.17604e+001	 2.87233e+002
797	 8.1600000000e+002	-8.72519e+000	 2.76006e+002
798	 8.1700000000e+002	-5.86391e+000	 2.65557e+002
799	 8.1800000000e+002	-3.47681e+000	 2.55792e+002
800	 8.1900000000e+002	-1.56285e+000	 2.46602e+002
801	 8.2000000000e+002	 3.66685e-002	 2.37958e+002
802	 8.2100000000e+002	 1.40000e+000	 2.29735e+002
803	 8.2200000000e+002	 2.67198e+000	 2.22252e+002
804	 8.2300000000e+002	 3.80396e+000	 2.15230e+002
805	 8.2400000000e+002	 4.66347e+000	 2.08536e+002
806	 8.2500000000e+002	 5.28167e+000	 2.02117e+002
807	 8.2600000000e+002	 5.86500e+000	 1.96183e+002
808	 8.2700000000e+002	 6.58525e+000	 1.90750e+002
809	 8.2800000000e+002	 7.13847e+000	 1.85435e+002
810	 8.2900000000e+002	 7.54500e+000	 1.80255e+002
811	 8.3000000000e+002	 7.73513e+000	 1.75232e+002
812	 8.3100000000e+002	 8.04673e+000	 1.70628e+002
813	 8.3200000000e+002	 8.28533e+000	 1.66289e+002
814	 8.3300000000e+002	 8.43140e+000	 1.61916e+002
815	 8.3400000000e+002	 8.53599e+000	 1.57685e+002
816	 8.3500000000e+002	 8.70187e+000	 1.53646e+002
817	 8.3600000000e+002	 8.82692e+000	 1.49811e+002
818	 8.3700000000e+002	 8.81643e+000	 1.46048e+002
819	 8.3800000000e+002	 8.59105e+000	 1.42436e+002
820	 8.3900000000e+002	 8.64235e+000	 1.38964e+002
821	 8.4000000000e+002	 8.75312e+000	 1.35662e+002
822	 8.4100000000e+002	 8.75799e+000	 1.32485e+002
823	 8.4200000000e+002	 8.56698e+000	 1.29285e+002
824	 8.4300000000e+002	 8.37978e+000	 1.26010e+002
825	 8.4400000000e+002	 8.30263e+000	 1.22878e+002
826	 8.4500000000e+002	 8.21685e+000	 1.20114e+002
827	 8.4600000000e+002	 8.07688e+000	 1.17291e+002
828	 8.4700000000e+002	 7.84508e+000	 1.14428e+002
829	 8.4800000000e+002	 7.51336e+000	 1.11410e+002
830	 8.4900000000e+002	 7.41623e+000	 1.08732e+002
831	 8.5000000000e+002	 7.35333e+000	 1.06271e+002
832	 8.5100000000e+002	 7.05800e+000	 1.03470e+002
833	 8.5200000000e+002	 6.58361e+000	 1.00854e+002
834	 8.5300000000e+002	 6.57891e+000	 9.82778e+001
835	 8.5400000000e+002	 6.51915e+000	 9.58090e+001
836	 8.5500000000e+002	 5.79449e+000	 9.34257e+001
837	 8.5600000000e+002	 5.56617e+000	 9.08309e+001
838	 8.5700000000e+002	 5.54082e+000	 8.83065e+001
839	 8.5800000000e+002	 5.06697e+000	 8.61032e+001
840	 8.5900000000e+002	 4.71731e+000	 8.35606e+001
841	 8.6000000000e+002	 4.40355e+000	 8.11639e+001
842	 8.6100000000e+002	 4.08328e+000	 7.90068e+001
843	 8.6200000000e+002	 3.70552e+000	 7.64125e+001
844	 8.6300000000e+002	 3.30749e+000	 7.41382e+001
845	 8.6400000000e+002	 2.99537e+000	 7.19064e+001
846	 8.6500000000e+002	 2.58149e+000	 6.94301e+001
847	 8.6600000000e+002	 2.15888e+000	 6.72196e+001
848	 8.6700000000e+002	 1.75465e+000	 6.47227e+001
849	 8.6800000000e+002	 1.37179e+000	 6.26383e+001
850	 8.6900000000e+002	 8.45311e-001	 6.02677e+001
851	 8.7000000000e+002	 2.67845e-001	 5.78549e+001
852	 8.7100000000e+002	-1.15649e-001	 5.55857e+001
853	 8.7200000000e+002	-5.79367e-001	 5.31268e+001
854	 8.7300000000e+002	-1.19474e+000	 5.07541e+001
855	 8.7400000000e+002	-1.78000e+000	 4.83026e+001
856	 8.7500000000e+002	-2.24757e+000	 4.59500e+001
857	 8.7600000000e+002	-2.90650e+000	 4.34466e+001
858	 8.7700000000e+002	-3.47694e+000	 4.09840e+001
859	 8.7800000000e+002	-4.06963e+000	 3.84430e+001
860	 8.7900000000e+002	-4.79699e+000	 3.59653e+001
861	 8.8000000000e+002	-5.50036e+000	 3.34085e+001
862	 8.8100000000e+002	-6.33595e+000	 3.07735e+001
863	 8.8200000000e+002	-7.02336e+000	 2.80761e+001
864	 8.8300000000e+002	-7.87918e+000	 2.52875e+001
865	 8.8400000000e+002	-8.69243e+000	 2.26074e+001
866	 8.8500000000e+002	-9.69859e+000	 1.98600e+001
867	 8.8600000000e+002	-1.06210e+001	 1.70190e+001
868	 8.8700000000e+002	-1.16435e+001	 1.39783e+001
869	 8.8800000000e+002	-1.27036e+001	 1.09990e+001
870	 8.8900000000e+002	-1.38224e+001	 7.87463e+000
871	 8.9000000000e+002	-1.49465e+001	 4.75146e+000
872	 8.9100000000e+002	-1.62964e+001	 1.61332e+000
873	 8.9200000000e+002	-1.77493e+001	-1.66487e+000
874	 8.9300000000e+002	-1.91481e+001	-5.07222e+000
875	 8.9400000000e+002	-2.06118e+001	-8.76660e+000
876	 8.9500000000e+002	-2.21480e+001	-1.23317e+001
877	 8.9600000000e+002	-2.39639e+001	-1.57994e+001
878	 8.9700000000e+002	-2.57906e+001	-1.94992e+001
879	 8.9800000000e+002	-2.78346e+001	-2.34532e+001
880	 8.9900000000e+002	-2.99230e+001	-2.76511e+001
881	 9.0000000000e+002	-3.22041e+001	-3.19780e+001
882	 9.0100000000e+002	-3.46369e+001	-3.63876e+001
883	 9.0200000000e+002	-3.72423e+001	-4.09015e+001
884	 9.0300000000e+002	-3.98814e+001	-4.55754e+001
885	 9.0400000000e+002	-4.29205e+001	-5.05419e+001
886	 9.0500000000e+002	-4.61513e+001	-5.57981e+001
887	 9.0600000000e+002	-4.97480e+001	-6.12704e+001
888	 9.0700000000e+002	-5.36132e+001	-6.68566e+001
889	 9.0800000000e+002	-5.78728e+001	-7.29013e+001
890	 9.0900000000e+002	-6.25594e+001	-7.91255e+001
891	 9.1000000000e+002	-6.76288e+001	-8.58338e+001
892	 9.1100000000e+002	-7.32947e+001	-9.29013e+001
893	 9.1200000000e+002	-7.95395e+001	-1.00307e+002
894	 9.1300000000e+002	-8.65970e+001	-1.08138e+002
895	 9.1400000000e+002	-9.45343e+001	-1.16337e+002
896	 9.1500000000e+002	-1.03407e+002	-1.24918e+002
897	 9.1600000000e+002	-1.13462e+002	-1.34178e+002
898	 9.1700000000e+002	-1.24962e+002	-1.44023e+002
899	 9.1800000000e+002	-1.38308e+002	-1.54234e+002
900	 9.1900000000e+002	-1.53623e+002	-1.65030e+002
901	 9.2000000000e+002	-1.71422e+002	-1.76137e+002
902	 9.2100000000e+002	-1.92043e+002	-1.87422e+002
903	 9.2200000000e+002	-2.16445e+002	-1.98560e+002
904	 9.2300000000e+002	-2.44968e+002	-2.09039e+002
905	 9.2400000000e+002	-2.78906e+002	-2.18059e+002
906	 9.2500000000e+002	-3.19020e+002	-2.24290e+002
907	 9.2600000000e+002	-3.66194e+002	-2.26318e+002
908	 9.2700000000e+002	-4.20470e+002	-2.20507e+002
909	 9.2800000000e+002	-4.81991e+002	-2.03135e+002
910	 9.2900000000e+002	-5.48829e+002	-1.69506e+002
911	 9.3000000000e+002	-6.15213e+002	-1.14845e+002
912	 9.3100000000e+002	-6.72348e+002	-3.74718e+001
913	 9.3200000000e+002	-7.09758e+002	 6.15108e+001
914	 9.3300000000e+002	-7.16181e+002	 1.73238e+002
915	 9.3400000000e+002	-6.88287e+002	 2.82585e+002
916	 9.3500000000e+002	-6.31140e+002	 3.75120e+002
917	 9.3600000000e+002	-5.56281e+002	 4.42352e+002
918	 9.3700000000e+002	-4.75458e+002	 4.83455e+002
919	 9.3800000000e+002	-3.98212e+002	 5.01702e+002
920	 9.3900000000e+002	-3.29629e+002	 5.03759e+002
921	 9.4000000000e+002	-2.70846e+002	 4.95273e+002
922	 9.4100000000e+002	-2.22231e+002	 4.80432e+002
923	 9.4200000000e+002	-1.82474e+002	 4.62312e+002
924	 9.4300000000e+002	-1.49712e+002	 4.42902e+002
925	 9.4400000000e+002	-1.23166e+002	 4.23514e+002
926	 9.4500000000e+002	-1.01497e+002	 4.04509e+002
927	 9.4600000000e+002	-8.35813e+001	 3.86459e+002
928	 9.4700000000e+002	-6.90342e+001	 3.69558e+002
929	 9.4800000000e+002	-5.69568e+001	 3.53762e+002
930	 9.4900000000e+002	-4.68603e+001	 3.38941e+002
931	 9.5000000000e+002	-3.85402e+001	 3.25360e+002
932	 9.5100000000e+002	-3.09234e+001	 3.12628e+002
933	 9.5200000000e+002	-2.45791e+001	 3.00668e+002
934	 9.5300000000e+002	-1.92713e+001	 2.89675e+002
935	 9.5400000000e+002	-1.46802e+001	 2.79574e+002
936	 9.5500000000e+002	-1.07125e+001	 2.70025e+002
937	 9.5600000000e+002	-7.34623e+000	 2.61029e+002
938	 9.5700000000e+002	-4.47155e+000	 2.52542e+002
939	 9.5800000000e+002	-1.90669e+000	 2.44621e+002
940	 9.5900000000e+002	 2.99800e-001	 2.37083e+002
941	 9.6000000000e+002	 2.22330e+000	 2.30082e+002
942	 9.6100000000e+002	 3.96765e+000	 2.23619e+002
943	 9.6200000000e+002	 5.42229e+000	 2.17315e+002
944	 9.6300000000e+002	 6.83513e+000	 2.11289e+002
945	 9.6400000000e+002	 8.02920e+000	 2.05650e+002
946	 9.6500000000e+002	 9.07017e+000	 2.00145e+002
947	 9.6600000000e+002	 9.97367e+000	 1.95002e+002
948	 9.6700000000e+002	 1.06573e+001	 1.90124e+002
949	 9.6800000000e+002	 1.12797e+001	 1.85418e+002
950	 9.6900000000e+002	 1.17208e+001	 1.80947e+002
951	 9.7000000000e+002	 1.21869e+001	 1.76518e+002
952	 9.7100000000e+002	 1.25542e+001	 1.72275e+002
953	 9.7200000000e+002	 1.28837e+001	 1.68109e+002
954	 9.7300000000e+002	 1.31905e+001	 1.64248e+002
955	 9.7400000000e+002	 1.34444e+001	 1.60596e+002
956	 9.7500000000e+002	 1.36123e+001	 1.57114e+002
957	 9.7600000000e+002	 1.36893e+001	 1.53577e+002
958	 9.7700000000e+002	 1.36384e+001	 1.50093e+002
959	 9.7800000000e+002	 1.35418e+001	 1.46819e+002
960	 9.7900000000e+002	 1.34464e+001	 1.43613e+002
961	 9.8000000000e+002	 1.33766e+001	 1.40704e+002
962	 9.8100000000e+002	 1.33196e+001	 1.37699e+002
963	 9.8200000000e+002	 1.32511e+001	 1.34683e+002
964	 9.8300000000e+002	 1.30906e+001	 1.31939e+002
965	 9.8400000000e+002	 1.29950e+001	 1.29246e+002
966	 9.8500000000e+002	 1.28331e+001	 1.26509e+002
967	 9.8600000000e+002	 1.26763e+001	 1.23848e+002
968	 9.8700000000e+002	 1.23699e+001	 1.21271e+002
969	 9.8800000000e+002	 1.20270e+001	 1.18750e+002
970	 9.8900000000e+002	 1.18317e+001	 1.16181e+002
971	 9.9000000000e+002	 1.16467e+001	 1.13777e+002
972	 9.9100000000e+002	 1.13723e+001	 1.11365e+002
973	 9.9200000000e+002	 1.09301e+001	 1.09063e+002
974	 9.9300000000e+002	 1.06337e+001	 1.06775e+002
975	 9.9400000000e+002	 1.03446e+001	 1.04524e+002
976	 9.9500000000e+002	 1.00173e+001	 1.02060e+002
977	 9.9600000000e+002	 9.64126e+000	 9.99169e+001
978	 9.9700000000e+002	 9.22853e+000	 9.77548e+001
979	 9.9800000000e+002	 8.83338e+000	 9.55706e+001
980	 9.9900000000e+002	 8.48631e+000	 9.31906e+001
981	 1.0000000000e+003	 7.95541e+000	 9.11655e+001
982	 1.0010000000e+003	 7.49895e+000	 8.89931e+001
983	 1.0020000000e+003	 6.99238e+000	 8.67928e+001
984	 1.0030000000e+003	 6.58893e+000	 8.45659e+001
985	 1.0040000000e+003	 6.14410e+000	 8.26698e+001
986	 1.0050000000e+003	 5.50384e+000	 8.05323e+001
987	 1.0060000000e+003	 5.02835e+000	 7.82295e+001
988	 1.0070000000e+003	 4.53124e+000	 7.63779e+001
989	 1.0080000000e+003	 3.79100e+000	 7.40837e+001
990	 1.0090000000e+003	 3.19908e+000	 7.19013e+001
991	 1.0100000000e+003	 2.61863e+000	 6.99532e+001
992	 1.0110000000e+003	 1.83181e+000	 6.76993e+001
993	 1.0120000000e+003	 1.22212e+000	 6.56664e+001
994	 1.0130000000e+003	 5.32917e-001	 6.35594e+001
995	 1.0140000000e+003	-3.26734e-001	 6.12931e+001
996	 1.0150000000e+003	-1.03265e+000	 5.92988e+001
997	 1.0160000000e+003	-1.92302e+000	 5.70013e+001
998	 1.0170000000e+003	-2.89843e+000	 5.46605e+001
999	 1.0180000000e+003	-3.66394e+000	 5.27121e+001
1000	 1.0190000000e+003	-4.64903e+000	 5.04340e+001
1001	 1.0200000000e+003	-5.73821e+000	 4.79778e+001
1002	 1.0210000000e+003	-6.65970e+000	 4.58470e+001
1003	 1.0220000000e+003	-7.67774e+000	 4.37417e+001
1004	 1.0230000000e+003	-8.94192e+000	 4.11528e+001
1005	 1.0240000000e+003	-1.02511e+001	 3.86030e+001
1006	 1.0250000000e+003	-1.13168e+001	 3.65764e+001
1007	 1.0260000000e+003	-1.25319e+001	 3.43781e+001
1008	 1.0270000000e+003	-1.41630e+001	 3.16153e+001
1009	 1.0280000000e+003	-1.57691e+001	 2.89338e+001
1010	 1.0290000000e+003	-1.70802e+001	 2.66461e+001
1011	 1.0300000000e+003	-1.84243e+001	 2.43686e+001
1012	 1.0310000000e+003	-2.03407e+001	 2.16058e+001
1013	 1.0320000000e+003	-2.25988e+001	 1.87524e+001
1014	 1.0330000000e+003	-2.46595e+001	 1.58535e+001
1015	 1.0340000000e+003	-2.62573e+001	 1.31455e+001
1016	 1.0350000000e+003	-2.79073e+001	 1.05917e+001
1017	 1.0360000000e+003	-2.99867e+001	 7.76461e+000
1018	 1.0370000000e+003	-3.28472e+001	 4.89417e+000
1019	 1.0380000000e+003	-3.60667e+001	 1.89464e+000
1020	 1.0390000000e+003	-3.91146e+001	-1.18548e+000
1021	 1.0400000000e+003	-4.18522e+001	-4.26607e+000
1022	 1.0410000000e+003	-4.45584e+001	-7.43951e+000
1023	 1.0420000000e+003	-4.74209e+001	-1.09215e+001
1024	 1.0430000000e+003	-5.07306e+001	-1.43815e+001
1025	 1.0440000000e+003	-5.45586e+001	-1.79122e+001
1026	 1.0450000000e+003	-5.90604e+001	-2.12383e+001
1027	 1.0460000000e+003	-6.37647e+001	-2.45720e+001
1028	 1.0470000000e+003	-6.87858e+001	-2.79428e+001
1029	 1.0480000000e+003	-7.40564e+001	-3.13915e+001
1030	 1.0490000000e+003	-7.96761e+001	-3.47615e+001
1031	 1.0500000000e+003	-8.54866e+001	-3.82949e+001
1032	 1.0510000000e+003	-9.24311e+001	-4.20213e+001
1033	 1.0520000000e+003	-9.97367e+001	-4.58272e+001
1034	 1.0530000000e+003	-1.07566e+002	-4.95107e+001
1035	 1.0540000000e+003	-1.16179e+002	-5.32002e+001
1036	 1.0550000000e+003	-1.25755e+002	-5.65986e+001
1037	 1.0560000000e+003	-1.36246e+002	-5.97952e+001
1038	 1.0570000000e+003	-1.47669e+002	-6.23954e+001
1039	 1.0580000000e+003	-1.60234e+002	-6.45635e+001
1040	 1.0590000000e+003	-1.74128e+002	-6.60149e+001
1041	 1.0600000000e+003	-1.89143e+002	-6.66262e+001
1042	 1.0610000000e+003	-2.05811e+002	-6.57962e+001
1043	 1.0620000000e+003	-2.23887e+002	-6.35803e+001
1044	 1.0630000000e+003	-2.43420e+002	-5.95022e+001
1045	 1.0640000000e+003	-2.64478e+002	-5.30221e+001
1046	 1.0650000000e+003	-2.86530e+002	-4.32274e+001
1047	 1.0660000000e+003	-3.09325e+002	-2.98913e+001
1048	 1.0670000000e+003	-3.31916e+002	-1.18639e+001
1049	 1.0680000000e+003	-3.53266e+002	 1.13034e+001
1050	 1.0690000000e+003	-3.72149e+002	 3.97164e+001
1051	 1.0700000000e+003	-3.86754e+002	 7.28816e+001
1052	 1.0710000000e+003	-3.95558e+002	 1.10042e+002
1053	 1.0720000000e+003	-3.97844e+002	 1.49521e+002
1054	 1.0730000000e+003	-3.92701e+002	 1.89548e+002
1055	 1.0740000000e+003	-3.80151e+002	 2.27776e+002
1056	 1.0750000000e+003	-3.60557e+002	 2.62700e+002
1057	 1.0760000000e+003	-3.35204e+002	 2.92542e+002
1058	 1.0770000000e+003	-3.05827e+002	 3.16108e+002
1059	 1.0780000000e+003	-2.74969e+002	 3.33516e+002
1060	 1.0790000000e+003	-2.44496e+002	 3.44848e+002
1061	 1.0800000000e+003	-2.15133e+002	 3.51132e+002
1062	 1.0810000000e+003	-1.87161e+002	 3.52868e+002
1063	 1.0820000000e+003	-1.61291e+002	 3.51099e+002
1064	 1.0830000000e+003	-1.38388e+002	 3.46903e+002
1065	 1.0840000000e+003	-1.18188e+002	 3.41048e+002
1066	 1.0850000000e+003	-1.00322e+002	 3.33900e+002
1067	 1.0860000000e+003	-8.43552e+001	 3.25814e+002
1068	 1.0870000000e+003	-7.01684e+001	 3.17384e+002
1069	 1.0880000000e+003	-5.83196e+001	 3.08905e+002
1070	 1.0890000000e+003	-4.77848e+001	 3.00330e+002
1071	 1.0900000000e+003	-3.81939e+001	 2.91700e+002
1072	 1.0910000000e+003	-2.99002e+001	 2.83240e+002
1073	 1.0920000000e+003	-2.29993e+001	 2.75240e+002
1074	 1.0930000000e+003	-1.67716e+001	 2.67323e+002
1075	 1.0940000000e+003	-1.12059e+001	 2.59550e+002
1076	 1.0950000000e+003	-6.69286e+000	 2.52421e+002
1077	 1.0960000000e+003	-2.58938e+000	 2.45415e+002
1078	 1.0970000000e+003	 1.13684e+000	 2.38680e+002
1079	 1.0980000000e+003	 4.20654e+000	 2.32458e+002
1080	 1.0990000000e+003	 7.19307e+000	 2.26298e+002
1081	 1.1000000000e+003	 9.71647e+000	 2.20305e+002
1082	 1.1010000000e+003	 1.17345e+001	 2.14776e+002
1083	 1.1020000000e+003	 1.37353e+001	 2.09218e+002
1084	 1.1030000000e+003	 1.53803e+001	 2.04024e+002
1085	 1.1040000000e+003	 1.68478e+001	 1.99129e+002
1086	 1.1050000000e+003	 1.81564e+001	 1.94265e+002
1087	 1.1060000000e+003	 1.92300e+001	 1.89961e+002
1088	 1.1070000000e+003	 2.02051e+001	 1.85629e+002
1089	 1.1080000000e+003	 2.09380e+001	 1.81523e+002
1090	 1.1090000000e+003	 2.16358e+001	 1.77449e+002
1091	 1.1100000000e+003	 2.22471e+001	 1.73461e+002
1092	 1.1110000000e+003	 2.26636e+001	 1.69789e+002
1093	 1.1120000000e+003	 2.30381e+001	 1.66224e+002
1094	 1.1130000000e+003	 2.33046e+001	 1.62891e+002
1095	 1.1140000000e+003	 2.36217e+001	 1.59423e+002
1096	 1.1150000000e+003	 2.38149e+001	 1.56213e+002
1097	 1.1160000000e+003	 2.39584e+001	 1.53076e+002
1098	 1.1170000000e+003	 2.39027e+001	 1.50174e+002
1099	 1.1180000000e+003	 2.39640e+001	 1.47178e+002
1100	 1.1190000000e+003	 2.39216e+001	 1.44305e+002
1101	 1.1200000000e+003	 2.38586e+001	 1.41532e+002
1102	 1.1210000000e+003	 2.37722e+001	 1.38935e+002
1103	 1.1220000000e+003	 2.36475e+001	 1.36375e+002
1104	 1.1230000000e+003	 2.34953e+001	 1.33840e+002
1105	 1.1240000000e+003	 2.33232e+001	 1.31398e+002
1106	 1.1250000000e+003	 2.31105e+001	 1.29114e+002
1107	 1.1260000000e+003	 2.28438e+001	 1.26863e+002
1108	 1.1270000000e+003	 2.26538e+001	 1.24563e+002
1109	 1.1280000000e+003	 2.23993e+001	 1.22288e+002
1110	 1.1290000000e+003	 2.21156e+001	 1.20042e+002
1111	 1.1300000000e+003	 2.18404e+001	 1.17885e+002
1112	 1.1310000000e+003	 2.15433e+001	 1.15809e+002
1113	 1.1320000000e+003	 2.12304e+001	 1.13706e+002
1114	 1.1330000000e+003	 2.08717e+001	 1.11696e+002
1115	 1.1340000000e+003	 2.05021e+001	 1.09676e+002
1116	 1.1350000000e+003	 2.01150e+001	 1.07632e+002
1117	 1.1360000000e+003	 1.96813e+001	 1.05673e+002
1118	 1.1370000000e+003	 1.92743e+001	 1.03647e+002
1119	 1.1380000000e+003	 1.88338e+001	 1.01668e+002
1120	 1.1390000000e+003	 1.83512e+001	 9.97983e+001
1121	 1.1400000000e+003	 1.78190e+001	 9.78644e+001
1122	 1.1410000000e+003	 1.72459e+001	 9.59199e+001
1123	 1.1420000000e+003	 1.67319e+001	 9.40981e+001
1124	 1.1430000000e+003	 1.61067e+001	 9.22480e+001
1125	 1.1440000000e+003	 1.54003e+001	 9.03849e+001
1126	 1.1450000000e+003	 1.47938e+001	 8.85434e+001
1127	 1.1460000000e+003	 1.41242e+001	 8.67526e+001
1128	 1.1470000000e+003	 1.33495e+001	 8.50093e+001
1129	 1.1480000000e+003	 1.25585e+001	 8.32808e+001
1130	 1.1490000000e+003	 1.18931e+001	 8.14859e+001
1131	 1.1500000000e+003	 1.11886e+001	 7.96851e+001
1132	 1.1510000000e+003	 1.02514e+001	 7.79772e+001
1133	 1.1520000000e+003	 9.37116e+000	 7.62963e+001
1134	 1.1530000000e+003	 8.48230e+000	 7.45481e+001
1135	 1.1540000000e+003	 7.56481e+000	 7.28209e+001
1136	 1.1550000000e+003	 6.59151e+000	 7.11533e+001
1137	 1.1560000000e+003	 5.66915e+000	 6.95453e+001
1138	 1.1570000000e+003	 4.64297e+000	 6.78236e+001
1139	 1.1580000000e+003	 3.47038e+000	 6.60934e+001
1140	 1.1590000000e+003	 2.40741e+000	 6.44581e+001
1141	 1.1600000000e+003	 1.33229e+000	 6.28316e+001
1142	 1.1610000000e+003	 7.46951e-002	 6.11689e+001
1143	 1.1620000000e+003	-1.17867e+000	 5.94681e+001
1144	 1.1630000000e+003	-2.40858e+000	 5.77923e+001
1145	 1.1640000000e+003	-3.70787e+000	 5.61881e+001
1146	 1.1650000000e+003	-5.15268e+000	 5.45194e+001
1147	 1.1660000000e+003	-6.59770e+000	 5.28705e+001
1148	 1.1670000000e+003	-8.10400e+000	 5.12780e+001
1149	 1.1680000000e+003	-9.62197e+000	 4.96081e+001
1150	 1.1690000000e+003	-1.12544e+001	 4.79481e+001
1151	 1.1700000000e+003	-1.29942e+001	 4.63355e+001
1152	 1.1710000000e+003	-1.47773e+001	 4.47095e+001
1153	 1.1720000000e+003	-1.66235e+001	 4.31661e+001
1154	 1.1730000000e+003	-1.85356e+001	 4.15457e+001
1155	 1.1740000000e+003	-2.05929e+001	 3.99531e+001
1156	 1.1750000000e+003	-2.26596e+001	 3.83418e+001
1157	 1.1760000000e+003	-2.48827e+001	 3.67562e+001
1158	 1.1770000000e+003	-2.72237e+001	 3.52511e+001
1159	 1.1780000000e+003	-2.95901e+001	 3.36827e+001
1160	 1.1790000000e+003	-3.21194e+001	 3.22640e+001
1161	 1.1800000000e+003	-3.47431e+001	 3.07440e+001
1162	 1.1810000000e+003	-3.75625e+001	 2.93252e+001
1163	 1.1820000000e+003	-4.04116e+001	 2.79012e+001
1164	 1.1830000000e+003	-4.34875e+001	 2.65273e+001
1165	 1.1840000000e+003	-4.67405e+001	 2.51679e+001
1166	 1.1850000000e+003	-5.01289e+001	 2.39039e+001
1167	 1.1860000000e+003	-5.37178e+001	 2.27485e+001
1168	 1.1870000000e+003	-5.74572e+001	 2.15906e+001
1169	 1.1880000000e+003	-6.14420e+001	 2.05051e+001
1170	 1.1890000000e+003	-6.56025e+001	 1.95805e+001
1171	 1.1900000000e+003	-7.01240e+001	 1.87928e+001
1172	 1.1910000000e+003	-7.48678e+001	 1.81426e+001
1173	 1.1920000000e+003	-7.97907e+001	 1.77005e+001
1174	 1.1930000000e+003	-8.50841e+001	 1.74466e+001
1175	 1.1940000000e+003	-9.05948e+001	 1.75366e+001
1176	 1.1950000000e+003	-9.64558e+001	 1.78827e+001
1177	 1.1960000000e+003	-1.02565e+002	 1.85626e+001
1178	 1.1970000000e+003	-1.08984e+002	 1.97545e+001
1179	 1.1980000000e+003	-1.15775e+002	 2.12891e+001
1180	 1.1990000000e+003	-1.22712e+002	 2.34948e+001
1181	 1.2000000000e+003	-1.29960e+002	 2.63004e+001
1182	 1.2010000000e+003	-1.37358e+002	 2.98397e+001
1183	 1.2020000000e+003	-1.44926e+002	 3.42481e+001
1184	 1.2030000000e+003	-1.52465e+002	 3.94867e+001
1185	 1.2040000000e+003	-1.59859e+002	 4.57754e+001
1186	 1.2050000000e+003	-1.67070e+002	 5.30337e+001
1187	 1.2060000000e+003	-1.73811e+002	 6.14626e+001
1188	 1.2070000000e+003	-1.80144e+002	 7.09078e+001
1189	 1.2080000000e+003	-1.85531e+002	 8.13672e+001
1190	 1.2090000000e+003	-1.90023e+002	 9.27901e+001
1191	 1.2100000000e+003	-1.93272e+002	 1.04983e+002
1192	 1.2110000000e+003	-1.95084e+002	 1.17944e+002
1193	 1.2120000000e+003	-1.95395e+002	 1.31407e+002
1194	 1.2130000000e+003	-1.93994e+002	 1.44979e+002
1195	 1.2140000000e+003	-1.90965e+002	 1.58492e+002
1196	 1.2150000000e+003	-1.86306e+002	 1.71614e+002
1197	 1.2160000000e+003	-1.79956e+002	 1.84048e+002
1198	 1.2170000000e+003	-1.72281e+002	 1.95514e+002
1199	 1.2180000000e+003	-1.63278e+002	 2.05823e+002
1200	 1.2190000000e+003	-1.53424e+002	 2.14853e+002
1201	 1.2200000000e+003	-1.42789e+002	 2.22329e+002
1202	 1.2210000000e+003	-1.31785e+002	 2.28438e+002
1203	 1.2220000000e+003	-1.20543e+002	 2.33196e+002
1204	 1.2230000000e+003	-1.09342e+002	 2.36649e+002
1205	 1.2240000000e+003	-9.82546e+001	 2.38861e+002
1206	 1.2250000000e+003	-8.75776e+001	 2.39953e+002
1207	 1.2260000000e+003	-7.73017e+001	 2.40173e+002
1208	 1.2270000000e+003	-6.75955e+001	 2.39405e+002
1209	 1.2280000000e+003	-5.83573e+001	 2.37850e+002
1210	 1.2290000000e+003	-4.97536e+001	 2.35741e+002
1211	 1.2300000000e+003	-4.17462e+001	 2.33116e+002
1212	 1.2310000000e+003	-3.43530e+001	 2.30087e+002
1213	 1.2320000000e+003	-2.76212e+001	 2.26720e+002
1214	 1.2330000000e+003	-2.13891e+001	 2.23152e+002
1215	 1.2340000000e+003	-1.57082e+001	 2.19398e+002
1216	 1.2350000000e+003	-1.04874e+001	 2.15540e+002
1217	 1.2360000000e+003	-5.72189e+000	 2.11595e+002
1218	 1.2370000000e+003	-1.51963e+000	 2.07666e+002
1219	 1.2380000000e+003	 2.29772e+000	 2.03702e+002
1220	 1.2390000000e+003	 5.75724e+000	 1.99756e+002
1221	 1.2400000000e+003	 8.88618e+000	 1.95888e+002
1222	 1.2410000000e+003	 1.17784e+001	 1.92070e+002
1223	 1.2420000000e+003	 1.43327e+001	 1.88335e+002
1224	 1.2430000000e+003	 1.66419e+001	 1.84626e+002
1225	 1.2440000000e+003	 1.87736e+001	 1.80985e+002
1226	 1.2450000000e+003	 2.06035e+001	 1.77527e+002
1227	 1.2460000000e+003	 2.23024e+001	 1.74056e+002
1228	 1.2470000000e+003	 2.37879e+001	 1.70710e+002
1229	 1.2480000000e+003	 2.51283e+001	 1.67503e+002
1230	 1.2490000000e+003	 2.63093e+001	 1.64327e+002
1231	 1.2500000000e+003	 2.73241e+001	 1.61215e+002
1232	 1.2510000000e+003	 2.83438e+001	 1.58257e+002
1233	 1.2520000000e+003	 2.92344e+001	 1.55321e+002
1234	 1.2530000000e+003	 2.99275e+001	 1.52480e+002
1235	 1.2540000000e+003	 3.05750e+001	 1.49761e+002
1236	 1.2550000000e+003	 3.11758e+001	 1.47094e+002
1237	 1.2560000000e+003	 3.16497e+001	 1.44501e+002
1238	 1.2570000000e+003	 3.20722e+001	 1.41940e+002
1239	 1.2580000000e+003	 3.24379e+001	 1.39463e+002
1240	 1.2590000000e+003	 3.27297e+001	 1.37074e+002
1241	 1.2600000000e+003	 3.29576e+001	 1.34763e+002
1242	 1.2610000000e+003	 3.31466e+001	 1.32451e+002
1243	 1.2620000000e+003	 3.32541e+001	 1.30237e+002
1244	 1.2630000000e+003	 3.33536e+001	 1.28047e+002
1245	 1.2640000000e+003	 3.33925e+001	 1.25904e+002
1246	 1.2650000000e+003	 3.34230e+001	 1.23809e+002
1247	 1.2660000000e+003	 3.34104e+001	 1.21801e+002
1248	 1.2670000000e+003	 3.33496e+001	 1.19859e+002
1249	 1.2680000000e+003	 3.32478e+001	 1.17911e+002
1250	 1.2690000000e+003	 3.31386e+001	 1.16000e+002
1251	 1.2700000000e+003	 3.29846e+001	 1.14088e+002
1252	 1.2710000000e+003	 3.27854e+001	 1.12248e+002
1253	 1.2720000000e+003	 3.25644e+001	 1.10463e+002
1254	 1.2730000000e+003	 3.23131e+001	 1.08707e+002
1255	 1.2740000000e+003	 3.20223e+001	 1.06948e+002
1256	 1.2750000000e+003	 3.17481e+001	 1.05215e+002
1257	 1.2760000000e+003	 3.14306e+001	 1.03570e+002
1258	 1.2770000000e+003	 3.10989e+001	 1.01930e+002
1259	 1.2780000000e+003	 3.07240e+001	 1.00285e+002
1260	 1.2790000000e+003	 3.03218e+001	 9.86965e+001
1261	 1.2800000000e+003	 2.98963e+001	 9.71286e+001
1262	 1.2810000000e+003	 2.94496e+001	 9.56287e+001
1263	 1.2820000000e+003	 2.90190e+001	 9.41011e+001
1264	 1.2830000000e+003	 2.85184e+001	 9.25702e+001
1265	 1.2840000000e+003	 2.79742e+001	 9.10950e+001
1266	 1.2850000000e+003	 2.74643e+001	 8.96497e+001
1267	 1.2860000000e+003	 2.69296e+001	 8.82026e+001
1268	 1.2870000000e+003	 2.63722e+001	 8.67606e+001
1269	 1.2880000000e+003	 2.58032e+001	 8.53719e+001
1270	 1.2890000000e+003	 2.51812e+001	 8.40516e+001
1271	 1.2900000000e+003	 2.45147e+001	 8.26954e+001
1272	 1.2910000000e+003	 2.38438e+001	 8.13446e+001
1273	 1.2920000000e+003	 2.31679e+001	 8.00211e+001
1274	 1.2930000000e+003	 2.24992e+001	 7.86988e+001
1275	 1.2940000000e+003	 2.17522e+001	 7.74026e+001
1276	 1.2950000000e+003	 2.09658e+001	 7.61282e+001
1277	 1.2960000000e+003	 2.02155e+001	 7.48985e+001
1278	 1.2970000000e+003	 1.94150e+001	 7.36586e+001
1279	 1.2980000000e+003	 1.85769e+001	 7.23879e+001
1280	 1.2990000000e+003	 1.77245e+001	 7.12322e+001
1281	 1.3000000000e+003	 1.68215e+001	 7.00774e+001
1282	 1.3010000000e+003	 1.58733e+001	 6.88434e+001
1283	 1.3020000000e+003	 1.49601e+001	 6.76763e+001
1284	 1.3030000000e+003	 1.40032e+001	 6.65960e+001
1285	 1.3040000000e+003	 1.29979e+001	 6.55059e+001
1286	 1.3050000000e+003	 1.19595e+001	 6.43901e+001
1287	 1.3060000000e+003	 1.08845e+001	 6.33155e+001
1288	 1.3070000000e+003	 9.80536e+000	 6.22602e+001
1289	 1.3080000000e+003	 8.66631e+000	 6.12384e+001
1290	 1.3090000000e+003	 7.48247e+000	 6.02416e+001
1291	 1.3100000000e+003	 6.27956e+000	 5.92849e+001
1292	 1.3110000000e+003	 5.04551e+000	 5.83418e+001
1293	 1.3120000000e+003	 3.76300e+000	 5.74147e+001
1294	 1.3130000000e+003	 2.48097e+000	 5.65420e+001
1295	 1.3140000000e+003	 1.13073e+000	 5.56929e+001
1296	 1.3150000000e+003	-2.46656e-001	 5.48420e+001
1297	 1.3160000000e+003	-1.66857e+000	 5.40098e+001
1298	 1.3170000000e+003	-3.08390e+000	 5.32649e+001
1299	 1.3180000000e+003	-4.54222e+000	 5.25416e+001
1300	 1.3190000000e+003	-6.06085e+000	 5.18220e+001
1301	 1.3200000000e+003	-7.63356e+000	 5.11461e+001
1302	 1.3210000000e+003	-9.26528e+000	 5.05438e+001
1303	 1.3220000000e+003	-1.09099e+001	 4.99593e+001
1304	 1.3230000000e+003	-1.26307e+001	 4.94484e+001
1305	 1.3240000000e+003	-1.43596e+001	 4.89619e+001
1306	 1.3250000000e+003	-1.61593e+001	 4.85079e+001
1307	 1.3260000000e+003	-1.80004e+001	 4.81045e+001
1308	 1.3270000000e+003	-1.98315e+001	 4.77446e+001
1309	 1.3280000000e+003	-2.17746e+001	 4.74979e+001
1310	 1.3290000000e+003	-2.37801e+001	 4.73079e+001
1311	 1.3300000000e+003	-2.57946e+001	 4.71564e+001
1312	 1.3310000000e+003	-2.78968e+001	 4.71220e+001
1313	 1.3320000000e+003	-3.00387e+001	 4.70976e+001
1314	 1.3330000000e+003	-3.22375e+001	 4.72116e+001
1315	 1.3340000000e+003	-3.44899e+001	 4.74114e+001
1316	 1.3350000000e+003	-3.67545e+001	 4.76804e+001
1317	 1.3360000000e+003	-3.90755e+001	 4.81221e+001
1318	 1.3370000000e+003	-4.14996e+001	 4.86942e+001
1319	 1.3380000000e+003	-4.39490e+001	 4.93690e+001
1320	 1.3390000000e+003	-4.64647e+001	 5.02169e+001
1321	 1.3400000000e+003	-4.90294e+001	 5.11967e+001
1322	 1.3410000000e+003	-5.15662e+001	 5.23591e+001
1323	 1.3420000000e+003	-5.41425e+001	 5.36890e+001
1324	 1.3430000000e+003	-5.67581e+001	 5.52606e+001
1325	 1.3440000000e+003	-5.92992e+001	 5.70087e+001
1326	 1.3450000000e+003	-6.18615e+001	 5.90256e+001
1327	 1.3460000000e+003	-6.43529e+001	 6.12767e+001
1328	 1.3470000000e+003	-6.67559e+001	 6.38040e+001
1329	 1.3480000000e+003	-6.90291e+001	 6.65582e+001
1330	 1.3490000000e+003	-7.11413e+001	 6.96268e+001
1331	 1.3500000000e+003	-7.31209e+001	 7.28141e+001
1332	 1.3510000000e+003	-7.48852e+001	 7.64325e+001
1333	 1.3520000000e+003	-7.63750e+001	 8.02463e+001
1334	 1.3530000000e+003	-7.75530e+001	 8.42326e+001
1335	 1.3540000000e+003	-7.83882e+001	 8.83943e+001
1336	 1.3550000000e+003	-7.88239e+001	 9.27441e+001
1337	 1.3560000000e+003	-7.88739e+001	 9.72201e+001
1338	 1.3570000000e+003	-7.85154e+001	 1.01729e+002
1339	 1.3580000000e+003	-7.77333e+001	 1.06181e+002
1340	 1.3590000000e+003	-7.64690e+001	 1.10604e+002
1341	 1.3600000000e+003	-7.47470e+001	 1.14969e+002
1342	 1.3610000000e+003	-7.26358e+001	 1.19073e+002
1343	 1.3620000000e+003	-7.01405e+001	 1.22924e+002
1344	 1.3630000000e+003	-6.72984e+001	 1.26480e+002
1345	 1.3640000000e+003	-6.41567e+001	 1.29752e+002
1346	 1.3650000000e+003	-6.07284e+001	 1.32666e+002
1347	 1.3660000000e+003	-5.71621e+001	 1.35178e+002
1348	 1.3670000000e+003	-5.34025e+001	 1.37330e+002
1349	 1.3680000000e+003	-4.95808e+001	 1.39088e+002
1350	 1.3690000000e+003	-4.57451e+001	 1.40442e+002
1351	 1.3700000000e+003	-4.19046e+001	 1.41398e+002
1352	 1.3710000000e+003	-3.80797e+001	 1.42055e+002
1353	 1.3720000000e+003	-3.43775e+001	 1.42376e+002
1354	 1.3730000000e+003	-3.08032e+001	 1.42391e+002
1355	 1.3740000000e+003	-2.73751e+001	 1.42191e+002
1356	 1.3750000000e+003	-2.40798e+001	 1.41700e+002
1357	 1.3760000000e+003	-2.09186e+001	 1.41028e+002
1358	 1.3770000000e+003	-1.79632e+001	 1.40170e+002
1359	 1.3780000000e+003	-1.51649e+001	 1.39201e+002
1360	 1.3790000000e+003	-1.25334e+001	 1.38115e+002
1361	 1.3800000000e+003	-1.01122e+001	 1.36908e+002
1362	 1.3810000000e+003	-7.84675e+000	 1.35604e+002
1363	 1.3820000000e+003	-5.73751e+000	 1.34236e+002
1364	 1.3830000000e+003	-3.78761e+000	 1.32816e+002
1365	 1.3840000000e+003	-1.96572e+000	 1.31388e+002
1366	 1.3850000000e+003	-2.66481e-001	 1.29907e+002
1367	 1.3860000000e+003	 1.27667e+000	 1.28448e+002
1368	 1.3870000000e+003	 2.68733e+000	 1.26978e+002
1369	 1.3880000000e+003	 4.00212e+000	 1.25486e+002
1370	 1.3890000000e+003	 5.22633e+000	 1.24012e+002
1371	 1.3900000000e+003	 6.33194e+000	 1.22562e+002
1372	 1.3910000000e+003	 7.38916e+000	 1.21072e+002
1373	 1.3920000000e+003	 8.31416e+000	 1.19650e+002
1374	 1.3930000000e+003	 9.16549e+000	 1.18228e+002
1375	 1.3940000000e+003	 9.96880e+000	 1.16800e+002
1376	 1.3950000000e+003	 1.07187e+001	 1.15440e+002
1377	 1.3960000000e+003	 1.13951e+001	 1.14088e+002
1378	 1.3970000000e+003	 1.19970e+001	 1.12734e+002
1379	 1.3980000000e+003	 1.25550e+001	 1.11418e+002
1380	 1.3990000000e+003	 1.30843e+001	 1.10099e+002
1381	 1.4000000000e+003	 1.35488e+001	 1.08800e+002
1382	 1.4010000000e+003	 1.39525e+001	 1.07530e+002
1383	 1.4020000000e+003	 1.43430e+001	 1.06275e+002
1384	 1.4030000000e+003	 1.46926e+001	 1.05042e+002
1385	 1.4040000000e+003	 1.49926e+001	 1.03854e+002
1386	 1.4050000000e+003	 1.52704e+001	 1.02649e+002
1387	 1.4060000000e+003	 1.54910e+001	 1.01446e+002
1388	 1.4070000000e+003	 1.56846e+001	 1.00284e+002
1389	 1.4080000000e+003	 1.58616e+001	 9.91112e+001
1390	 1.4090000000e+003	 1.60069e+001	 9.79727e+001
1391	 1.4100000000e+003	 1.61198e+001	 9.68909e+001
1392	 1.4110000000e+003	 1.61880e+001	 9.58063e+001
1393	 1.4120000000e+003	 1.62341e+001	 9.47169e+001
1394	 1.4130000000e+003	 1.62753e+001	 9.36335e+001
1395	 1.4140000000e+003	 1.62897e+001	 9.25960e+001
1396	 1.4150000000e+003	 1.62844e+001	 9.15680e+001
1397	 1.4160000000e+003	 1.62370e+001	 9.05369e+001
1398	 1.4170000000e+003	 1.61570e+001	 8.95372e+001
1399	 1.4180000000e+003	 1.60629e+001	 8.85600e+001
1400	 1.4190000000e+003	 1.59692e+001	 8.75919e+001
1401	 1.4200000000e+003	 1.58464e+001	 8.66054e+001
1402	 1.4210000000e+003	 1.56923e+001	 8.56468e+001
1403	 1.4220000000e+003	 1.55103e+001	 8.47099e+001
1404	 1.4230000000e+003	 1.53135e+001	 8.37981e+001
1405	 1.4240000000e+003	 1.51238e+001	 8.28791e+001
1406	 1.4250000000e+003	 1.49176e+001	 8.19886e+001
1407	 1.4260000000e+003	 1.46792e+001	 8.11123e+001
1408	 1.4270000000e+003	 1.44067e+001	 8.02526e+001
1409	 1.4280000000e+003	 1.41328e+001	 7.94024e+001
1410	 1.4290000000e+003	 1.38398e+001	 7.85641e+001
1411	 1.4300000000e+003	 1.35423e+001	 7.77193e+001
1412	 1.4310000000e+003	 1.32188e+001	 7.69163e+001
1413	 1.4320000000e+003	 1.28638e+001	 7.61119e+001
1414	 1.4330000000e+003	 1.24995e+001	 7.53147e+001
1415	 1.4340000000e+003	 1.21326e+001	 7.45490e+001
1416	 1.4350000000e+003	 1.17456e+001	 7.37928e+001
1417	 1.4360000000e+003	 1.13532e+001	 7.30448e+001
1418	 1.4370000000e+003	 1.09548e+001	 7.23002e+001
1419	 1.4380000000e+003	 1.05349e+001	 7.15635e+001
1420	 1.4390000000e+003	 1.00939e+001	 7.08655e+001
1421	 1.4400000000e+003	 9.65541e+000	 7.01674e+001
1422	 1.4410000000e+003	 9.17724e+000	 6.94629e+001
1423	 1.4420000000e+003	 8.69597e+000	 6.87801e+001
1424	 1.4430000000e+003	 8.20786e+000	 6.81027e+001
1425	 1.4440000000e+003	 7.72607e+000	 6.74499e+001
1426	 1.4450000000e+003	 7.20185e+000	 6.67963e+001
1427	 1.4460000000e+003	 6.65445e+000	 6.61555e+001
1428	 1.4470000000e+003	 6.09878e+000	 6.55093e+001
1429	 1.4480000000e+003	 5.53188e+000	 6.48705e+001
1430	 1.4490000000e+003	 4.94129e+000	 6.42435e+001
1431	 1.4500000000e+003	 4.30793e+000	 6.35900e+001
1432	 1.4510000000e+003	 3.70767e+000	 6.30249e+001
1433	 1.4520000000e+003	 3.09233e+000	 6.24600e+001
1434	 1.4530000000e+003	 2.41527e+000	 6.18928e+001
1435	 1.4540000000e+003	 1.71251e+000	 6.13385e+001
1436	 1.4550000000e+003	 1.00907e+000	 6.07999e+001
1437	 1.4560000000e+003	 2.81650e-001	 6.02774e+001
1438	 1.4570000000e+003	-4.66955e-001	 5.97499e+001
1439	 1.4580000000e+003	-1.26432e+000	 5.92627e+001
1440	 1.4590000000e+003	-2.07017e+000	 5.87988e+001
1441	 1.4600000000e+003	-2.89054e+000	 5.83291e+001
1442	 1.4610000000e+003	-3.74312e+000	 5.78720e+001
1443	 1.4620000000e+003	-4.60671e+000	 5.74685e+001
1444	 1.4630000000e+003	-5.50611e+000	 5.71000e+001
1445	 1.4640000000e+003	-6.42376e+000	 5.67424e+001
1446	 1.4650000000e+003	-7.37677e+000	 5.64201e+001
1447	 1.4660000000e+003	-8.37660e+000	 5.61277e+001
1448	 1.4670000000e+003	-9.36250e+000	 5.58908e+001
1449	 1.4680000000e+003	-1.03811e+001	 5.56706e+001
1450	 1.4690000000e+003	-1.14182e+001	 5.54703e+001
1451	 1.4700000000e+003	-1.24467e+001	 5.53239e+001
1452	 1.4710000000e+003	-1.35216e+001	 5.52206e+001
1453	 1.4720000000e+003	-1.46470e+001	 5.51427e+001
1454	 1.4730000000e+003	-1.57491e+001	 5.51275e+001
1455	 1.4740000000e+003	-1.68581e+001	 5.51764e+001
1456	 1.4750000000e+003	-1.79933e+001	 5.52809e+001
1457	 1.4760000000e+003	-1.91185e+001	 5.54080e+001
1458	 1.4770000000e+003	-2.02299e+001	 5.55766e+001
1459	 1.4780000000e+003	-2.13945e+001	 5.58267e+001
1460	 1.4790000000e+003	-2.25667e+001	 5.60951e+001
1461	 1.4800000000e+003	-2.37046e+001	 5.64298e+001
1462	 1.4810000000e+003	-2.48732e+001	 5.68367e+001
1463	 1.4820000000e+003	-2.59693e+001	 5.72768e+001
1464	 1.4830000000e+003	-2.69991e+001	 5.77909e+001
1465	 1.4840000000e+003	-2.81797e+001	 5.83776e+001
1466	 1.4850000000e+003	-2.92993e+001	 5.89601e+001
1467	 1.4860000000e+003	-3.03698e+001	 5.96210e+001
1468	 1.4870000000e+003	-3.15219e+001	 6.03240e+001
1469	 1.4880000000e+003	-3.24986e+001	 6.10354e+001
1470	 1.4890000000e+003	-3.35234e+001	 6.19049e+001
1471	 1.4900000000e+003	-3.46264e+001	 6.28493e+001
1472	 1.4910000000e+003	-3.54654e+001	 6.37193e+001
1473	 1.4920000000e+003	-3.65425e+001	 6.48780e+001
1474	 1.4930000000e+003	-3.74795e+001	 6.58542e+001
1475	 1.4940000000e+003	-3.83246e+001	 6.69859e+001
1476	 1.4950000000e+003	-3.93528e+001	 6.83260e+001
1477	 1.4960000000e+003	-3.99957e+001	 6.93751e+001
1478	 1.4970000000e+003	-4.09304e+001	 7.09885e+001
1479	 1.4980000000e+003	-4.15898e+001	 7.22149e+001
1480	 1.4990000000e+003	-4.22422e+001	 7.38596e+001
1481	 1.5000000000e+003	-4.28741e+001	 7.54552e+001
1482	 1.5010000000e+003	-4.32696e+001	 7.69473e+001
1483	 1.5020000000e+003	-4.37191e+001	 7.89748e+001
1484	 1.5030000000e+003	-4.39285e+001	 8.02967e+001
1485	 1.5040000000e+003	-4.42199e+001	 8.26625e+001
1486	 1.5050000000e+003	-4.42550e+001	 8.38784e+001
1487	 1.5060000000e+003	-4.41120e+001	 8.64893e+001
1488	 1.5070000000e+003	-4.40028e+001	 8.76984e+001
1489	 1.5080000000e+003	-4.35135e+001	 9.02737e+001
1490	 1.5090000000e+003	-4.31869e+001	 9.15424e+001
1491	 1.5100000000e+003	-4.23232e+001	 9.41018e+001
1492	 1.5110000000e+003	-4.17900e+001	 9.52778e+001
1493	 1.5120000000e+003	-4.04970e+001	 9.77624e+001
1494	 1.5130000000e+003	-3.98705e+001	 9.87727e+001
1495	 1.5140000000e+003	-3.81117e+001	 1.01178e+002
1496	 1.5150000000e+003	-3.74165e+001	 1.01999e+002
1497	 1.5160000000e+003	-3.52106e+001	 1.04176e+002
1498	 1.5170000000e+003	-3.44826e+001	 1.04806e+002
1499	 1.5180000000e+003	-3.20115e+001	 1.06655e+002
1500	 1.5190000000e+003	-3.11383e+001	 1.07217e+002
1501	 1.5200000000e+003	-2.87725e+001	 1.08479e+002
1502	 1.5210000000e+003	-2.73886e+001	 1.09109e+002
1503	 1.5220000000e+003	-2.57227e+001	 1.09769e+002
1504	 1.5230000000e+003	-2.34449e+001	 1.10439e+002
1505	 1.5240000000e+003	-2.25379e+001	 1.10658e+002
1506	 1.5250000000e+003	-1.95887e+001	 1.11149e+002
1507	 1.5260000000e+003	-1.88156e+001	 1.11204e+002
1508	 1.5270000000e+003	-1.63195e+001	 1.11278e+002
1509	 1.5280000000e+003	-1.47860e+001	 1.11244e+002
1510	 1.5290000000e+003	-1.37323e+001	 1.11224e+002
1511	 1.5300000000e+003	-1.09906e+001	 1.10823e+002
1512	 1.5310000000e+003	-1.03583e+001	 1.10659e+002
1513	 1.5320000000e+003	-8.39230e+000	 1.10179e+002
1514	 1.5330000000e+003	-6.75951e+000	 1.09654e+002
1515	 1.5340000000e+003	-6.12769e+000	 1.09421e+002
1516	 1.5350000000e+003	-3.74015e+000	 1.08422e+002
1517	 1.5360000000e+003	-2.87139e+000	 1.08010e+002
1518	 1.5370000000e+003	-2.19494e+000	 1.07709e+002
1519	 1.5380000000e+003	-4.24815e-002	 1.06391e+002
1520	 1.5390000000e+003	 5.64467e-001	 1.05973e+002
1521	 1.5400000000e+003	 1.25111e+000	 1.05507e+002
1522	 1.5410000000e+003	 3.16368e+000	 1.03994e+002
1523	 1.5420000000e+003	 3.67984e+000	 1.03549e+002
1524	 1.5430000000e+003	 4.18977e+000	 1.03109e+002
1525	 1.5440000000e+003	 5.78463e+000	 1.01508e+002
1526	 1.5450000000e+003	 6.30547e+000	 1.00883e+002
1527	 1.5460000000e+003	 6.71455e+000	 1.00420e+002
1528	 1.5470000000e+003	 7.86337e+000	 9.89686e+001
1529	 1.5480000000e+003	 8.55658e+000	 9.79729e+001
1530	 1.5490000000e+003	 8.89475e+000	 9.74753e+001
1531	 1.5500000000e+003	 9.24757e+000	 9.68133e+001
1532	 1.5510000000e+003	 1.03428e+001	 9.50118e+001
1533	 1.5520000000e+003	 1.06264e+001	 9.44261e+001
1534	 1.5530000000e+003	 1.08866e+001	 9.38649e+001
1535	 1.5540000000e+003	 1.12938e+001	 9.29011e+001
1536	 1.5550000000e+003	 1.19303e+001	 9.12819e+001
1537	 1.5560000000e+003	 1.21224e+001	 9.07249e+001
1538	 1.5570000000e+003	 1.23149e+001	 9.01420e+001
1539	 1.5580000000e+003	 1.25519e+001	 8.94049e+001
1540	 1.5590000000e+003	 1.29800e+001	 8.76076e+001
1541	 1.5600000000e+003	 1.30801e+001	 8.70008e+001
1542	 1.5610000000e+003	 1.31949e+001	 8.63671e+001
1543	 1.5620000000e+003	 1.33114e+001	 8.57552e+001
1544	 1.5630000000e+003	 1.34620e+001	 8.44663e+001
1545	 1.5640000000e+003	 1.35532e+001	 8.33533e+001
1546	 1.5650000000e+003	 1.35788e+001	 8.27672e+001
1547	 1.5660000000e+003	 1.35976e+001	 8.21068e+001
1548	 1.5670000000e+003	 1.36056e+001	 8.14843e+001
1549	 1.5680000000e+003	 1.36203e+001	 8.07208e+001
1550	 1.5690000000e+003	 1.35136e+001	 7.91848e+001
1551	 1.5700000000e+003	 1.34630e+001	 7.86475e+001
1552	 1.5710000000e+003	 1.33953e+001	 7.80479e+001
1553	 1.5720000000e+003	 1.33199e+001	 7.74161e+001
1554	 1.5730000000e+003	 1.32392e+001	 7.67915e+001
1555	 1.5740000000e+003	 1.31194e+001	 7.62417e+001
1556	 1.5750000000e+003	 1.28469e+001	 7.47916e+001
1557	 1.5760000000e+003	 1.26903e+001	 7.41534e+001
1558	 1.5770000000e+003	 1.25342e+001	 7.36090e+001
1559	 1.5780000000e+003	 1.23596e+001	 7.30201e+001
1560	 1.5790000000e+003	 1.21739e+001	 7.23976e+001
1561	 1.5800000000e+003	 1.19757e+001	 7.18007e+001
1562	 1.5810000000e+003	 1.17404e+001	 7.12016e+001
1563	 1.5820000000e+003	 1.15357e+001	 7.06709e+001
1564	 1.5830000000e+003	 1.13892e+001	 7.01527e+001
1565	 1.5840000000e+003	 1.08232e+001	 6.87951e+001
1566	 1.5850000000e+003	 1.05604e+001	 6.83237e+001
1567	 1.5860000000e+003	 1.03040e+001	 6.78345e+001
1568	 1.5870000000e+003	 1.00153e+001	 6.72977e+001
1569	 1.5880000000e+003	 9.70554e+000	 6.67467e+001
1570	 1.5890000000e+003	 9.38471e+000	 6.62057e+001
1571	 1.5900000000e+003	 9.06537e+000	 6.56468e+001
1572	 1.5910000000e+003	 8.73921e+000	 6.51126e+001
1573	 1.5920000000e+003	 8.36502e+000	 6.45897e+001
1574	 1.5930000000e+003	 7.98027e+000	 6.40408e+001
1575	 1.5940000000e+003	 7.60377e+000	 6.35046e+001
1576	 1.5950000000e+003	 7.23222e+000	 6.30156e+001
1577	 1.5960000000e+003	 6.81507e+000	 6.25188e+001
1578	 1.5970000000e+003	 6.38472e+000	 6.20168e+001
1579	 1.5980000000e+003	 5.96741e+000	 6.15248e+001
1580	 1.5990000000e+003	 5.53535e+000	 6.10219e+001
1581	 1.6000000000e+003	 5.08255e+000	 6.04995e+001
1582	 1.6010000000e+003	 4.58381e+000	 6.00323e+001
1583	 1.6020000000e+003	 4.07760e+000	 5.95789e+001
1584	 1.6030000000e+003	 3.53287e+000	 5.91481e+001
1585	 1.6040000000e+003	 3.01212e+000	 5.87604e+001
1586	 1.6050000000e+003	 2.54174e+000	 5.83309e+001
1587	 1.6060000000e+003	 1.96083e+000	 5.77831e+001
1588	 1.6070000000e+003	 1.27795e+000	 5.73694e+001
1589	 1.6080000000e+003	 6.24297e-001	 5.69819e+001
1590	 1.6090000000e+003	 5.54031e-002	 5.66637e+001
1591	 1.6100000000e+003	-4.27870e-001	 5.62287e+001
1592	 1.6110000000e+003	-1.06695e+000	 5.57344e+001
1593	 1.6120000000e+003	-1.90714e+000	 5.55454e+001
1594	 1.6130000000e+003	-2.63046e+000	 5.51029e+001
1595	 1.6140000000e+003	-3.35225e+000	 5.47201e+001
1596	 1.6150000000e+003	-3.74355e+000	 5.42085e+001
1597	 1.6160000000e+003	-4.49455e+000	 5.37515e+001
1598	 1.6170000000e+003	-5.88736e+000	 5.36441e+001
1599	 1.6180000000e+003	-6.29098e+000	 5.41126e+001
1600	 1.6190000000e+003	-6.82695e+000	 5.36894e+001
1601	 1.6200000000e+003	-7.95136e+000	 5.22528e+001
TagsBegin:	 	 	 
OverLoad:	 	False	 
AverageNumber: []	 	 8.80000e+001	 
OverLoadRatio: []	 	 1.19209e-007	 
TagsEnd:	 	 	 
TagScalesBegin:	 	 	 
TagScalesEnd:	 	 	 
