Header Size:	 79	 	 
Pulse Version:	 80	 	 
Running Pulse Version:	PULSE LabShop Fast Track Version 18.1.1.9 - 2014-01-16	 	 
Decimal Symbol:	.	 	 
Date Format:	M/d/yyyy	 	 
Time Format:	HH:mm:ss:mmm	 	 
Data Type:	Complex	 	 
Slice:	False	 	 
Z-Axis type:	Linear	 	 
Z-Axis size:	1	 	 
Z-Axis unit:	 	 	 
Z-Axis first value:	 0.0000000000e+000	 	 
Z-Axis delta:	 1.0000000000e+000	 	 
X-Axis type:	Linear	 	 
X-Axis size:	1601	 	 
X-Axis unit:	Hz	 	 
X-Axis first value:	 2.0000000000e+001	 	 
X-Axis delta:	 1.0000000000e+000	 	 
	 	 	 
AmplitudeUnit:	Pa/(m/s)	 	 
Analyzer:	FFT_Spectrum_Averaging	 	 
AnalyzerName:	FFT Analyzer	 	 
	 	 	 
	 	 	 
Bipolar:	True	 	 
CenterFrequency:	 8.2000000000e+002	 	 
	 	 	 
	 	 	 
	 	 	 
	 	 	 
	 	 	 
	 	 	 
	 	 	 
	 	 	 
Domain:	1	 	 
Function:	Frequency Response	 	 
	 	 	 
InputRange:	-1.0000000000e-001	 	 
	 	 	 
	 	 	 
MultiBufferName:	Input	 	 
NBW:	 1.5000000000e+000	 	 
	 	 	 
OverlapFailed:	False	 	 
Overrun:	False	 	 
Power:	False	 	 
	 	 	 
Ratio:	True	 	 
RecordLength:	 1.0000000000e+000	 	 
ReducedSize:	True	 	 
Ref_Signal:	v	 	 
	 	 	 
	 	 	 
RefSignalUnit:	m/s	 	 
	 	 	 
	 	 	 
Signal:	p	 	 
	 	 	 
SignalUnit:	Pa	 	 
	 	 	 
	 	 	 
	 	 	 
Title:	Input Impedance	 	 
Title1:	Working : Input : Input : FFT Analyzer	 	 
	 	 	 
	 	 	 
	 	 	 
ZoomOn:	True	 	 
	 	 	 
TemplateName:	Working	 	 
MeasurementName:	Input	 	 
MeasurementSlice:	False	 	 
	 	 	 
	 	 	 
	 	 	 
EnvelopeOn:	False	 	 
	 	 	 
	 	 	 
	 	 	 
Z-index:	 	1	 
Date:	 	5/23/2022	 
Time:	 	18:23:07:625	 
Relative time:	 	 0.00000e+000	 
Z-axis:	 	 0.0000000000e+000	 
1	 2.0000000000e+001	 1.71498e+000	 5.93498e+001
2	 2.1000000000e+001	 1.63120e+000	 6.21549e+001
3	 2.2000000000e+001	 2.15454e+000	 6.46447e+001
4	 2.3000000000e+001	 2.08896e+000	 6.83135e+001
5	 2.4000000000e+001	 2.86680e+000	 7.17050e+001
6	 2.5000000000e+001	 2.74438e+000	 7.55344e+001
7	 2.6000000000e+001	 3.56107e+000	 7.91826e+001
8	 2.7000000000e+001	 3.60708e+000	 8.30958e+001
9	 2.8000000000e+001	 4.47765e+000	 8.69432e+001
10	 2.9000000000e+001	 4.22558e+000	 9.09859e+001
11	 3.0000000000e+001	 5.33501e+000	 9.53539e+001
12	 3.1000000000e+001	 5.20373e+000	 9.95562e+001
13	 3.2000000000e+001	 6.27013e+000	 1.04286e+002
14	 3.3000000000e+001	 6.66161e+000	 1.08959e+002
15	 3.4000000000e+001	 7.06835e+000	 1.13759e+002
16	 3.5000000000e+001	 8.35444e+000	 1.19110e+002
17	 3.6000000000e+001	 8.56920e+000	 1.24185e+002
18	 3.7000000000e+001	 9.56884e+000	 1.29871e+002
19	 3.8000000000e+001	 1.08284e+001	 1.35849e+002
20	 3.9000000000e+001	 1.13048e+001	 1.41723e+002
21	 4.0000000000e+001	 1.27175e+001	 1.48230e+002
22	 4.1000000000e+001	 1.42427e+001	 1.55092e+002
23	 4.2000000000e+001	 1.48854e+001	 1.61959e+002
24	 4.3000000000e+001	 1.65786e+001	 1.69582e+002
25	 4.4000000000e+001	 1.85195e+001	 1.78043e+002
26	 4.5000000000e+001	 1.99614e+001	 1.86206e+002
27	 4.6000000000e+001	 2.19387e+001	 1.95290e+002
28	 4.7000000000e+001	 2.45198e+001	 2.05431e+002
29	 4.8000000000e+001	 2.74278e+001	 2.16085e+002
30	 4.9000000000e+001	 2.96621e+001	 2.26802e+002
31	 5.0000000000e+001	 3.33891e+001	 2.39323e+002
32	 5.1000000000e+001	 3.75301e+001	 2.52865e+002
33	 5.2000000000e+001	 4.21330e+001	 2.67546e+002
34	 5.3000000000e+001	 4.67630e+001	 2.82570e+002
35	 5.4000000000e+001	 5.33123e+001	 3.00687e+002
36	 5.5000000000e+001	 6.09975e+001	 3.20035e+002
37	 5.6000000000e+001	 6.98137e+001	 3.41818e+002
38	 5.7000000000e+001	 8.01025e+001	 3.64601e+002
39	 5.8000000000e+001	 9.24609e+001	 3.92399e+002
40	 5.9000000000e+001	 1.09811e+002	 4.22370e+002
41	 6.0000000000e+001	 1.30218e+002	 4.57983e+002
42	 6.1000000000e+001	 1.55757e+002	 4.96188e+002
43	 6.2000000000e+001	 1.87654e+002	 5.40507e+002
44	 6.3000000000e+001	 2.32854e+002	 5.94146e+002
45	 6.4000000000e+001	 2.95380e+002	 6.51620e+002
46	 6.5000000000e+001	 3.78315e+002	 7.17349e+002
47	 6.6000000000e+001	 4.93930e+002	 7.81509e+002
48	 6.7000000000e+001	 6.59777e+002	 8.41039e+002
49	 6.8000000000e+001	 8.98342e+002	 8.61295e+002
50	 6.9000000000e+001	 1.20539e+003	 7.74258e+002
51	 7.0000000000e+001	 1.51463e+003	 5.20871e+002
52	 7.1000000000e+001	 1.68180e+003	 6.53828e+001
53	 7.2000000000e+001	 1.57659e+003	-4.20028e+002
54	 7.3000000000e+001	 1.28264e+003	-7.28032e+002
55	 7.4000000000e+001	 9.58344e+002	-8.40352e+002
56	 7.5000000000e+001	 7.11370e+002	-8.36628e+002
57	 7.6000000000e+001	 5.34583e+002	-7.89507e+002
58	 7.7000000000e+001	 4.08678e+002	-7.24117e+002
59	 7.8000000000e+001	 3.19160e+002	-6.63473e+002
60	 7.9000000000e+001	 2.55806e+002	-6.05203e+002
61	 8.0000000000e+001	 2.06667e+002	-5.52783e+002
62	 8.1000000000e+001	 1.71282e+002	-5.07459e+002
63	 8.2000000000e+001	 1.43615e+002	-4.68981e+002
64	 8.3000000000e+001	 1.22143e+002	-4.33681e+002
65	 8.4000000000e+001	 1.04688e+002	-4.03347e+002
66	 8.5000000000e+001	 9.10528e+001	-3.76624e+002
67	 8.6000000000e+001	 7.94477e+001	-3.51917e+002
68	 8.7000000000e+001	 6.99553e+001	-3.30344e+002
69	 8.8000000000e+001	 6.20060e+001	-3.10907e+002
70	 8.9000000000e+001	 5.55307e+001	-2.93474e+002
71	 9.0000000000e+001	 4.96127e+001	-2.77344e+002
72	 9.1000000000e+001	 4.47392e+001	-2.62855e+002
73	 9.2000000000e+001	 4.06789e+001	-2.49394e+002
74	 9.3000000000e+001	 3.68763e+001	-2.36950e+002
75	 9.4000000000e+001	 3.36617e+001	-2.25474e+002
76	 9.5000000000e+001	 3.08185e+001	-2.14944e+002
77	 9.6000000000e+001	 2.84264e+001	-2.05081e+002
78	 9.7000000000e+001	 2.60668e+001	-1.95837e+002
79	 9.8000000000e+001	 2.40779e+001	-1.87296e+002
80	 9.9000000000e+001	 2.24259e+001	-1.79135e+002
81	 1.0000000000e+002	 2.07367e+001	-1.71511e+002
82	 1.0100000000e+002	 1.93341e+001	-1.64249e+002
83	 1.0200000000e+002	 1.79586e+001	-1.57488e+002
84	 1.0300000000e+002	 1.68739e+001	-1.50991e+002
85	 1.0400000000e+002	 1.58048e+001	-1.44862e+002
86	 1.0500000000e+002	 1.47108e+001	-1.39026e+002
87	 1.0600000000e+002	 1.39030e+001	-1.33447e+002
88	 1.0700000000e+002	 1.30960e+001	-1.28065e+002
89	 1.0800000000e+002	 1.23357e+001	-1.22983e+002
90	 1.0900000000e+002	 1.16084e+001	-1.17999e+002
91	 1.1000000000e+002	 1.09781e+001	-1.13324e+002
92	 1.1100000000e+002	 1.03966e+001	-1.08754e+002
93	 1.1200000000e+002	 9.88954e+000	-1.04350e+002
94	 1.1300000000e+002	 9.30100e+000	-1.00148e+002
95	 1.1400000000e+002	 8.82717e+000	-9.60500e+001
96	 1.1500000000e+002	 8.42529e+000	-9.20331e+001
97	 1.1600000000e+002	 8.00357e+000	-8.81882e+001
98	 1.1700000000e+002	 7.61605e+000	-8.44035e+001
99	 1.1800000000e+002	 7.21807e+000	-8.07304e+001
100	 1.1900000000e+002	 6.91708e+000	-7.71454e+001
101	 1.2000000000e+002	 6.62779e+000	-7.36423e+001
102	 1.2100000000e+002	 6.34376e+000	-7.01823e+001
103	 1.2200000000e+002	 6.07218e+000	-6.68748e+001
104	 1.2300000000e+002	 5.85308e+000	-6.35928e+001
105	 1.2400000000e+002	 5.65169e+000	-6.03449e+001
106	 1.2500000000e+002	 5.50073e+000	-5.72136e+001
107	 1.2600000000e+002	 5.32033e+000	-5.41008e+001
108	 1.2700000000e+002	 5.14669e+000	-5.10827e+001
109	 1.2800000000e+002	 4.99732e+000	-4.80779e+001
110	 1.2900000000e+002	 4.90194e+000	-4.51408e+001
111	 1.3000000000e+002	 4.76850e+000	-4.22079e+001
112	 1.3100000000e+002	 4.64957e+000	-3.93339e+001
113	 1.3200000000e+002	 4.54750e+000	-3.65238e+001
114	 1.3300000000e+002	 4.43907e+000	-3.36866e+001
115	 1.3400000000e+002	 4.36048e+000	-3.08883e+001
116	 1.3500000000e+002	 4.31533e+000	-2.81026e+001
117	 1.3600000000e+002	 4.22361e+000	-2.53511e+001
118	 1.3700000000e+002	 4.15713e+000	-2.26050e+001
119	 1.3800000000e+002	 4.08761e+000	-1.98830e+001
120	 1.3900000000e+002	 4.06906e+000	-1.71399e+001
121	 1.4000000000e+002	 4.03725e+000	-1.44152e+001
122	 1.4100000000e+002	 3.98070e+000	-1.16886e+001
123	 1.4200000000e+002	 3.96881e+000	-8.98515e+000
124	 1.4300000000e+002	 3.94730e+000	-6.25631e+000
125	 1.4400000000e+002	 3.92024e+000	-3.51996e+000
126	 1.4500000000e+002	 3.95600e+000	-7.68172e-001
127	 1.4600000000e+002	 3.97664e+000	 2.00174e+000
128	 1.4700000000e+002	 4.02399e+000	 4.77293e+000
129	 1.4800000000e+002	 4.07585e+000	 7.58437e+000
130	 1.4900000000e+002	 4.20741e+000	 1.04067e+001
131	 1.5000000000e+002	 4.35993e+000	 1.32724e+001
132	 1.5100000000e+002	 4.49008e+000	 1.61364e+001
133	 1.5200000000e+002	 4.58208e+000	 1.90326e+001
134	 1.5300000000e+002	 4.68498e+000	 2.19853e+001
135	 1.5400000000e+002	 4.78470e+000	 2.49699e+001
136	 1.5500000000e+002	 4.81293e+000	 2.79826e+001
137	 1.5600000000e+002	 4.84170e+000	 3.10712e+001
138	 1.5700000000e+002	 4.86156e+000	 3.42224e+001
139	 1.5800000000e+002	 4.85610e+000	 3.74088e+001
140	 1.5900000000e+002	 4.85705e+000	 4.06895e+001
141	 1.6000000000e+002	 4.85257e+000	 4.40098e+001
142	 1.6100000000e+002	 4.88614e+000	 4.74468e+001
143	 1.6200000000e+002	 4.94565e+000	 5.09377e+001
144	 1.6300000000e+002	 5.00322e+000	 5.45577e+001
145	 1.6400000000e+002	 5.07692e+000	 5.82509e+001
146	 1.6500000000e+002	 5.18248e+000	 6.20716e+001
147	 1.6600000000e+002	 5.29817e+000	 6.60186e+001
148	 1.6700000000e+002	 5.43008e+000	 7.00822e+001
149	 1.6800000000e+002	 5.56105e+000	 7.43177e+001
150	 1.6900000000e+002	 5.71294e+000	 7.87179e+001
151	 1.7000000000e+002	 5.85951e+000	 8.32848e+001
152	 1.7100000000e+002	 6.02933e+000	 8.80678e+001
153	 1.7200000000e+002	 6.16293e+000	 9.30528e+001
154	 1.7300000000e+002	 6.30892e+000	 9.82833e+001
155	 1.7400000000e+002	 6.49850e+000	 1.03778e+002
156	 1.7500000000e+002	 6.69681e+000	 1.09593e+002
157	 1.7600000000e+002	 6.86308e+000	 1.15719e+002
158	 1.7700000000e+002	 7.02211e+000	 1.22273e+002
159	 1.7800000000e+002	 7.21535e+000	 1.29197e+002
160	 1.7900000000e+002	 7.38279e+000	 1.36667e+002
161	 1.8000000000e+002	 7.53563e+000	 1.44653e+002
162	 1.8100000000e+002	 7.78562e+000	 1.53282e+002
163	 1.8200000000e+002	 7.99076e+000	 1.62701e+002
164	 1.8300000000e+002	 8.19001e+000	 1.73043e+002
165	 1.8400000000e+002	 8.44804e+000	 1.84378e+002
166	 1.8500000000e+002	 8.77019e+000	 1.96937e+002
167	 1.8600000000e+002	 9.05611e+000	 2.11086e+002
168	 1.8700000000e+002	 9.49279e+000	 2.26985e+002
169	 1.8800000000e+002	 1.01486e+001	 2.45219e+002
170	 1.8900000000e+002	 1.14749e+001	 2.66243e+002
171	 1.9000000000e+002	 1.33504e+001	 2.91017e+002
172	 1.9100000000e+002	 1.64664e+001	 3.20593e+002
173	 1.9200000000e+002	 2.17407e+001	 3.56219e+002
174	 1.9300000000e+002	 3.03054e+001	 3.99732e+002
175	 1.9400000000e+002	 4.55552e+001	 4.53509e+002
176	 1.9500000000e+002	 7.22239e+001	 5.20658e+002
177	 1.9600000000e+002	 1.18945e+002	 6.03514e+002
178	 1.9700000000e+002	 2.02690e+002	 7.01513e+002
179	 1.9800000000e+002	 3.48902e+002	 8.01777e+002
180	 1.9900000000e+002	 5.85745e+002	 8.60225e+002
181	 2.0000000000e+002	 9.00565e+002	 7.85184e+002
182	 2.0100000000e+002	 1.16129e+003	 5.07254e+002
183	 2.0200000000e+002	 1.21414e+003	 1.39228e+002
184	 2.0300000000e+002	 1.09150e+003	-1.38195e+002
185	 2.0400000000e+002	 9.21833e+002	-2.86202e+002
186	 2.0500000000e+002	 7.70197e+002	-3.49342e+002
187	 2.0600000000e+002	 6.50376e+002	-3.69705e+002
188	 2.0700000000e+002	 5.58347e+002	-3.69646e+002
189	 2.0800000000e+002	 4.87998e+002	-3.60281e+002
190	 2.0900000000e+002	 4.33032e+002	-3.48004e+002
191	 2.1000000000e+002	 3.88978e+002	-3.34630e+002
192	 2.1100000000e+002	 3.53716e+002	-3.20953e+002
193	 2.1200000000e+002	 3.24928e+002	-3.08120e+002
194	 2.1300000000e+002	 3.01120e+002	-2.96568e+002
195	 2.1400000000e+002	 2.81440e+002	-2.86606e+002
196	 2.1500000000e+002	 2.64691e+002	-2.78126e+002
197	 2.1600000000e+002	 2.49921e+002	-2.70913e+002
198	 2.1700000000e+002	 2.36290e+002	-2.65204e+002
199	 2.1800000000e+002	 2.23343e+002	-2.60040e+002
200	 2.1900000000e+002	 2.11000e+002	-2.55581e+002
201	 2.2000000000e+002	 1.99150e+002	-2.51350e+002
202	 2.2100000000e+002	 1.87725e+002	-2.47189e+002
203	 2.2200000000e+002	 1.76654e+002	-2.42811e+002
204	 2.2300000000e+002	 1.66107e+002	-2.38374e+002
205	 2.2400000000e+002	 1.56082e+002	-2.33703e+002
206	 2.2500000000e+002	 1.46495e+002	-2.28915e+002
207	 2.2600000000e+002	 1.37480e+002	-2.23991e+002
208	 2.2700000000e+002	 1.29028e+002	-2.18924e+002
209	 2.2800000000e+002	 1.21092e+002	-2.13726e+002
210	 2.2900000000e+002	 1.13676e+002	-2.08389e+002
211	 2.3000000000e+002	 1.06683e+002	-2.03115e+002
212	 2.3100000000e+002	 1.00141e+002	-1.97746e+002
213	 2.3200000000e+002	 9.40944e+001	-1.92377e+002
214	 2.3300000000e+002	 8.84806e+001	-1.86982e+002
215	 2.3400000000e+002	 8.32787e+001	-1.81621e+002
216	 2.3500000000e+002	 7.85101e+001	-1.76258e+002
217	 2.3600000000e+002	 7.41632e+001	-1.70971e+002
218	 2.3700000000e+002	 7.01987e+001	-1.65840e+002
219	 2.3800000000e+002	 6.65634e+001	-1.60790e+002
220	 2.3900000000e+002	 6.32292e+001	-1.55873e+002
221	 2.4000000000e+002	 6.01670e+001	-1.51081e+002
222	 2.4100000000e+002	 5.73636e+001	-1.46462e+002
223	 2.4200000000e+002	 5.47477e+001	-1.41967e+002
224	 2.4300000000e+002	 5.22971e+001	-1.37554e+002
225	 2.4400000000e+002	 5.00423e+001	-1.33272e+002
226	 2.4500000000e+002	 4.79687e+001	-1.29116e+002
227	 2.4600000000e+002	 4.60397e+001	-1.25030e+002
228	 2.4700000000e+002	 4.42391e+001	-1.21084e+002
229	 2.4800000000e+002	 4.25760e+001	-1.17199e+002
230	 2.4900000000e+002	 4.09975e+001	-1.13340e+002
231	 2.5000000000e+002	 3.95442e+001	-1.09552e+002
232	 2.5100000000e+002	 3.82438e+001	-1.06042e+002
233	 2.5200000000e+002	 3.70566e+001	-1.02532e+002
234	 2.5300000000e+002	 3.59218e+001	-9.90594e+001
235	 2.5400000000e+002	 3.48922e+001	-9.56653e+001
236	 2.5500000000e+002	 3.39139e+001	-9.23666e+001
237	 2.5600000000e+002	 3.30303e+001	-8.91106e+001
238	 2.5700000000e+002	 3.22070e+001	-8.59117e+001
239	 2.5800000000e+002	 3.14534e+001	-8.27653e+001
240	 2.5900000000e+002	 3.07352e+001	-7.96973e+001
241	 2.6000000000e+002	 3.00720e+001	-7.66717e+001
242	 2.6100000000e+002	 2.94737e+001	-7.36749e+001
243	 2.6200000000e+002	 2.89398e+001	-7.07358e+001
244	 2.6300000000e+002	 2.84548e+001	-6.78386e+001
245	 2.6400000000e+002	 2.80198e+001	-6.49669e+001
246	 2.6500000000e+002	 2.76192e+001	-6.21446e+001
247	 2.6600000000e+002	 2.72738e+001	-5.93490e+001
248	 2.6700000000e+002	 2.69648e+001	-5.65869e+001
249	 2.6800000000e+002	 2.67041e+001	-5.38500e+001
250	 2.6900000000e+002	 2.64716e+001	-5.11528e+001
251	 2.7000000000e+002	 2.62789e+001	-4.84715e+001
252	 2.7100000000e+002	 2.61199e+001	-4.58084e+001
253	 2.7200000000e+002	 2.59933e+001	-4.31629e+001
254	 2.7300000000e+002	 2.59145e+001	-4.05561e+001
255	 2.7400000000e+002	 2.58673e+001	-3.79409e+001
256	 2.7500000000e+002	 2.58452e+001	-3.53306e+001
257	 2.7600000000e+002	 2.58518e+001	-3.27495e+001
258	 2.7700000000e+002	 2.58952e+001	-3.01775e+001
259	 2.7800000000e+002	 2.59946e+001	-2.76075e+001
260	 2.7900000000e+002	 2.61145e+001	-2.50209e+001
261	 2.8000000000e+002	 2.62721e+001	-2.24504e+001
262	 2.8100000000e+002	 2.64622e+001	-1.98799e+001
263	 2.8200000000e+002	 2.66948e+001	-1.72885e+001
264	 2.8300000000e+002	 2.69457e+001	-1.47260e+001
265	 2.8400000000e+002	 2.72434e+001	-1.21429e+001
266	 2.8500000000e+002	 2.75905e+001	-9.53422e+000
267	 2.8600000000e+002	 2.79655e+001	-6.94164e+000
268	 2.8700000000e+002	 2.83832e+001	-4.33135e+000
269	 2.8800000000e+002	 2.88369e+001	-1.68820e+000
270	 2.8900000000e+002	 2.93633e+001	 9.76154e-001
271	 2.9000000000e+002	 2.99110e+001	 3.66005e+000
272	 2.9100000000e+002	 3.04976e+001	 6.36107e+000
273	 2.9200000000e+002	 3.11507e+001	 9.09820e+000
274	 2.9300000000e+002	 3.18439e+001	 1.18611e+001
275	 2.9400000000e+002	 3.26181e+001	 1.46475e+001
276	 2.9500000000e+002	 3.34627e+001	 1.74753e+001
277	 2.9600000000e+002	 3.43652e+001	 2.03502e+001
278	 2.9700000000e+002	 3.53082e+001	 2.32338e+001
279	 2.9800000000e+002	 3.63672e+001	 2.61988e+001
280	 2.9900000000e+002	 3.74999e+001	 2.91844e+001
281	 3.0000000000e+002	 3.87393e+001	 3.22163e+001
282	 3.0100000000e+002	 4.00531e+001	 3.52978e+001
283	 3.0200000000e+002	 4.14529e+001	 3.84455e+001
284	 3.0300000000e+002	 4.30072e+001	 4.16161e+001
285	 3.0400000000e+002	 4.46707e+001	 4.48611e+001
286	 3.0500000000e+002	 4.64410e+001	 4.81509e+001
287	 3.0600000000e+002	 4.83696e+001	 5.15024e+001
288	 3.0700000000e+002	 5.04792e+001	 5.49050e+001
289	 3.0800000000e+002	 5.27287e+001	 5.83533e+001
290	 3.0900000000e+002	 5.51587e+001	 6.18922e+001
291	 3.1000000000e+002	 5.78224e+001	 6.54648e+001
292	 3.1100000000e+002	 6.06615e+001	 6.90628e+001
293	 3.1200000000e+002	 6.37285e+001	 7.27453e+001
294	 3.1300000000e+002	 6.70843e+001	 7.64736e+001
295	 3.1400000000e+002	 7.07803e+001	 8.02419e+001
296	 3.1500000000e+002	 7.47799e+001	 8.40515e+001
297	 3.1600000000e+002	 7.91151e+001	 8.78370e+001
298	 3.1700000000e+002	 8.38674e+001	 9.15561e+001
299	 3.1800000000e+002	 8.90356e+001	 9.52449e+001
300	 3.1900000000e+002	 9.46356e+001	 9.88412e+001
301	 3.2000000000e+002	 1.00721e+002	 1.02326e+002
302	 3.2100000000e+002	 1.07319e+002	 1.05693e+002
303	 3.2200000000e+002	 1.14498e+002	 1.08756e+002
304	 3.2300000000e+002	 1.22326e+002	 1.11546e+002
305	 3.2400000000e+002	 1.30757e+002	 1.14026e+002
306	 3.2500000000e+002	 1.39839e+002	 1.15917e+002
307	 3.2600000000e+002	 1.49610e+002	 1.17143e+002
308	 3.2700000000e+002	 1.60122e+002	 1.17617e+002
309	 3.2800000000e+002	 1.71207e+002	 1.17123e+002
310	 3.2900000000e+002	 1.82870e+002	 1.15563e+002
311	 3.3000000000e+002	 1.95018e+002	 1.12651e+002
312	 3.3100000000e+002	 2.07402e+002	 1.08166e+002
313	 3.3200000000e+002	 2.19756e+002	 1.02014e+002
314	 3.3300000000e+002	 2.31948e+002	 9.41388e+001
315	 3.3400000000e+002	 2.43638e+002	 8.44414e+001
316	 3.3500000000e+002	 2.54216e+002	 7.27018e+001
317	 3.3600000000e+002	 2.63219e+002	 5.92786e+001
318	 3.3700000000e+002	 2.70479e+002	 4.43248e+001
319	 3.3800000000e+002	 2.75604e+002	 2.82520e+001
320	 3.3900000000e+002	 2.78205e+002	 1.16116e+001
321	 3.4000000000e+002	 2.78314e+002	-5.25500e+000
322	 3.4100000000e+002	 2.75990e+002	-2.16649e+001
323	 3.4200000000e+002	 2.71237e+002	-3.73514e+001
324	 3.4300000000e+002	 2.64492e+002	-5.17519e+001
325	 3.4400000000e+002	 2.56093e+002	-6.45099e+001
326	 3.4500000000e+002	 2.46385e+002	-7.54246e+001
327	 3.4600000000e+002	 2.35888e+002	-8.45452e+001
328	 3.4700000000e+002	 2.24837e+002	-9.16871e+001
329	 3.4800000000e+002	 2.13657e+002	-9.72234e+001
330	 3.4900000000e+002	 2.02561e+002	-1.01149e+002
331	 3.5000000000e+002	 1.91795e+002	-1.03603e+002
332	 3.5100000000e+002	 1.81348e+002	-1.04726e+002
333	 3.5200000000e+002	 1.71504e+002	-1.04824e+002
334	 3.5300000000e+002	 1.62265e+002	-1.03927e+002
335	 3.5400000000e+002	 1.53715e+002	-1.02343e+002
336	 3.5500000000e+002	 1.45808e+002	-1.00038e+002
337	 3.5600000000e+002	 1.38538e+002	-9.72022e+001
338	 3.5700000000e+002	 1.31963e+002	-9.39058e+001
339	 3.5800000000e+002	 1.25961e+002	-9.01158e+001
340	 3.5900000000e+002	 1.20497e+002	-8.62101e+001
341	 3.6000000000e+002	 1.15561e+002	-8.20150e+001
342	 3.6100000000e+002	 1.11069e+002	-7.75201e+001
343	 3.6200000000e+002	 1.07180e+002	-7.28852e+001
344	 3.6300000000e+002	 1.03773e+002	-6.80882e+001
345	 3.6400000000e+002	 1.00705e+002	-6.31374e+001
346	 3.6500000000e+002	 9.79865e+001	-5.80274e+001
347	 3.6600000000e+002	 9.57535e+001	-5.28085e+001
348	 3.6700000000e+002	 9.40030e+001	-4.74180e+001
349	 3.6800000000e+002	 9.24274e+001	-4.18519e+001
350	 3.6900000000e+002	 9.13534e+001	-3.62239e+001
351	 3.7000000000e+002	 9.07643e+001	-3.04444e+001
352	 3.7100000000e+002	 9.04386e+001	-2.44386e+001
353	 3.7200000000e+002	 9.05344e+001	-1.83222e+001
354	 3.7300000000e+002	 9.10654e+001	-1.19178e+001
355	 3.7400000000e+002	 9.20233e+001	-5.21317e+000
356	 3.7500000000e+002	 9.34719e+001	 1.72379e+000
357	 3.7600000000e+002	 9.55155e+001	 8.95476e+000
358	 3.7700000000e+002	 9.82154e+001	 1.64773e+001
359	 3.7800000000e+002	 1.01616e+002	 2.44669e+001
360	 3.7900000000e+002	 1.05809e+002	 3.28981e+001
361	 3.8000000000e+002	 1.10971e+002	 4.17460e+001
362	 3.8100000000e+002	 1.17338e+002	 5.11611e+001
363	 3.8200000000e+002	 1.25143e+002	 6.11358e+001
364	 3.8300000000e+002	 1.34659e+002	 7.17875e+001
365	 3.8400000000e+002	 1.46465e+002	 8.30229e+001
366	 3.8500000000e+002	 1.61109e+002	 9.47965e+001
367	 3.8600000000e+002	 1.79287e+002	 1.06939e+002
368	 3.8700000000e+002	 2.02244e+002	 1.19006e+002
369	 3.8800000000e+002	 2.31219e+002	 1.30095e+002
370	 3.8900000000e+002	 2.67918e+002	 1.38555e+002
371	 3.9000000000e+002	 3.14364e+002	 1.41256e+002
372	 3.9100000000e+002	 3.71207e+002	 1.32853e+002
373	 3.9200000000e+002	 4.37571e+002	 1.05131e+002
374	 3.9300000000e+002	 5.05367e+002	 4.79804e+001
375	 3.9400000000e+002	 5.56510e+002	-4.43867e+001
376	 3.9500000000e+002	 5.67508e+002	-1.61540e+002
377	 3.9600000000e+002	 5.26760e+002	-2.74784e+002
378	 3.9700000000e+002	 4.48358e+002	-3.55611e+002
379	 3.9800000000e+002	 3.58440e+002	-3.95358e+002
380	 3.9900000000e+002	 2.76549e+002	-4.02361e+002
381	 4.0000000000e+002	 2.10354e+002	-3.89795e+002
382	 4.0100000000e+002	 1.60064e+002	-3.68171e+002
383	 4.0200000000e+002	 1.22900e+002	-3.43578e+002
384	 4.0300000000e+002	 9.56236e+001	-3.19216e+002
385	 4.0400000000e+002	 7.54106e+001	-2.96478e+002
386	 4.0500000000e+002	 6.02484e+001	-2.75760e+002
387	 4.0600000000e+002	 4.87866e+001	-2.57069e+002
388	 4.0700000000e+002	 3.99708e+001	-2.40348e+002
389	 4.0800000000e+002	 3.31630e+001	-2.25323e+002
390	 4.0900000000e+002	 2.77883e+001	-2.11809e+002
391	 4.1000000000e+002	 2.35414e+001	-1.99581e+002
392	 4.1100000000e+002	 2.01027e+001	-1.88429e+002
393	 4.1200000000e+002	 1.73680e+001	-1.78323e+002
394	 4.1300000000e+002	 1.50993e+001	-1.69063e+002
395	 4.1400000000e+002	 1.32393e+001	-1.60499e+002
396	 4.1500000000e+002	 1.17521e+001	-1.52550e+002
397	 4.1600000000e+002	 1.05242e+001	-1.45166e+002
398	 4.1700000000e+002	 9.48084e+000	-1.38302e+002
399	 4.1800000000e+002	 8.60753e+000	-1.31875e+002
400	 4.1900000000e+002	 7.89108e+000	-1.25784e+002
401	 4.2000000000e+002	 7.30321e+000	-1.20054e+002
402	 4.2100000000e+002	 6.81808e+000	-1.14615e+002
403	 4.2200000000e+002	 6.41829e+000	-1.09450e+002
404	 4.2300000000e+002	 6.05765e+000	-1.04520e+002
405	 4.2400000000e+002	 5.80319e+000	-9.97950e+001
406	 4.2500000000e+002	 5.62834e+000	-9.52665e+001
407	 4.2600000000e+002	 5.42187e+000	-9.09057e+001
408	 4.2700000000e+002	 5.31633e+000	-8.67159e+001
409	 4.2800000000e+002	 5.25050e+000	-8.26479e+001
410	 4.2900000000e+002	 5.20462e+000	-7.86876e+001
411	 4.3000000000e+002	 5.21524e+000	-7.48612e+001
412	 4.3100000000e+002	 5.22907e+000	-7.11179e+001
413	 4.3200000000e+002	 5.26950e+000	-6.74948e+001
414	 4.3300000000e+002	 5.32553e+000	-6.39422e+001
415	 4.3400000000e+002	 5.40120e+000	-6.04389e+001
416	 4.3500000000e+002	 5.52479e+000	-5.70267e+001
417	 4.3600000000e+002	 5.66499e+000	-5.36488e+001
418	 4.3700000000e+002	 5.79942e+000	-5.03212e+001
419	 4.3800000000e+002	 5.96159e+000	-4.70467e+001
420	 4.3900000000e+002	 6.13474e+000	-4.37962e+001
421	 4.4000000000e+002	 6.34373e+000	-4.05806e+001
422	 4.4100000000e+002	 6.57074e+000	-3.73756e+001
423	 4.4200000000e+002	 6.82879e+000	-3.42037e+001
424	 4.4300000000e+002	 7.07604e+000	-3.10309e+001
425	 4.4400000000e+002	 7.39008e+000	-2.79012e+001
426	 4.4500000000e+002	 7.68233e+000	-2.47171e+001
427	 4.4600000000e+002	 8.01672e+000	-2.15710e+001
428	 4.4700000000e+002	 8.36867e+000	-1.83973e+001
429	 4.4800000000e+002	 8.72411e+000	-1.52244e+001
430	 4.4900000000e+002	 9.28468e+000	-1.20333e+001
431	 4.5000000000e+002	 9.93936e+000	-8.80226e+000
432	 4.5100000000e+002	 1.00914e+001	-5.57226e+000
433	 4.5200000000e+002	 1.05293e+001	-2.30794e+000
434	 4.5300000000e+002	 1.10654e+001	 9.91363e-001
435	 4.5400000000e+002	 1.16218e+001	 4.33069e+000
436	 4.5500000000e+002	 1.22259e+001	 7.69667e+000
437	 4.5600000000e+002	 1.28762e+001	 1.11648e+001
438	 4.5700000000e+002	 1.35618e+001	 1.46241e+001
439	 4.5800000000e+002	 1.42830e+001	 1.81762e+001
440	 4.5900000000e+002	 1.50772e+001	 2.17637e+001
441	 4.6000000000e+002	 1.58898e+001	 2.54458e+001
442	 4.6100000000e+002	 1.67869e+001	 2.91980e+001
443	 4.6200000000e+002	 1.77398e+001	 3.30257e+001
444	 4.6300000000e+002	 1.87315e+001	 3.69612e+001
445	 4.6400000000e+002	 1.98333e+001	 4.09959e+001
446	 4.6500000000e+002	 2.10142e+001	 4.51362e+001
447	 4.6600000000e+002	 2.22435e+001	 4.93937e+001
448	 4.6700000000e+002	 2.35717e+001	 5.37871e+001
449	 4.6800000000e+002	 2.50180e+001	 5.83108e+001
450	 4.6900000000e+002	 2.65956e+001	 6.30072e+001
451	 4.7000000000e+002	 2.82618e+001	 6.78643e+001
452	 4.7100000000e+002	 3.00754e+001	 7.28896e+001
453	 4.7200000000e+002	 3.20844e+001	 7.80927e+001
454	 4.7300000000e+002	 3.42230e+001	 8.34956e+001
455	 4.7400000000e+002	 3.65804e+001	 8.91511e+001
456	 4.7500000000e+002	 3.91532e+001	 9.50541e+001
457	 4.7600000000e+002	 4.19561e+001	 1.01185e+002
458	 4.7700000000e+002	 4.50259e+001	 1.07614e+002
459	 4.7800000000e+002	 4.84047e+001	 1.14373e+002
460	 4.7900000000e+002	 5.21491e+001	 1.21462e+002
461	 4.8000000000e+002	 5.62665e+001	 1.28880e+002
462	 4.8100000000e+002	 6.08478e+001	 1.36693e+002
463	 4.8200000000e+002	 6.59713e+001	 1.44947e+002
464	 4.8300000000e+002	 7.16605e+001	 1.53654e+002
465	 4.8400000000e+002	 7.80104e+001	 1.62891e+002
466	 4.8500000000e+002	 8.51901e+001	 1.72655e+002
467	 4.8600000000e+002	 9.33285e+001	 1.83029e+002
468	 4.8700000000e+002	 1.02585e+002	 1.94059e+002
469	 4.8800000000e+002	 1.13177e+002	 2.05776e+002
470	 4.8900000000e+002	 1.25389e+002	 2.18265e+002
471	 4.9000000000e+002	 1.39605e+002	 2.31493e+002
472	 4.9100000000e+002	 1.56300e+002	 2.45420e+002
473	 4.9200000000e+002	 1.75994e+002	 2.59952e+002
474	 4.9300000000e+002	 1.99377e+002	 2.74808e+002
475	 4.9400000000e+002	 2.27296e+002	 2.89550e+002
476	 4.9500000000e+002	 2.60712e+002	 3.03376e+002
477	 4.9600000000e+002	 3.00476e+002	 3.15088e+002
478	 4.9700000000e+002	 3.47521e+002	 3.22952e+002
479	 4.9800000000e+002	 4.02634e+002	 3.24529e+002
480	 4.9900000000e+002	 4.65879e+002	 3.16276e+002
481	 5.0000000000e+002	 5.35934e+002	 2.93630e+002
482	 5.0100000000e+002	 6.08865e+002	 2.51466e+002
483	 5.0200000000e+002	 6.77378e+002	 1.86008e+002
484	 5.0300000000e+002	 7.31131e+002	 9.69733e+001
485	 5.0400000000e+002	 7.59385e+002	-9.59322e+000
486	 5.0500000000e+002	 7.55230e+002	-1.21693e+002
487	 5.0600000000e+002	 7.19540e+002	-2.25111e+002
488	 5.0700000000e+002	 6.60436e+002	-3.08840e+002
489	 5.0800000000e+002	 5.88910e+002	-3.68414e+002
490	 5.0900000000e+002	 5.14867e+002	-4.05018e+002
491	 5.1000000000e+002	 4.44908e+002	-4.23017e+002
492	 5.1100000000e+002	 3.82457e+002	-4.27477e+002
493	 5.1200000000e+002	 3.28499e+002	-4.22856e+002
494	 5.1300000000e+002	 2.82798e+002	-4.12595e+002
495	 5.1400000000e+002	 2.44406e+002	-3.99094e+002
496	 5.1500000000e+002	 2.12332e+002	-3.83913e+002
497	 5.1600000000e+002	 1.85548e+002	-3.68155e+002
498	 5.1700000000e+002	 1.63126e+002	-3.52497e+002
499	 5.1800000000e+002	 1.44274e+002	-3.37260e+002
500	 5.1900000000e+002	 1.28336e+002	-3.22667e+002
501	 5.2000000000e+002	 1.14814e+002	-3.08840e+002
502	 5.2100000000e+002	 1.03267e+002	-2.95776e+002
503	 5.2200000000e+002	 9.33374e+001	-2.83503e+002
504	 5.2300000000e+002	 8.47696e+001	-2.71996e+002
505	 5.2400000000e+002	 7.73160e+001	-2.61200e+002
506	 5.2500000000e+002	 7.08101e+001	-2.51097e+002
507	 5.2600000000e+002	 6.51099e+001	-2.41624e+002
508	 5.2700000000e+002	 6.00930e+001	-2.32729e+002
509	 5.2800000000e+002	 5.56239e+001	-2.24325e+002
510	 5.2900000000e+002	 5.16518e+001	-2.16377e+002
511	 5.3000000000e+002	 4.81016e+001	-2.08896e+002
512	 5.3100000000e+002	 4.48952e+001	-2.01817e+002
513	 5.3200000000e+002	 4.20227e+001	-1.95077e+002
514	 5.3300000000e+002	 3.94424e+001	-1.88688e+002
515	 5.3400000000e+002	 3.71226e+001	-1.82595e+002
516	 5.3500000000e+002	 3.50132e+001	-1.76744e+002
517	 5.3600000000e+002	 3.31094e+001	-1.71165e+002
518	 5.3700000000e+002	 3.13937e+001	-1.65828e+002
519	 5.3800000000e+002	 2.98397e+001	-1.60715e+002
520	 5.3900000000e+002	 2.84141e+001	-1.55790e+002
521	 5.4000000000e+002	 2.71313e+001	-1.51057e+002
522	 5.4100000000e+002	 2.59770e+001	-1.46518e+002
523	 5.4200000000e+002	 2.49236e+001	-1.42130e+002
524	 5.4300000000e+002	 2.39465e+001	-1.37888e+002
525	 5.4400000000e+002	 2.30788e+001	-1.33797e+002
526	 5.4500000000e+002	 2.22942e+001	-1.29821e+002
527	 5.4600000000e+002	 2.15748e+001	-1.25958e+002
528	 5.4700000000e+002	 2.09258e+001	-1.22217e+002
529	 5.4800000000e+002	 2.03514e+001	-1.18587e+002
530	 5.4900000000e+002	 1.98275e+001	-1.15062e+002
531	 5.5000000000e+002	 1.93305e+001	-1.11626e+002
532	 5.5100000000e+002	 1.89526e+001	-1.08255e+002
533	 5.5200000000e+002	 1.85877e+001	-1.04968e+002
534	 5.5300000000e+002	 1.82585e+001	-1.01763e+002
535	 5.5400000000e+002	 1.79874e+001	-9.86389e+001
536	 5.5500000000e+002	 1.77582e+001	-9.55540e+001
537	 5.5600000000e+002	 1.75396e+001	-9.25421e+001
538	 5.5700000000e+002	 1.73729e+001	-8.95874e+001
539	 5.5800000000e+002	 1.72576e+001	-8.66877e+001
540	 5.5900000000e+002	 1.71465e+001	-8.38282e+001
541	 5.6000000000e+002	 1.70856e+001	-8.10135e+001
542	 5.6100000000e+002	 1.70406e+001	-7.82477e+001
543	 5.6200000000e+002	 1.70360e+001	-7.55197e+001
544	 5.6300000000e+002	 1.70486e+001	-7.28075e+001
545	 5.6400000000e+002	 1.70844e+001	-7.01478e+001
546	 5.6500000000e+002	 1.71460e+001	-6.74976e+001
547	 5.6600000000e+002	 1.72453e+001	-6.48830e+001
548	 5.6700000000e+002	 1.73549e+001	-6.22888e+001
549	 5.6800000000e+002	 1.74917e+001	-5.97048e+001
550	 5.6900000000e+002	 1.76503e+001	-5.71424e+001
551	 5.7000000000e+002	 1.78343e+001	-5.45833e+001
552	 5.7100000000e+002	 1.80434e+001	-5.20518e+001
553	 5.7200000000e+002	 1.82781e+001	-4.95092e+001
554	 5.7300000000e+002	 1.85376e+001	-4.69811e+001
555	 5.7400000000e+002	 1.88232e+001	-4.44412e+001
556	 5.7500000000e+002	 1.91244e+001	-4.19141e+001
557	 5.7600000000e+002	 1.94643e+001	-3.93649e+001
558	 5.7700000000e+002	 1.98308e+001	-3.68198e+001
559	 5.7800000000e+002	 2.02345e+001	-3.42602e+001
560	 5.7900000000e+002	 2.06574e+001	-3.16903e+001
561	 5.8000000000e+002	 2.11240e+001	-2.91095e+001
562	 5.8100000000e+002	 2.16193e+001	-2.65127e+001
563	 5.8200000000e+002	 2.21582e+001	-2.38996e+001
564	 5.8300000000e+002	 2.27351e+001	-2.12619e+001
565	 5.8400000000e+002	 2.33492e+001	-1.86021e+001
566	 5.8500000000e+002	 2.40001e+001	-1.59176e+001
567	 5.8600000000e+002	 2.47026e+001	-1.32097e+001
568	 5.8700000000e+002	 2.54473e+001	-1.04713e+001
569	 5.8800000000e+002	 2.62350e+001	-7.70291e+000
570	 5.8900000000e+002	 2.70833e+001	-4.89329e+000
571	 5.9000000000e+002	 2.79897e+001	-2.04958e+000
572	 5.9100000000e+002	 2.89435e+001	 8.39372e-001
573	 5.9200000000e+002	 2.99654e+001	 3.76376e+000
574	 5.9300000000e+002	 3.10540e+001	 6.73382e+000
575	 5.9400000000e+002	 3.22146e+001	 9.76427e+000
576	 5.9500000000e+002	 3.34409e+001	 1.28440e+001
577	 5.9600000000e+002	 3.47579e+001	 1.59698e+001
578	 5.9700000000e+002	 3.61519e+001	 1.91563e+001
579	 5.9800000000e+002	 3.76365e+001	 2.24131e+001
580	 5.9900000000e+002	 3.92260e+001	 2.57384e+001
581	 6.0000000000e+002	 4.09191e+001	 2.91327e+001
582	 6.0100000000e+002	 4.27381e+001	 3.25904e+001
583	 6.0200000000e+002	 4.46758e+001	 3.61332e+001
584	 6.0300000000e+002	 4.67430e+001	 3.97724e+001
585	 6.0400000000e+002	 4.89689e+001	 4.34977e+001
586	 6.0500000000e+002	 5.13429e+001	 4.73124e+001
587	 6.0600000000e+002	 5.38926e+001	 5.12187e+001
588	 6.0700000000e+002	 5.66403e+001	 5.52111e+001
589	 6.0800000000e+002	 5.95912e+001	 5.93160e+001
590	 6.0900000000e+002	 6.27709e+001	 6.35383e+001
591	 6.1000000000e+002	 6.62009e+001	 6.78800e+001
592	 6.1100000000e+002	 6.99159e+001	 7.23518e+001
593	 6.1200000000e+002	 7.39647e+001	 7.69427e+001
594	 6.1300000000e+002	 7.83794e+001	 8.16357e+001
595	 6.1400000000e+002	 8.31851e+001	 8.64390e+001
596	 6.1500000000e+002	 8.84249e+001	 9.13580e+001
597	 6.1600000000e+002	 9.41342e+001	 9.63606e+001
598	 6.1700000000e+002	 1.00373e+002	 1.01448e+002
599	 6.1800000000e+002	 1.07202e+002	 1.06627e+002
600	 6.1900000000e+002	 1.14688e+002	 1.11833e+002
601	 6.2000000000e+002	 1.22892e+002	 1.17063e+002
602	 6.2100000000e+002	 1.31920e+002	 1.22273e+002
603	 6.2200000000e+002	 1.41875e+002	 1.27386e+002
604	 6.2300000000e+002	 1.52840e+002	 1.32329e+002
605	 6.2400000000e+002	 1.64946e+002	 1.37000e+002
606	 6.2500000000e+002	 1.78315e+002	 1.41259e+002
607	 6.2600000000e+002	 1.93080e+002	 1.44913e+002
608	 6.2700000000e+002	 2.09341e+002	 1.47734e+002
609	 6.2800000000e+002	 2.27223e+002	 1.49451e+002
610	 6.2900000000e+002	 2.46811e+002	 1.49705e+002
611	 6.3000000000e+002	 2.68108e+002	 1.48013e+002
612	 6.3100000000e+002	 2.91029e+002	 1.43848e+002
613	 6.3200000000e+002	 3.15351e+002	 1.36595e+002
614	 6.3300000000e+002	 3.40701e+002	 1.25616e+002
615	 6.3400000000e+002	 3.66398e+002	 1.10295e+002
616	 6.3500000000e+002	 3.91537e+002	 9.01376e+001
617	 6.3600000000e+002	 4.14937e+002	 6.48159e+001
618	 6.3700000000e+002	 4.35223e+002	 3.43839e+001
619	 6.3800000000e+002	 4.50917e+002	-6.71469e-001
620	 6.3900000000e+002	 4.60637e+002	-3.93273e+001
621	 6.4000000000e+002	 4.63304e+002	-7.99464e+001
622	 6.4100000000e+002	 4.58520e+002	-1.20578e+002
623	 6.4200000000e+002	 4.46558e+002	-1.59257e+002
624	 6.4300000000e+002	 4.28379e+002	-1.94294e+002
625	 6.4400000000e+002	 4.05371e+002	-2.24499e+002
626	 6.4500000000e+002	 3.79061e+002	-2.49219e+002
627	 6.4600000000e+002	 3.50990e+002	-2.68314e+002
628	 6.4700000000e+002	 3.22486e+002	-2.82076e+002
629	 6.4800000000e+002	 2.94608e+002	-2.91132e+002
630	 6.4900000000e+002	 2.68116e+002	-2.96247e+002
631	 6.5000000000e+002	 2.43381e+002	-2.98162e+002
632	 6.5100000000e+002	 2.20530e+002	-2.97097e+002
633	 6.5200000000e+002	 1.99824e+002	-2.94278e+002
634	 6.5300000000e+002	 1.81118e+002	-2.90017e+002
635	 6.5400000000e+002	 1.64334e+002	-2.84709e+002
636	 6.5500000000e+002	 1.49308e+002	-2.78687e+002
637	 6.5600000000e+002	 1.35896e+002	-2.72181e+002
638	 6.5700000000e+002	 1.23930e+002	-2.65365e+002
639	 6.5800000000e+002	 1.13265e+002	-2.58429e+002
640	 6.5900000000e+002	 1.03748e+002	-2.51472e+002
641	 6.6000000000e+002	 9.52637e+001	-2.44555e+002
642	 6.6100000000e+002	 8.76741e+001	-2.37752e+002
643	 6.6200000000e+002	 8.08764e+001	-2.31106e+002
644	 6.6300000000e+002	 7.48036e+001	-2.24617e+002
645	 6.6400000000e+002	 6.93523e+001	-2.18317e+002
646	 6.6500000000e+002	 6.44314e+001	-2.12225e+002
647	 6.6600000000e+002	 6.00070e+001	-2.06324e+002
648	 6.6700000000e+002	 5.60186e+001	-2.00636e+002
649	 6.6800000000e+002	 5.24062e+001	-1.95144e+002
650	 6.6900000000e+002	 4.91333e+001	-1.89844e+002
651	 6.7000000000e+002	 4.61572e+001	-1.84726e+002
652	 6.7100000000e+002	 4.34496e+001	-1.79785e+002
653	 6.7200000000e+002	 4.09879e+001	-1.75017e+002
654	 6.7300000000e+002	 3.87494e+001	-1.70399e+002
655	 6.7400000000e+002	 3.67014e+001	-1.65936e+002
656	 6.7500000000e+002	 3.48544e+001	-1.61607e+002
657	 6.7600000000e+002	 3.31737e+001	-1.57405e+002
658	 6.7700000000e+002	 3.16350e+001	-1.53334e+002
659	 6.7800000000e+002	 3.02283e+001	-1.49390e+002
660	 6.7900000000e+002	 2.89573e+001	-1.45563e+002
661	 6.8000000000e+002	 2.78002e+001	-1.41839e+002
662	 6.8100000000e+002	 2.67488e+001	-1.38217e+002
663	 6.8200000000e+002	 2.57996e+001	-1.34693e+002
664	 6.8300000000e+002	 2.49508e+001	-1.31261e+002
665	 6.8400000000e+002	 2.41799e+001	-1.27910e+002
666	 6.8500000000e+002	 2.34850e+001	-1.24643e+002
667	 6.8600000000e+002	 2.28783e+001	-1.21453e+002
668	 6.8700000000e+002	 2.23425e+001	-1.18342e+002
669	 6.8800000000e+002	 2.18688e+001	-1.15315e+002
670	 6.8900000000e+002	 2.14519e+001	-1.12345e+002
671	 6.9000000000e+002	 2.10889e+001	-1.09435e+002
672	 6.9100000000e+002	 2.07760e+001	-1.06592e+002
673	 6.9200000000e+002	 2.05195e+001	-1.03813e+002
674	 6.9300000000e+002	 2.03093e+001	-1.01082e+002
675	 6.9400000000e+002	 2.01299e+001	-9.84000e+001
676	 6.9500000000e+002	 1.99973e+001	-9.57687e+001
677	 6.9600000000e+002	 1.99014e+001	-9.31890e+001
678	 6.9700000000e+002	 1.98475e+001	-9.06434e+001
679	 6.9800000000e+002	 1.98126e+001	-8.81246e+001
680	 6.9900000000e+002	 1.98194e+001	-8.56535e+001
681	 7.0000000000e+002	 1.98558e+001	-8.32154e+001
682	 7.0100000000e+002	 1.99152e+001	-8.08011e+001
683	 7.0200000000e+002	 2.00086e+001	-7.84094e+001
684	 7.0300000000e+002	 2.01281e+001	-7.60453e+001
685	 7.0400000000e+002	 2.02837e+001	-7.37036e+001
686	 7.0500000000e+002	 2.04634e+001	-7.13788e+001
687	 7.0600000000e+002	 2.06699e+001	-6.90769e+001
688	 7.0700000000e+002	 2.08990e+001	-6.67845e+001
689	 7.0800000000e+002	 2.11599e+001	-6.45024e+001
690	 7.0900000000e+002	 2.14479e+001	-6.22315e+001
691	 7.1000000000e+002	 2.17572e+001	-5.99725e+001
692	 7.1100000000e+002	 2.21011e+001	-5.77133e+001
693	 7.1200000000e+002	 2.24698e+001	-5.54557e+001
694	 7.1300000000e+002	 2.28655e+001	-5.32040e+001
695	 7.1400000000e+002	 2.32989e+001	-5.09399e+001
696	 7.1500000000e+002	 2.37594e+001	-4.86768e+001
697	 7.1600000000e+002	 2.42563e+001	-4.64170e+001
698	 7.1700000000e+002	 2.47838e+001	-4.41379e+001
699	 7.1800000000e+002	 2.53501e+001	-4.18545e+001
700	 7.1900000000e+002	 2.59581e+001	-3.95644e+001
701	 7.2000000000e+002	 2.65988e+001	-3.72534e+001
702	 7.2100000000e+002	 2.72887e+001	-3.49352e+001
703	 7.2200000000e+002	 2.80196e+001	-3.25976e+001
704	 7.2300000000e+002	 2.88045e+001	-3.02523e+001
705	 7.2400000000e+002	 2.96322e+001	-2.78896e+001
706	 7.2500000000e+002	 3.05049e+001	-2.55074e+001
707	 7.2600000000e+002	 3.14326e+001	-2.31074e+001
708	 7.2700000000e+002	 3.24157e+001	-2.06869e+001
709	 7.2800000000e+002	 3.34496e+001	-1.82395e+001
710	 7.2900000000e+002	 3.45446e+001	-1.57644e+001
711	 7.3000000000e+002	 3.57095e+001	-1.32581e+001
712	 7.3100000000e+002	 3.69392e+001	-1.07225e+001
713	 7.3200000000e+002	 3.82411e+001	-8.15938e+000
714	 7.3300000000e+002	 3.96278e+001	-5.55884e+000
715	 7.3400000000e+002	 4.10899e+001	-2.92364e+000
716	 7.3500000000e+002	 4.26408e+001	-2.49591e-001
717	 7.3600000000e+002	 4.42977e+001	 2.46015e+000
718	 7.3700000000e+002	 4.60551e+001	 5.21130e+000
719	 7.3800000000e+002	 4.79197e+001	 8.00029e+000
720	 7.3900000000e+002	 4.99060e+001	 1.08277e+001
721	 7.4000000000e+002	 5.20180e+001	 1.36985e+001
722	 7.4100000000e+002	 5.42685e+001	 1.66039e+001
723	 7.4200000000e+002	 5.66698e+001	 1.95491e+001
724	 7.4300000000e+002	 5.92256e+001	 2.25323e+001
725	 7.4400000000e+002	 6.19479e+001	 2.55569e+001
726	 7.4500000000e+002	 6.48521e+001	 2.86111e+001
727	 7.4600000000e+002	 6.79534e+001	 3.17056e+001
728	 7.4700000000e+002	 7.12628e+001	 3.48306e+001
729	 7.4800000000e+002	 7.47962e+001	 3.79888e+001
730	 7.4900000000e+002	 7.85747e+001	 4.11536e+001
731	 7.5000000000e+002	 8.26243e+001	 4.43617e+001
732	 7.5100000000e+002	 8.69594e+001	 4.75596e+001
733	 7.5200000000e+002	 9.16004e+001	 5.07796e+001
734	 7.5300000000e+002	 9.65955e+001	 5.39744e+001
735	 7.5400000000e+002	 1.01964e+002	 5.71584e+001
736	 7.5500000000e+002	 1.07745e+002	 6.02983e+001
737	 7.5600000000e+002	 1.13970e+002	 6.33629e+001
738	 7.5700000000e+002	 1.20686e+002	 6.63316e+001
739	 7.5800000000e+002	 1.27945e+002	 6.91563e+001
740	 7.5900000000e+002	 1.35793e+002	 7.17886e+001
741	 7.6000000000e+002	 1.44265e+002	 7.41606e+001
742	 7.6100000000e+002	 1.53424e+002	 7.61969e+001
743	 7.6200000000e+002	 1.63306e+002	 7.77965e+001
744	 7.6300000000e+002	 1.73947e+002	 7.88459e+001
745	 7.6400000000e+002	 1.85382e+002	 7.92194e+001
746	 7.6500000000e+002	 1.97615e+002	 7.87368e+001
747	 7.6600000000e+002	 2.10632e+002	 7.72061e+001
748	 7.6700000000e+002	 2.24399e+002	 7.44439e+001
749	 7.6800000000e+002	 2.38821e+002	 7.02246e+001
750	 7.6900000000e+002	 2.53735e+002	 6.42685e+001
751	 7.7000000000e+002	 2.68948e+002	 5.63235e+001
752	 7.7100000000e+002	 2.84150e+002	 4.61924e+001
753	 7.7200000000e+002	 2.98944e+002	 3.36986e+001
754	 7.7300000000e+002	 3.12869e+002	 1.87428e+001
755	 7.7400000000e+002	 3.25413e+002	 1.30137e+000
756	 7.7500000000e+002	 3.35986e+002	-1.84781e+001
757	 7.7600000000e+002	 3.44026e+002	-4.02603e+001
758	 7.7700000000e+002	 3.49061e+002	-6.36065e+001
759	 7.7800000000e+002	 3.50679e+002	-8.78978e+001
760	 7.7900000000e+002	 3.48704e+002	-1.12346e+002
761	 7.8000000000e+002	 3.43157e+002	-1.36187e+002
762	 7.8100000000e+002	 3.34281e+002	-1.58687e+002
763	 7.8200000000e+002	 3.22499e+002	-1.79233e+002
764	 7.8300000000e+002	 3.08391e+002	-1.97345e+002
765	 7.8400000000e+002	 2.92611e+002	-2.12761e+002
766	 7.8500000000e+002	 2.75760e+002	-2.25400e+002
767	 7.8600000000e+002	 2.58407e+002	-2.35351e+002
768	 7.8700000000e+002	 2.41019e+002	-2.42760e+002
769	 7.8800000000e+002	 2.24017e+002	-2.47919e+002
770	 7.8900000000e+002	 2.07636e+002	-2.51077e+002
771	 7.9000000000e+002	 1.92082e+002	-2.52548e+002
772	 7.9100000000e+002	 1.77475e+002	-2.52627e+002
773	 7.9200000000e+002	 1.63858e+002	-2.51521e+002
774	 7.9300000000e+002	 1.51237e+002	-2.49489e+002
775	 7.9400000000e+002	 1.39606e+002	-2.46723e+002
776	 7.9500000000e+002	 1.28936e+002	-2.43386e+002
777	 7.9600000000e+002	 1.19177e+002	-2.39637e+002
778	 7.9700000000e+002	 1.10239e+002	-2.35585e+002
779	 7.9800000000e+002	 1.02083e+002	-2.31288e+002
780	 7.9900000000e+002	 9.46532e+001	-2.26835e+002
781	 8.0000000000e+002	 8.78639e+001	-2.22322e+002
782	 8.0100000000e+002	 8.16815e+001	-2.17758e+002
783	 8.0200000000e+002	 7.60465e+001	-2.13186e+002
784	 8.0300000000e+002	 7.09024e+001	-2.08647e+002
785	 8.0400000000e+002	 6.61989e+001	-2.04154e+002
786	 8.0500000000e+002	 6.18974e+001	-1.99713e+002
787	 8.0600000000e+002	 5.79907e+001	-1.95347e+002
788	 8.0700000000e+002	 5.44167e+001	-1.91055e+002
789	 8.0800000000e+002	 5.11411e+001	-1.86869e+002
790	 8.0900000000e+002	 4.81402e+001	-1.82790e+002
791	 8.1000000000e+002	 4.54010e+001	-1.78789e+002
792	 8.1100000000e+002	 4.28960e+001	-1.74876e+002
793	 8.1200000000e+002	 4.05998e+001	-1.71061e+002
794	 8.1300000000e+002	 3.84961e+001	-1.67350e+002
795	 8.1400000000e+002	 3.65677e+001	-1.63737e+002
796	 8.1500000000e+002	 3.47865e+001	-1.60217e+002
797	 8.1600000000e+002	 3.31525e+001	-1.56786e+002
798	 8.1700000000e+002	 3.16612e+001	-1.53433e+002
799	 8.1800000000e+002	 3.02915e+001	-1.50167e+002
800	 8.1900000000e+002	 2.90323e+001	-1.46974e+002
801	 8.2000000000e+002	 2.78791e+001	-1.43842e+002
802	 8.2100000000e+002	 2.68318e+001	-1.40788e+002
803	 8.2200000000e+002	 2.58708e+001	-1.37790e+002
804	 8.2300000000e+002	 2.49950e+001	-1.34861e+002
805	 8.2400000000e+002	 2.41996e+001	-1.31993e+002
806	 8.2500000000e+002	 2.34935e+001	-1.29182e+002
807	 8.2600000000e+002	 2.28510e+001	-1.26428e+002
808	 8.2700000000e+002	 2.22694e+001	-1.23731e+002
809	 8.2800000000e+002	 2.17615e+001	-1.21087e+002
810	 8.2900000000e+002	 2.13150e+001	-1.18498e+002
811	 8.3000000000e+002	 2.09165e+001	-1.15954e+002
812	 8.3100000000e+002	 2.05629e+001	-1.13451e+002
813	 8.3200000000e+002	 2.02662e+001	-1.10994e+002
814	 8.3300000000e+002	 2.00133e+001	-1.08580e+002
815	 8.3400000000e+002	 1.97992e+001	-1.06199e+002
816	 8.3500000000e+002	 1.96379e+001	-1.03848e+002
817	 8.3600000000e+002	 1.95138e+001	-1.01527e+002
818	 8.3700000000e+002	 1.94249e+001	-9.92368e+001
819	 8.3800000000e+002	 1.93740e+001	-9.69761e+001
820	 8.3900000000e+002	 1.93542e+001	-9.47467e+001
821	 8.4000000000e+002	 1.93725e+001	-9.25414e+001
822	 8.4100000000e+002	 1.94274e+001	-9.03446e+001
823	 8.4200000000e+002	 1.95228e+001	-8.81722e+001
824	 8.4300000000e+002	 1.96626e+001	-8.60191e+001
825	 8.4400000000e+002	 1.98213e+001	-8.38859e+001
826	 8.4500000000e+002	 2.00019e+001	-8.17790e+001
827	 8.4600000000e+002	 2.02322e+001	-7.96809e+001
828	 8.4700000000e+002	 2.05037e+001	-7.75998e+001
829	 8.4800000000e+002	 2.07974e+001	-7.55283e+001
830	 8.4900000000e+002	 2.11075e+001	-7.34601e+001
831	 8.5000000000e+002	 2.14497e+001	-7.14046e+001
832	 8.5100000000e+002	 2.18552e+001	-6.93626e+001
833	 8.5200000000e+002	 2.22806e+001	-6.73264e+001
834	 8.5300000000e+002	 2.27284e+001	-6.52927e+001
835	 8.5400000000e+002	 2.32125e+001	-6.32562e+001
836	 8.5500000000e+002	 2.37480e+001	-6.12311e+001
837	 8.5600000000e+002	 2.42998e+001	-5.92015e+001
838	 8.5700000000e+002	 2.48863e+001	-5.71663e+001
839	 8.5800000000e+002	 2.55285e+001	-5.51350e+001
840	 8.5900000000e+002	 2.61971e+001	-5.30973e+001
841	 8.6000000000e+002	 2.69021e+001	-5.10556e+001
842	 8.6100000000e+002	 2.76579e+001	-4.90120e+001
843	 8.6200000000e+002	 2.84435e+001	-4.69574e+001
844	 8.6300000000e+002	 2.92862e+001	-4.48959e+001
845	 8.6400000000e+002	 3.01761e+001	-4.28276e+001
846	 8.6500000000e+002	 3.10996e+001	-4.07398e+001
847	 8.6600000000e+002	 3.20932e+001	-3.86501e+001
848	 8.6700000000e+002	 3.31255e+001	-3.65339e+001
849	 8.6800000000e+002	 3.42197e+001	-3.44123e+001
850	 8.6900000000e+002	 3.53761e+001	-3.22685e+001
851	 8.7000000000e+002	 3.66043e+001	-3.01066e+001
852	 8.7100000000e+002	 3.78865e+001	-2.79316e+001
853	 8.7200000000e+002	 3.92460e+001	-2.57372e+001
854	 8.7300000000e+002	 4.06830e+001	-2.35268e+001
855	 8.7400000000e+002	 4.21978e+001	-2.12948e+001
856	 8.7500000000e+002	 4.37980e+001	-1.90421e+001
857	 8.7600000000e+002	 4.54886e+001	-1.67590e+001
858	 8.7700000000e+002	 4.72719e+001	-1.44512e+001
859	 8.7800000000e+002	 4.91607e+001	-1.21248e+001
860	 8.7900000000e+002	 5.11699e+001	-9.77414e+000
861	 8.8000000000e+002	 5.33058e+001	-7.40129e+000
862	 8.8100000000e+002	 5.55745e+001	-5.00391e+000
863	 8.8200000000e+002	 5.79792e+001	-2.59458e+000
864	 8.8300000000e+002	 6.05398e+001	-1.75671e-001
865	 8.8400000000e+002	 6.32668e+001	 2.24520e+000
866	 8.8500000000e+002	 6.61775e+001	 4.67911e+000
867	 8.8600000000e+002	 6.92633e+001	 7.10983e+000
868	 8.8700000000e+002	 7.25477e+001	 9.52330e+000
869	 8.8800000000e+002	 7.60473e+001	 1.19186e+001
870	 8.8900000000e+002	 7.97788e+001	 1.42800e+001
871	 8.9000000000e+002	 8.37550e+001	 1.66046e+001
872	 8.9100000000e+002	 8.79859e+001	 1.88663e+001
873	 8.9200000000e+002	 9.24906e+001	 2.10476e+001
874	 8.9300000000e+002	 9.72888e+001	 2.31441e+001
875	 8.9400000000e+002	 1.02385e+002	 2.51231e+001
876	 8.9500000000e+002	 1.07805e+002	 2.69727e+001
877	 8.9600000000e+002	 1.13579e+002	 2.86633e+001
878	 8.9700000000e+002	 1.19712e+002	 3.01399e+001
879	 8.9800000000e+002	 1.26228e+002	 3.13726e+001
880	 8.9900000000e+002	 1.33148e+002	 3.23206e+001
881	 9.0000000000e+002	 1.40476e+002	 3.29243e+001
882	 9.0100000000e+002	 1.48215e+002	 3.31280e+001
883	 9.0200000000e+002	 1.56390e+002	 3.28501e+001
884	 9.0300000000e+002	 1.64982e+002	 3.19994e+001
885	 9.0400000000e+002	 1.73977e+002	 3.05030e+001
886	 9.0500000000e+002	 1.83336e+002	 2.82637e+001
887	 9.0600000000e+002	 1.93006e+002	 2.51885e+001
888	 9.0700000000e+002	 2.02893e+002	 2.11582e+001
889	 9.0800000000e+002	 2.12924e+002	 1.60859e+001
890	 9.0900000000e+002	 2.23000e+002	 9.89607e+000
891	 9.1000000000e+002	 2.32962e+002	 2.48045e+000
892	 9.1100000000e+002	 2.42642e+002	-6.24539e+000
893	 9.1200000000e+002	 2.51852e+002	-1.63033e+001
894	 9.1300000000e+002	 2.60361e+002	-2.77287e+001
895	 9.1400000000e+002	 2.67936e+002	-4.04962e+001
896	 9.1500000000e+002	 2.74274e+002	-5.45247e+001
897	 9.1600000000e+002	 2.79102e+002	-6.96550e+001
898	 9.1700000000e+002	 2.82187e+002	-8.56774e+001
899	 9.1800000000e+002	 2.83347e+002	-1.02278e+002
900	 9.1900000000e+002	 2.82434e+002	-1.19102e+002
901	 9.2000000000e+002	 2.79411e+002	-1.35810e+002
902	 9.2100000000e+002	 2.74336e+002	-1.51961e+002
903	 9.2200000000e+002	 2.67328e+002	-1.67258e+002
904	 9.2300000000e+002	 2.58610e+002	-1.81356e+002
905	 9.2400000000e+002	 2.48468e+002	-1.94002e+002
906	 9.2500000000e+002	 2.37224e+002	-2.05069e+002
907	 9.2600000000e+002	 2.25179e+002	-2.14432e+002
908	 9.2700000000e+002	 2.12657e+002	-2.22086e+002
909	 9.2800000000e+002	 1.99949e+002	-2.28097e+002
910	 9.2900000000e+002	 1.87308e+002	-2.32543e+002
911	 9.3000000000e+002	 1.74937e+002	-2.35574e+002
912	 9.3100000000e+002	 1.62997e+002	-2.37352e+002
913	 9.3200000000e+002	 1.51605e+002	-2.38042e+002
914	 9.3300000000e+002	 1.40829e+002	-2.37808e+002
915	 9.3400000000e+002	 1.30723e+002	-2.36783e+002
916	 9.3500000000e+002	 1.21299e+002	-2.35138e+002
917	 9.3600000000e+002	 1.12525e+002	-2.32991e+002
918	 9.3700000000e+002	 1.04400e+002	-2.30452e+002
919	 9.3800000000e+002	 9.68985e+001	-2.27608e+002
920	 9.3900000000e+002	 8.99775e+001	-2.24516e+002
921	 9.4000000000e+002	 8.35790e+001	-2.21253e+002
922	 9.4100000000e+002	 7.76718e+001	-2.17866e+002
923	 9.4200000000e+002	 7.22395e+001	-2.14368e+002
924	 9.4300000000e+002	 6.72552e+001	-2.10826e+002
925	 9.4400000000e+002	 6.26643e+001	-2.07282e+002
926	 9.4500000000e+002	 5.84214e+001	-2.03729e+002
927	 9.4600000000e+002	 5.45145e+001	-2.00188e+002
928	 9.4700000000e+002	 5.09160e+001	-1.96673e+002
929	 9.4800000000e+002	 4.75958e+001	-1.93213e+002
930	 9.4900000000e+002	 4.45393e+001	-1.89788e+002
931	 9.5000000000e+002	 4.17155e+001	-1.86435e+002
932	 9.5100000000e+002	 3.90732e+001	-1.83098e+002
933	 9.5200000000e+002	 3.66648e+001	-1.79841e+002
934	 9.5300000000e+002	 3.44275e+001	-1.76624e+002
935	 9.5400000000e+002	 3.23620e+001	-1.73482e+002
936	 9.5500000000e+002	 3.04453e+001	-1.70400e+002
937	 9.5600000000e+002	 2.86722e+001	-1.67384e+002
938	 9.5700000000e+002	 2.70178e+001	-1.64414e+002
939	 9.5800000000e+002	 2.54965e+001	-1.61503e+002
940	 9.5900000000e+002	 2.40947e+001	-1.58643e+002
941	 9.6000000000e+002	 2.27926e+001	-1.55829e+002
942	 9.6100000000e+002	 2.15932e+001	-1.53056e+002
943	 9.6200000000e+002	 2.04912e+001	-1.50334e+002
944	 9.6300000000e+002	 1.94758e+001	-1.47672e+002
945	 9.6400000000e+002	 1.85349e+001	-1.45049e+002
946	 9.6500000000e+002	 1.76836e+001	-1.42462e+002
947	 9.6600000000e+002	 1.69060e+001	-1.39922e+002
948	 9.6700000000e+002	 1.62006e+001	-1.37412e+002
949	 9.6800000000e+002	 1.55685e+001	-1.34941e+002
950	 9.6900000000e+002	 1.50129e+001	-1.32505e+002
951	 9.7000000000e+002	 1.45174e+001	-1.30120e+002
952	 9.7100000000e+002	 1.40858e+001	-1.27775e+002
953	 9.7200000000e+002	 1.37091e+001	-1.25452e+002
954	 9.7300000000e+002	 1.33936e+001	-1.23165e+002
955	 9.7400000000e+002	 1.31399e+001	-1.20931e+002
956	 9.7500000000e+002	 1.29228e+001	-1.18725e+002
957	 9.7600000000e+002	 1.27630e+001	-1.16550e+002
958	 9.7700000000e+002	 1.26549e+001	-1.14419e+002
959	 9.7800000000e+002	 1.25834e+001	-1.12310e+002
960	 9.7900000000e+002	 1.25566e+001	-1.10235e+002
961	 9.8000000000e+002	 1.25735e+001	-1.08192e+002
962	 9.8100000000e+002	 1.26256e+001	-1.06172e+002
963	 9.8200000000e+002	 1.27114e+001	-1.04186e+002
964	 9.8300000000e+002	 1.28292e+001	-1.02232e+002
965	 9.8400000000e+002	 1.29749e+001	-1.00292e+002
966	 9.8500000000e+002	 1.31615e+001	-9.83785e+001
967	 9.8600000000e+002	 1.33894e+001	-9.64875e+001
968	 9.8700000000e+002	 1.36390e+001	-9.46115e+001
969	 9.8800000000e+002	 1.39209e+001	-9.27514e+001
970	 9.8900000000e+002	 1.42322e+001	-9.09148e+001
971	 9.9000000000e+002	 1.45702e+001	-8.90861e+001
972	 9.9100000000e+002	 1.49314e+001	-8.72787e+001
973	 9.9200000000e+002	 1.53363e+001	-8.54862e+001
974	 9.9300000000e+002	 1.57699e+001	-8.36930e+001
975	 9.9400000000e+002	 1.62303e+001	-8.19108e+001
976	 9.9500000000e+002	 1.67188e+001	-8.01435e+001
977	 9.9600000000e+002	 1.72487e+001	-7.83800e+001
978	 9.9700000000e+002	 1.78063e+001	-7.66253e+001
979	 9.9800000000e+002	 1.83947e+001	-7.48722e+001
980	 9.9900000000e+002	 1.90141e+001	-7.31211e+001
981	 1.0000000000e+003	 1.96860e+001	-7.13766e+001
982	 1.0010000000e+003	 2.03819e+001	-6.96305e+001
983	 1.0020000000e+003	 2.11148e+001	-6.78723e+001
984	 1.0030000000e+003	 2.18914e+001	-6.61195e+001
985	 1.0040000000e+003	 2.27213e+001	-6.43709e+001
986	 1.0050000000e+003	 2.35959e+001	-6.26222e+001
987	 1.0060000000e+003	 2.45203e+001	-6.08848e+001
988	 1.0070000000e+003	 2.55016e+001	-5.91462e+001
989	 1.0080000000e+003	 2.65022e+001	-5.73990e+001
990	 1.0090000000e+003	 2.75660e+001	-5.56643e+001
991	 1.0100000000e+003	 2.86990e+001	-5.39264e+001
992	 1.0110000000e+003	 2.98666e+001	-5.21692e+001
993	 1.0120000000e+003	 3.11144e+001	-5.04255e+001
994	 1.0130000000e+003	 3.24196e+001	-4.86826e+001
995	 1.0140000000e+003	 3.37792e+001	-4.69303e+001
996	 1.0150000000e+003	 3.52238e+001	-4.51916e+001
997	 1.0160000000e+003	 3.67299e+001	-4.34516e+001
998	 1.0170000000e+003	 3.83083e+001	-4.17083e+001
999	 1.0180000000e+003	 3.99810e+001	-3.99649e+001
1000	 1.0190000000e+003	 4.17450e+001	-3.82339e+001
1001	 1.0200000000e+003	 4.35791e+001	-3.64976e+001
1002	 1.0210000000e+003	 4.55223e+001	-3.47881e+001
1003	 1.0220000000e+003	 4.75771e+001	-3.30927e+001
1004	 1.0230000000e+003	 4.97251e+001	-3.13959e+001
1005	 1.0240000000e+003	 5.19690e+001	-2.97142e+001
1006	 1.0250000000e+003	 5.43483e+001	-2.80717e+001
1007	 1.0260000000e+003	 5.68535e+001	-2.64713e+001
1008	 1.0270000000e+003	 5.94784e+001	-2.48792e+001
1009	 1.0280000000e+003	 6.22393e+001	-2.33168e+001
1010	 1.0290000000e+003	 6.51517e+001	-2.18210e+001
1011	 1.0300000000e+003	 6.82234e+001	-2.03988e+001
1012	 1.0310000000e+003	 7.14529e+001	-1.90247e+001
1013	 1.0320000000e+003	 7.48351e+001	-1.77043e+001
1014	 1.0330000000e+003	 7.83971e+001	-1.64643e+001
1015	 1.0340000000e+003	 8.21479e+001	-1.53408e+001
1016	 1.0350000000e+003	 8.60837e+001	-1.43592e+001
1017	 1.0360000000e+003	 9.02361e+001	-1.35031e+001
1018	 1.0370000000e+003	 9.45811e+001	-1.27754e+001
1019	 1.0380000000e+003	 9.91338e+001	-1.22013e+001
1020	 1.0390000000e+003	 1.03906e+002	-1.18280e+001
1021	 1.0400000000e+003	 1.08908e+002	-1.16978e+001
1022	 1.0410000000e+003	 1.14121e+002	-1.18456e+001
1023	 1.0420000000e+003	 1.19561e+002	-1.22979e+001
1024	 1.0430000000e+003	 1.25210e+002	-1.30765e+001
1025	 1.0440000000e+003	 1.31057e+002	-1.42390e+001
1026	 1.0450000000e+003	 1.37104e+002	-1.57900e+001
1027	 1.0460000000e+003	 1.43303e+002	-1.77908e+001
1028	 1.0470000000e+003	 1.49648e+002	-2.02904e+001
1029	 1.0480000000e+003	 1.56094e+002	-2.33528e+001
1030	 1.0490000000e+003	 1.62608e+002	-2.70602e+001
1031	 1.0500000000e+003	 1.69105e+002	-3.13896e+001
1032	 1.0510000000e+003	 1.75511e+002	-3.63406e+001
1033	 1.0520000000e+003	 1.81775e+002	-4.20916e+001
1034	 1.0530000000e+003	 1.87774e+002	-4.85850e+001
1035	 1.0540000000e+003	 1.93426e+002	-5.58341e+001
1036	 1.0550000000e+003	 1.98615e+002	-6.38212e+001
1037	 1.0560000000e+003	 2.03201e+002	-7.25599e+001
1038	 1.0570000000e+003	 2.07064e+002	-8.19770e+001
1039	 1.0580000000e+003	 2.10084e+002	-9.20189e+001
1040	 1.0590000000e+003	 2.12158e+002	-1.02560e+002
1041	 1.0600000000e+003	 2.13162e+002	-1.13507e+002
1042	 1.0610000000e+003	 2.13037e+002	-1.24687e+002
1043	 1.0620000000e+003	 2.11700e+002	-1.35956e+002
1044	 1.0630000000e+003	 2.09154e+002	-1.47102e+002
1045	 1.0640000000e+003	 2.05427e+002	-1.57935e+002
1046	 1.0650000000e+003	 2.00559e+002	-1.68280e+002
1047	 1.0660000000e+003	 1.94641e+002	-1.77990e+002
1048	 1.0670000000e+003	 1.87829e+002	-1.86911e+002
1049	 1.0680000000e+003	 1.80281e+002	-1.94946e+002
1050	 1.0690000000e+003	 1.72132e+002	-2.02017e+002
1051	 1.0700000000e+003	 1.63545e+002	-2.08107e+002
1052	 1.0710000000e+003	 1.54649e+002	-2.13188e+002
1053	 1.0720000000e+003	 1.45606e+002	-2.17276e+002
1054	 1.0730000000e+003	 1.36571e+002	-2.20400e+002
1055	 1.0740000000e+003	 1.27669e+002	-2.22642e+002
1056	 1.0750000000e+003	 1.18939e+002	-2.24104e+002
1057	 1.0760000000e+003	 1.10466e+002	-2.24848e+002
1058	 1.0770000000e+003	 1.02337e+002	-2.24938e+002
1059	 1.0780000000e+003	 9.45742e+001	-2.24434e+002
1060	 1.0790000000e+003	 8.72127e+001	-2.23430e+002
1061	 1.0800000000e+003	 8.02483e+001	-2.22009e+002
1062	 1.0810000000e+003	 7.36729e+001	-2.20257e+002
1063	 1.0820000000e+003	 6.75159e+001	-2.18209e+002
1064	 1.0830000000e+003	 6.17616e+001	-2.15907e+002
1065	 1.0840000000e+003	 5.63896e+001	-2.13408e+002
1066	 1.0850000000e+003	 5.13714e+001	-2.10762e+002
1067	 1.0860000000e+003	 4.67093e+001	-2.07997e+002
1068	 1.0870000000e+003	 4.23823e+001	-2.05128e+002
1069	 1.0880000000e+003	 3.83493e+001	-2.02186e+002
1070	 1.0890000000e+003	 3.45945e+001	-1.99226e+002
1071	 1.0900000000e+003	 3.11316e+001	-1.96240e+002
1072	 1.0910000000e+003	 2.79286e+001	-1.93217e+002
1073	 1.0920000000e+003	 2.49525e+001	-1.90197e+002
1074	 1.0930000000e+003	 2.22071e+001	-1.87178e+002
1075	 1.0940000000e+003	 1.96806e+001	-1.84181e+002
1076	 1.0950000000e+003	 1.73581e+001	-1.81205e+002
1077	 1.0960000000e+003	 1.51963e+001	-1.78266e+002
1078	 1.0970000000e+003	 1.32207e+001	-1.75350e+002
1079	 1.0980000000e+003	 1.13987e+001	-1.72469e+002
1080	 1.0990000000e+003	 9.71840e+000	-1.69642e+002
1081	 1.1000000000e+003	 8.16680e+000	-1.66854e+002
1082	 1.1010000000e+003	 6.74518e+000	-1.64101e+002
1083	 1.1020000000e+003	 5.44535e+000	-1.61412e+002
1084	 1.1030000000e+003	 4.27164e+000	-1.58762e+002
1085	 1.1040000000e+003	 3.20026e+000	-1.56160e+002
1086	 1.1050000000e+003	 2.22850e+000	-1.53598e+002
1087	 1.1060000000e+003	 1.35782e+000	-1.51082e+002
1088	 1.1070000000e+003	 5.65505e-001	-1.48616e+002
1089	 1.1080000000e+003	-1.45430e-001	-1.46198e+002
1090	 1.1090000000e+003	-7.87315e-001	-1.43828e+002
1091	 1.1100000000e+003	-1.35137e+000	-1.41502e+002
1092	 1.1110000000e+003	-1.84125e+000	-1.39218e+002
1093	 1.1120000000e+003	-2.27044e+000	-1.36981e+002
1094	 1.1130000000e+003	-2.62302e+000	-1.34788e+002
1095	 1.1140000000e+003	-2.92296e+000	-1.32645e+002
1096	 1.1150000000e+003	-3.17374e+000	-1.30534e+002
1097	 1.1160000000e+003	-3.38160e+000	-1.28456e+002
1098	 1.1170000000e+003	-3.53536e+000	-1.26422e+002
1099	 1.1180000000e+003	-3.63219e+000	-1.24434e+002
1100	 1.1190000000e+003	-3.69319e+000	-1.22488e+002
1101	 1.1200000000e+003	-3.72154e+000	-1.20578e+002
1102	 1.1210000000e+003	-3.70948e+000	-1.18708e+002
1103	 1.1220000000e+003	-3.66067e+000	-1.16869e+002
1104	 1.1230000000e+003	-3.58229e+000	-1.15066e+002
1105	 1.1240000000e+003	-3.47558e+000	-1.13295e+002
1106	 1.1250000000e+003	-3.35512e+000	-1.11558e+002
1107	 1.1260000000e+003	-3.19987e+000	-1.09849e+002
1108	 1.1270000000e+003	-3.02334e+000	-1.08158e+002
1109	 1.1280000000e+003	-2.82641e+000	-1.06488e+002
1110	 1.1290000000e+003	-2.61560e+000	-1.04848e+002
1111	 1.1300000000e+003	-2.38203e+000	-1.03216e+002
1112	 1.1310000000e+003	-2.11937e+000	-1.01586e+002
1113	 1.1320000000e+003	-1.83345e+000	-9.99730e+001
1114	 1.1330000000e+003	-1.52429e+000	-9.83754e+001
1115	 1.1340000000e+003	-1.18659e+000	-9.67731e+001
1116	 1.1350000000e+003	-8.21045e-001	-9.51749e+001
1117	 1.1360000000e+003	-4.27151e-001	-9.35920e+001
1118	 1.1370000000e+003	 1.01625e-002	-9.20037e+001
1119	 1.1380000000e+003	 4.82579e-001	-9.04312e+001
1120	 1.1390000000e+003	 9.94492e-001	-8.88690e+001
1121	 1.1400000000e+003	 1.53749e+000	-8.73143e+001
1122	 1.1410000000e+003	 2.12580e+000	-8.57708e+001
1123	 1.1420000000e+003	 2.75137e+000	-8.42301e+001
1124	 1.1430000000e+003	 3.41758e+000	-8.27126e+001
1125	 1.1440000000e+003	 4.12882e+000	-8.12164e+001
1126	 1.1450000000e+003	 4.86536e+000	-7.97310e+001
1127	 1.1460000000e+003	 5.64469e+000	-7.82644e+001
1128	 1.1470000000e+003	 6.45174e+000	-7.68118e+001
1129	 1.1480000000e+003	 7.30295e+000	-7.53690e+001
1130	 1.1490000000e+003	 8.25098e+000	-7.39619e+001
1131	 1.1500000000e+003	 9.19917e+000	-7.25599e+001
1132	 1.1510000000e+003	 1.00874e+001	-7.11313e+001
1133	 1.1520000000e+003	 1.10918e+001	-6.97404e+001
1134	 1.1530000000e+003	 1.21379e+001	-6.83625e+001
1135	 1.1540000000e+003	 1.32344e+001	-6.69996e+001
1136	 1.1550000000e+003	 1.43702e+001	-6.56510e+001
1137	 1.1560000000e+003	 1.55525e+001	-6.43143e+001
1138	 1.1570000000e+003	 1.67840e+001	-6.29969e+001
1139	 1.1580000000e+003	 1.80667e+001	-6.16914e+001
1140	 1.1590000000e+003	 1.94050e+001	-6.03986e+001
1141	 1.1600000000e+003	 2.07993e+001	-5.91274e+001
1142	 1.1610000000e+003	 2.22467e+001	-5.78718e+001
1143	 1.1620000000e+003	 2.37592e+001	-5.66337e+001
1144	 1.1630000000e+003	 2.53274e+001	-5.54204e+001
1145	 1.1640000000e+003	 2.69682e+001	-5.42317e+001
1146	 1.1650000000e+003	 2.86778e+001	-5.30678e+001
1147	 1.1660000000e+003	 3.04502e+001	-5.19346e+001
1148	 1.1670000000e+003	 3.22973e+001	-5.08325e+001
1149	 1.1680000000e+003	 3.42255e+001	-4.97602e+001
1150	 1.1690000000e+003	 3.62339e+001	-4.87278e+001
1151	 1.1700000000e+003	 3.83305e+001	-4.77421e+001
1152	 1.1710000000e+003	 4.05187e+001	-4.68060e+001
1153	 1.1720000000e+003	 4.27831e+001	-4.59213e+001
1154	 1.1730000000e+003	 4.51462e+001	-4.50980e+001
1155	 1.1740000000e+003	 4.76000e+001	-4.43438e+001
1156	 1.1750000000e+003	 5.01520e+001	-4.36660e+001
1157	 1.1760000000e+003	 5.28104e+001	-4.30567e+001
1158	 1.1770000000e+003	 5.55664e+001	-4.25397e+001
1159	 1.1780000000e+003	 5.84188e+001	-4.21217e+001
1160	 1.1790000000e+003	 6.13861e+001	-4.18129e+001
1161	 1.1800000000e+003	 6.44578e+001	-4.16234e+001
1162	 1.1810000000e+003	 6.76399e+001	-4.15610e+001
1163	 1.1820000000e+003	 7.09332e+001	-4.16343e+001
1164	 1.1830000000e+003	 7.43293e+001	-4.18607e+001
1165	 1.1840000000e+003	 7.78343e+001	-4.22613e+001
1166	 1.1850000000e+003	 8.14530e+001	-4.28600e+001
1167	 1.1860000000e+003	 8.51759e+001	-4.36634e+001
1168	 1.1870000000e+003	 8.89764e+001	-4.46918e+001
1169	 1.1880000000e+003	 9.28691e+001	-4.59656e+001
1170	 1.1890000000e+003	 9.68406e+001	-4.75028e+001
1171	 1.1900000000e+003	 1.00871e+002	-4.93352e+001
1172	 1.1910000000e+003	 1.04943e+002	-5.14771e+001
1173	 1.1920000000e+003	 1.09054e+002	-5.39505e+001
1174	 1.1930000000e+003	 1.13162e+002	-5.67944e+001
1175	 1.1940000000e+003	 1.17226e+002	-6.00266e+001
1176	 1.1950000000e+003	 1.21231e+002	-6.36658e+001
1177	 1.1960000000e+003	 1.25118e+002	-6.77436e+001
1178	 1.1970000000e+003	 1.28832e+002	-7.22644e+001
1179	 1.1980000000e+003	 1.32325e+002	-7.72470e+001
1180	 1.1990000000e+003	 1.35534e+002	-8.26863e+001
1181	 1.2000000000e+003	 1.38374e+002	-8.85648e+001
1182	 1.2010000000e+003	 1.40799e+002	-9.48728e+001
1183	 1.2020000000e+003	 1.42711e+002	-1.01571e+002
1184	 1.2030000000e+003	 1.44028e+002	-1.08596e+002
1185	 1.2040000000e+003	 1.44706e+002	-1.15888e+002
1186	 1.2050000000e+003	 1.44679e+002	-1.23369e+002
1187	 1.2060000000e+003	 1.43947e+002	-1.30923e+002
1188	 1.2070000000e+003	 1.42469e+002	-1.38465e+002
1189	 1.2080000000e+003	 1.40228e+002	-1.45879e+002
1190	 1.2090000000e+003	 1.37276e+002	-1.53077e+002
1191	 1.2100000000e+003	 1.33650e+002	-1.59977e+002
1192	 1.2110000000e+003	 1.29373e+002	-1.66458e+002
1193	 1.2120000000e+003	 1.24536e+002	-1.72443e+002
1194	 1.2130000000e+003	 1.19218e+002	-1.77891e+002
1195	 1.2140000000e+003	 1.13496e+002	-1.82748e+002
1196	 1.2150000000e+003	 1.07464e+002	-1.86994e+002
1197	 1.2160000000e+003	 1.01223e+002	-1.90622e+002
1198	 1.2170000000e+003	 9.48344e+001	-1.93623e+002
1199	 1.2180000000e+003	 8.83839e+001	-1.96009e+002
1200	 1.2190000000e+003	 8.19618e+001	-1.97806e+002
1201	 1.2200000000e+003	 7.55958e+001	-1.99072e+002
1202	 1.2210000000e+003	 6.93346e+001	-1.99820e+002
1203	 1.2220000000e+003	 6.32345e+001	-2.00098e+002
1204	 1.2230000000e+003	 5.73766e+001	-1.99936e+002
1205	 1.2240000000e+003	 5.17327e+001	-1.99424e+002
1206	 1.2250000000e+003	 4.63057e+001	-1.98561e+002
1207	 1.2260000000e+003	 4.11398e+001	-1.97375e+002
1208	 1.2270000000e+003	 3.62441e+001	-1.95944e+002
1209	 1.2280000000e+003	 3.16054e+001	-1.94301e+002
1210	 1.2290000000e+003	 2.72541e+001	-1.92467e+002
1211	 1.2300000000e+003	 2.31527e+001	-1.90482e+002
1212	 1.2310000000e+003	 1.93031e+001	-1.88365e+002
1213	 1.2320000000e+003	 1.56824e+001	-1.86142e+002
1214	 1.2330000000e+003	 1.22913e+001	-1.83819e+002
1215	 1.2340000000e+003	 9.14749e+000	-1.81432e+002
1216	 1.2350000000e+003	 6.21033e+000	-1.79010e+002
1217	 1.2360000000e+003	 3.46696e+000	-1.76528e+002
1218	 1.2370000000e+003	 9.30838e-001	-1.74020e+002
1219	 1.2380000000e+003	-1.43530e+000	-1.71492e+002
1220	 1.2390000000e+003	-3.60653e+000	-1.68963e+002
1221	 1.2400000000e+003	-5.60363e+000	-1.66439e+002
1222	 1.2410000000e+003	-7.43888e+000	-1.63919e+002
1223	 1.2420000000e+003	-9.12534e+000	-1.61427e+002
1224	 1.2430000000e+003	-1.06814e+001	-1.58961e+002
1225	 1.2440000000e+003	-1.21115e+001	-1.56528e+002
1226	 1.2450000000e+003	-1.34224e+001	-1.54127e+002
1227	 1.2460000000e+003	-1.45975e+001	-1.51754e+002
1228	 1.2470000000e+003	-1.56936e+001	-1.49424e+002
1229	 1.2480000000e+003	-1.66746e+001	-1.47122e+002
1230	 1.2490000000e+003	-1.76190e+001	-1.44871e+002
1231	 1.2500000000e+003	-1.84358e+001	-1.42656e+002
1232	 1.2510000000e+003	-1.91429e+001	-1.40465e+002
1233	 1.2520000000e+003	-1.98088e+001	-1.38308e+002
1234	 1.2530000000e+003	-2.04105e+001	-1.36212e+002
1235	 1.2540000000e+003	-2.09398e+001	-1.34141e+002
1236	 1.2550000000e+003	-2.14109e+001	-1.32112e+002
1237	 1.2560000000e+003	-2.18168e+001	-1.30122e+002
1238	 1.2570000000e+003	-2.21755e+001	-1.28168e+002
1239	 1.2580000000e+003	-2.24847e+001	-1.26244e+002
1240	 1.2590000000e+003	-2.27388e+001	-1.24344e+002
1241	 1.2600000000e+003	-2.29461e+001	-1.22481e+002
1242	 1.2610000000e+003	-2.31262e+001	-1.20659e+002
1243	 1.2620000000e+003	-2.32456e+001	-1.18867e+002
1244	 1.2630000000e+003	-2.33224e+001	-1.17097e+002
1245	 1.2640000000e+003	-2.33799e+001	-1.15368e+002
1246	 1.2650000000e+003	-2.34065e+001	-1.13668e+002
1247	 1.2660000000e+003	-2.33972e+001	-1.11982e+002
1248	 1.2670000000e+003	-2.33435e+001	-1.10320e+002
1249	 1.2680000000e+003	-2.32501e+001	-1.08687e+002
1250	 1.2690000000e+003	-2.31328e+001	-1.07076e+002
1251	 1.2700000000e+003	-2.29912e+001	-1.05494e+002
1252	 1.2710000000e+003	-2.28190e+001	-1.03933e+002
1253	 1.2720000000e+003	-2.26156e+001	-1.02381e+002
1254	 1.2730000000e+003	-2.23825e+001	-1.00873e+002
1255	 1.2740000000e+003	-2.21206e+001	-9.93875e+001
1256	 1.2750000000e+003	-2.18342e+001	-9.79076e+001
1257	 1.2760000000e+003	-2.15176e+001	-9.64459e+001
1258	 1.2770000000e+003	-2.11665e+001	-9.50097e+001
1259	 1.2780000000e+003	-2.07923e+001	-9.35925e+001
1260	 1.2790000000e+003	-2.04028e+001	-9.21967e+001
1261	 1.2800000000e+003	-1.99768e+001	-9.08283e+001
1262	 1.2810000000e+003	-1.95223e+001	-8.94730e+001
1263	 1.2820000000e+003	-1.90445e+001	-8.81449e+001
1264	 1.2830000000e+003	-1.85498e+001	-8.68258e+001
1265	 1.2840000000e+003	-1.80349e+001	-8.55246e+001
1266	 1.2850000000e+003	-1.74888e+001	-8.42425e+001
1267	 1.2860000000e+003	-1.69064e+001	-8.29742e+001
1268	 1.2870000000e+003	-1.63012e+001	-8.17332e+001
1269	 1.2880000000e+003	-1.56836e+001	-8.05131e+001
1270	 1.2890000000e+003	-1.50508e+001	-7.93075e+001
1271	 1.2900000000e+003	-1.43846e+001	-7.81230e+001
1272	 1.2910000000e+003	-1.36948e+001	-7.69405e+001
1273	 1.2920000000e+003	-1.29717e+001	-7.57819e+001
1274	 1.2930000000e+003	-1.22266e+001	-7.46476e+001
1275	 1.2940000000e+003	-1.14628e+001	-7.35195e+001
1276	 1.2950000000e+003	-1.06747e+001	-7.24132e+001
1277	 1.2960000000e+003	-9.85931e+000	-7.13222e+001
1278	 1.2970000000e+003	-9.00338e+000	-7.02474e+001
1279	 1.2980000000e+003	-8.12342e+000	-6.91921e+001
1280	 1.2990000000e+003	-7.21633e+000	-6.81505e+001
1281	 1.3000000000e+003	-6.27786e+000	-6.71291e+001
1282	 1.3010000000e+003	-5.31433e+000	-6.61311e+001
1283	 1.3020000000e+003	-4.32203e+000	-6.51583e+001
1284	 1.3030000000e+003	-3.28962e+000	-6.41943e+001
1285	 1.3040000000e+003	-2.22459e+000	-6.32555e+001
1286	 1.3050000000e+003	-1.13099e+000	-6.23393e+001
1287	 1.3060000000e+003	-3.69923e-003	-6.14444e+001
1288	 1.3070000000e+003	 1.16363e+000	-6.05735e+001
1289	 1.3080000000e+003	 2.36093e+000	-5.97359e+001
1290	 1.3090000000e+003	 3.60747e+000	-5.89222e+001
1291	 1.3100000000e+003	 4.88150e+000	-5.81428e+001
1292	 1.3110000000e+003	 6.19204e+000	-5.73942e+001
1293	 1.3120000000e+003	 7.55078e+000	-5.66773e+001
1294	 1.3130000000e+003	 8.94319e+000	-5.59995e+001
1295	 1.3140000000e+003	 1.03693e+001	-5.53550e+001
1296	 1.3150000000e+003	 1.18301e+001	-5.47503e+001
1297	 1.3160000000e+003	 1.33443e+001	-5.41905e+001
1298	 1.3170000000e+003	 1.48961e+001	-5.36712e+001
1299	 1.3180000000e+003	 1.64756e+001	-5.31911e+001
1300	 1.3190000000e+003	 1.81053e+001	-5.27667e+001
1301	 1.3200000000e+003	 1.97876e+001	-5.23867e+001
1302	 1.3210000000e+003	 2.15098e+001	-5.20698e+001
1303	 1.3220000000e+003	 2.32807e+001	-5.18103e+001
1304	 1.3230000000e+003	 2.50889e+001	-5.16089e+001
1305	 1.3240000000e+003	 2.69377e+001	-5.14786e+001
1306	 1.3250000000e+003	 2.88410e+001	-5.14348e+001
1307	 1.3260000000e+003	 3.07875e+001	-5.14619e+001
1308	 1.3270000000e+003	 3.27739e+001	-5.15705e+001
1309	 1.3280000000e+003	 3.48085e+001	-5.17641e+001
1310	 1.3290000000e+003	 3.68775e+001	-5.20723e+001
1311	 1.3300000000e+003	 3.89929e+001	-5.24851e+001
1312	 1.3310000000e+003	 4.11308e+001	-5.29962e+001
1313	 1.3320000000e+003	 4.33065e+001	-5.36421e+001
1314	 1.3330000000e+003	 4.55125e+001	-5.44135e+001
1315	 1.3340000000e+003	 4.77305e+001	-5.53259e+001
1316	 1.3350000000e+003	 4.99571e+001	-5.63766e+001
1317	 1.3360000000e+003	 5.21951e+001	-5.75805e+001
1318	 1.3370000000e+003	 5.44237e+001	-5.89624e+001
1319	 1.3380000000e+003	 5.66285e+001	-6.05152e+001
1320	 1.3390000000e+003	 5.88226e+001	-6.22525e+001
1321	 1.3400000000e+003	 6.09554e+001	-6.41891e+001
1322	 1.3410000000e+003	 6.30333e+001	-6.63418e+001
1323	 1.3420000000e+003	 6.50044e+001	-6.86943e+001
1324	 1.3430000000e+003	 6.68598e+001	-7.12584e+001
1325	 1.3440000000e+003	 6.85800e+001	-7.40459e+001
1326	 1.3450000000e+003	 7.01384e+001	-7.70382e+001
1327	 1.3460000000e+003	 7.14902e+001	-8.02468e+001
1328	 1.3470000000e+003	 7.26021e+001	-8.36359e+001
1329	 1.3480000000e+003	 7.34069e+001	-8.71823e+001
1330	 1.3490000000e+003	 7.38858e+001	-9.09135e+001
1331	 1.3500000000e+003	 7.40615e+001	-9.47184e+001
1332	 1.3510000000e+003	 7.39659e+001	-9.85253e+001
1333	 1.3520000000e+003	 7.34553e+001	-1.02414e+002
1334	 1.3530000000e+003	 7.25708e+001	-1.06253e+002
1335	 1.3540000000e+003	 7.13184e+001	-1.10032e+002
1336	 1.3550000000e+003	 6.97007e+001	-1.13683e+002
1337	 1.3560000000e+003	 6.77625e+001	-1.17173e+002
1338	 1.3570000000e+003	 6.55017e+001	-1.20439e+002
1339	 1.3580000000e+003	 6.29682e+001	-1.23465e+002
1340	 1.3590000000e+003	 6.01870e+001	-1.26204e+002
1341	 1.3600000000e+003	 5.71925e+001	-1.28639e+002
1342	 1.3610000000e+003	 5.40292e+001	-1.30748e+002
1343	 1.3620000000e+003	 5.07624e+001	-1.32538e+002
1344	 1.3630000000e+003	 4.74280e+001	-1.33995e+002
1345	 1.3640000000e+003	 4.40736e+001	-1.35140e+002
1346	 1.3650000000e+003	 4.07255e+001	-1.35969e+002
1347	 1.3660000000e+003	 3.74266e+001	-1.36493e+002
1348	 1.3670000000e+003	 3.41896e+001	-1.36742e+002
1349	 1.3680000000e+003	 3.10569e+001	-1.36742e+002
1350	 1.3690000000e+003	 2.80487e+001	-1.36519e+002
1351	 1.3700000000e+003	 2.51771e+001	-1.36108e+002
1352	 1.3710000000e+003	 2.24455e+001	-1.35529e+002
1353	 1.3720000000e+003	 1.98583e+001	-1.34791e+002
1354	 1.3730000000e+003	 1.74209e+001	-1.33909e+002
1355	 1.3740000000e+003	 1.51300e+001	-1.32923e+002
1356	 1.3750000000e+003	 1.29954e+001	-1.31847e+002
1357	 1.3760000000e+003	 1.10226e+001	-1.30723e+002
1358	 1.3770000000e+003	 9.18316e+000	-1.29544e+002
1359	 1.3780000000e+003	 7.47368e+000	-1.28342e+002
1360	 1.3790000000e+003	 5.89003e+000	-1.27093e+002
1361	 1.3800000000e+003	 4.44010e+000	-1.25823e+002
1362	 1.3810000000e+003	 3.10575e+000	-1.24550e+002
1363	 1.3820000000e+003	 1.87003e+000	-1.23284e+002
1364	 1.3830000000e+003	 7.20331e-001	-1.22041e+002
1365	 1.3840000000e+003	-3.42217e-001	-1.20798e+002
1366	 1.3850000000e+003	-1.32579e+000	-1.19568e+002
1367	 1.3860000000e+003	-2.23911e+000	-1.18351e+002
1368	 1.3870000000e+003	-3.10119e+000	-1.17154e+002
1369	 1.3880000000e+003	-3.90165e+000	-1.15975e+002
1370	 1.3890000000e+003	-4.64073e+000	-1.14822e+002
1371	 1.3900000000e+003	-5.33525e+000	-1.13681e+002
1372	 1.3910000000e+003	-5.99134e+000	-1.12552e+002
1373	 1.3920000000e+003	-6.60594e+000	-1.11435e+002
1374	 1.3930000000e+003	-7.17943e+000	-1.10337e+002
1375	 1.3940000000e+003	-7.71578e+000	-1.09258e+002
1376	 1.3950000000e+003	-8.22367e+000	-1.08177e+002
1377	 1.3960000000e+003	-8.69864e+000	-1.07114e+002
1378	 1.3970000000e+003	-9.15484e+000	-1.06054e+002
1379	 1.3980000000e+003	-9.58632e+000	-1.05004e+002
1380	 1.3990000000e+003	-9.99170e+000	-1.03949e+002
1381	 1.4000000000e+003	-1.03637e+001	-1.02913e+002
1382	 1.4010000000e+003	-1.07022e+001	-1.01887e+002
1383	 1.4020000000e+003	-1.10198e+001	-1.00858e+002
1384	 1.4030000000e+003	-1.13195e+001	-9.98378e+001
1385	 1.4040000000e+003	-1.15867e+001	-9.88181e+001
1386	 1.4050000000e+003	-1.18234e+001	-9.77951e+001
1387	 1.4060000000e+003	-1.20410e+001	-9.67739e+001
1388	 1.4070000000e+003	-1.22265e+001	-9.57584e+001
1389	 1.4080000000e+003	-1.23679e+001	-9.47523e+001
1390	 1.4090000000e+003	-1.25076e+001	-9.37507e+001
1391	 1.4100000000e+003	-1.26206e+001	-9.27588e+001
1392	 1.4110000000e+003	-1.27079e+001	-9.17661e+001
1393	 1.4120000000e+003	-1.27750e+001	-9.07838e+001
1394	 1.4130000000e+003	-1.28044e+001	-8.98021e+001
1395	 1.4140000000e+003	-1.28123e+001	-8.88346e+001
1396	 1.4150000000e+003	-1.27941e+001	-8.78758e+001
1397	 1.4160000000e+003	-1.27549e+001	-8.69209e+001
1398	 1.4170000000e+003	-1.26944e+001	-8.59731e+001
1399	 1.4180000000e+003	-1.26144e+001	-8.50381e+001
1400	 1.4190000000e+003	-1.25081e+001	-8.41103e+001
1401	 1.4200000000e+003	-1.23718e+001	-8.31855e+001
1402	 1.4210000000e+003	-1.22235e+001	-8.22818e+001
1403	 1.4220000000e+003	-1.20496e+001	-8.13754e+001
1404	 1.4230000000e+003	-1.18666e+001	-8.04916e+001
1405	 1.4240000000e+003	-1.16672e+001	-7.96095e+001
1406	 1.4250000000e+003	-1.14462e+001	-7.87367e+001
1407	 1.4260000000e+003	-1.12022e+001	-7.78665e+001
1408	 1.4270000000e+003	-1.09333e+001	-7.70088e+001
1409	 1.4280000000e+003	-1.06464e+001	-7.61707e+001
1410	 1.4290000000e+003	-1.03445e+001	-7.53383e+001
1411	 1.4300000000e+003	-1.00216e+001	-7.45114e+001
1412	 1.4310000000e+003	-9.67719e+000	-7.36902e+001
1413	 1.4320000000e+003	-9.31452e+000	-7.28870e+001
1414	 1.4330000000e+003	-8.93986e+000	-7.20876e+001
1415	 1.4340000000e+003	-8.54805e+000	-7.12972e+001
1416	 1.4350000000e+003	-8.14018e+000	-7.05259e+001
1417	 1.4360000000e+003	-7.70842e+000	-6.97579e+001
1418	 1.4370000000e+003	-7.26490e+000	-6.89980e+001
1419	 1.4380000000e+003	-6.80991e+000	-6.82459e+001
1420	 1.4390000000e+003	-6.33497e+000	-6.75092e+001
1421	 1.4400000000e+003	-5.83579e+000	-6.67807e+001
1422	 1.4410000000e+003	-5.31855e+000	-6.60557e+001
1423	 1.4420000000e+003	-4.79193e+000	-6.53425e+001
1424	 1.4430000000e+003	-4.24227e+000	-6.46334e+001
1425	 1.4440000000e+003	-3.67245e+000	-6.39368e+001
1426	 1.4450000000e+003	-3.07341e+000	-6.32397e+001
1427	 1.4460000000e+003	-2.45848e+000	-6.25510e+001
1428	 1.4470000000e+003	-1.82544e+000	-6.18705e+001
1429	 1.4480000000e+003	-1.17233e+000	-6.12133e+001
1430	 1.4490000000e+003	-4.99137e-001	-6.05221e+001
1431	 1.4500000000e+003	 2.03359e-001	-5.98750e+001
1432	 1.4510000000e+003	 9.34354e-001	-5.92732e+001
1433	 1.4520000000e+003	 1.70232e+000	-5.86479e+001
1434	 1.4530000000e+003	 2.49044e+000	-5.80229e+001
1435	 1.4540000000e+003	 3.30062e+000	-5.74276e+001
1436	 1.4550000000e+003	 4.13070e+000	-5.68503e+001
1437	 1.4560000000e+003	 4.99815e+000	-5.62836e+001
1438	 1.4570000000e+003	 5.92157e+000	-5.57217e+001
1439	 1.4580000000e+003	 6.87783e+000	-5.51708e+001
1440	 1.4590000000e+003	 7.86020e+000	-5.46474e+001
1441	 1.4600000000e+003	 8.84780e+000	-5.41632e+001
1442	 1.4610000000e+003	 9.87962e+000	-5.37056e+001
1443	 1.4620000000e+003	 1.10023e+001	-5.32593e+001
1444	 1.4630000000e+003	 1.21644e+001	-5.28309e+001
1445	 1.4640000000e+003	 1.33136e+001	-5.24500e+001
1446	 1.4650000000e+003	 1.44700e+001	-5.21261e+001
1447	 1.4660000000e+003	 1.57326e+001	-5.18307e+001
1448	 1.4670000000e+003	 1.70995e+001	-5.15645e+001
1449	 1.4680000000e+003	 1.84299e+001	-5.13457e+001
1450	 1.4690000000e+003	 1.97108e+001	-5.12055e+001
1451	 1.4700000000e+003	 2.11377e+001	-5.11259e+001
1452	 1.4710000000e+003	 2.27012e+001	-5.10836e+001
1453	 1.4720000000e+003	 2.41478e+001	-5.11035e+001
1454	 1.4730000000e+003	 2.55447e+001	-5.12140e+001
1455	 1.4740000000e+003	 2.71955e+001	-5.14208e+001
1456	 1.4750000000e+003	 2.88731e+001	-5.16885e+001
1457	 1.4760000000e+003	 3.03054e+001	-5.19990e+001
1458	 1.4770000000e+003	 3.19131e+001	-5.24706e+001
1459	 1.4780000000e+003	 3.37442e+001	-5.30831e+001
1460	 1.4790000000e+003	 3.52579e+001	-5.36536e+001
1461	 1.4800000000e+003	 3.68012e+001	-5.43888e+001
1462	 1.4810000000e+003	 3.86860e+001	-5.53840e+001
1463	 1.4820000000e+003	 4.02136e+001	-5.62620e+001
1464	 1.4830000000e+003	 4.16637e+001	-5.73056e+001
1465	 1.4840000000e+003	 4.35143e+001	-5.87439e+001
1466	 1.4850000000e+003	 4.49121e+001	-5.99191e+001
1467	 1.4860000000e+003	 4.62879e+001	-6.13507e+001
1468	 1.4870000000e+003	 4.79830e+001	-6.32293e+001
1469	 1.4880000000e+003	 4.90896e+001	-6.45947e+001
1470	 1.4890000000e+003	 5.04008e+001	-6.66162e+001
1471	 1.4900000000e+003	 5.17448e+001	-6.87651e+001
1472	 1.4910000000e+003	 5.25305e+001	-7.03793e+001
1473	 1.4920000000e+003	 5.36560e+001	-7.31199e+001
1474	 1.4930000000e+003	 5.44127e+001	-7.51059e+001
1475	 1.4940000000e+003	 5.49568e+001	-7.74951e+001
1476	 1.4950000000e+003	 5.55652e+001	-8.04387e+001
1477	 1.4960000000e+003	 5.57325e+001	-8.22791e+001
1478	 1.4970000000e+003	 5.58349e+001	-8.56812e+001
1479	 1.4980000000e+003	 5.58181e+001	-8.76950e+001
1480	 1.4990000000e+003	 5.53388e+001	-9.07499e+001
1481	 1.5000000000e+003	 5.48999e+001	-9.34672e+001
1482	 1.5010000000e+003	 5.41004e+001	-9.57696e+001
1483	 1.5020000000e+003	 5.29501e+001	-9.90062e+001
1484	 1.5030000000e+003	 5.20427e+001	-1.00687e+002
1485	 1.5040000000e+003	 5.01485e+001	-1.03964e+002
1486	 1.5050000000e+003	 4.91527e+001	-1.05342e+002
1487	 1.5060000000e+003	 4.66605e+001	-1.08290e+002
1488	 1.5070000000e+003	 4.55019e+001	-1.09528e+002
1489	 1.5080000000e+003	 4.26046e+001	-1.11935e+002
1490	 1.5090000000e+003	 4.12680e+001	-1.12990e+002
1491	 1.5100000000e+003	 3.81047e+001	-1.14815e+002
1492	 1.5110000000e+003	 3.66565e+001	-1.15643e+002
1493	 1.5120000000e+003	 3.32923e+001	-1.16916e+002
1494	 1.5130000000e+003	 3.18549e+001	-1.17474e+002
1495	 1.5140000000e+003	 2.83880e+001	-1.18224e+002
1496	 1.5150000000e+003	 2.70487e+001	-1.18485e+002
1497	 1.5160000000e+003	 2.35482e+001	-1.18743e+002
1498	 1.5170000000e+003	 2.23111e+001	-1.18749e+002
1499	 1.5180000000e+003	 1.89966e+001	-1.18639e+002
1500	 1.5190000000e+003	 1.77418e+001	-1.18392e+002
1501	 1.5200000000e+003	 1.49550e+001	-1.18024e+002
1502	 1.5210000000e+003	 1.34311e+001	-1.17479e+002
1503	 1.5220000000e+003	 1.15690e+001	-1.17065e+002
1504	 1.5230000000e+003	 9.45700e+000	-1.16123e+002
1505	 1.5240000000e+003	 8.40475e+000	-1.15754e+002
1506	 1.5250000000e+003	 5.92621e+000	-1.14494e+002
1507	 1.5260000000e+003	 5.14257e+000	-1.13993e+002
1508	 1.5270000000e+003	 3.13564e+000	-1.12888e+002
1509	 1.5280000000e+003	 2.06119e+000	-1.11957e+002
1510	 1.5290000000e+003	 1.14483e+000	-1.11359e+002
1511	 1.5300000000e+003	-6.62755e-001	-1.09794e+002
1512	 1.5310000000e+003	-1.22183e+000	-1.09219e+002
1513	 1.5320000000e+003	-2.58668e+000	-1.08042e+002
1514	 1.5330000000e+003	-3.52168e+000	-1.06890e+002
1515	 1.5340000000e+003	-4.04084e+000	-1.06326e+002
1516	 1.5350000000e+003	-5.42311e+000	-1.04702e+002
1517	 1.5360000000e+003	-5.90229e+000	-1.03927e+002
1518	 1.5370000000e+003	-6.39008e+000	-1.03291e+002
1519	 1.5380000000e+003	-7.50453e+000	-1.01558e+002
1520	 1.5390000000e+003	-7.85077e+000	-1.00909e+002
1521	 1.5400000000e+003	-8.27580e+000	-1.00237e+002
1522	 1.5410000000e+003	-9.16540e+000	-9.85188e+001
1523	 1.5420000000e+003	-9.43899e+000	-9.78911e+001
1524	 1.5430000000e+003	-9.74089e+000	-9.72720e+001
1525	 1.5440000000e+003	-1.04344e+001	-9.55555e+001
1526	 1.5450000000e+003	-1.06822e+001	-9.48816e+001
1527	 1.5460000000e+003	-1.09055e+001	-9.43089e+001
1528	 1.5470000000e+003	-1.13689e+001	-9.28619e+001
1529	 1.5480000000e+003	-1.16360e+001	-9.19117e+001
1530	 1.5490000000e+003	-1.17920e+001	-9.13070e+001
1531	 1.5500000000e+003	-1.19556e+001	-9.05549e+001
1532	 1.5510000000e+003	-1.22910e+001	-8.89836e+001
1533	 1.5520000000e+003	-1.24068e+001	-8.83822e+001
1534	 1.5530000000e+003	-1.24982e+001	-8.77962e+001
1535	 1.5540000000e+003	-1.26055e+001	-8.69031e+001
1536	 1.5550000000e+003	-1.27477e+001	-8.54769e+001
1537	 1.5560000000e+003	-1.27890e+001	-8.49036e+001
1538	 1.5570000000e+003	-1.28160e+001	-8.43154e+001
1539	 1.5580000000e+003	-1.28249e+001	-8.36169e+001
1540	 1.5590000000e+003	-1.28255e+001	-8.20782e+001
1541	 1.5600000000e+003	-1.28090e+001	-8.15135e+001
1542	 1.5610000000e+003	-1.27849e+001	-8.09205e+001
1543	 1.5620000000e+003	-1.27410e+001	-8.03602e+001
1544	 1.5630000000e+003	-1.26217e+001	-7.92106e+001
1545	 1.5640000000e+003	-1.24974e+001	-7.81976e+001
1546	 1.5650000000e+003	-1.24225e+001	-7.76483e+001
1547	 1.5660000000e+003	-1.23209e+001	-7.70612e+001
1548	 1.5670000000e+003	-1.22073e+001	-7.64994e+001
1549	 1.5680000000e+003	-1.20596e+001	-7.58124e+001
1550	 1.5690000000e+003	-1.17375e+001	-7.44439e+001
1551	 1.5700000000e+003	-1.15897e+001	-7.39254e+001
1552	 1.5710000000e+003	-1.14161e+001	-7.33568e+001
1553	 1.5720000000e+003	-1.12287e+001	-7.27740e+001
1554	 1.5730000000e+003	-1.10326e+001	-7.22216e+001
1555	 1.5740000000e+003	-1.08391e+001	-7.17139e+001
1556	 1.5750000000e+003	-1.03126e+001	-7.04061e+001
1557	 1.5760000000e+003	-1.00725e+001	-6.98543e+001
1558	 1.5770000000e+003	-9.83461e+000	-6.93395e+001
1559	 1.5780000000e+003	-9.56845e+000	-6.87849e+001
1560	 1.5790000000e+003	-9.28386e+000	-6.82226e+001
1561	 1.5800000000e+003	-8.98642e+000	-6.76705e+001
1562	 1.5810000000e+003	-8.68926e+000	-6.71409e+001
1563	 1.5820000000e+003	-8.40137e+000	-6.66530e+001
1564	 1.5830000000e+003	-8.10193e+000	-6.61838e+001
1565	 1.5840000000e+003	-7.30990e+000	-6.49686e+001
1566	 1.5850000000e+003	-7.01305e+000	-6.45609e+001
1567	 1.5860000000e+003	-6.68191e+000	-6.40911e+001
1568	 1.5870000000e+003	-6.31062e+000	-6.36020e+001
1569	 1.5880000000e+003	-5.91580e+000	-6.31062e+001
1570	 1.5890000000e+003	-5.50128e+000	-6.26121e+001
1571	 1.5900000000e+003	-5.07662e+000	-6.21166e+001
1572	 1.5910000000e+003	-4.63783e+000	-6.16273e+001
1573	 1.5920000000e+003	-4.17536e+000	-6.11425e+001
1574	 1.5930000000e+003	-3.70950e+000	-6.06632e+001
1575	 1.5940000000e+003	-3.22654e+000	-6.01982e+001
1576	 1.5950000000e+003	-2.73210e+000	-5.97341e+001
1577	 1.5960000000e+003	-2.21817e+000	-5.92846e+001
1578	 1.5970000000e+003	-1.68601e+000	-5.88379e+001
1579	 1.5980000000e+003	-1.13873e+000	-5.84046e+001
1580	 1.5990000000e+003	-5.72846e-001	-5.79777e+001
1581	 1.6000000000e+003	 5.76689e-003	-5.75528e+001
1582	 1.6010000000e+003	 5.97797e-001	-5.71472e+001
1583	 1.6020000000e+003	 1.22077e+000	-5.67481e+001
1584	 1.6030000000e+003	 1.85112e+000	-5.63572e+001
1585	 1.6040000000e+003	 2.49334e+000	-5.59929e+001
1586	 1.6050000000e+003	 3.15360e+000	-5.56469e+001
1587	 1.6060000000e+003	 3.85489e+000	-5.53091e+001
1588	 1.6070000000e+003	 4.57437e+000	-5.49551e+001
1589	 1.6080000000e+003	 5.29847e+000	-5.46589e+001
1590	 1.6090000000e+003	 6.04730e+000	-5.43555e+001
1591	 1.6100000000e+003	 6.84237e+000	-5.40628e+001
1592	 1.6110000000e+003	 7.62995e+000	-5.37835e+001
1593	 1.6120000000e+003	 8.36159e+000	-5.35405e+001
1594	 1.6130000000e+003	 9.18902e+000	-5.33273e+001
1595	 1.6140000000e+003	 1.00587e+001	-5.30552e+001
1596	 1.6150000000e+003	 1.08247e+001	-5.27683e+001
1597	 1.6160000000e+003	 1.16262e+001	-5.24839e+001
1598	 1.6170000000e+003	 1.25103e+001	-5.20718e+001
1599	 1.6180000000e+003	 1.34803e+001	-5.18698e+001
1600	 1.6190000000e+003	 1.40645e+001	-5.16793e+001
1601	 1.6200000000e+003	 1.47582e+001	-5.11470e+001
TagsBegin:	 	 	 
OverLoad:	 	False	 
AverageNumber: []	 	 8.80000e+001	 
OverLoadRatio: []	 	 1.19209e-007	 
TagsEnd:	 	 	 
TagScalesBegin:	 	 	 
TagScalesEnd:	 	 	 
