Header Size:	 79	 	 
Pulse Version:	 80	 	 
Running Pulse Version:	PULSE LabShop Fast Track Version 18.1.1.9 - 2014-01-16	 	 
Decimal Symbol:	.	 	 
Date Format:	M/d/yyyy	 	 
Time Format:	HH:mm:ss:mmm	 	 
Data Type:	Complex	 	 
Slice:	False	 	 
Z-Axis type:	Linear	 	 
Z-Axis size:	1	 	 
Z-Axis unit:	 	 	 
Z-Axis first value:	 0.0000000000e+000	 	 
Z-Axis delta:	 1.0000000000e+000	 	 
X-Axis type:	Linear	 	 
X-Axis size:	1601	 	 
X-Axis unit:	Hz	 	 
X-Axis first value:	 2.0000000000e+001	 	 
X-Axis delta:	 1.0000000000e+000	 	 
	 	 	 
AmplitudeUnit:	Pa/(m/s)	 	 
Analyzer:	FFT_Spectrum_Averaging	 	 
AnalyzerName:	FFT Analyzer	 	 
	 	 	 
	 	 	 
Bipolar:	True	 	 
CenterFrequency:	 8.2000000000e+002	 	 
	 	 	 
	 	 	 
	 	 	 
	 	 	 
	 	 	 
	 	 	 
	 	 	 
	 	 	 
Domain:	1	 	 
Function:	Frequency Response	 	 
	 	 	 
InputRange:	-1.0000000000e-001	 	 
	 	 	 
	 	 	 
MultiBufferName:	Input	 	 
NBW:	 1.5000000000e+000	 	 
	 	 	 
OverlapFailed:	False	 	 
Overrun:	False	 	 
Power:	False	 	 
	 	 	 
Ratio:	True	 	 
RecordLength:	 1.0000000000e+000	 	 
ReducedSize:	True	 	 
Ref_Signal:	v	 	 
	 	 	 
	 	 	 
RefSignalUnit:	m/s	 	 
	 	 	 
	 	 	 
Signal:	p	 	 
	 	 	 
SignalUnit:	Pa	 	 
	 	 	 
	 	 	 
	 	 	 
Title:	Input Impedance	 	 
Title1:	Working : Input : Input : FFT Analyzer	 	 
	 	 	 
	 	 	 
	 	 	 
ZoomOn:	True	 	 
	 	 	 
TemplateName:	Working	 	 
MeasurementName:	Input	 	 
MeasurementSlice:	False	 	 
	 	 	 
	 	 	 
	 	 	 
EnvelopeOn:	False	 	 
	 	 	 
	 	 	 
	 	 	 
Z-index:	 	1	 
Date:	 	5/24/2022	 
Time:	 	10:39:10:999	 
Relative time:	 	 0.00000e+000	 
Z-axis:	 	 0.0000000000e+000	 
1	 2.0000000000e+001	 1.55548e+000	 5.97680e+001
2	 2.1000000000e+001	 1.71299e+000	 6.24524e+001
3	 2.2000000000e+001	 2.06750e+000	 6.50945e+001
4	 2.3000000000e+001	 2.09897e+000	 6.86260e+001
5	 2.4000000000e+001	 2.86268e+000	 7.21375e+001
6	 2.5000000000e+001	 2.68268e+000	 7.59558e+001
7	 2.6000000000e+001	 3.65384e+000	 7.96764e+001
8	 2.7000000000e+001	 3.49859e+000	 8.35656e+001
9	 2.8000000000e+001	 4.53077e+000	 8.74272e+001
10	 2.9000000000e+001	 4.31276e+000	 9.14643e+001
11	 3.0000000000e+001	 5.19874e+000	 9.58680e+001
12	 3.1000000000e+001	 5.52450e+000	 1.00256e+002
13	 3.2000000000e+001	 5.90890e+000	 1.04813e+002
14	 3.3000000000e+001	 6.96789e+000	 1.09720e+002
15	 3.4000000000e+001	 7.02898e+000	 1.14374e+002
16	 3.5000000000e+001	 8.20959e+000	 1.19804e+002
17	 3.6000000000e+001	 8.84765e+000	 1.25112e+002
18	 3.7000000000e+001	 9.34573e+000	 1.30511e+002
19	 3.8000000000e+001	 1.08198e+001	 1.36822e+002
20	 3.9000000000e+001	 1.15519e+001	 1.42762e+002
21	 4.0000000000e+001	 1.24926e+001	 1.49053e+002
22	 4.1000000000e+001	 1.41209e+001	 1.56278e+002
23	 4.2000000000e+001	 1.52921e+001	 1.63195e+002
24	 4.3000000000e+001	 1.63582e+001	 1.70699e+002
25	 4.4000000000e+001	 1.83110e+001	 1.79182e+002
26	 4.5000000000e+001	 2.04218e+001	 1.87942e+002
27	 4.6000000000e+001	 2.17134e+001	 1.96812e+002
28	 4.7000000000e+001	 2.43738e+001	 2.06881e+002
29	 4.8000000000e+001	 2.72671e+001	 2.17898e+002
30	 4.9000000000e+001	 3.02508e+001	 2.29219e+002
31	 5.0000000000e+001	 3.30471e+001	 2.41343e+002
32	 5.1000000000e+001	 3.74114e+001	 2.55149e+002
33	 5.2000000000e+001	 4.22876e+001	 2.70267e+002
34	 5.3000000000e+001	 4.74449e+001	 2.86235e+002
35	 5.4000000000e+001	 5.30254e+001	 3.03678e+002
36	 5.5000000000e+001	 6.11734e+001	 3.23863e+002
37	 5.6000000000e+001	 7.04548e+001	 3.46214e+002
38	 5.7000000000e+001	 8.10904e+001	 3.70817e+002
39	 5.8000000000e+001	 9.38010e+001	 3.97370e+002
40	 5.9000000000e+001	 1.10311e+002	 4.30110e+002
41	 6.0000000000e+001	 1.32432e+002	 4.65140e+002
42	 6.1000000000e+001	 1.59385e+002	 5.07185e+002
43	 6.2000000000e+001	 1.93941e+002	 5.52530e+002
44	 6.3000000000e+001	 2.38626e+002	 6.06647e+002
45	 6.4000000000e+001	 3.04800e+002	 6.69478e+002
46	 6.5000000000e+001	 3.96406e+002	 7.35848e+002
47	 6.6000000000e+001	 5.22208e+002	 8.04782e+002
48	 6.7000000000e+001	 7.00706e+002	 8.58547e+002
49	 6.8000000000e+001	 9.55838e+002	 8.71837e+002
50	 6.9000000000e+001	 1.28620e+003	 7.60914e+002
51	 7.0000000000e+001	 1.59489e+003	 4.36652e+002
52	 7.1000000000e+001	 1.70669e+003	-5.38756e+001
53	 7.2000000000e+001	 1.53012e+003	-5.23574e+002
54	 7.3000000000e+001	 1.20428e+003	-7.88211e+002
55	 7.4000000000e+001	 8.97888e+002	-8.61690e+002
56	 7.5000000000e+001	 6.56546e+002	-8.36423e+002
57	 7.6000000000e+001	 4.92571e+002	-7.77245e+002
58	 7.7000000000e+001	 3.78093e+002	-7.12842e+002
59	 7.8000000000e+001	 2.96687e+002	-6.47564e+002
60	 7.9000000000e+001	 2.37086e+002	-5.91649e+002
61	 8.0000000000e+001	 1.94212e+002	-5.41144e+002
62	 8.1000000000e+001	 1.60180e+002	-4.95937e+002
63	 8.2000000000e+001	 1.34948e+002	-4.57224e+002
64	 8.3000000000e+001	 1.14864e+002	-4.24092e+002
65	 8.4000000000e+001	 9.91354e+001	-3.93936e+002
66	 8.5000000000e+001	 8.58897e+001	-3.67584e+002
67	 8.6000000000e+001	 7.54983e+001	-3.44479e+002
68	 8.7000000000e+001	 6.66067e+001	-3.22834e+002
69	 8.8000000000e+001	 5.91313e+001	-3.03901e+002
70	 8.9000000000e+001	 5.28197e+001	-2.86569e+002
71	 9.0000000000e+001	 4.77176e+001	-2.71169e+002
72	 9.1000000000e+001	 4.29280e+001	-2.56689e+002
73	 9.2000000000e+001	 3.89016e+001	-2.43611e+002
74	 9.3000000000e+001	 3.56731e+001	-2.31543e+002
75	 9.4000000000e+001	 3.24867e+001	-2.20208e+002
76	 9.5000000000e+001	 2.98783e+001	-2.09767e+002
77	 9.6000000000e+001	 2.74262e+001	-2.00053e+002
78	 9.7000000000e+001	 2.54990e+001	-1.90998e+002
79	 9.8000000000e+001	 2.35351e+001	-1.82501e+002
80	 9.9000000000e+001	 2.17969e+001	-1.74514e+002
81	 1.0000000000e+002	 2.04260e+001	-1.66974e+002
82	 1.0100000000e+002	 1.90432e+001	-1.59841e+002
83	 1.0200000000e+002	 1.78235e+001	-1.53061e+002
84	 1.0300000000e+002	 1.66766e+001	-1.46639e+002
85	 1.0400000000e+002	 1.57241e+001	-1.40549e+002
86	 1.0500000000e+002	 1.48592e+001	-1.34732e+002
87	 1.0600000000e+002	 1.39561e+001	-1.29177e+002
88	 1.0700000000e+002	 1.32027e+001	-1.23880e+002
89	 1.0800000000e+002	 1.25713e+001	-1.18754e+002
90	 1.0900000000e+002	 1.19267e+001	-1.13858e+002
91	 1.1000000000e+002	 1.13371e+001	-1.09118e+002
92	 1.1100000000e+002	 1.07757e+001	-1.04560e+002
93	 1.1200000000e+002	 1.03066e+001	-1.00179e+002
94	 1.1300000000e+002	 9.88136e+000	-9.58998e+001
95	 1.1400000000e+002	 9.43825e+000	-9.17740e+001
96	 1.1500000000e+002	 9.02177e+000	-8.78098e+001
97	 1.1600000000e+002	 8.69847e+000	-8.38814e+001
98	 1.1700000000e+002	 8.38007e+000	-8.00765e+001
99	 1.1800000000e+002	 8.09824e+000	-7.63580e+001
100	 1.1900000000e+002	 7.78425e+000	-7.27160e+001
101	 1.2000000000e+002	 7.54257e+000	-6.91575e+001
102	 1.2100000000e+002	 7.34071e+000	-6.56848e+001
103	 1.2200000000e+002	 7.17071e+000	-6.22292e+001
104	 1.2300000000e+002	 6.99706e+000	-5.88700e+001
105	 1.2400000000e+002	 6.83850e+000	-5.56031e+001
106	 1.2500000000e+002	 6.74653e+000	-5.23357e+001
107	 1.2600000000e+002	 6.66252e+000	-4.91306e+001
108	 1.2700000000e+002	 6.61826e+000	-4.59951e+001
109	 1.2800000000e+002	 6.53893e+000	-4.28701e+001
110	 1.2900000000e+002	 6.49472e+000	-3.98153e+001
111	 1.3000000000e+002	 6.47339e+000	-3.67651e+001
112	 1.3100000000e+002	 6.51069e+000	-3.37530e+001
113	 1.3200000000e+002	 6.50468e+000	-3.07451e+001
114	 1.3300000000e+002	 6.52484e+000	-2.77782e+001
115	 1.3400000000e+002	 6.58047e+000	-2.48438e+001
116	 1.3500000000e+002	 6.62498e+000	-2.18692e+001
117	 1.3600000000e+002	 6.72102e+000	-1.89254e+001
118	 1.3700000000e+002	 6.85160e+000	-1.59633e+001
119	 1.3800000000e+002	 6.94702e+000	-1.30311e+001
120	 1.3900000000e+002	 7.08416e+000	-1.00682e+001
121	 1.4000000000e+002	 7.23737e+000	-7.12175e+000
122	 1.4100000000e+002	 7.45828e+000	-4.12054e+000
123	 1.4200000000e+002	 7.68414e+000	-1.12429e+000
124	 1.4300000000e+002	 7.90463e+000	 1.90476e+000
125	 1.4400000000e+002	 8.22453e+000	 4.94215e+000
126	 1.4500000000e+002	 8.57007e+000	 8.01696e+000
127	 1.4600000000e+002	 8.96273e+000	 1.11244e+001
128	 1.4700000000e+002	 9.49104e+000	 1.42791e+001
129	 1.4800000000e+002	 1.00394e+001	 1.74542e+001
130	 1.4900000000e+002	 1.06278e+001	 2.06467e+001
131	 1.5000000000e+002	 1.12023e+001	 2.39272e+001
132	 1.5100000000e+002	 1.18506e+001	 2.72802e+001
133	 1.5200000000e+002	 1.25268e+001	 3.06853e+001
134	 1.5300000000e+002	 1.32438e+001	 3.41812e+001
135	 1.5400000000e+002	 1.39763e+001	 3.77448e+001
136	 1.5500000000e+002	 1.47967e+001	 4.13944e+001
137	 1.5600000000e+002	 1.57049e+001	 4.51494e+001
138	 1.5700000000e+002	 1.67065e+001	 4.89969e+001
139	 1.5800000000e+002	 1.78598e+001	 5.29382e+001
140	 1.5900000000e+002	 1.91911e+001	 5.70118e+001
141	 1.6000000000e+002	 2.06938e+001	 6.11437e+001
142	 1.6100000000e+002	 2.23988e+001	 6.54248e+001
143	 1.6200000000e+002	 2.43264e+001	 6.97855e+001
144	 1.6300000000e+002	 2.65815e+001	 7.42662e+001
145	 1.6400000000e+002	 2.91329e+001	 7.88061e+001
146	 1.6500000000e+002	 3.20370e+001	 8.34489e+001
147	 1.6600000000e+002	 3.53464e+001	 8.81341e+001
148	 1.6700000000e+002	 3.90688e+001	 9.28235e+001
149	 1.6800000000e+002	 4.33240e+001	 9.75071e+001
150	 1.6900000000e+002	 4.81378e+001	 1.02064e+002
151	 1.7000000000e+002	 5.35527e+001	 1.06426e+002
152	 1.7100000000e+002	 5.96397e+001	 1.10453e+002
153	 1.7200000000e+002	 6.63679e+001	 1.13937e+002
154	 1.7300000000e+002	 7.37194e+001	 1.16770e+002
155	 1.7400000000e+002	 8.15789e+001	 1.18765e+002
156	 1.7500000000e+002	 8.98540e+001	 1.19683e+002
157	 1.7600000000e+002	 9.82384e+001	 1.19312e+002
158	 1.7700000000e+002	 1.06414e+002	 1.17596e+002
159	 1.7800000000e+002	 1.13993e+002	 1.14581e+002
160	 1.7900000000e+002	 1.20571e+002	 1.10393e+002
161	 1.8000000000e+002	 1.25829e+002	 1.05338e+002
162	 1.8100000000e+002	 1.29612e+002	 9.98586e+001
163	 1.8200000000e+002	 1.31795e+002	 9.43837e+001
164	 1.8300000000e+002	 1.32513e+002	 8.93415e+001
165	 1.8400000000e+002	 1.31996e+002	 8.50927e+001
166	 1.8500000000e+002	 1.30509e+002	 8.19328e+001
167	 1.8600000000e+002	 1.28472e+002	 7.99492e+001
168	 1.8700000000e+002	 1.26152e+002	 7.92121e+001
169	 1.8800000000e+002	 1.23842e+002	 7.96027e+001
170	 1.8900000000e+002	 1.21730e+002	 8.11168e+001
171	 1.9000000000e+002	 1.20031e+002	 8.35696e+001
172	 1.9100000000e+002	 1.18885e+002	 8.68785e+001
173	 1.9200000000e+002	 1.18377e+002	 9.08808e+001
174	 1.9300000000e+002	 1.18543e+002	 9.54461e+001
175	 1.9400000000e+002	 1.19467e+002	 1.00514e+002
176	 1.9500000000e+002	 1.21142e+002	 1.05949e+002
177	 1.9600000000e+002	 1.23565e+002	 1.11689e+002
178	 1.9700000000e+002	 1.26825e+002	 1.17689e+002
179	 1.9800000000e+002	 1.30939e+002	 1.23863e+002
180	 1.9900000000e+002	 1.35867e+002	 1.30207e+002
181	 2.0000000000e+002	 1.41755e+002	 1.36626e+002
182	 2.0100000000e+002	 1.48629e+002	 1.43113e+002
183	 2.0200000000e+002	 1.56614e+002	 1.49530e+002
184	 2.0300000000e+002	 1.65797e+002	 1.55874e+002
185	 2.0400000000e+002	 1.76321e+002	 1.61828e+002
186	 2.0500000000e+002	 1.88330e+002	 1.67285e+002
187	 2.0600000000e+002	 2.01779e+002	 1.71786e+002
188	 2.0700000000e+002	 2.16674e+002	 1.75011e+002
189	 2.0800000000e+002	 2.32608e+002	 1.76486e+002
190	 2.0900000000e+002	 2.49050e+002	 1.76066e+002
191	 2.1000000000e+002	 2.65566e+002	 1.73847e+002
192	 2.1100000000e+002	 2.81373e+002	 1.70401e+002
193	 2.1200000000e+002	 2.96585e+002	 1.66662e+002
194	 2.1300000000e+002	 3.11983e+002	 1.63293e+002
195	 2.1400000000e+002	 3.28729e+002	 1.60632e+002
196	 2.1500000000e+002	 3.48274e+002	 1.58079e+002
197	 2.1600000000e+002	 3.71771e+002	 1.54331e+002
198	 2.1700000000e+002	 3.99572e+002	 1.47087e+002
199	 2.1800000000e+002	 4.31313e+002	 1.34249e+002
200	 2.1900000000e+002	 4.65475e+002	 1.13409e+002
201	 2.2000000000e+002	 4.99733e+002	 8.26259e+001
202	 2.2100000000e+002	 5.30154e+002	 4.08422e+001
203	 2.2200000000e+002	 5.52518e+002	-1.13631e+001
204	 2.2300000000e+002	 5.62373e+002	-7.08629e+001
205	 2.2400000000e+002	 5.57250e+002	-1.32814e+002
206	 2.2500000000e+002	 5.37251e+002	-1.91765e+002
207	 2.2600000000e+002	 5.04945e+002	-2.42754e+002
208	 2.2700000000e+002	 4.64316e+002	-2.82895e+002
209	 2.2800000000e+002	 4.19651e+002	-3.11491e+002
210	 2.2900000000e+002	 3.74668e+002	-3.29363e+002
211	 2.3000000000e+002	 3.31867e+002	-3.38229e+002
212	 2.3100000000e+002	 2.92534e+002	-3.40086e+002
213	 2.3200000000e+002	 2.57499e+002	-3.36917e+002
214	 2.3300000000e+002	 2.26750e+002	-3.30293e+002
215	 2.3400000000e+002	 2.00030e+002	-3.21447e+002
216	 2.3500000000e+002	 1.76932e+002	-3.11184e+002
217	 2.3600000000e+002	 1.57034e+002	-3.00143e+002
218	 2.3700000000e+002	 1.39966e+002	-2.88762e+002
219	 2.3800000000e+002	 1.25281e+002	-2.77447e+002
220	 2.3900000000e+002	 1.12589e+002	-2.66393e+002
221	 2.4000000000e+002	 1.01573e+002	-2.55688e+002
222	 2.4100000000e+002	 9.20798e+001	-2.45378e+002
223	 2.4200000000e+002	 8.38089e+001	-2.35539e+002
224	 2.4300000000e+002	 7.64857e+001	-2.26145e+002
225	 2.4400000000e+002	 7.00928e+001	-2.17218e+002
226	 2.4500000000e+002	 6.44667e+001	-2.08761e+002
227	 2.4600000000e+002	 5.94242e+001	-2.00662e+002
228	 2.4700000000e+002	 5.49721e+001	-1.92995e+002
229	 2.4800000000e+002	 5.10099e+001	-1.85709e+002
230	 2.4900000000e+002	 4.74687e+001	-1.78716e+002
231	 2.5000000000e+002	 4.42890e+001	-1.72067e+002
232	 2.5100000000e+002	 4.14542e+001	-1.65747e+002
233	 2.5200000000e+002	 3.88680e+001	-1.59747e+002
234	 2.5300000000e+002	 3.65434e+001	-1.53961e+002
235	 2.5400000000e+002	 3.44219e+001	-1.48435e+002
236	 2.5500000000e+002	 3.25360e+001	-1.43126e+002
237	 2.5600000000e+002	 3.08014e+001	-1.38047e+002
238	 2.5700000000e+002	 2.92332e+001	-1.33162e+002
239	 2.5800000000e+002	 2.77642e+001	-1.28442e+002
240	 2.5900000000e+002	 2.64543e+001	-1.23907e+002
241	 2.6000000000e+002	 2.52517e+001	-1.19534e+002
242	 2.6100000000e+002	 2.41462e+001	-1.15298e+002
243	 2.6200000000e+002	 2.31439e+001	-1.11192e+002
244	 2.6300000000e+002	 2.22134e+001	-1.07225e+002
245	 2.6400000000e+002	 2.13544e+001	-1.03381e+002
246	 2.6500000000e+002	 2.05777e+001	-9.96351e+001
247	 2.6600000000e+002	 1.98479e+001	-9.59984e+001
248	 2.6700000000e+002	 1.91797e+001	-9.24477e+001
249	 2.6800000000e+002	 1.85748e+001	-8.89858e+001
250	 2.6900000000e+002	 1.80056e+001	-8.56057e+001
251	 2.7000000000e+002	 1.75056e+001	-8.23014e+001
252	 2.7100000000e+002	 1.70275e+001	-7.90654e+001
253	 2.7200000000e+002	 1.65970e+001	-7.59076e+001
254	 2.7300000000e+002	 1.61930e+001	-7.28020e+001
255	 2.7400000000e+002	 1.58323e+001	-6.97571e+001
256	 2.7500000000e+002	 1.55087e+001	-6.67577e+001
257	 2.7600000000e+002	 1.52175e+001	-6.38201e+001
258	 2.7700000000e+002	 1.49500e+001	-6.09155e+001
259	 2.7800000000e+002	 1.47051e+001	-5.80574e+001
260	 2.7900000000e+002	 1.44944e+001	-5.52270e+001
261	 2.8000000000e+002	 1.42999e+001	-5.24536e+001
262	 2.8100000000e+002	 1.41364e+001	-4.96960e+001
263	 2.8200000000e+002	 1.40005e+001	-4.69631e+001
264	 2.8300000000e+002	 1.38750e+001	-4.42669e+001
265	 2.8400000000e+002	 1.37790e+001	-4.15913e+001
266	 2.8500000000e+002	 1.37015e+001	-3.89333e+001
267	 2.8600000000e+002	 1.36340e+001	-3.62934e+001
268	 2.8700000000e+002	 1.35902e+001	-3.36703e+001
269	 2.8800000000e+002	 1.35648e+001	-3.10586e+001
270	 2.8900000000e+002	 1.35472e+001	-2.84460e+001
271	 2.9000000000e+002	 1.35554e+001	-2.58485e+001
272	 2.9100000000e+002	 1.35827e+001	-2.32527e+001
273	 2.9200000000e+002	 1.36198e+001	-2.06510e+001
274	 2.9300000000e+002	 1.36788e+001	-1.80464e+001
275	 2.9400000000e+002	 1.37501e+001	-1.54316e+001
276	 2.9500000000e+002	 1.38419e+001	-1.28178e+001
277	 2.9600000000e+002	 1.39543e+001	-1.01881e+001
278	 2.9700000000e+002	 1.40877e+001	-7.55163e+000
279	 2.9800000000e+002	 1.42411e+001	-4.89135e+000
280	 2.9900000000e+002	 1.44126e+001	-2.21592e+000
281	 3.0000000000e+002	 1.46050e+001	 4.84855e-001
282	 3.0100000000e+002	 1.48165e+001	 3.20092e+000
283	 3.0200000000e+002	 1.50457e+001	 5.94900e+000
284	 3.0300000000e+002	 1.53031e+001	 8.72472e+000
285	 3.0400000000e+002	 1.55850e+001	 1.15362e+001
286	 3.0500000000e+002	 1.58886e+001	 1.43827e+001
287	 3.0600000000e+002	 1.62088e+001	 1.72650e+001
288	 3.0700000000e+002	 1.65673e+001	 2.01957e+001
289	 3.0800000000e+002	 1.69435e+001	 2.31733e+001
290	 3.0900000000e+002	 1.73378e+001	 2.62118e+001
291	 3.1000000000e+002	 1.77730e+001	 2.93019e+001
292	 3.1100000000e+002	 1.82377e+001	 3.24675e+001
293	 3.1200000000e+002	 1.87367e+001	 3.57101e+001
294	 3.1300000000e+002	 1.92814e+001	 3.90287e+001
295	 3.1400000000e+002	 1.98911e+001	 4.24342e+001
296	 3.1500000000e+002	 2.05472e+001	 4.59119e+001
297	 3.1600000000e+002	 2.12734e+001	 4.94923e+001
298	 3.1700000000e+002	 2.20439e+001	 5.31520e+001
299	 3.1800000000e+002	 2.28903e+001	 5.69145e+001
300	 3.1900000000e+002	 2.37844e+001	 6.07753e+001
301	 3.2000000000e+002	 2.47607e+001	 6.47477e+001
302	 3.2100000000e+002	 2.58023e+001	 6.88606e+001
303	 3.2200000000e+002	 2.69546e+001	 7.31150e+001
304	 3.2300000000e+002	 2.81953e+001	 7.75405e+001
305	 3.2400000000e+002	 2.95590e+001	 8.20875e+001
306	 3.2500000000e+002	 3.10383e+001	 8.68189e+001
307	 3.2600000000e+002	 3.26549e+001	 9.16882e+001
308	 3.2700000000e+002	 3.44258e+001	 9.67595e+001
309	 3.2800000000e+002	 3.63377e+001	 1.02024e+002
310	 3.2900000000e+002	 3.83869e+001	 1.07496e+002
311	 3.3000000000e+002	 4.06564e+001	 1.13236e+002
312	 3.3100000000e+002	 4.31148e+001	 1.19234e+002
313	 3.3200000000e+002	 4.58084e+001	 1.25523e+002
314	 3.3300000000e+002	 4.88138e+001	 1.32104e+002
315	 3.3400000000e+002	 5.20994e+001	 1.39022e+002
316	 3.3500000000e+002	 5.57222e+001	 1.46317e+002
317	 3.3600000000e+002	 5.97691e+001	 1.53966e+002
318	 3.3700000000e+002	 6.42589e+001	 1.62051e+002
319	 3.3800000000e+002	 6.92654e+001	 1.70645e+002
320	 3.3900000000e+002	 7.48877e+001	 1.79722e+002
321	 3.4000000000e+002	 8.12182e+001	 1.89335e+002
322	 3.4100000000e+002	 8.83864e+001	 1.99560e+002
323	 3.4200000000e+002	 9.65801e+001	 2.10461e+002
324	 3.4300000000e+002	 1.05955e+002	 2.22011e+002
325	 3.4400000000e+002	 1.16701e+002	 2.34230e+002
326	 3.4500000000e+002	 1.29064e+002	 2.47150e+002
327	 3.4600000000e+002	 1.43427e+002	 2.60790e+002
328	 3.4700000000e+002	 1.60215e+002	 2.75096e+002
329	 3.4800000000e+002	 1.79933e+002	 2.89931e+002
330	 3.4900000000e+002	 2.03083e+002	 3.05040e+002
331	 3.5000000000e+002	 2.30334e+002	 3.20043e+002
332	 3.5100000000e+002	 2.62840e+002	 3.34656e+002
333	 3.5200000000e+002	 3.01486e+002	 3.47659e+002
334	 3.5300000000e+002	 3.47177e+002	 3.57541e+002
335	 3.5400000000e+002	 4.00883e+002	 3.62151e+002
336	 3.5500000000e+002	 4.63022e+002	 3.58227e+002
337	 3.5600000000e+002	 5.32831e+002	 3.41607e+002
338	 3.5700000000e+002	 6.07529e+002	 3.07421e+002
339	 3.5800000000e+002	 6.81412e+002	 2.51104e+002
340	 3.5900000000e+002	 7.45414e+002	 1.70556e+002
341	 3.6000000000e+002	 7.88692e+002	 6.87536e+001
342	 3.6100000000e+002	 8.02157e+002	-4.51538e+001
343	 3.6200000000e+002	 7.82706e+002	-1.57685e+002
344	 3.6300000000e+002	 7.34859e+002	-2.55935e+002
345	 3.6400000000e+002	 6.68285e+002	-3.31839e+002
346	 3.6500000000e+002	 5.93658e+002	-3.83695e+002
347	 3.6600000000e+002	 5.19405e+002	-4.14218e+002
348	 3.6700000000e+002	 4.50731e+002	-4.28098e+002
349	 3.6800000000e+002	 3.89841e+002	-4.30231e+002
350	 3.6900000000e+002	 3.37198e+002	-4.24512e+002
351	 3.7000000000e+002	 2.92251e+002	-4.13810e+002
352	 3.7100000000e+002	 2.54259e+002	-4.00174e+002
353	 3.7200000000e+002	 2.22245e+002	-3.85001e+002
354	 3.7300000000e+002	 1.95300e+002	-3.69285e+002
355	 3.7400000000e+002	 1.72527e+002	-3.53597e+002
356	 3.7500000000e+002	 1.53206e+002	-3.38317e+002
357	 3.7600000000e+002	 1.36763e+002	-3.23593e+002
358	 3.7700000000e+002	 1.22741e+002	-3.09594e+002
359	 3.7800000000e+002	 1.10703e+002	-2.96337e+002
360	 3.7900000000e+002	 1.00251e+002	-2.83828e+002
361	 3.8000000000e+002	 9.11727e+001	-2.72020e+002
362	 3.8100000000e+002	 8.32767e+001	-2.60927e+002
363	 3.8200000000e+002	 7.63472e+001	-2.50492e+002
364	 3.8300000000e+002	 7.02446e+001	-2.40626e+002
365	 3.8400000000e+002	 6.48533e+001	-2.31333e+002
366	 3.8500000000e+002	 6.00686e+001	-2.22604e+002
367	 3.8600000000e+002	 5.58200e+001	-2.14332e+002
368	 3.8700000000e+002	 5.20315e+001	-2.06495e+002
369	 3.8800000000e+002	 4.86134e+001	-1.99096e+002
370	 3.8900000000e+002	 4.55621e+001	-1.92061e+002
371	 3.9000000000e+002	 4.28163e+001	-1.85363e+002
372	 3.9100000000e+002	 4.03112e+001	-1.78989e+002
373	 3.9200000000e+002	 3.80765e+001	-1.72921e+002
374	 3.9300000000e+002	 3.60338e+001	-1.67115e+002
375	 3.9400000000e+002	 3.41838e+001	-1.61561e+002
376	 3.9500000000e+002	 3.25073e+001	-1.56255e+002
377	 3.9600000000e+002	 3.09610e+001	-1.51140e+002
378	 3.9700000000e+002	 2.95598e+001	-1.46248e+002
379	 3.9800000000e+002	 2.82837e+001	-1.41516e+002
380	 3.9900000000e+002	 2.71058e+001	-1.36972e+002
381	 4.0000000000e+002	 2.60389e+001	-1.32566e+002
382	 4.0100000000e+002	 2.50540e+001	-1.28325e+002
383	 4.0200000000e+002	 2.41619e+001	-1.24216e+002
384	 4.0300000000e+002	 2.33333e+001	-1.20234e+002
385	 4.0400000000e+002	 2.25888e+001	-1.16373e+002
386	 4.0500000000e+002	 2.18959e+001	-1.12629e+002
387	 4.0600000000e+002	 2.12660e+001	-1.08994e+002
388	 4.0700000000e+002	 2.06756e+001	-1.05441e+002
389	 4.0800000000e+002	 2.01523e+001	-1.01979e+002
390	 4.0900000000e+002	 1.96724e+001	-9.85922e+001
391	 4.1000000000e+002	 1.92358e+001	-9.52959e+001
392	 4.1100000000e+002	 1.88271e+001	-9.20726e+001
393	 4.1200000000e+002	 1.84697e+001	-8.89078e+001
394	 4.1300000000e+002	 1.81493e+001	-8.58105e+001
395	 4.1400000000e+002	 1.78584e+001	-8.27596e+001
396	 4.1500000000e+002	 1.75999e+001	-7.97690e+001
397	 4.1600000000e+002	 1.73731e+001	-7.68326e+001
398	 4.1700000000e+002	 1.71762e+001	-7.39317e+001
399	 4.1800000000e+002	 1.70079e+001	-7.10708e+001
400	 4.1900000000e+002	 1.68602e+001	-6.82592e+001
401	 4.2000000000e+002	 1.67439e+001	-6.54732e+001
402	 4.2100000000e+002	 1.66545e+001	-6.27175e+001
403	 4.2200000000e+002	 1.65797e+001	-5.99966e+001
404	 4.2300000000e+002	 1.65433e+001	-5.72959e+001
405	 4.2400000000e+002	 1.65236e+001	-5.46200e+001
406	 4.2500000000e+002	 1.65212e+001	-5.19609e+001
407	 4.2600000000e+002	 1.65564e+001	-4.93206e+001
408	 4.2700000000e+002	 1.66011e+001	-4.66967e+001
409	 4.2800000000e+002	 1.66715e+001	-4.40882e+001
410	 4.2900000000e+002	 1.67617e+001	-4.14776e+001
411	 4.3000000000e+002	 1.68784e+001	-3.88827e+001
412	 4.3100000000e+002	 1.70192e+001	-3.62914e+001
413	 4.3200000000e+002	 1.71808e+001	-3.37032e+001
414	 4.3300000000e+002	 1.73596e+001	-3.11151e+001
415	 4.3400000000e+002	 1.75671e+001	-2.85203e+001
416	 4.3500000000e+002	 1.77952e+001	-2.59234e+001
417	 4.3600000000e+002	 1.80516e+001	-2.33189e+001
418	 4.3700000000e+002	 1.83261e+001	-2.07039e+001
419	 4.3800000000e+002	 1.86262e+001	-1.80756e+001
420	 4.3900000000e+002	 1.89516e+001	-1.54278e+001
421	 4.4000000000e+002	 1.93067e+001	-1.27585e+001
422	 4.4100000000e+002	 1.96960e+001	-1.00734e+001
423	 4.4200000000e+002	 2.01087e+001	-7.35652e+000
424	 4.4300000000e+002	 2.05567e+001	-4.62009e+000
425	 4.4400000000e+002	 2.10380e+001	-1.84937e+000
426	 4.4500000000e+002	 2.15577e+001	 9.47483e-001
427	 4.4600000000e+002	 2.21108e+001	 3.78394e+000
428	 4.4700000000e+002	 2.27098e+001	 6.65920e+000
429	 4.4800000000e+002	 2.33410e+001	 9.57304e+000
430	 4.4900000000e+002	 2.40249e+001	 1.25409e+001
431	 4.5000000000e+002	 2.47527e+001	 1.56713e+001
432	 4.5100000000e+002	 2.55306e+001	 1.86641e+001
433	 4.5200000000e+002	 2.63536e+001	 2.17118e+001
434	 4.5300000000e+002	 2.72481e+001	 2.48900e+001
435	 4.5400000000e+002	 2.81926e+001	 2.81315e+001
436	 4.5500000000e+002	 2.92058e+001	 3.14433e+001
437	 4.5600000000e+002	 3.02907e+001	 3.48210e+001
438	 4.5700000000e+002	 3.14526e+001	 3.82848e+001
439	 4.5800000000e+002	 3.26985e+001	 4.18300e+001
440	 4.5900000000e+002	 3.40264e+001	 4.54640e+001
441	 4.6000000000e+002	 3.54534e+001	 4.91918e+001
442	 4.6100000000e+002	 3.69921e+001	 5.30197e+001
443	 4.6200000000e+002	 3.86438e+001	 5.69607e+001
444	 4.6300000000e+002	 4.04130e+001	 6.10164e+001
445	 4.6400000000e+002	 4.23211e+001	 6.51996e+001
446	 4.6500000000e+002	 4.43826e+001	 6.94956e+001
447	 4.6600000000e+002	 4.66099e+001	 7.39270e+001
448	 4.6700000000e+002	 4.90119e+001	 7.85105e+001
449	 4.6800000000e+002	 5.16109e+001	 8.32608e+001
450	 4.6900000000e+002	 5.44315e+001	 8.81724e+001
451	 4.7000000000e+002	 5.75012e+001	 9.32499e+001
452	 4.7100000000e+002	 6.08349e+001	 9.84940e+001
453	 4.7200000000e+002	 6.44716e+001	 1.03934e+002
454	 4.7300000000e+002	 6.84343e+001	 1.09578e+002
455	 4.7400000000e+002	 7.27844e+001	 1.15435e+002
456	 4.7500000000e+002	 7.75531e+001	 1.21519e+002
457	 4.7600000000e+002	 8.27977e+001	 1.27820e+002
458	 4.7700000000e+002	 8.85750e+001	 1.34352e+002
459	 4.7800000000e+002	 9.49430e+001	 1.41103e+002
460	 4.7900000000e+002	 1.01993e+002	 1.48075e+002
461	 4.8000000000e+002	 1.09806e+002	 1.55278e+002
462	 4.8100000000e+002	 1.18503e+002	 1.62681e+002
463	 4.8200000000e+002	 1.28198e+002	 1.70262e+002
464	 4.8300000000e+002	 1.39025e+002	 1.77979e+002
465	 4.8400000000e+002	 1.51175e+002	 1.85770e+002
466	 4.8500000000e+002	 1.64828e+002	 1.93554e+002
467	 4.8600000000e+002	 1.80185e+002	 2.01188e+002
468	 4.8700000000e+002	 1.97506e+002	 2.08471e+002
469	 4.8800000000e+002	 2.17080e+002	 2.15168e+002
470	 4.8900000000e+002	 2.39152e+002	 2.20900e+002
471	 4.9000000000e+002	 2.63993e+002	 2.25145e+002
472	 4.9100000000e+002	 2.91851e+002	 2.27233e+002
473	 4.9200000000e+002	 3.22831e+002	 2.26346e+002
474	 4.9300000000e+002	 3.56809e+002	 2.21426e+002
475	 4.9400000000e+002	 3.93460e+002	 2.11251e+002
476	 4.9500000000e+002	 4.31981e+002	 1.94444e+002
477	 4.9600000000e+002	 4.71027e+002	 1.69688e+002
478	 4.9700000000e+002	 5.08557e+002	 1.35870e+002
479	 4.9800000000e+002	 5.41700e+002	 9.25075e+001
480	 4.9900000000e+002	 5.67156e+002	 4.02485e+001
481	 5.0000000000e+002	 5.81736e+002	-1.86460e+001
482	 5.0100000000e+002	 5.83261e+002	-8.06009e+001
483	 5.0200000000e+002	 5.71257e+002	-1.41164e+002
484	 5.0300000000e+002	 5.47150e+002	-1.96240e+002
485	 5.0400000000e+002	 5.13807e+002	-2.42835e+002
486	 5.0500000000e+002	 4.74650e+002	-2.79513e+002
487	 5.0600000000e+002	 4.32936e+002	-3.06227e+002
488	 5.0700000000e+002	 3.91305e+002	-3.23892e+002
489	 5.0800000000e+002	 3.51600e+002	-3.33944e+002
490	 5.0900000000e+002	 3.14890e+002	-3.37988e+002
491	 5.1000000000e+002	 2.81657e+002	-3.37489e+002
492	 5.1100000000e+002	 2.51991e+002	-3.33691e+002
493	 5.1200000000e+002	 2.25783e+002	-3.27619e+002
494	 5.1300000000e+002	 2.02755e+002	-3.20032e+002
495	 5.1400000000e+002	 1.82577e+002	-3.11519e+002
496	 5.1500000000e+002	 1.64924e+002	-3.02463e+002
497	 5.1600000000e+002	 1.49453e+002	-2.93176e+002
498	 5.1700000000e+002	 1.35892e+002	-2.83877e+002
499	 5.1800000000e+002	 1.23980e+002	-2.74703e+002
500	 5.1900000000e+002	 1.13496e+002	-2.65729e+002
501	 5.2000000000e+002	 1.04255e+002	-2.57028e+002
502	 5.2100000000e+002	 9.60547e+001	-2.48641e+002
503	 5.2200000000e+002	 8.87692e+001	-2.40590e+002
504	 5.2300000000e+002	 8.22942e+001	-2.32889e+002
505	 5.2400000000e+002	 7.64928e+001	-2.25520e+002
506	 5.2500000000e+002	 7.12694e+001	-2.18472e+002
507	 5.2600000000e+002	 6.65594e+001	-2.11743e+002
508	 5.2700000000e+002	 6.22821e+001	-2.05294e+002
509	 5.2800000000e+002	 5.83943e+001	-1.99111e+002
510	 5.2900000000e+002	 5.48506e+001	-1.93176e+002
511	 5.3000000000e+002	 5.16204e+001	-1.87443e+002
512	 5.3100000000e+002	 4.86730e+001	-1.81913e+002
513	 5.3200000000e+002	 4.59822e+001	-1.76593e+002
514	 5.3300000000e+002	 4.35348e+001	-1.71448e+002
515	 5.3400000000e+002	 4.12987e+001	-1.66478e+002
516	 5.3500000000e+002	 3.92667e+001	-1.61671e+002
517	 5.3600000000e+002	 3.74171e+001	-1.57022e+002
518	 5.3700000000e+002	 3.57164e+001	-1.52540e+002
519	 5.3800000000e+002	 3.41687e+001	-1.48213e+002
520	 5.3900000000e+002	 3.27472e+001	-1.44019e+002
521	 5.4000000000e+002	 3.14575e+001	-1.39953e+002
522	 5.4100000000e+002	 3.02766e+001	-1.36003e+002
523	 5.4200000000e+002	 2.91991e+001	-1.32167e+002
524	 5.4300000000e+002	 2.82160e+001	-1.28430e+002
525	 5.4400000000e+002	 2.73189e+001	-1.24798e+002
526	 5.4500000000e+002	 2.65049e+001	-1.21267e+002
527	 5.4600000000e+002	 2.57646e+001	-1.17829e+002
528	 5.4700000000e+002	 2.50893e+001	-1.14476e+002
529	 5.4800000000e+002	 2.44779e+001	-1.11191e+002
530	 5.4900000000e+002	 2.39242e+001	-1.07985e+002
531	 5.5000000000e+002	 2.34234e+001	-1.04873e+002
532	 5.5100000000e+002	 2.29832e+001	-1.01795e+002
533	 5.5200000000e+002	 2.25894e+001	-9.87686e+001
534	 5.5300000000e+002	 2.22403e+001	-9.58100e+001
535	 5.5400000000e+002	 2.19309e+001	-9.28988e+001
536	 5.5500000000e+002	 2.16656e+001	-9.00497e+001
537	 5.5600000000e+002	 2.14435e+001	-8.72414e+001
538	 5.5700000000e+002	 2.12544e+001	-8.44795e+001
539	 5.5800000000e+002	 2.10971e+001	-8.17557e+001
540	 5.5900000000e+002	 2.09737e+001	-7.90651e+001
541	 5.6000000000e+002	 2.08791e+001	-7.64093e+001
542	 5.6100000000e+002	 2.08182e+001	-7.37818e+001
543	 5.6200000000e+002	 2.07844e+001	-7.11883e+001
544	 5.6300000000e+002	 2.07865e+001	-6.86132e+001
545	 5.6400000000e+002	 2.08142e+001	-6.60630e+001
546	 5.6500000000e+002	 2.08682e+001	-6.35296e+001
547	 5.6600000000e+002	 2.09567e+001	-6.10169e+001
548	 5.6700000000e+002	 2.10654e+001	-5.85186e+001
549	 5.6800000000e+002	 2.12020e+001	-5.60359e+001
550	 5.6900000000e+002	 2.13675e+001	-5.35610e+001
551	 5.7000000000e+002	 2.15514e+001	-5.10909e+001
552	 5.7100000000e+002	 2.17693e+001	-4.86255e+001
553	 5.7200000000e+002	 2.20152e+001	-4.61618e+001
554	 5.7300000000e+002	 2.22840e+001	-4.36991e+001
555	 5.7400000000e+002	 2.25869e+001	-4.12365e+001
556	 5.7500000000e+002	 2.29190e+001	-3.87668e+001
557	 5.7600000000e+002	 2.32787e+001	-3.62904e+001
558	 5.7700000000e+002	 2.36667e+001	-3.38041e+001
559	 5.7800000000e+002	 2.40901e+001	-3.13053e+001
560	 5.7900000000e+002	 2.45463e+001	-2.87931e+001
561	 5.8000000000e+002	 2.50378e+001	-2.62617e+001
562	 5.8100000000e+002	 2.55732e+001	-2.37119e+001
563	 5.8200000000e+002	 2.61467e+001	-2.11419e+001
564	 5.8300000000e+002	 2.67606e+001	-1.85492e+001
565	 5.8400000000e+002	 2.74181e+001	-1.59282e+001
566	 5.8500000000e+002	 2.81212e+001	-1.32805e+001
567	 5.8600000000e+002	 2.88755e+001	-1.06045e+001
568	 5.8700000000e+002	 2.96841e+001	-7.90175e+000
569	 5.8800000000e+002	 3.05445e+001	-5.15902e+000
570	 5.8900000000e+002	 3.14661e+001	-2.38485e+000
571	 5.9000000000e+002	 3.24515e+001	 4.19174e-001
572	 5.9100000000e+002	 3.34984e+001	 3.27112e+000
573	 5.9200000000e+002	 3.46170e+001	 6.16647e+000
574	 5.9300000000e+002	 3.58081e+001	 9.10374e+000
575	 5.9400000000e+002	 3.70774e+001	 1.20847e+001
576	 5.9500000000e+002	 3.84276e+001	 1.51172e+001
577	 5.9600000000e+002	 3.98664e+001	 1.82000e+001
578	 5.9700000000e+002	 4.13968e+001	 2.13295e+001
579	 5.9800000000e+002	 4.30292e+001	 2.45258e+001
580	 5.9900000000e+002	 4.47655e+001	 2.77871e+001
581	 6.0000000000e+002	 4.66220e+001	 3.11097e+001
582	 6.0100000000e+002	 4.85922e+001	 3.44981e+001
583	 6.0200000000e+002	 5.06953e+001	 3.79616e+001
584	 6.0300000000e+002	 5.29551e+001	 4.15022e+001
585	 6.0400000000e+002	 5.53705e+001	 4.51249e+001
586	 6.0500000000e+002	 5.79440e+001	 4.88219e+001
587	 6.0600000000e+002	 6.07004e+001	 5.26074e+001
588	 6.0700000000e+002	 6.36641e+001	 5.64894e+001
589	 6.0800000000e+002	 6.68516e+001	 6.04637e+001
590	 6.0900000000e+002	 7.02911e+001	 6.45344e+001
591	 6.1000000000e+002	 7.39954e+001	 6.87079e+001
592	 6.1100000000e+002	 7.79793e+001	 7.29861e+001
593	 6.1200000000e+002	 8.22914e+001	 7.73540e+001
594	 6.1300000000e+002	 8.69764e+001	 8.18197e+001
595	 6.1400000000e+002	 9.20675e+001	 8.63787e+001
596	 6.1500000000e+002	 9.76076e+001	 9.10171e+001
597	 6.1600000000e+002	 1.03647e+002	 9.57119e+001
598	 6.1700000000e+002	 1.10234e+002	 1.00457e+002
599	 6.1800000000e+002	 1.17427e+002	 1.05233e+002
600	 6.1900000000e+002	 1.25306e+002	 1.10005e+002
601	 6.2000000000e+002	 1.33953e+002	 1.14728e+002
602	 6.2100000000e+002	 1.43439e+002	 1.19322e+002
603	 6.2200000000e+002	 1.53844e+002	 1.23712e+002
604	 6.2300000000e+002	 1.65279e+002	 1.27821e+002
605	 6.2400000000e+002	 1.77840e+002	 1.31508e+002
606	 6.2500000000e+002	 1.91622e+002	 1.34599e+002
607	 6.2600000000e+002	 2.06734e+002	 1.36893e+002
608	 6.2700000000e+002	 2.23236e+002	 1.38153e+002
609	 6.2800000000e+002	 2.41161e+002	 1.38062e+002
610	 6.2900000000e+002	 2.60506e+002	 1.36278e+002
611	 6.3000000000e+002	 2.81220e+002	 1.32344e+002
612	 6.3100000000e+002	 3.03099e+002	 1.25787e+002
613	 6.3200000000e+002	 3.25832e+002	 1.16100e+002
614	 6.3300000000e+002	 3.48925e+002	 1.02781e+002
615	 6.3400000000e+002	 3.71654e+002	 8.53744e+001
616	 6.3500000000e+002	 3.93128e+002	 6.36168e+001
617	 6.3600000000e+002	 4.12240e+002	 3.74477e+001
618	 6.3700000000e+002	 4.27823e+002	 7.18706e+000
619	 6.3800000000e+002	 4.38710e+002	-2.64321e+001
620	 6.3900000000e+002	 4.43965e+002	-6.23197e+001
621	 6.4000000000e+002	 4.43012e+002	-9.90435e+001
622	 6.4100000000e+002	 4.35824e+002	-1.35038e+002
623	 6.4200000000e+002	 4.22807e+002	-1.68798e+002
624	 6.4300000000e+002	 4.04884e+002	-1.99095e+002
625	 6.4400000000e+002	 3.83191e+002	-2.25065e+002
626	 6.4500000000e+002	 3.58989e+002	-2.46291e+002
627	 6.4600000000e+002	 3.33492e+002	-2.62777e+002
628	 6.4700000000e+002	 3.07700e+002	-2.74790e+002
629	 6.4800000000e+002	 2.82446e+002	-2.82781e+002
630	 6.4900000000e+002	 2.58340e+002	-2.87336e+002
631	 6.5000000000e+002	 2.35720e+002	-2.89201e+002
632	 6.5100000000e+002	 2.14818e+002	-2.88547e+002
633	 6.5200000000e+002	 1.95677e+002	-2.86075e+002
634	 6.5300000000e+002	 1.78266e+002	-2.82386e+002
635	 6.5400000000e+002	 1.62546e+002	-2.77700e+002
636	 6.5500000000e+002	 1.48401e+002	-2.72310e+002
637	 6.5600000000e+002	 1.35679e+002	-2.66446e+002
638	 6.5700000000e+002	 1.24264e+002	-2.60285e+002
639	 6.5800000000e+002	 1.14023e+002	-2.53947e+002
640	 6.5900000000e+002	 1.04827e+002	-2.47533e+002
641	 6.6000000000e+002	 9.65717e+001	-2.41144e+002
642	 6.6100000000e+002	 8.91534e+001	-2.34826e+002
643	 6.6200000000e+002	 8.24802e+001	-2.28599e+002
644	 6.6300000000e+002	 7.64763e+001	-2.22497e+002
645	 6.6400000000e+002	 7.10577e+001	-2.16549e+002
646	 6.6500000000e+002	 6.61467e+001	-2.10757e+002
647	 6.6600000000e+002	 6.16994e+001	-2.05124e+002
648	 6.6700000000e+002	 5.76885e+001	-1.99668e+002
649	 6.6800000000e+002	 5.40536e+001	-1.94387e+002
650	 6.6900000000e+002	 5.07438e+001	-1.89274e+002
651	 6.7000000000e+002	 4.77256e+001	-1.84320e+002
652	 6.7100000000e+002	 4.49701e+001	-1.79511e+002
653	 6.7200000000e+002	 4.24577e+001	-1.74863e+002
654	 6.7300000000e+002	 4.01738e+001	-1.70367e+002
655	 6.7400000000e+002	 3.80911e+001	-1.65996e+002
656	 6.7500000000e+002	 3.61897e+001	-1.61762e+002
657	 6.7600000000e+002	 3.44704e+001	-1.57647e+002
658	 6.7700000000e+002	 3.28980e+001	-1.53636e+002
659	 6.7800000000e+002	 3.14553e+001	-1.49748e+002
660	 6.7900000000e+002	 3.01436e+001	-1.45977e+002
661	 6.8000000000e+002	 2.89470e+001	-1.42309e+002
662	 6.8100000000e+002	 2.78678e+001	-1.38740e+002
663	 6.8200000000e+002	 2.68903e+001	-1.35260e+002
664	 6.8300000000e+002	 2.60057e+001	-1.31868e+002
665	 6.8400000000e+002	 2.52127e+001	-1.28547e+002
666	 6.8500000000e+002	 2.44941e+001	-1.25315e+002
667	 6.8600000000e+002	 2.38500e+001	-1.22167e+002
668	 6.8700000000e+002	 2.32840e+001	-1.19090e+002
669	 6.8800000000e+002	 2.27761e+001	-1.16081e+002
670	 6.8900000000e+002	 2.23264e+001	-1.13127e+002
671	 6.9000000000e+002	 2.19406e+001	-1.10239e+002
672	 6.9100000000e+002	 2.16087e+001	-1.07417e+002
673	 6.9200000000e+002	 2.13279e+001	-1.04650e+002
674	 6.9300000000e+002	 2.10864e+001	-1.01933e+002
675	 6.9400000000e+002	 2.08853e+001	-9.92624e+001
676	 6.9500000000e+002	 2.07309e+001	-9.66451e+001
677	 6.9600000000e+002	 2.06118e+001	-9.40711e+001
678	 6.9700000000e+002	 2.05359e+001	-9.15268e+001
679	 6.9800000000e+002	 2.04890e+001	-8.90248e+001
680	 6.9900000000e+002	 2.04686e+001	-8.65626e+001
681	 7.0000000000e+002	 2.04872e+001	-8.41298e+001
682	 7.0100000000e+002	 2.05257e+001	-8.17173e+001
683	 7.0200000000e+002	 2.05999e+001	-7.93370e+001
684	 7.0300000000e+002	 2.07079e+001	-7.69748e+001
685	 7.0400000000e+002	 2.08422e+001	-7.46274e+001
686	 7.0500000000e+002	 2.09964e+001	-7.23041e+001
687	 7.0600000000e+002	 2.11811e+001	-7.00005e+001
688	 7.0700000000e+002	 2.13936e+001	-6.76998e+001
689	 7.0800000000e+002	 2.16321e+001	-6.54144e+001
690	 7.0900000000e+002	 2.19074e+001	-6.31407e+001
691	 7.1000000000e+002	 2.22099e+001	-6.08666e+001
692	 7.1100000000e+002	 2.25363e+001	-5.85951e+001
693	 7.1200000000e+002	 2.28990e+001	-5.63290e+001
694	 7.1300000000e+002	 2.32927e+001	-5.40630e+001
695	 7.1400000000e+002	 2.37140e+001	-5.18010e+001
696	 7.1500000000e+002	 2.41721e+001	-4.95346e+001
697	 7.1600000000e+002	 2.46668e+001	-4.72634e+001
698	 7.1700000000e+002	 2.51962e+001	-4.49890e+001
699	 7.1800000000e+002	 2.57607e+001	-4.27074e+001
700	 7.1900000000e+002	 2.63559e+001	-4.04140e+001
701	 7.2000000000e+002	 2.69948e+001	-3.81147e+001
702	 7.2100000000e+002	 2.76700e+001	-3.57977e+001
703	 7.2200000000e+002	 2.83935e+001	-3.34730e+001
704	 7.2300000000e+002	 2.91574e+001	-3.11311e+001
705	 7.2400000000e+002	 2.99701e+001	-2.87654e+001
706	 7.2500000000e+002	 3.08342e+001	-2.63834e+001
707	 7.2600000000e+002	 3.17475e+001	-2.39851e+001
708	 7.2700000000e+002	 3.27079e+001	-2.15584e+001
709	 7.2800000000e+002	 3.37295e+001	-1.91046e+001
710	 7.2900000000e+002	 3.48159e+001	-1.66282e+001
711	 7.3000000000e+002	 3.59602e+001	-1.41225e+001
712	 7.3100000000e+002	 3.71782e+001	-1.15892e+001
713	 7.3200000000e+002	 3.84656e+001	-9.01904e+000
714	 7.3300000000e+002	 3.98294e+001	-6.42210e+000
715	 7.3400000000e+002	 4.12751e+001	-3.78563e+000
716	 7.3500000000e+002	 4.28138e+001	-1.11334e+000
717	 7.3600000000e+002	 4.44488e+001	 1.59491e+000
718	 7.3700000000e+002	 4.61818e+001	 4.33936e+000
719	 7.3800000000e+002	 4.80235e+001	 7.12828e+000
720	 7.3900000000e+002	 4.99814e+001	 9.95849e+000
721	 7.4000000000e+002	 5.20634e+001	 1.28256e+001
722	 7.4100000000e+002	 5.42823e+001	 1.57320e+001
723	 7.4200000000e+002	 5.66444e+001	 1.86796e+001
724	 7.4300000000e+002	 5.91603e+001	 2.16657e+001
725	 7.4400000000e+002	 6.18391e+001	 2.46975e+001
726	 7.4500000000e+002	 6.46995e+001	 2.77610e+001
727	 7.4600000000e+002	 6.77503e+001	 3.08571e+001
728	 7.4700000000e+002	 7.10050e+001	 3.39873e+001
729	 7.4800000000e+002	 7.44826e+001	 3.71531e+001
730	 7.4900000000e+002	 7.82085e+001	 4.03475e+001
731	 7.5000000000e+002	 8.22295e+001	 4.35632e+001
732	 7.5100000000e+002	 8.64717e+001	 4.67942e+001
733	 7.5200000000e+002	 9.10041e+001	 5.00267e+001
734	 7.5300000000e+002	 9.59081e+001	 5.32596e+001
735	 7.5400000000e+002	 1.01177e+002	 5.64787e+001
736	 7.5500000000e+002	 1.06850e+002	 5.96578e+001
737	 7.5600000000e+002	 1.12955e+002	 6.27761e+001
738	 7.5700000000e+002	 1.19536e+002	 6.58138e+001
739	 7.5800000000e+002	 1.26646e+002	 6.87286e+001
740	 7.5900000000e+002	 1.34322e+002	 7.14640e+001
741	 7.6000000000e+002	 1.42615e+002	 7.39643e+001
742	 7.6100000000e+002	 1.51574e+002	 7.61658e+001
743	 7.6200000000e+002	 1.61242e+002	 7.79750e+001
744	 7.6300000000e+002	 1.71655e+002	 7.92914e+001
745	 7.6400000000e+002	 1.82863e+002	 7.99901e+001
746	 7.6500000000e+002	 1.94887e+002	 7.99217e+001
747	 7.6600000000e+002	 2.07741e+002	 7.88738e+001
748	 7.6700000000e+002	 2.21380e+002	 7.66709e+001
749	 7.6800000000e+002	 2.35743e+002	 7.30807e+001
750	 7.6900000000e+002	 2.50705e+002	 6.78523e+001
751	 7.7000000000e+002	 2.66068e+002	 6.07350e+001
752	 7.7100000000e+002	 2.81595e+002	 5.14880e+001
753	 7.7200000000e+002	 2.96918e+002	 3.98885e+001
754	 7.7300000000e+002	 3.11583e+002	 2.57613e+001
755	 7.7400000000e+002	 3.25077e+002	 9.04479e+000
756	 7.7500000000e+002	 3.36820e+002	-1.01481e+001
757	 7.7600000000e+002	 3.46188e+002	-3.15649e+001
758	 7.7700000000e+002	 3.52628e+002	-5.48008e+001
759	 7.7800000000e+002	 3.55739e+002	-7.92265e+001
760	 7.7900000000e+002	 3.55252e+002	-1.04154e+002
761	 7.8000000000e+002	 3.51076e+002	-1.28782e+002
762	 7.8100000000e+002	 3.43364e+002	-1.52344e+002
763	 7.8200000000e+002	 3.32493e+002	-1.74148e+002
764	 7.8300000000e+002	 3.19017e+002	-1.93642e+002
765	 7.8400000000e+002	 3.03563e+002	-2.10497e+002
766	 7.8500000000e+002	 2.86785e+002	-2.24541e+002
767	 7.8600000000e+002	 2.69264e+002	-2.35810e+002
768	 7.8700000000e+002	 2.51508e+002	-2.44405e+002
769	 7.8800000000e+002	 2.33952e+002	-2.50566e+002
770	 7.8900000000e+002	 2.16938e+002	-2.54570e+002
771	 7.9000000000e+002	 2.00694e+002	-2.56702e+002
772	 7.9100000000e+002	 1.85369e+002	-2.57273e+002
773	 7.9200000000e+002	 1.71068e+002	-2.56555e+002
774	 7.9300000000e+002	 1.57801e+002	-2.54822e+002
775	 7.9400000000e+002	 1.45555e+002	-2.52269e+002
776	 7.9500000000e+002	 1.34319e+002	-2.49067e+002
777	 7.9600000000e+002	 1.24020e+002	-2.45361e+002
778	 7.9700000000e+002	 1.14590e+002	-2.41296e+002
779	 7.9800000000e+002	 1.05989e+002	-2.36971e+002
780	 7.9900000000e+002	 9.81566e+001	-2.32480e+002
781	 8.0000000000e+002	 9.10147e+001	-2.27899e+002
782	 8.0100000000e+002	 8.44891e+001	-2.23264e+002
783	 8.0200000000e+002	 7.85505e+001	-2.18618e+002
784	 8.0300000000e+002	 7.31423e+001	-2.13973e+002
785	 8.0400000000e+002	 6.81957e+001	-2.09361e+002
786	 8.0500000000e+002	 6.36661e+001	-2.04812e+002
787	 8.0600000000e+002	 5.95403e+001	-2.00335e+002
788	 8.0700000000e+002	 5.57765e+001	-1.95941e+002
789	 8.0800000000e+002	 5.23218e+001	-1.91648e+002
790	 8.0900000000e+002	 4.91565e+001	-1.87452e+002
791	 8.1000000000e+002	 4.62791e+001	-1.83349e+002
792	 8.1100000000e+002	 4.36455e+001	-1.79327e+002
793	 8.1200000000e+002	 4.12222e+001	-1.75412e+002
794	 8.1300000000e+002	 3.89956e+001	-1.71587e+002
795	 8.1400000000e+002	 3.69567e+001	-1.67853e+002
796	 8.1500000000e+002	 3.50951e+001	-1.64216e+002
797	 8.1600000000e+002	 3.33840e+001	-1.60680e+002
798	 8.1700000000e+002	 3.18219e+001	-1.57232e+002
799	 8.1800000000e+002	 3.03992e+001	-1.53856e+002
800	 8.1900000000e+002	 2.90983e+001	-1.50559e+002
801	 8.2000000000e+002	 2.78963e+001	-1.47344e+002
802	 8.2100000000e+002	 2.67926e+001	-1.44207e+002
803	 8.2200000000e+002	 2.57986e+001	-1.41137e+002
804	 8.2300000000e+002	 2.48894e+001	-1.38134e+002
805	 8.2400000000e+002	 2.40680e+001	-1.35201e+002
806	 8.2500000000e+002	 2.33317e+001	-1.32334e+002
807	 8.2600000000e+002	 2.26685e+001	-1.29530e+002
808	 8.2700000000e+002	 2.20675e+001	-1.26774e+002
809	 8.2800000000e+002	 2.15306e+001	-1.24072e+002
810	 8.2900000000e+002	 2.10438e+001	-1.21425e+002
811	 8.3000000000e+002	 2.06147e+001	-1.18827e+002
812	 8.3100000000e+002	 2.02495e+001	-1.16278e+002
813	 8.3200000000e+002	 1.99303e+001	-1.13771e+002
814	 8.3300000000e+002	 1.96557e+001	-1.11308e+002
815	 8.3400000000e+002	 1.94300e+001	-1.08878e+002
816	 8.3500000000e+002	 1.92437e+001	-1.06484e+002
817	 8.3600000000e+002	 1.90953e+001	-1.04127e+002
818	 8.3700000000e+002	 1.89809e+001	-1.01797e+002
819	 8.3800000000e+002	 1.89125e+001	-9.94985e+001
820	 8.3900000000e+002	 1.88857e+001	-9.72298e+001
821	 8.4000000000e+002	 1.88910e+001	-9.49858e+001
822	 8.4100000000e+002	 1.89356e+001	-9.27631e+001
823	 8.4200000000e+002	 1.90090e+001	-9.05599e+001
824	 8.4300000000e+002	 1.91160e+001	-8.83721e+001
825	 8.4400000000e+002	 1.92534e+001	-8.62065e+001
826	 8.4500000000e+002	 1.94177e+001	-8.40600e+001
827	 8.4600000000e+002	 1.96260e+001	-8.19232e+001
828	 8.4700000000e+002	 1.98730e+001	-7.98080e+001
829	 8.4800000000e+002	 2.01488e+001	-7.77005e+001
830	 8.4900000000e+002	 2.04615e+001	-7.56007e+001
831	 8.5000000000e+002	 2.08131e+001	-7.35169e+001
832	 8.5100000000e+002	 2.11862e+001	-7.14340e+001
833	 8.5200000000e+002	 2.15826e+001	-6.93453e+001
834	 8.5300000000e+002	 2.20215e+001	-6.72776e+001
835	 8.5400000000e+002	 2.24966e+001	-6.52147e+001
836	 8.5500000000e+002	 2.30120e+001	-6.31564e+001
837	 8.5600000000e+002	 2.35623e+001	-6.11000e+001
838	 8.5700000000e+002	 2.41486e+001	-5.90411e+001
839	 8.5800000000e+002	 2.47682e+001	-5.69802e+001
840	 8.5900000000e+002	 2.54215e+001	-5.49178e+001
841	 8.6000000000e+002	 2.61105e+001	-5.28533e+001
842	 8.6100000000e+002	 2.68468e+001	-5.07820e+001
843	 8.6200000000e+002	 2.76256e+001	-4.87108e+001
844	 8.6300000000e+002	 2.84501e+001	-4.66274e+001
845	 8.6400000000e+002	 2.93148e+001	-4.45291e+001
846	 8.6500000000e+002	 3.02213e+001	-4.24204e+001
847	 8.6600000000e+002	 3.11816e+001	-4.02965e+001
848	 8.6700000000e+002	 3.21929e+001	-3.81601e+001
849	 8.6800000000e+002	 3.32576e+001	-3.60087e+001
850	 8.6900000000e+002	 3.43828e+001	-3.38414e+001
851	 8.7000000000e+002	 3.55767e+001	-3.16553e+001
852	 8.7100000000e+002	 3.68329e+001	-2.94485e+001
853	 8.7200000000e+002	 3.81537e+001	-2.72162e+001
854	 8.7300000000e+002	 3.95473e+001	-2.49627e+001
855	 8.7400000000e+002	 4.10201e+001	-2.26843e+001
856	 8.7500000000e+002	 4.25732e+001	-2.03822e+001
857	 8.7600000000e+002	 4.42219e+001	-1.80561e+001
858	 8.7700000000e+002	 4.59740e+001	-1.57039e+001
859	 8.7800000000e+002	 4.78349e+001	-1.33274e+001
860	 8.7900000000e+002	 4.98099e+001	-1.09263e+001
861	 8.8000000000e+002	 5.18951e+001	-8.50027e+000
862	 8.8100000000e+002	 5.41084e+001	-6.05440e+000
863	 8.8200000000e+002	 5.64633e+001	-3.58904e+000
864	 8.8300000000e+002	 5.89653e+001	-1.10838e+000
865	 8.8400000000e+002	 6.16324e+001	 1.38812e+000
866	 8.8500000000e+002	 6.44730e+001	 3.89153e+000
867	 8.8600000000e+002	 6.75046e+001	 6.40176e+000
868	 8.8700000000e+002	 7.07336e+001	 8.90543e+000
869	 8.8800000000e+002	 7.41623e+001	 1.13973e+001
870	 8.8900000000e+002	 7.78132e+001	 1.38675e+001
871	 8.9000000000e+002	 8.16981e+001	 1.63064e+001
872	 8.9100000000e+002	 8.58414e+001	 1.87012e+001
873	 8.9200000000e+002	 9.02609e+001	 2.10424e+001
874	 8.9300000000e+002	 9.49788e+001	 2.33052e+001
875	 8.9400000000e+002	 1.00010e+002	 2.54733e+001
876	 8.9500000000e+002	 1.05366e+002	 2.75187e+001
877	 8.9600000000e+002	 1.11064e+002	 2.94091e+001
878	 8.9700000000e+002	 1.17121e+002	 3.11243e+001
879	 8.9800000000e+002	 1.23564e+002	 3.26264e+001
880	 8.9900000000e+002	 1.30404e+002	 3.38604e+001
881	 9.0000000000e+002	 1.37668e+002	 3.47781e+001
882	 9.0100000000e+002	 1.45371e+002	 3.53427e+001
883	 9.0200000000e+002	 1.53533e+002	 3.54750e+001
884	 9.0300000000e+002	 1.62138e+002	 3.50821e+001
885	 9.0400000000e+002	 1.71167e+002	 3.41017e+001
886	 9.0500000000e+002	 1.80616e+002	 3.24357e+001
887	 9.0600000000e+002	 1.90445e+002	 2.99831e+001
888	 9.0700000000e+002	 2.00605e+002	 2.66292e+001
889	 9.0800000000e+002	 2.11043e+002	 2.22661e+001
890	 9.0900000000e+002	 2.21665e+002	 1.67719e+001
891	 9.1000000000e+002	 2.32331e+002	 1.00296e+001
892	 9.1100000000e+002	 2.42874e+002	 1.91479e+000
893	 9.1200000000e+002	 2.53072e+002	-7.65102e+000
894	 9.1300000000e+002	 2.62712e+002	-1.86942e+001
895	 9.1400000000e+002	 2.71523e+002	-3.12100e+001
896	 9.1500000000e+002	 2.79184e+002	-4.51483e+001
897	 9.1600000000e+002	 2.85414e+002	-6.04322e+001
898	 9.1700000000e+002	 2.89940e+002	-7.68687e+001
899	 9.1800000000e+002	 2.92511e+002	-9.41564e+001
900	 9.1900000000e+002	 2.92910e+002	-1.11948e+002
901	 9.2000000000e+002	 2.91015e+002	-1.29863e+002
902	 9.2100000000e+002	 2.86822e+002	-1.47424e+002
903	 9.2200000000e+002	 2.80430e+002	-1.64220e+002
904	 9.2300000000e+002	 2.72059e+002	-1.79853e+002
905	 9.2400000000e+002	 2.61964e+002	-1.94056e+002
906	 9.2500000000e+002	 2.50509e+002	-2.06595e+002
907	 9.2600000000e+002	 2.38047e+002	-2.17312e+002
908	 9.2700000000e+002	 2.24925e+002	-2.26184e+002
909	 9.2800000000e+002	 2.11482e+002	-2.33248e+002
910	 9.2900000000e+002	 1.98017e+002	-2.38591e+002
911	 9.3000000000e+002	 1.84806e+002	-2.42307e+002
912	 9.3100000000e+002	 1.72024e+002	-2.44613e+002
913	 9.3200000000e+002	 1.59798e+002	-2.45693e+002
914	 9.3300000000e+002	 1.48230e+002	-2.45708e+002
915	 9.3400000000e+002	 1.37359e+002	-2.44872e+002
916	 9.3500000000e+002	 1.27195e+002	-2.43340e+002
917	 9.3600000000e+002	 1.17748e+002	-2.41209e+002
918	 9.3700000000e+002	 1.08984e+002	-2.38628e+002
919	 9.3800000000e+002	 1.00896e+002	-2.35700e+002
920	 9.3900000000e+002	 9.34535e+001	-2.32484e+002
921	 9.4000000000e+002	 8.66220e+001	-2.29084e+002
922	 9.4100000000e+002	 8.03379e+001	-2.25537e+002
923	 9.4200000000e+002	 7.45710e+001	-2.21895e+002
924	 9.4300000000e+002	 6.92626e+001	-2.18212e+002
925	 9.4400000000e+002	 6.43559e+001	-2.14499e+002
926	 9.4500000000e+002	 5.98228e+001	-2.10779e+002
927	 9.4600000000e+002	 5.56554e+001	-2.07080e+002
928	 9.4700000000e+002	 5.18200e+001	-2.03409e+002
929	 9.4800000000e+002	 4.82944e+001	-1.99775e+002
930	 9.4900000000e+002	 4.50346e+001	-1.96178e+002
931	 9.5000000000e+002	 4.20629e+001	-1.92710e+002
932	 9.5100000000e+002	 3.92974e+001	-1.89217e+002
933	 9.5200000000e+002	 3.67301e+001	-1.85750e+002
934	 9.5300000000e+002	 3.43622e+001	-1.82391e+002
935	 9.5400000000e+002	 3.21482e+001	-1.79100e+002
936	 9.5500000000e+002	 3.01104e+001	-1.75868e+002
937	 9.5600000000e+002	 2.82522e+001	-1.72697e+002
938	 9.5700000000e+002	 2.65340e+001	-1.69584e+002
939	 9.5800000000e+002	 2.49446e+001	-1.66524e+002
940	 9.5900000000e+002	 2.34868e+001	-1.63532e+002
941	 9.6000000000e+002	 2.21597e+001	-1.60603e+002
942	 9.6100000000e+002	 2.09272e+001	-1.57741e+002
943	 9.6200000000e+002	 1.97739e+001	-1.54925e+002
944	 9.6300000000e+002	 1.86967e+001	-1.52162e+002
945	 9.6400000000e+002	 1.77083e+001	-1.49448e+002
946	 9.6500000000e+002	 1.68165e+001	-1.46779e+002
947	 9.6600000000e+002	 1.60002e+001	-1.44138e+002
948	 9.6700000000e+002	 1.52609e+001	-1.41541e+002
949	 9.6800000000e+002	 1.46050e+001	-1.38991e+002
950	 9.6900000000e+002	 1.40260e+001	-1.36476e+002
951	 9.7000000000e+002	 1.35158e+001	-1.34005e+002
952	 9.7100000000e+002	 1.30593e+001	-1.31581e+002
953	 9.7200000000e+002	 1.26602e+001	-1.29187e+002
954	 9.7300000000e+002	 1.23230e+001	-1.26820e+002
955	 9.7400000000e+002	 1.20510e+001	-1.24510e+002
956	 9.7500000000e+002	 1.18362e+001	-1.22239e+002
957	 9.7600000000e+002	 1.16564e+001	-1.19994e+002
958	 9.7700000000e+002	 1.15338e+001	-1.17786e+002
959	 9.7800000000e+002	 1.14691e+001	-1.15624e+002
960	 9.7900000000e+002	 1.14395e+001	-1.13503e+002
961	 9.8000000000e+002	 1.14403e+001	-1.11401e+002
962	 9.8100000000e+002	 1.14735e+001	-1.09332e+002
963	 9.8200000000e+002	 1.15550e+001	-1.07291e+002
964	 9.8300000000e+002	 1.16664e+001	-1.05278e+002
965	 9.8400000000e+002	 1.18054e+001	-1.03291e+002
966	 9.8500000000e+002	 1.19870e+001	-1.01321e+002
967	 9.8600000000e+002	 1.22058e+001	-9.93720e+001
968	 9.8700000000e+002	 1.24503e+001	-9.74524e+001
969	 9.8800000000e+002	 1.27341e+001	-9.55507e+001
970	 9.8900000000e+002	 1.30422e+001	-9.36616e+001
971	 9.9000000000e+002	 1.33690e+001	-9.17874e+001
972	 9.9100000000e+002	 1.37338e+001	-8.99383e+001
973	 9.9200000000e+002	 1.41275e+001	-8.80929e+001
974	 9.9300000000e+002	 1.45522e+001	-8.62613e+001
975	 9.9400000000e+002	 1.50131e+001	-8.44380e+001
976	 9.9500000000e+002	 1.55111e+001	-8.26106e+001
977	 9.9600000000e+002	 1.60322e+001	-8.08000e+001
978	 9.9700000000e+002	 1.65832e+001	-7.90014e+001
979	 9.9800000000e+002	 1.71705e+001	-7.72055e+001
980	 9.9900000000e+002	 1.77977e+001	-7.54099e+001
981	 1.0000000000e+003	 1.84590e+001	-7.36206e+001
982	 1.0010000000e+003	 1.91562e+001	-7.18257e+001
983	 1.0020000000e+003	 1.98956e+001	-7.00316e+001
984	 1.0030000000e+003	 2.06806e+001	-6.82399e+001
985	 1.0040000000e+003	 2.15149e+001	-6.64503e+001
986	 1.0050000000e+003	 2.23910e+001	-6.46635e+001
987	 1.0060000000e+003	 2.33114e+001	-6.28808e+001
988	 1.0070000000e+003	 2.42794e+001	-6.10927e+001
989	 1.0080000000e+003	 2.52936e+001	-5.93063e+001
990	 1.0090000000e+003	 2.63634e+001	-5.75236e+001
991	 1.0100000000e+003	 2.74863e+001	-5.57389e+001
992	 1.0110000000e+003	 2.86645e+001	-5.39464e+001
993	 1.0120000000e+003	 2.99066e+001	-5.21558e+001
994	 1.0130000000e+003	 3.12147e+001	-5.03609e+001
995	 1.0140000000e+003	 3.25855e+001	-4.85650e+001
996	 1.0150000000e+003	 3.40255e+001	-4.67704e+001
997	 1.0160000000e+003	 3.55351e+001	-4.49787e+001
998	 1.0170000000e+003	 3.71224e+001	-4.31864e+001
999	 1.0180000000e+003	 3.87914e+001	-4.13916e+001
1000	 1.0190000000e+003	 4.05448e+001	-3.96031e+001
1001	 1.0200000000e+003	 4.23903e+001	-3.78204e+001
1002	 1.0210000000e+003	 4.43370e+001	-3.60398e+001
1003	 1.0220000000e+003	 4.63888e+001	-3.42626e+001
1004	 1.0230000000e+003	 4.85497e+001	-3.25029e+001
1005	 1.0240000000e+003	 5.08188e+001	-3.07590e+001
1006	 1.0250000000e+003	 5.32078e+001	-2.90417e+001
1007	 1.0260000000e+003	 5.57150e+001	-2.73532e+001
1008	 1.0270000000e+003	 5.83646e+001	-2.56929e+001
1009	 1.0280000000e+003	 6.11503e+001	-2.40720e+001
1010	 1.0290000000e+003	 6.40812e+001	-2.24898e+001
1011	 1.0300000000e+003	 6.71695e+001	-2.09540e+001
1012	 1.0310000000e+003	 7.04241e+001	-1.94689e+001
1013	 1.0320000000e+003	 7.38455e+001	-1.80556e+001
1014	 1.0330000000e+003	 7.74530e+001	-1.67260e+001
1015	 1.0340000000e+003	 8.12448e+001	-1.54970e+001
1016	 1.0350000000e+003	 8.52312e+001	-1.43793e+001
1017	 1.0360000000e+003	 8.94241e+001	-1.33887e+001
1018	 1.0370000000e+003	 9.38314e+001	-1.25506e+001
1019	 1.0380000000e+003	 9.84533e+001	-1.18825e+001
1020	 1.0390000000e+003	 1.03307e+002	-1.14079e+001
1021	 1.0400000000e+003	 1.08392e+002	-1.11438e+001
1022	 1.0410000000e+003	 1.13717e+002	-1.11093e+001
1023	 1.0420000000e+003	 1.19272e+002	-1.13582e+001
1024	 1.0430000000e+003	 1.25058e+002	-1.19475e+001
1025	 1.0440000000e+003	 1.31076e+002	-1.29050e+001
1026	 1.0450000000e+003	 1.37297e+002	-1.42728e+001
1027	 1.0460000000e+003	 1.43712e+002	-1.61006e+001
1028	 1.0470000000e+003	 1.50301e+002	-1.84379e+001
1029	 1.0480000000e+003	 1.57033e+002	-2.13291e+001
1030	 1.0490000000e+003	 1.63869e+002	-2.48318e+001
1031	 1.0500000000e+003	 1.70785e+002	-2.88824e+001
1032	 1.0510000000e+003	 1.77639e+002	-3.37168e+001
1033	 1.0520000000e+003	 1.84343e+002	-3.94293e+001
1034	 1.0530000000e+003	 1.90908e+002	-4.58652e+001
1035	 1.0540000000e+003	 1.97137e+002	-5.31271e+001
1036	 1.0550000000e+003	 2.02917e+002	-6.12445e+001
1037	 1.0560000000e+003	 2.08131e+002	-7.01863e+001
1038	 1.0570000000e+003	 2.12611e+002	-7.99000e+001
1039	 1.0580000000e+003	 2.16252e+002	-9.03356e+001
1040	 1.0590000000e+003	 2.18939e+002	-1.01379e+002
1041	 1.0600000000e+003	 2.20522e+002	-1.12898e+002
1042	 1.0610000000e+003	 2.20879e+002	-1.24752e+002
1043	 1.0620000000e+003	 2.19954e+002	-1.36748e+002
1044	 1.0630000000e+003	 2.17719e+002	-1.48720e+002
1045	 1.0640000000e+003	 2.14159e+002	-1.60447e+002
1046	 1.0650000000e+003	 2.09325e+002	-1.71715e+002
1047	 1.0660000000e+003	 2.03321e+002	-1.82331e+002
1048	 1.0670000000e+003	 1.96273e+002	-1.92129e+002
1049	 1.0680000000e+003	 1.88356e+002	-2.00984e+002
1050	 1.0690000000e+003	 1.79770e+002	-2.08808e+002
1051	 1.0700000000e+003	 1.70657e+002	-2.15552e+002
1052	 1.0710000000e+003	 1.61198e+002	-2.21186e+002
1053	 1.0720000000e+003	 1.51543e+002	-2.25742e+002
1054	 1.0730000000e+003	 1.41858e+002	-2.29271e+002
1055	 1.0740000000e+003	 1.32251e+002	-2.31802e+002
1056	 1.0750000000e+003	 1.22824e+002	-2.33407e+002
1057	 1.0760000000e+003	 1.13689e+002	-2.34211e+002
1058	 1.0770000000e+003	 1.04936e+002	-2.34306e+002
1059	 1.0780000000e+003	 9.66220e+001	-2.33755e+002
1060	 1.0790000000e+003	 8.87427e+001	-2.32685e+002
1061	 1.0800000000e+003	 8.13108e+001	-2.31190e+002
1062	 1.0810000000e+003	 7.43225e+001	-2.29273e+002
1063	 1.0820000000e+003	 6.77855e+001	-2.27050e+002
1064	 1.0830000000e+003	 6.16747e+001	-2.24588e+002
1065	 1.0840000000e+003	 5.59773e+001	-2.21926e+002
1066	 1.0850000000e+003	 5.06752e+001	-2.19090e+002
1067	 1.0860000000e+003	 4.57233e+001	-2.16094e+002
1068	 1.0870000000e+003	 4.11423e+001	-2.13014e+002
1069	 1.0880000000e+003	 3.69087e+001	-2.09878e+002
1070	 1.0890000000e+003	 3.29857e+001	-2.06726e+002
1071	 1.0900000000e+003	 2.93572e+001	-2.03540e+002
1072	 1.0910000000e+003	 2.59857e+001	-2.00337e+002
1073	 1.0920000000e+003	 2.28699e+001	-1.97148e+002
1074	 1.0930000000e+003	 1.99905e+001	-1.93961e+002
1075	 1.0940000000e+003	 1.73314e+001	-1.90794e+002
1076	 1.0950000000e+003	 1.48723e+001	-1.87642e+002
1077	 1.0960000000e+003	 1.26081e+001	-1.84487e+002
1078	 1.0970000000e+003	 1.05404e+001	-1.81368e+002
1079	 1.0980000000e+003	 8.65647e+000	-1.78321e+002
1080	 1.0990000000e+003	 6.92244e+000	-1.75329e+002
1081	 1.1000000000e+003	 5.32396e+000	-1.72392e+002
1082	 1.1010000000e+003	 3.86715e+000	-1.69517e+002
1083	 1.1020000000e+003	 2.53745e+000	-1.66677e+002
1084	 1.1030000000e+003	 1.33072e+000	-1.63895e+002
1085	 1.1040000000e+003	 2.38835e-001	-1.61156e+002
1086	 1.1050000000e+003	-7.66194e-001	-1.58458e+002
1087	 1.1060000000e+003	-1.67114e+000	-1.55799e+002
1088	 1.1070000000e+003	-2.45750e+000	-1.53180e+002
1089	 1.1080000000e+003	-3.15397e+000	-1.50635e+002
1090	 1.1090000000e+003	-3.77997e+000	-1.48155e+002
1091	 1.1100000000e+003	-4.33593e+000	-1.45729e+002
1092	 1.1110000000e+003	-4.81690e+000	-1.43355e+002
1093	 1.1120000000e+003	-5.23394e+000	-1.41030e+002
1094	 1.1130000000e+003	-5.58960e+000	-1.38760e+002
1095	 1.1140000000e+003	-5.88214e+000	-1.36531e+002
1096	 1.1150000000e+003	-6.12813e+000	-1.34339e+002
1097	 1.1160000000e+003	-6.31856e+000	-1.32175e+002
1098	 1.1170000000e+003	-6.45730e+000	-1.30043e+002
1099	 1.1180000000e+003	-6.53867e+000	-1.27965e+002
1100	 1.1190000000e+003	-6.57793e+000	-1.25939e+002
1101	 1.1200000000e+003	-6.58257e+000	-1.23963e+002
1102	 1.1210000000e+003	-6.55618e+000	-1.22034e+002
1103	 1.1220000000e+003	-6.49573e+000	-1.20144e+002
1104	 1.1230000000e+003	-6.40197e+000	-1.18287e+002
1105	 1.1240000000e+003	-6.28396e+000	-1.16466e+002
1106	 1.1250000000e+003	-6.12892e+000	-1.14672e+002
1107	 1.1260000000e+003	-5.95543e+000	-1.12896e+002
1108	 1.1270000000e+003	-5.77614e+000	-1.11132e+002
1109	 1.1280000000e+003	-5.55030e+000	-1.09401e+002
1110	 1.1290000000e+003	-5.30810e+000	-1.07701e+002
1111	 1.1300000000e+003	-5.04735e+000	-1.06024e+002
1112	 1.1310000000e+003	-4.76963e+000	-1.04356e+002
1113	 1.1320000000e+003	-4.46300e+000	-1.02704e+002
1114	 1.1330000000e+003	-4.13709e+000	-1.01059e+002
1115	 1.1340000000e+003	-3.78570e+000	-9.94141e+001
1116	 1.1350000000e+003	-3.39632e+000	-9.77824e+001
1117	 1.1360000000e+003	-2.97718e+000	-9.61464e+001
1118	 1.1370000000e+003	-2.52510e+000	-9.45126e+001
1119	 1.1380000000e+003	-2.03719e+000	-9.28827e+001
1120	 1.1390000000e+003	-1.50298e+000	-9.12665e+001
1121	 1.1400000000e+003	-9.24621e-001	-8.96713e+001
1122	 1.1410000000e+003	-3.09052e-001	-8.80899e+001
1123	 1.1420000000e+003	 3.47352e-001	-8.65299e+001
1124	 1.1430000000e+003	 1.03753e+000	-8.49762e+001
1125	 1.1440000000e+003	 1.77261e+000	-8.34418e+001
1126	 1.1450000000e+003	 2.54329e+000	-8.19179e+001
1127	 1.1460000000e+003	 3.34924e+000	-8.04051e+001
1128	 1.1470000000e+003	 4.18899e+000	-7.89034e+001
1129	 1.1480000000e+003	 5.07432e+000	-7.74194e+001
1130	 1.1490000000e+003	 5.99719e+000	-7.59588e+001
1131	 1.1500000000e+003	 6.96333e+000	-7.45516e+001
1132	 1.1510000000e+003	 7.96083e+000	-7.31382e+001
1133	 1.1520000000e+003	 9.00236e+000	-7.16712e+001
1134	 1.1530000000e+003	 1.00937e+001	-7.02678e+001
1135	 1.1540000000e+003	 1.12331e+001	-6.88777e+001
1136	 1.1550000000e+003	 1.24089e+001	-6.75081e+001
1137	 1.1560000000e+003	 1.36276e+001	-6.61441e+001
1138	 1.1570000000e+003	 1.49001e+001	-6.47890e+001
1139	 1.1580000000e+003	 1.62194e+001	-6.34468e+001
1140	 1.1590000000e+003	 1.75962e+001	-6.21267e+001
1141	 1.1600000000e+003	 1.90372e+001	-6.08332e+001
1142	 1.1610000000e+003	 2.05326e+001	-5.95613e+001
1143	 1.1620000000e+003	 2.20892e+001	-5.83066e+001
1144	 1.1630000000e+003	 2.37145e+001	-5.70761e+001
1145	 1.1640000000e+003	 2.54103e+001	-5.58717e+001
1146	 1.1650000000e+003	 2.71757e+001	-5.46907e+001
1147	 1.1660000000e+003	 2.90141e+001	-5.35393e+001
1148	 1.1670000000e+003	 3.09222e+001	-5.24225e+001
1149	 1.1680000000e+003	 3.29029e+001	-5.13334e+001
1150	 1.1690000000e+003	 3.49687e+001	-5.02928e+001
1151	 1.1700000000e+003	 3.71260e+001	-4.93072e+001
1152	 1.1710000000e+003	 3.93666e+001	-4.83768e+001
1153	 1.1720000000e+003	 4.16996e+001	-4.74985e+001
1154	 1.1730000000e+003	 4.41233e+001	-4.66804e+001
1155	 1.1740000000e+003	 4.66446e+001	-4.59298e+001
1156	 1.1750000000e+003	 4.92673e+001	-4.52524e+001
1157	 1.1760000000e+003	 5.19897e+001	-4.46483e+001
1158	 1.1770000000e+003	 5.48156e+001	-4.41328e+001
1159	 1.1780000000e+003	 5.77373e+001	-4.37212e+001
1160	 1.1790000000e+003	 6.07661e+001	-4.34166e+001
1161	 1.1800000000e+003	 6.39136e+001	-4.32336e+001
1162	 1.1810000000e+003	 6.71792e+001	-4.31867e+001
1163	 1.1820000000e+003	 7.05683e+001	-4.32936e+001
1164	 1.1830000000e+003	 7.40624e+001	-4.35561e+001
1165	 1.1840000000e+003	 7.76661e+001	-4.39889e+001
1166	 1.1850000000e+003	 8.13896e+001	-4.46260e+001
1167	 1.1860000000e+003	 8.52148e+001	-4.54725e+001
1168	 1.1870000000e+003	 8.91365e+001	-4.65438e+001
1169	 1.1880000000e+003	 9.31508e+001	-4.78823e+001
1170	 1.1890000000e+003	 9.72352e+001	-4.94980e+001
1171	 1.1900000000e+003	 1.01380e+002	-5.14141e+001
1172	 1.1910000000e+003	 1.05572e+002	-5.36678e+001
1173	 1.1920000000e+003	 1.09795e+002	-5.62838e+001
1174	 1.1930000000e+003	 1.14014e+002	-5.92702e+001
1175	 1.1940000000e+003	 1.18191e+002	-6.26713e+001
1176	 1.1950000000e+003	 1.22296e+002	-6.64893e+001
1177	 1.1960000000e+003	 1.26275e+002	-7.07584e+001
1178	 1.1970000000e+003	 1.30075e+002	-7.54786e+001
1179	 1.1980000000e+003	 1.33646e+002	-8.06728e+001
1180	 1.1990000000e+003	 1.36903e+002	-8.63309e+001
1181	 1.2000000000e+003	 1.39795e+002	-9.24463e+001
1182	 1.2010000000e+003	 1.42248e+002	-9.90107e+001
1183	 1.2020000000e+003	 1.44123e+002	-1.05989e+002
1184	 1.2030000000e+003	 1.45400e+002	-1.13316e+002
1185	 1.2040000000e+003	 1.46030e+002	-1.20926e+002
1186	 1.2050000000e+003	 1.45930e+002	-1.28731e+002
1187	 1.2060000000e+003	 1.45044e+002	-1.36646e+002
1188	 1.2070000000e+003	 1.43379e+002	-1.44527e+002
1189	 1.2080000000e+003	 1.40909e+002	-1.52260e+002
1190	 1.2090000000e+003	 1.37676e+002	-1.59753e+002
1191	 1.2100000000e+003	 1.33717e+002	-1.66886e+002
1192	 1.2110000000e+003	 1.29092e+002	-1.73563e+002
1193	 1.2120000000e+003	 1.23896e+002	-1.79710e+002
1194	 1.2130000000e+003	 1.18182e+002	-1.85266e+002
1195	 1.2140000000e+003	 1.12067e+002	-1.90199e+002
1196	 1.2150000000e+003	 1.05634e+002	-1.94472e+002
1197	 1.2160000000e+003	 9.89803e+001	-1.98072e+002
1198	 1.2170000000e+003	 9.22186e+001	-2.01023e+002
1199	 1.2180000000e+003	 8.54143e+001	-2.03328e+002
1200	 1.2190000000e+003	 7.86275e+001	-2.05004e+002
1201	 1.2200000000e+003	 7.19448e+001	-2.06105e+002
1202	 1.2210000000e+003	 6.54130e+001	-2.06682e+002
1203	 1.2220000000e+003	 5.90875e+001	-2.06760e+002
1204	 1.2230000000e+003	 5.29726e+001	-2.06409e+002
1205	 1.2240000000e+003	 4.71199e+001	-2.05659e+002
1206	 1.2250000000e+003	 4.15287e+001	-2.04559e+002
1207	 1.2260000000e+003	 3.62271e+001	-2.03157e+002
1208	 1.2270000000e+003	 3.11583e+001	-2.01517e+002
1209	 1.2280000000e+003	 2.63869e+001	-1.99648e+002
1210	 1.2290000000e+003	 2.18932e+001	-1.97581e+002
1211	 1.2300000000e+003	 1.76813e+001	-1.95361e+002
1212	 1.2310000000e+003	 1.37536e+001	-1.93010e+002
1213	 1.2320000000e+003	 1.01037e+001	-1.90560e+002
1214	 1.2330000000e+003	 6.68934e+000	-1.88034e+002
1215	 1.2340000000e+003	 3.52798e+000	-1.85432e+002
1216	 1.2350000000e+003	 5.97728e-001	-1.82782e+002
1217	 1.2360000000e+003	-2.12595e+000	-1.80090e+002
1218	 1.2370000000e+003	-4.63786e+000	-1.77405e+002
1219	 1.2380000000e+003	-6.96359e+000	-1.74723e+002
1220	 1.2390000000e+003	-9.10468e+000	-1.72033e+002
1221	 1.2400000000e+003	-1.10680e+001	-1.69345e+002
1222	 1.2410000000e+003	-1.28780e+001	-1.66689e+002
1223	 1.2420000000e+003	-1.45315e+001	-1.64061e+002
1224	 1.2430000000e+003	-1.60461e+001	-1.61466e+002
1225	 1.2440000000e+003	-1.74135e+001	-1.58918e+002
1226	 1.2450000000e+003	-1.86625e+001	-1.56410e+002
1227	 1.2460000000e+003	-1.98066e+001	-1.53932e+002
1228	 1.2470000000e+003	-2.08372e+001	-1.51495e+002
1229	 1.2480000000e+003	-2.17699e+001	-1.49101e+002
1230	 1.2490000000e+003	-2.26238e+001	-1.46740e+002
1231	 1.2500000000e+003	-2.34035e+001	-1.44472e+002
1232	 1.2510000000e+003	-2.40869e+001	-1.42235e+002
1233	 1.2520000000e+003	-2.46855e+001	-1.39943e+002
1234	 1.2530000000e+003	-2.52346e+001	-1.37730e+002
1235	 1.2540000000e+003	-2.57129e+001	-1.35578e+002
1236	 1.2550000000e+003	-2.61320e+001	-1.33485e+002
1237	 1.2560000000e+003	-2.64818e+001	-1.31422e+002
1238	 1.2570000000e+003	-2.67584e+001	-1.29411e+002
1239	 1.2580000000e+003	-2.69922e+001	-1.27423e+002
1240	 1.2590000000e+003	-2.71803e+001	-1.25468e+002
1241	 1.2600000000e+003	-2.73250e+001	-1.23543e+002
1242	 1.2610000000e+003	-2.74477e+001	-1.21662e+002
1243	 1.2620000000e+003	-2.75214e+001	-1.19821e+002
1244	 1.2630000000e+003	-2.75531e+001	-1.18014e+002
1245	 1.2640000000e+003	-2.75357e+001	-1.16241e+002
1246	 1.2650000000e+003	-2.74843e+001	-1.14484e+002
1247	 1.2660000000e+003	-2.74119e+001	-1.12752e+002
1248	 1.2670000000e+003	-2.73016e+001	-1.11065e+002
1249	 1.2680000000e+003	-2.71576e+001	-1.09415e+002
1250	 1.2690000000e+003	-2.69659e+001	-1.07785e+002
1251	 1.2700000000e+003	-2.67388e+001	-1.06175e+002
1252	 1.2710000000e+003	-2.65005e+001	-1.04589e+002
1253	 1.2720000000e+003	-2.62441e+001	-1.03004e+002
1254	 1.2730000000e+003	-2.59519e+001	-1.01461e+002
1255	 1.2740000000e+003	-2.56426e+001	-9.99555e+001
1256	 1.2750000000e+003	-2.53015e+001	-9.84750e+001
1257	 1.2760000000e+003	-2.49296e+001	-9.70043e+001
1258	 1.2770000000e+003	-2.45294e+001	-9.55583e+001
1259	 1.2780000000e+003	-2.41039e+001	-9.41359e+001
1260	 1.2790000000e+003	-2.36657e+001	-9.27451e+001
1261	 1.2800000000e+003	-2.31900e+001	-9.13675e+001
1262	 1.2810000000e+003	-2.26823e+001	-9.00039e+001
1263	 1.2820000000e+003	-2.21542e+001	-8.86587e+001
1264	 1.2830000000e+003	-2.16001e+001	-8.73297e+001
1265	 1.2840000000e+003	-2.10306e+001	-8.60272e+001
1266	 1.2850000000e+003	-2.04454e+001	-8.47490e+001
1267	 1.2860000000e+003	-1.98356e+001	-8.34920e+001
1268	 1.2870000000e+003	-1.91980e+001	-8.22515e+001
1269	 1.2880000000e+003	-1.85431e+001	-8.10271e+001
1270	 1.2890000000e+003	-1.78604e+001	-7.98246e+001
1271	 1.2900000000e+003	-1.71511e+001	-7.86446e+001
1272	 1.2910000000e+003	-1.64098e+001	-7.74870e+001
1273	 1.2920000000e+003	-1.56395e+001	-7.63418e+001
1274	 1.2930000000e+003	-1.48567e+001	-7.52042e+001
1275	 1.2940000000e+003	-1.40416e+001	-7.40853e+001
1276	 1.2950000000e+003	-1.32119e+001	-7.29751e+001
1277	 1.2960000000e+003	-1.23545e+001	-7.18838e+001
1278	 1.2970000000e+003	-1.14724e+001	-7.08204e+001
1279	 1.2980000000e+003	-1.05593e+001	-6.97810e+001
1280	 1.2990000000e+003	-9.62502e+000	-6.87533e+001
1281	 1.3000000000e+003	-8.65295e+000	-6.77491e+001
1282	 1.3010000000e+003	-7.63990e+000	-6.67745e+001
1283	 1.3020000000e+003	-6.60471e+000	-6.58217e+001
1284	 1.3030000000e+003	-5.54146e+000	-6.48687e+001
1285	 1.3040000000e+003	-4.43943e+000	-6.39484e+001
1286	 1.3050000000e+003	-3.30310e+000	-6.30566e+001
1287	 1.3060000000e+003	-2.13644e+000	-6.21837e+001
1288	 1.3070000000e+003	-9.36620e-001	-6.13299e+001
1289	 1.3080000000e+003	 2.92456e-001	-6.05039e+001
1290	 1.3090000000e+003	 1.55272e+000	-5.97088e+001
1291	 1.3100000000e+003	 2.86525e+000	-5.89515e+001
1292	 1.3110000000e+003	 4.20828e+000	-5.82279e+001
1293	 1.3120000000e+003	 5.58492e+000	-5.75442e+001
1294	 1.3130000000e+003	 7.01400e+000	-5.68930e+001
1295	 1.3140000000e+003	 8.48214e+000	-5.62806e+001
1296	 1.3150000000e+003	 9.99128e+000	-5.57073e+001
1297	 1.3160000000e+003	 1.15403e+001	-5.51754e+001
1298	 1.3170000000e+003	 1.31319e+001	-5.46901e+001
1299	 1.3180000000e+003	 1.47517e+001	-5.42524e+001
1300	 1.3190000000e+003	 1.64176e+001	-5.38656e+001
1301	 1.3200000000e+003	 1.81249e+001	-5.35336e+001
1302	 1.3210000000e+003	 1.98740e+001	-5.32676e+001
1303	 1.3220000000e+003	 2.16644e+001	-5.30674e+001
1304	 1.3230000000e+003	 2.34970e+001	-5.29298e+001
1305	 1.3240000000e+003	 2.53733e+001	-5.28630e+001
1306	 1.3250000000e+003	 2.72958e+001	-5.28673e+001
1307	 1.3260000000e+003	 2.92385e+001	-5.29587e+001
1308	 1.3270000000e+003	 3.12587e+001	-5.31379e+001
1309	 1.3280000000e+003	 3.33097e+001	-5.34022e+001
1310	 1.3290000000e+003	 3.53897e+001	-5.37716e+001
1311	 1.3300000000e+003	 3.74998e+001	-5.42500e+001
1312	 1.3310000000e+003	 3.96351e+001	-5.48335e+001
1313	 1.3320000000e+003	 4.18027e+001	-5.55412e+001
1314	 1.3330000000e+003	 4.39924e+001	-5.63848e+001
1315	 1.3340000000e+003	 4.61946e+001	-5.73718e+001
1316	 1.3350000000e+003	 4.84140e+001	-5.85059e+001
1317	 1.3360000000e+003	 5.06411e+001	-5.97938e+001
1318	 1.3370000000e+003	 5.28586e+001	-6.12504e+001
1319	 1.3380000000e+003	 5.50563e+001	-6.28777e+001
1320	 1.3390000000e+003	 5.72325e+001	-6.47028e+001
1321	 1.3400000000e+003	 5.93477e+001	-6.67326e+001
1322	 1.3410000000e+003	 6.13884e+001	-6.89739e+001
1323	 1.3420000000e+003	 6.33264e+001	-7.14247e+001
1324	 1.3430000000e+003	 6.51452e+001	-7.40805e+001
1325	 1.3440000000e+003	 6.68195e+001	-7.69695e+001
1326	 1.3450000000e+003	 6.83173e+001	-8.00793e+001
1327	 1.3460000000e+003	 6.95837e+001	-8.33864e+001
1328	 1.3470000000e+003	 7.06051e+001	-8.68936e+001
1329	 1.3480000000e+003	 7.13418e+001	-9.05549e+001
1330	 1.3490000000e+003	 7.17654e+001	-9.43639e+001
1331	 1.3500000000e+003	 7.18678e+001	-9.82408e+001
1332	 1.3510000000e+003	 7.16223e+001	-1.02198e+002
1333	 1.3520000000e+003	 7.09152e+001	-1.06258e+002
1334	 1.3530000000e+003	 6.98466e+001	-1.10233e+002
1335	 1.3540000000e+003	 6.83922e+001	-1.14100e+002
1336	 1.3550000000e+003	 6.65629e+001	-1.17826e+002
1337	 1.3560000000e+003	 6.43751e+001	-1.21372e+002
1338	 1.3570000000e+003	 6.18694e+001	-1.24693e+002
1339	 1.3580000000e+003	 5.90722e+001	-1.27734e+002
1340	 1.3590000000e+003	 5.60110e+001	-1.30456e+002
1341	 1.3600000000e+003	 5.27568e+001	-1.32834e+002
1342	 1.3610000000e+003	 4.93343e+001	-1.34861e+002
1343	 1.3620000000e+003	 4.58112e+001	-1.36522e+002
1344	 1.3630000000e+003	 4.22486e+001	-1.37842e+002
1345	 1.3640000000e+003	 3.86761e+001	-1.38820e+002
1346	 1.3650000000e+003	 3.51277e+001	-1.39477e+002
1347	 1.3660000000e+003	 3.16287e+001	-1.39821e+002
1348	 1.3670000000e+003	 2.82297e+001	-1.39867e+002
1349	 1.3680000000e+003	 2.49461e+001	-1.39663e+002
1350	 1.3690000000e+003	 2.18142e+001	-1.39236e+002
1351	 1.3700000000e+003	 1.88464e+001	-1.38603e+002
1352	 1.3710000000e+003	 1.60302e+001	-1.37793e+002
1353	 1.3720000000e+003	 1.33646e+001	-1.36823e+002
1354	 1.3730000000e+003	 1.08825e+001	-1.35713e+002
1355	 1.3740000000e+003	 8.57183e+000	-1.34497e+002
1356	 1.3750000000e+003	 6.41625e+000	-1.33207e+002
1357	 1.3760000000e+003	 4.43602e+000	-1.31846e+002
1358	 1.3770000000e+003	 2.61190e+000	-1.30432e+002
1359	 1.3780000000e+003	 9.47855e-001	-1.29013e+002
1360	 1.3790000000e+003	-5.85876e-001	-1.27557e+002
1361	 1.3800000000e+003	-1.99231e+000	-1.26094e+002
1362	 1.3810000000e+003	-3.26762e+000	-1.24647e+002
1363	 1.3820000000e+003	-4.42457e+000	-1.23224e+002
1364	 1.3830000000e+003	-5.47079e+000	-1.21818e+002
1365	 1.3840000000e+003	-6.43925e+000	-1.20422e+002
1366	 1.3850000000e+003	-7.32306e+000	-1.19038e+002
1367	 1.3860000000e+003	-8.13535e+000	-1.17677e+002
1368	 1.3870000000e+003	-8.87582e+000	-1.16342e+002
1369	 1.3880000000e+003	-9.54611e+000	-1.15044e+002
1370	 1.3890000000e+003	-1.01564e+001	-1.13779e+002
1371	 1.3900000000e+003	-1.07251e+001	-1.12543e+002
1372	 1.3910000000e+003	-1.12471e+001	-1.11342e+002
1373	 1.3920000000e+003	-1.17237e+001	-1.10154e+002
1374	 1.3930000000e+003	-1.21761e+001	-1.08996e+002
1375	 1.3940000000e+003	-1.25913e+001	-1.07870e+002
1376	 1.3950000000e+003	-1.29780e+001	-1.06767e+002
1377	 1.3960000000e+003	-1.33415e+001	-1.05677e+002
1378	 1.3970000000e+003	-1.36850e+001	-1.04593e+002
1379	 1.3980000000e+003	-1.40047e+001	-1.03533e+002
1380	 1.3990000000e+003	-1.42984e+001	-1.02463e+002
1381	 1.4000000000e+003	-1.45772e+001	-1.01394e+002
1382	 1.4010000000e+003	-1.48167e+001	-1.00339e+002
1383	 1.4020000000e+003	-1.50432e+001	-9.93020e+001
1384	 1.4030000000e+003	-1.52404e+001	-9.82857e+001
1385	 1.4040000000e+003	-1.54158e+001	-9.72592e+001
1386	 1.4050000000e+003	-1.55711e+001	-9.62359e+001
1387	 1.4060000000e+003	-1.57032e+001	-9.52196e+001
1388	 1.4070000000e+003	-1.58075e+001	-9.42259e+001
1389	 1.4080000000e+003	-1.58939e+001	-9.32450e+001
1390	 1.4090000000e+003	-1.59557e+001	-9.22633e+001
1391	 1.4100000000e+003	-1.59970e+001	-9.12781e+001
1392	 1.4110000000e+003	-1.60267e+001	-9.03024e+001
1393	 1.4120000000e+003	-1.60204e+001	-8.93150e+001
1394	 1.4130000000e+003	-1.59947e+001	-8.83378e+001
1395	 1.4140000000e+003	-1.59411e+001	-8.73742e+001
1396	 1.4150000000e+003	-1.58659e+001	-8.64276e+001
1397	 1.4160000000e+003	-1.57628e+001	-8.54948e+001
1398	 1.4170000000e+003	-1.56442e+001	-8.45563e+001
1399	 1.4180000000e+003	-1.55029e+001	-8.36314e+001
1400	 1.4190000000e+003	-1.53386e+001	-8.27231e+001
1401	 1.4200000000e+003	-1.51582e+001	-8.18236e+001
1402	 1.4210000000e+003	-1.49476e+001	-8.09425e+001
1403	 1.4220000000e+003	-1.47340e+001	-8.00652e+001
1404	 1.4230000000e+003	-1.45037e+001	-7.91903e+001
1405	 1.4240000000e+003	-1.42501e+001	-7.83157e+001
1406	 1.4250000000e+003	-1.39763e+001	-7.74610e+001
1407	 1.4260000000e+003	-1.36729e+001	-7.66121e+001
1408	 1.4270000000e+003	-1.33687e+001	-7.57762e+001
1409	 1.4280000000e+003	-1.30418e+001	-7.49568e+001
1410	 1.4290000000e+003	-1.27002e+001	-7.41474e+001
1411	 1.4300000000e+003	-1.23331e+001	-7.33552e+001
1412	 1.4310000000e+003	-1.19441e+001	-7.25691e+001
1413	 1.4320000000e+003	-1.15372e+001	-7.17898e+001
1414	 1.4330000000e+003	-1.11194e+001	-7.10308e+001
1415	 1.4340000000e+003	-1.06868e+001	-7.02763e+001
1416	 1.4350000000e+003	-1.02428e+001	-6.95290e+001
1417	 1.4360000000e+003	-9.78442e+000	-6.87882e+001
1418	 1.4370000000e+003	-9.31058e+000	-6.80626e+001
1419	 1.4380000000e+003	-8.82271e+000	-6.73473e+001
1420	 1.4390000000e+003	-8.32107e+000	-6.66392e+001
1421	 1.4400000000e+003	-7.80291e+000	-6.59359e+001
1422	 1.4410000000e+003	-7.26184e+000	-6.52452e+001
1423	 1.4420000000e+003	-6.70373e+000	-6.45730e+001
1424	 1.4430000000e+003	-6.12939e+000	-6.39019e+001
1425	 1.4440000000e+003	-5.53281e+000	-6.32383e+001
1426	 1.4450000000e+003	-4.91126e+000	-6.25845e+001
1427	 1.4460000000e+003	-4.27861e+000	-6.19419e+001
1428	 1.4470000000e+003	-3.62776e+000	-6.13028e+001
1429	 1.4480000000e+003	-2.96249e+000	-6.06801e+001
1430	 1.4490000000e+003	-2.27912e+000	-6.00656e+001
1431	 1.4500000000e+003	-1.57116e+000	-5.94234e+001
1432	 1.4510000000e+003	-8.28583e-001	-5.87704e+001
1433	 1.4520000000e+003	-6.21657e-002	-5.82205e+001
1434	 1.4530000000e+003	 7.33846e-001	-5.76444e+001
1435	 1.4540000000e+003	 1.55287e+000	-5.70789e+001
1436	 1.4550000000e+003	 2.39281e+000	-5.65331e+001
1437	 1.4560000000e+003	 3.27199e+000	-5.59917e+001
1438	 1.4570000000e+003	 4.20790e+000	-5.54585e+001
1439	 1.4580000000e+003	 5.18936e+000	-5.49521e+001
1440	 1.4590000000e+003	 6.18937e+000	-5.44802e+001
1441	 1.4600000000e+003	 7.18923e+000	-5.40363e+001
1442	 1.4610000000e+003	 8.22587e+000	-5.36082e+001
1443	 1.4620000000e+003	 9.34240e+000	-5.31873e+001
1444	 1.4630000000e+003	 1.05087e+001	-5.28126e+001
1445	 1.4640000000e+003	 1.16666e+001	-5.24978e+001
1446	 1.4650000000e+003	 1.28204e+001	-5.22119e+001
1447	 1.4660000000e+003	 1.40779e+001	-5.19375e+001
1448	 1.4670000000e+003	 1.54354e+001	-5.17229e+001
1449	 1.4680000000e+003	 1.67654e+001	-5.15960e+001
1450	 1.4690000000e+003	 1.80363e+001	-5.15029e+001
1451	 1.4700000000e+003	 1.94482e+001	-5.14295e+001
1452	 1.4710000000e+003	 2.09982e+001	-5.14647e+001
1453	 1.4720000000e+003	 2.24285e+001	-5.15943e+001
1454	 1.4730000000e+003	 2.38093e+001	-5.17248e+001
1455	 1.4740000000e+003	 2.54280e+001	-5.19576e+001
1456	 1.4750000000e+003	 2.70486e+001	-5.23399e+001
1457	 1.4760000000e+003	 2.84332e+001	-5.27336e+001
1458	 1.4770000000e+003	 3.00144e+001	-5.31859e+001
1459	 1.4780000000e+003	 3.17788e+001	-5.38799e+001
1460	 1.4790000000e+003	 3.32037e+001	-5.45700e+001
1461	 1.4800000000e+003	 3.47170e+001	-5.52697e+001
1462	 1.4810000000e+003	 3.65059e+001	-5.63156e+001
1463	 1.4820000000e+003	 3.78973e+001	-5.73233e+001
1464	 1.4830000000e+003	 3.93442e+001	-5.82990e+001
1465	 1.4840000000e+003	 4.10777e+001	-5.97733e+001
1466	 1.4850000000e+003	 4.23076e+001	-6.10434e+001
1467	 1.4860000000e+003	 4.37132e+001	-6.23852e+001
1468	 1.4870000000e+003	 4.52433e+001	-6.43153e+001
1469	 1.4880000000e+003	 4.61901e+001	-6.57296e+001
1470	 1.4890000000e+003	 4.75290e+001	-6.76278e+001
1471	 1.4900000000e+003	 4.85881e+001	-6.98491e+001
1472	 1.4910000000e+003	 4.93550e+001	-7.14005e+001
1473	 1.4920000000e+003	 5.04003e+001	-7.40365e+001
1474	 1.4930000000e+003	 5.08584e+001	-7.60294e+001
1475	 1.4940000000e+003	 5.15465e+001	-7.82837e+001
1476	 1.4950000000e+003	 5.18459e+001	-8.11675e+001
1477	 1.4960000000e+003	 5.20459e+001	-8.29151e+001
1478	 1.4970000000e+003	 5.21002e+001	-8.61792e+001
1479	 1.4980000000e+003	 5.18330e+001	-8.80874e+001
1480	 1.4990000000e+003	 5.15773e+001	-9.10624e+001
1481	 1.5000000000e+003	 5.07551e+001	-9.35790e+001
1482	 1.5010000000e+003	 5.02505e+001	-9.58739e+001
1483	 1.5020000000e+003	 4.88161e+001	-9.88455e+001
1484	 1.5030000000e+003	 4.80811e+001	-1.00551e+002
1485	 1.5040000000e+003	 4.60767e+001	-1.03593e+002
1486	 1.5050000000e+003	 4.51076e+001	-1.04919e+002
1487	 1.5060000000e+003	 4.26692e+001	-1.07714e+002
1488	 1.5070000000e+003	 4.14568e+001	-1.08771e+002
1489	 1.5080000000e+003	 3.87199e+001	-1.11131e+002
1490	 1.5090000000e+003	 3.73072e+001	-1.11941e+002
1491	 1.5100000000e+003	 3.43190e+001	-1.13810e+002
1492	 1.5110000000e+003	 3.28171e+001	-1.14345e+002
1493	 1.5120000000e+003	 2.96494e+001	-1.15705e+002
1494	 1.5130000000e+003	 2.82149e+001	-1.16005e+002
1495	 1.5140000000e+003	 2.49227e+001	-1.16842e+002
1496	 1.5150000000e+003	 2.36226e+001	-1.16957e+002
1497	 1.5160000000e+003	 2.02553e+001	-1.17205e+002
1498	 1.5170000000e+003	 1.90535e+001	-1.17233e+002
1499	 1.5180000000e+003	 1.58940e+001	-1.16914e+002
1500	 1.5190000000e+003	 1.46474e+001	-1.16870e+002
1501	 1.5200000000e+003	 1.20469e+001	-1.16131e+002
1502	 1.5210000000e+003	 1.05071e+001	-1.15943e+002
1503	 1.5220000000e+003	 8.85244e+000	-1.15148e+002
1504	 1.5230000000e+003	 6.71448e+000	-1.14536e+002
1505	 1.5240000000e+003	 5.77716e+000	-1.13990e+002
1506	 1.5250000000e+003	 3.39136e+000	-1.12782e+002
1507	 1.5260000000e+003	 2.58943e+000	-1.12381e+002
1508	 1.5270000000e+003	 8.43306e-001	-1.11034e+002
1509	 1.5280000000e+003	-3.76825e-001	-1.10410e+002
1510	 1.5290000000e+003	-1.12594e+000	-1.09671e+002
1511	 1.5300000000e+003	-2.92464e+000	-1.08187e+002
1512	 1.5310000000e+003	-3.52750e+000	-1.07702e+002
1513	 1.5320000000e+003	-4.63236e+000	-1.06336e+002
1514	 1.5330000000e+003	-5.71393e+000	-1.05372e+002
1515	 1.5340000000e+003	-6.16699e+000	-1.04784e+002
1516	 1.5350000000e+003	-7.40290e+000	-1.03117e+002
1517	 1.5360000000e+003	-7.98574e+000	-1.02454e+002
1518	 1.5370000000e+003	-8.36167e+000	-1.01772e+002
1519	 1.5380000000e+003	-9.43415e+000	-1.00078e+002
1520	 1.5390000000e+003	-9.83328e+000	-9.94770e+001
1521	 1.5400000000e+003	-1.01403e+001	-9.87792e+001
1522	 1.5410000000e+003	-1.10193e+001	-9.71098e+001
1523	 1.5420000000e+003	-1.13341e+001	-9.65213e+001
1524	 1.5430000000e+003	-1.15729e+001	-9.59066e+001
1525	 1.5440000000e+003	-1.22501e+001	-9.41967e+001
1526	 1.5450000000e+003	-1.25104e+001	-9.35514e+001
1527	 1.5460000000e+003	-1.26883e+001	-9.29894e+001
1528	 1.5470000000e+003	-1.31061e+001	-9.15589e+001
1529	 1.5480000000e+003	-1.33948e+001	-9.06106e+001
1530	 1.5490000000e+003	-1.35194e+001	-9.00361e+001
1531	 1.5500000000e+003	-1.36208e+001	-8.92988e+001
1532	 1.5510000000e+003	-1.39281e+001	-8.76494e+001
1533	 1.5520000000e+003	-1.40512e+001	-8.71423e+001
1534	 1.5530000000e+003	-1.41253e+001	-8.65701e+001
1535	 1.5540000000e+003	-1.42080e+001	-8.56845e+001
1536	 1.5550000000e+003	-1.43550e+001	-8.42945e+001
1537	 1.5560000000e+003	-1.43872e+001	-8.37325e+001
1538	 1.5570000000e+003	-1.44080e+001	-8.31580e+001
1539	 1.5580000000e+003	-1.44159e+001	-8.24804e+001
1540	 1.5590000000e+003	-1.43971e+001	-8.09504e+001
1541	 1.5600000000e+003	-1.43697e+001	-8.03951e+001
1542	 1.5610000000e+003	-1.43235e+001	-7.98121e+001
1543	 1.5620000000e+003	-1.42763e+001	-7.92577e+001
1544	 1.5630000000e+003	-1.41433e+001	-7.81181e+001
1545	 1.5640000000e+003	-1.39938e+001	-7.71296e+001
1546	 1.5650000000e+003	-1.38933e+001	-7.65848e+001
1547	 1.5660000000e+003	-1.37776e+001	-7.59944e+001
1548	 1.5670000000e+003	-1.36660e+001	-7.54315e+001
1549	 1.5680000000e+003	-1.35040e+001	-7.47647e+001
1550	 1.5690000000e+003	-1.31418e+001	-7.34292e+001
1551	 1.5700000000e+003	-1.29941e+001	-7.29246e+001
1552	 1.5710000000e+003	-1.28199e+001	-7.23695e+001
1553	 1.5720000000e+003	-1.26263e+001	-7.17995e+001
1554	 1.5730000000e+003	-1.24325e+001	-7.12566e+001
1555	 1.5740000000e+003	-1.22409e+001	-7.07637e+001
1556	 1.5750000000e+003	-1.16967e+001	-6.94360e+001
1557	 1.5760000000e+003	-1.14405e+001	-6.89104e+001
1558	 1.5770000000e+003	-1.11829e+001	-6.84125e+001
1559	 1.5780000000e+003	-1.09063e+001	-6.78805e+001
1560	 1.5790000000e+003	-1.06073e+001	-6.73314e+001
1561	 1.5800000000e+003	-1.03028e+001	-6.67864e+001
1562	 1.5810000000e+003	-9.99435e+000	-6.62629e+001
1563	 1.5820000000e+003	-9.70096e+000	-6.57797e+001
1564	 1.5830000000e+003	-9.41301e+000	-6.53235e+001
1565	 1.5840000000e+003	-8.59140e+000	-6.41349e+001
1566	 1.5850000000e+003	-8.28297e+000	-6.37276e+001
1567	 1.5860000000e+003	-7.94869e+000	-6.32718e+001
1568	 1.5870000000e+003	-7.57147e+000	-6.27927e+001
1569	 1.5880000000e+003	-7.16701e+000	-6.23035e+001
1570	 1.5890000000e+003	-6.74346e+000	-6.18210e+001
1571	 1.5900000000e+003	-6.30567e+000	-6.13432e+001
1572	 1.5910000000e+003	-5.84254e+000	-6.08701e+001
1573	 1.5920000000e+003	-5.37216e+000	-6.03935e+001
1574	 1.5930000000e+003	-4.88935e+000	-5.99237e+001
1575	 1.5940000000e+003	-4.39327e+000	-5.94692e+001
1576	 1.5950000000e+003	-3.88393e+000	-5.90194e+001
1577	 1.5960000000e+003	-3.36294e+000	-5.85790e+001
1578	 1.5970000000e+003	-2.82170e+000	-5.81540e+001
1579	 1.5980000000e+003	-2.26372e+000	-5.77367e+001
1580	 1.5990000000e+003	-1.70072e+000	-5.73256e+001
1581	 1.6000000000e+003	-1.12482e+000	-5.69260e+001
1582	 1.6010000000e+003	-5.15211e-001	-5.65340e+001
1583	 1.6020000000e+003	 1.14934e-001	-5.61544e+001
1584	 1.6030000000e+003	 7.68545e-001	-5.58148e+001
1585	 1.6040000000e+003	 1.42631e+000	-5.54750e+001
1586	 1.6050000000e+003	 2.10402e+000	-5.51356e+001
1587	 1.6060000000e+003	 2.81189e+000	-5.48213e+001
1588	 1.6070000000e+003	 3.54262e+000	-5.45092e+001
1589	 1.6080000000e+003	 4.27016e+000	-5.41999e+001
1590	 1.6090000000e+003	 5.06012e+000	-5.39406e+001
1591	 1.6100000000e+003	 5.84697e+000	-5.36753e+001
1592	 1.6110000000e+003	 6.63762e+000	-5.34462e+001
1593	 1.6120000000e+003	 7.54093e+000	-5.32301e+001
1594	 1.6130000000e+003	 8.28160e+000	-5.30085e+001
1595	 1.6140000000e+003	 9.04751e+000	-5.28379e+001
1596	 1.6150000000e+003	 9.90559e+000	-5.25748e+001
1597	 1.6160000000e+003	 1.07716e+001	-5.23560e+001
1598	 1.6170000000e+003	 1.16376e+001	-5.21626e+001
1599	 1.6180000000e+003	 1.24233e+001	-5.20551e+001
1600	 1.6190000000e+003	 1.33184e+001	-5.19165e+001
1601	 1.6200000000e+003	 1.43185e+001	-5.15202e+001
TagsBegin:	 	 	 
OverLoad:	 	False	 
AverageNumber: []	 	 8.80000e+001	 
OverLoadRatio: []	 	 1.19209e-007	 
TagsEnd:	 	 	 
TagScalesBegin:	 	 	 
TagScalesEnd:	 	 	 
