Header Size:	 79	 	 
Pulse Version:	 80	 	 
Running Pulse Version:	PULSE LabShop Fast Track Version 18.1.1.9 - 2014-01-16	 	 
Decimal Symbol:	.	 	 
Date Format:	M/d/yyyy	 	 
Time Format:	HH:mm:ss:mmm	 	 
Data Type:	Complex	 	 
Slice:	False	 	 
Z-Axis type:	Linear	 	 
Z-Axis size:	1	 	 
Z-Axis unit:	 	 	 
Z-Axis first value:	 0.0000000000e+000	 	 
Z-Axis delta:	 1.0000000000e+000	 	 
X-Axis type:	Linear	 	 
X-Axis size:	1601	 	 
X-Axis unit:	Hz	 	 
X-Axis first value:	 2.0000000000e+001	 	 
X-Axis delta:	 1.0000000000e+000	 	 
	 	 	 
AmplitudeUnit:	Pa/(m/s)	 	 
Analyzer:	FFT_Spectrum_Averaging	 	 
AnalyzerName:	FFT Analyzer	 	 
	 	 	 
	 	 	 
Bipolar:	True	 	 
CenterFrequency:	 8.2000000000e+002	 	 
	 	 	 
	 	 	 
	 	 	 
	 	 	 
	 	 	 
	 	 	 
	 	 	 
	 	 	 
Domain:	1	 	 
Function:	Frequency Response	 	 
	 	 	 
InputRange:	 1.0000000000e-001	 	 
	 	 	 
	 	 	 
MultiBufferName:	Input	 	 
NBW:	 1.5000000000e+000	 	 
	 	 	 
OverlapFailed:	False	 	 
Overrun:	False	 	 
Power:	False	 	 
	 	 	 
Ratio:	True	 	 
RecordLength:	 1.0000000000e+000	 	 
ReducedSize:	True	 	 
Ref_Signal:	v	 	 
	 	 	 
	 	 	 
RefSignalUnit:	m/s	 	 
	 	 	 
	 	 	 
Signal:	p	 	 
	 	 	 
SignalUnit:	Pa	 	 
	 	 	 
	 	 	 
	 	 	 
Title:	Input Impedance	 	 
Title1:	Working : Input : Input : FFT Analyzer	 	 
	 	 	 
	 	 	 
	 	 	 
ZoomOn:	True	 	 
	 	 	 
TemplateName:	Working	 	 
MeasurementName:	Input	 	 
MeasurementSlice:	False	 	 
	 	 	 
	 	 	 
	 	 	 
EnvelopeOn:	False	 	 
	 	 	 
	 	 	 
	 	 	 
Z-index:	 	1	 
Date:	 	5/23/2022	 
Time:	 	09:52:25:625	 
Relative time:	 	 0.00000e+000	 
Z-axis:	 	 0.0000000000e+000	 
1	 2.0000000000e+001	-1.60927e+000	-5.94493e+001
2	 2.1000000000e+001	-1.63900e+000	-6.21481e+001
3	 2.2000000000e+001	-2.07954e+000	-6.47313e+001
4	 2.3000000000e+001	-2.02794e+000	-6.83026e+001
5	 2.4000000000e+001	-2.84930e+000	-7.17476e+001
6	 2.5000000000e+001	-2.58253e+000	-7.55755e+001
7	 2.6000000000e+001	-3.56093e+000	-7.92698e+001
8	 2.7000000000e+001	-3.40092e+000	-8.31635e+001
9	 2.8000000000e+001	-4.44616e+000	-8.70519e+001
10	 2.9000000000e+001	-4.09968e+000	-9.10896e+001
11	 3.0000000000e+001	-5.12838e+000	-9.54756e+001
12	 3.1000000000e+001	-5.20980e+000	-9.97779e+001
13	 3.2000000000e+001	-5.83230e+000	-1.04432e+002
14	 3.3000000000e+001	-6.63293e+000	-1.09281e+002
15	 3.4000000000e+001	-6.73162e+000	-1.13965e+002
16	 3.5000000000e+001	-8.01235e+000	-1.19455e+002
17	 3.6000000000e+001	-8.38139e+000	-1.24688e+002
18	 3.7000000000e+001	-8.99685e+000	-1.30202e+002
19	 3.8000000000e+001	-1.04420e+001	-1.36527e+002
20	 3.9000000000e+001	-1.09584e+001	-1.42456e+002
21	 4.0000000000e+001	-1.19870e+001	-1.48811e+002
22	 4.1000000000e+001	-1.34853e+001	-1.56163e+002
23	 4.2000000000e+001	-1.43234e+001	-1.63154e+002
24	 4.3000000000e+001	-1.55864e+001	-1.70824e+002
25	 4.4000000000e+001	-1.74175e+001	-1.79592e+002
26	 4.5000000000e+001	-1.92779e+001	-1.88320e+002
27	 4.6000000000e+001	-2.05483e+001	-1.97544e+002
28	 4.7000000000e+001	-2.31161e+001	-2.08008e+002
29	 4.8000000000e+001	-2.59065e+001	-2.19378e+002
30	 4.9000000000e+001	-2.84181e+001	-2.30852e+002
31	 5.0000000000e+001	-3.14119e+001	-2.43929e+002
32	 5.1000000000e+001	-3.55396e+001	-2.58342e+002
33	 5.2000000000e+001	-4.03100e+001	-2.74392e+002
34	 5.3000000000e+001	-4.52181e+001	-2.90895e+002
35	 5.4000000000e+001	-5.09219e+001	-3.10329e+002
36	 5.5000000000e+001	-5.91396e+001	-3.31720e+002
37	 5.6000000000e+001	-6.86394e+001	-3.56427e+002
38	 5.7000000000e+001	-7.96678e+001	-3.83026e+002
39	 5.8000000000e+001	-9.25239e+001	-4.13378e+002
40	 5.9000000000e+001	-1.11521e+002	-4.50008e+002
41	 6.0000000000e+001	-1.35293e+002	-4.91066e+002
42	 6.1000000000e+001	-1.65995e+002	-5.38990e+002
43	 6.2000000000e+001	-2.06158e+002	-5.92864e+002
44	 6.3000000000e+001	-2.61408e+002	-6.60260e+002
45	 6.4000000000e+001	-3.47214e+002	-7.34448e+002
46	 6.5000000000e+001	-4.67015e+002	-8.16508e+002
47	 6.6000000000e+001	-6.42096e+002	-8.91638e+002
48	 6.7000000000e+001	-9.01827e+002	-9.33220e+002
49	 6.8000000000e+001	-1.27073e+003	-8.64466e+002
50	 6.9000000000e+001	-1.66163e+003	-5.23504e+002
51	 7.0000000000e+001	-1.80727e+003	 6.57707e+001
52	 7.1000000000e+001	-1.58060e+003	 6.12059e+002
53	 7.2000000000e+001	-1.17833e+003	 8.72977e+002
54	 7.3000000000e+001	-8.35103e+002	 9.19792e+002
55	 7.4000000000e+001	-5.94198e+002	 8.60960e+002
56	 7.5000000000e+001	-4.29115e+002	 7.78595e+002
57	 7.6000000000e+001	-3.23955e+002	 6.99598e+002
58	 7.7000000000e+001	-2.50970e+002	 6.30153e+002
59	 7.8000000000e+001	-1.98386e+002	 5.66900e+002
60	 7.9000000000e+001	-1.60511e+002	 5.15774e+002
61	 8.0000000000e+001	-1.32978e+002	 4.69538e+002
62	 8.1000000000e+001	-1.10451e+002	 4.30158e+002
63	 8.2000000000e+001	-9.41333e+001	 3.96069e+002
64	 8.3000000000e+001	-8.09049e+001	 3.67131e+002
65	 8.4000000000e+001	-7.00739e+001	 3.40416e+002
66	 8.5000000000e+001	-6.14414e+001	 3.17554e+002
67	 8.6000000000e+001	-5.45052e+001	 2.96829e+002
68	 8.7000000000e+001	-4.83075e+001	 2.77944e+002
69	 8.8000000000e+001	-4.33306e+001	 2.60955e+002
70	 8.9000000000e+001	-3.91159e+001	 2.45779e+002
71	 9.0000000000e+001	-3.55505e+001	 2.31692e+002
72	 9.1000000000e+001	-3.23217e+001	 2.18742e+002
73	 9.2000000000e+001	-2.97336e+001	 2.06993e+002
74	 9.3000000000e+001	-2.74432e+001	 1.95833e+002
75	 9.4000000000e+001	-2.54126e+001	 1.85512e+002
76	 9.5000000000e+001	-2.36207e+001	 1.75827e+002
77	 9.6000000000e+001	-2.21627e+001	 1.66888e+002
78	 9.7000000000e+001	-2.08707e+001	 1.58391e+002
79	 9.8000000000e+001	-1.96089e+001	 1.50317e+002
80	 9.9000000000e+001	-1.86407e+001	 1.42810e+002
81	 1.0000000000e+002	-1.78543e+001	 1.35525e+002
82	 1.0100000000e+002	-1.70441e+001	 1.28637e+002
83	 1.0200000000e+002	-1.64479e+001	 1.21986e+002
84	 1.0300000000e+002	-1.58666e+001	 1.15729e+002
85	 1.0400000000e+002	-1.55134e+001	 1.09617e+002
86	 1.0500000000e+002	-1.51684e+001	 1.03782e+002
87	 1.0600000000e+002	-1.48055e+001	 9.81344e+001
88	 1.0700000000e+002	-1.47229e+001	 9.26481e+001
89	 1.0800000000e+002	-1.46331e+001	 8.72910e+001
90	 1.0900000000e+002	-1.46043e+001	 8.21286e+001
91	 1.1000000000e+002	-1.46364e+001	 7.69645e+001
92	 1.1100000000e+002	-1.48046e+001	 7.20332e+001
93	 1.1200000000e+002	-1.50513e+001	 6.71199e+001
94	 1.1300000000e+002	-1.54254e+001	 6.22887e+001
95	 1.1400000000e+002	-1.57648e+001	 5.75603e+001
96	 1.1500000000e+002	-1.62866e+001	 5.28529e+001
97	 1.1600000000e+002	-1.69792e+001	 4.81569e+001
98	 1.1700000000e+002	-1.77266e+001	 4.35259e+001
99	 1.1800000000e+002	-1.86242e+001	 3.88611e+001
100	 1.1900000000e+002	-1.96443e+001	 3.41908e+001
101	 1.2000000000e+002	-2.09249e+001	 2.95665e+001
102	 1.2100000000e+002	-2.23989e+001	 2.49308e+001
103	 1.2200000000e+002	-2.41155e+001	 2.02392e+001
104	 1.2300000000e+002	-2.60124e+001	 1.56128e+001
105	 1.2400000000e+002	-2.83001e+001	 1.09359e+001
106	 1.2500000000e+002	-3.09751e+001	 6.24714e+000
107	 1.2600000000e+002	-3.40489e+001	 1.69452e+000
108	 1.2700000000e+002	-3.75964e+001	-2.88511e+000
109	 1.2800000000e+002	-4.16509e+001	-7.32126e+000
110	 1.2900000000e+002	-4.64321e+001	-1.15481e+001
111	 1.3000000000e+002	-5.19304e+001	-1.53726e+001
112	 1.3100000000e+002	-5.82326e+001	-1.87565e+001
113	 1.3200000000e+002	-6.52726e+001	-2.13520e+001
114	 1.3300000000e+002	-7.30993e+001	-2.29782e+001
115	 1.3400000000e+002	-8.17438e+001	-2.32841e+001
116	 1.3500000000e+002	-9.07442e+001	-2.17875e+001
117	 1.3600000000e+002	-9.97415e+001	-1.82797e+001
118	 1.3700000000e+002	-1.08164e+002	-1.28255e+001
119	 1.3800000000e+002	-1.15358e+002	-5.28865e+000
120	 1.3900000000e+002	-1.20653e+002	 3.88925e+000
121	 1.4000000000e+002	-1.23452e+002	 1.43073e+001
122	 1.4100000000e+002	-1.23616e+002	 2.49165e+001
123	 1.4200000000e+002	-1.21365e+002	 3.49450e+001
124	 1.4300000000e+002	-1.16952e+002	 4.37156e+001
125	 1.4400000000e+002	-1.11041e+002	 5.09499e+001
126	 1.4500000000e+002	-1.04141e+002	 5.63097e+001
127	 1.4600000000e+002	-9.67030e+001	 5.98560e+001
128	 1.4700000000e+002	-8.93368e+001	 6.17898e+001
129	 1.4800000000e+002	-8.22985e+001	 6.23464e+001
130	 1.4900000000e+002	-7.58522e+001	 6.18674e+001
131	 1.5000000000e+002	-7.00240e+001	 6.05484e+001
132	 1.5100000000e+002	-6.44311e+001	 5.88506e+001
133	 1.5200000000e+002	-5.93968e+001	 5.65017e+001
134	 1.5300000000e+002	-5.49457e+001	 5.39184e+001
135	 1.5400000000e+002	-5.09102e+001	 5.11523e+001
136	 1.5500000000e+002	-4.72618e+001	 4.81673e+001
137	 1.5600000000e+002	-4.39880e+001	 4.50610e+001
138	 1.5700000000e+002	-4.10218e+001	 4.18266e+001
139	 1.5800000000e+002	-3.83596e+001	 3.84932e+001
140	 1.5900000000e+002	-3.60224e+001	 3.51475e+001
141	 1.6000000000e+002	-3.39254e+001	 3.17609e+001
142	 1.6100000000e+002	-3.20813e+001	 2.83773e+001
143	 1.6200000000e+002	-3.04084e+001	 2.49521e+001
144	 1.6300000000e+002	-2.89469e+001	 2.15269e+001
145	 1.6400000000e+002	-2.76567e+001	 1.80870e+001
146	 1.6500000000e+002	-2.65281e+001	 1.46872e+001
147	 1.6600000000e+002	-2.55193e+001	 1.13025e+001
148	 1.6700000000e+002	-2.46253e+001	 7.89645e+000
149	 1.6800000000e+002	-2.38365e+001	 4.51232e+000
150	 1.6900000000e+002	-2.31418e+001	 1.11281e+000
151	 1.7000000000e+002	-2.25399e+001	-2.29456e+000
152	 1.7100000000e+002	-2.20184e+001	-5.70261e+000
153	 1.7200000000e+002	-2.15925e+001	-9.12777e+000
154	 1.7300000000e+002	-2.12175e+001	-1.25509e+001
155	 1.7400000000e+002	-2.09245e+001	-1.59950e+001
156	 1.7500000000e+002	-2.06696e+001	-1.94867e+001
157	 1.7600000000e+002	-2.04884e+001	-2.30311e+001
158	 1.7700000000e+002	-2.03796e+001	-2.65862e+001
159	 1.7800000000e+002	-2.03016e+001	-3.01760e+001
160	 1.7900000000e+002	-2.02853e+001	-3.38095e+001
161	 1.8000000000e+002	-2.03307e+001	-3.75125e+001
162	 1.8100000000e+002	-2.04018e+001	-4.12848e+001
163	 1.8200000000e+002	-2.05603e+001	-4.51206e+001
164	 1.8300000000e+002	-2.07640e+001	-4.90424e+001
165	 1.8400000000e+002	-2.10154e+001	-5.30619e+001
166	 1.8500000000e+002	-2.13676e+001	-5.71917e+001
167	 1.8600000000e+002	-2.17645e+001	-6.14165e+001
168	 1.8700000000e+002	-2.22579e+001	-6.57549e+001
169	 1.8800000000e+002	-2.27923e+001	-7.02323e+001
170	 1.8900000000e+002	-2.34667e+001	-7.48821e+001
171	 1.9000000000e+002	-2.42140e+001	-7.97162e+001
172	 1.9100000000e+002	-2.50897e+001	-8.46862e+001
173	 1.9200000000e+002	-2.60540e+001	-8.98356e+001
174	 1.9300000000e+002	-2.71516e+001	-9.52180e+001
175	 1.9400000000e+002	-2.84326e+001	-1.00790e+002
176	 1.9500000000e+002	-2.98157e+001	-1.06623e+002
177	 1.9600000000e+002	-3.14119e+001	-1.12753e+002
178	 1.9700000000e+002	-3.32493e+001	-1.19152e+002
179	 1.9800000000e+002	-3.52898e+001	-1.25861e+002
180	 1.9900000000e+002	-3.76754e+001	-1.32945e+002
181	 2.0000000000e+002	-4.03559e+001	-1.40382e+002
182	 2.0100000000e+002	-4.35511e+001	-1.48165e+002
183	 2.0200000000e+002	-4.71911e+001	-1.56359e+002
184	 2.0300000000e+002	-5.15268e+001	-1.64921e+002
185	 2.0400000000e+002	-5.65660e+001	-1.73900e+002
186	 2.0500000000e+002	-6.26044e+001	-1.83074e+002
187	 2.0600000000e+002	-6.95511e+001	-1.92393e+002
188	 2.0700000000e+002	-7.76188e+001	-2.01505e+002
189	 2.0800000000e+002	-8.67334e+001	-2.10202e+002
190	 2.0900000000e+002	-9.64990e+001	-2.18267e+002
191	 2.1000000000e+002	-1.06434e+002	-2.25463e+002
192	 2.1100000000e+002	-1.15980e+002	-2.32205e+002
193	 2.1200000000e+002	-1.24628e+002	-2.39327e+002
194	 2.1300000000e+002	-1.32477e+002	-2.47606e+002
195	 2.1400000000e+002	-1.40084e+002	-2.57998e+002
196	 2.1500000000e+002	-1.48345e+002	-2.71369e+002
197	 2.1600000000e+002	-1.58435e+002	-2.87811e+002
198	 2.1700000000e+002	-1.71331e+002	-3.07332e+002
199	 2.1800000000e+002	-1.88066e+002	-3.29835e+002
200	 2.1900000000e+002	-2.10072e+002	-3.55542e+002
201	 2.2000000000e+002	-2.39092e+002	-3.84184e+002
202	 2.2100000000e+002	-2.77421e+002	-4.15482e+002
203	 2.2200000000e+002	-3.27620e+002	-4.48310e+002
204	 2.2300000000e+002	-3.93987e+002	-4.80572e+002
205	 2.2400000000e+002	-4.81473e+002	-5.07570e+002
206	 2.2500000000e+002	-5.95543e+002	-5.20341e+002
207	 2.2600000000e+002	-7.39298e+002	-5.02691e+002
208	 2.2700000000e+002	-9.04931e+002	-4.29675e+002
209	 2.2800000000e+002	-1.06304e+003	-2.76284e+002
210	 2.2900000000e+002	-1.15885e+003	-4.31996e+001
211	 2.3000000000e+002	-1.14414e+003	 2.19108e+002
212	 2.3100000000e+002	-1.02700e+003	 4.36185e+002
213	 2.3200000000e+002	-8.60519e+002	 5.69607e+002
214	 2.3300000000e+002	-6.94587e+002	 6.27307e+002
215	 2.3400000000e+002	-5.53522e+002	 6.35391e+002
216	 2.3500000000e+002	-4.41564e+002	 6.16933e+002
217	 2.3600000000e+002	-3.55054e+002	 5.86340e+002
218	 2.3700000000e+002	-2.88393e+002	 5.51409e+002
219	 2.3800000000e+002	-2.36882e+002	 5.16129e+002
220	 2.3900000000e+002	-1.96943e+002	 4.82466e+002
221	 2.4000000000e+002	-1.65602e+002	 4.51207e+002
222	 2.4100000000e+002	-1.40659e+002	 4.22529e+002
223	 2.4200000000e+002	-1.20575e+002	 3.96392e+002
224	 2.4300000000e+002	-1.04391e+002	 3.72735e+002
225	 2.4400000000e+002	-9.10712e+001	 3.51220e+002
226	 2.4500000000e+002	-7.99821e+001	 3.31586e+002
227	 2.4600000000e+002	-7.07855e+001	 3.13775e+002
228	 2.4700000000e+002	-6.29378e+001	 2.97433e+002
229	 2.4800000000e+002	-5.62562e+001	 2.82440e+002
230	 2.4900000000e+002	-5.06212e+001	 2.68755e+002
231	 2.5000000000e+002	-4.58604e+001	 2.56149e+002
232	 2.5100000000e+002	-4.15175e+001	 2.44414e+002
233	 2.5200000000e+002	-3.77191e+001	 2.33482e+002
234	 2.5300000000e+002	-3.44623e+001	 2.23439e+002
235	 2.5400000000e+002	-3.16046e+001	 2.14004e+002
236	 2.5500000000e+002	-2.90873e+001	 2.05217e+002
237	 2.5600000000e+002	-2.68635e+001	 1.96901e+002
238	 2.5700000000e+002	-2.48531e+001	 1.89140e+002
239	 2.5800000000e+002	-2.30550e+001	 1.81805e+002
240	 2.5900000000e+002	-2.14449e+001	 1.74897e+002
241	 2.6000000000e+002	-2.00262e+001	 1.68302e+002
242	 2.6100000000e+002	-1.87390e+001	 1.62055e+002
243	 2.6200000000e+002	-1.75300e+001	 1.56164e+002
244	 2.6300000000e+002	-1.64769e+001	 1.50500e+002
245	 2.6400000000e+002	-1.55143e+001	 1.45115e+002
246	 2.6500000000e+002	-1.46030e+001	 1.39976e+002
247	 2.6600000000e+002	-1.38178e+001	 1.35024e+002
248	 2.6700000000e+002	-1.30911e+001	 1.30279e+002
249	 2.6800000000e+002	-1.23810e+001	 1.25720e+002
250	 2.6900000000e+002	-1.17678e+001	 1.21326e+002
251	 2.7000000000e+002	-1.11809e+001	 1.17081e+002
252	 2.7100000000e+002	-1.06916e+001	 1.12993e+002
253	 2.7200000000e+002	-1.01911e+001	 1.09029e+002
254	 2.7300000000e+002	-9.73650e+000	 1.05184e+002
255	 2.7400000000e+002	-9.32261e+000	 1.01458e+002
256	 2.7500000000e+002	-8.95232e+000	 9.78390e+001
257	 2.7600000000e+002	-8.61731e+000	 9.43091e+001
258	 2.7700000000e+002	-8.30046e+000	 9.08837e+001
259	 2.7800000000e+002	-7.99280e+000	 8.75324e+001
260	 2.7900000000e+002	-7.72882e+000	 8.42728e+001
261	 2.8000000000e+002	-7.48249e+000	 8.10740e+001
262	 2.8100000000e+002	-7.26701e+000	 7.79571e+001
263	 2.8200000000e+002	-7.05232e+000	 7.48982e+001
264	 2.8300000000e+002	-6.86242e+000	 7.18907e+001
265	 2.8400000000e+002	-6.69953e+000	 6.89546e+001
266	 2.8500000000e+002	-6.53363e+000	 6.60642e+001
267	 2.8600000000e+002	-6.38456e+000	 6.32137e+001
268	 2.8700000000e+002	-6.25639e+000	 6.04059e+001
269	 2.8800000000e+002	-6.12755e+000	 5.76333e+001
270	 2.8900000000e+002	-6.01810e+000	 5.49029e+001
271	 2.9000000000e+002	-5.91390e+000	 5.22053e+001
272	 2.9100000000e+002	-5.81778e+000	 4.95285e+001
273	 2.9200000000e+002	-5.74587e+000	 4.68822e+001
274	 2.9300000000e+002	-5.67564e+000	 4.42531e+001
275	 2.9400000000e+002	-5.62053e+000	 4.16456e+001
276	 2.9500000000e+002	-5.55734e+000	 3.90461e+001
277	 2.9600000000e+002	-5.51877e+000	 3.64743e+001
278	 2.9700000000e+002	-5.49171e+000	 3.38970e+001
279	 2.9800000000e+002	-5.46837e+000	 3.13458e+001
280	 2.9900000000e+002	-5.44940e+000	 2.88008e+001
281	 3.0000000000e+002	-5.44220e+000	 2.62697e+001
282	 3.0100000000e+002	-5.44350e+000	 2.37271e+001
283	 3.0200000000e+002	-5.45340e+000	 2.11818e+001
284	 3.0300000000e+002	-5.46970e+000	 1.86440e+001
285	 3.0400000000e+002	-5.49586e+000	 1.60949e+001
286	 3.0500000000e+002	-5.52318e+000	 1.35407e+001
287	 3.0600000000e+002	-5.55897e+000	 1.09732e+001
288	 3.0700000000e+002	-5.59284e+000	 8.39136e+000
289	 3.0800000000e+002	-5.63026e+000	 5.79527e+000
290	 3.0900000000e+002	-5.67764e+000	 3.17491e+000
291	 3.1000000000e+002	-5.72018e+000	 5.14149e-001
292	 3.1100000000e+002	-5.76991e+000	-2.18384e+000
293	 3.1200000000e+002	-5.84461e+000	-4.91351e+000
294	 3.1300000000e+002	-5.94129e+000	-7.69450e+000
295	 3.1400000000e+002	-6.04740e+000	-1.05143e+001
296	 3.1500000000e+002	-6.17334e+000	-1.33598e+001
297	 3.1600000000e+002	-6.33415e+000	-1.62493e+001
298	 3.1700000000e+002	-6.51621e+000	-1.91724e+001
299	 3.1800000000e+002	-6.69918e+000	-2.21443e+001
300	 3.1900000000e+002	-6.89491e+000	-2.51858e+001
301	 3.2000000000e+002	-7.11527e+000	-2.82910e+001
302	 3.2100000000e+002	-7.38095e+000	-3.14516e+001
303	 3.2200000000e+002	-7.68203e+000	-3.46854e+001
304	 3.2300000000e+002	-8.00443e+000	-3.79877e+001
305	 3.2400000000e+002	-8.37681e+000	-4.13471e+001
306	 3.2500000000e+002	-8.77228e+000	-4.47714e+001
307	 3.2600000000e+002	-9.21502e+000	-4.82513e+001
308	 3.2700000000e+002	-9.65367e+000	-5.18200e+001
309	 3.2800000000e+002	-1.00958e+001	-5.54824e+001
310	 3.2900000000e+002	-1.05613e+001	-5.92502e+001
311	 3.3000000000e+002	-1.10501e+001	-6.31431e+001
312	 3.3100000000e+002	-1.16027e+001	-6.71741e+001
313	 3.3200000000e+002	-1.21960e+001	-7.13115e+001
314	 3.3300000000e+002	-1.28053e+001	-7.55817e+001
315	 3.3400000000e+002	-1.34909e+001	-8.00293e+001
316	 3.3500000000e+002	-1.42164e+001	-8.46342e+001
317	 3.3600000000e+002	-1.49746e+001	-8.94222e+001
318	 3.3700000000e+002	-1.57706e+001	-9.44179e+001
319	 3.3800000000e+002	-1.66497e+001	-9.96339e+001
320	 3.3900000000e+002	-1.75908e+001	-1.05105e+002
321	 3.4000000000e+002	-1.86128e+001	-1.10820e+002
322	 3.4100000000e+002	-1.97684e+001	-1.16822e+002
323	 3.4200000000e+002	-2.09977e+001	-1.23141e+002
324	 3.4300000000e+002	-2.23319e+001	-1.29802e+002
325	 3.4400000000e+002	-2.38286e+001	-1.36849e+002
326	 3.4500000000e+002	-2.54672e+001	-1.44318e+002
327	 3.4600000000e+002	-2.72588e+001	-1.52215e+002
328	 3.4700000000e+002	-2.92996e+001	-1.60594e+002
329	 3.4800000000e+002	-3.15444e+001	-1.69607e+002
330	 3.4900000000e+002	-3.39750e+001	-1.79290e+002
331	 3.5000000000e+002	-3.65819e+001	-1.89627e+002
332	 3.5100000000e+002	-3.98623e+001	-2.00624e+002
333	 3.5200000000e+002	-4.36381e+001	-2.12673e+002
334	 3.5300000000e+002	-4.78380e+001	-2.25815e+002
335	 3.5400000000e+002	-5.25577e+001	-2.40122e+002
336	 3.5500000000e+002	-5.79557e+001	-2.55646e+002
337	 3.5600000000e+002	-6.43521e+001	-2.72807e+002
338	 3.5700000000e+002	-7.19586e+001	-2.91808e+002
339	 3.5800000000e+002	-8.08776e+001	-3.12850e+002
340	 3.5900000000e+002	-9.16118e+001	-3.36306e+002
341	 3.6000000000e+002	-1.04771e+002	-3.62552e+002
342	 3.6100000000e+002	-1.21038e+002	-3.92215e+002
343	 3.6200000000e+002	-1.41603e+002	-4.26131e+002
344	 3.6300000000e+002	-1.67853e+002	-4.64848e+002
345	 3.6400000000e+002	-2.01789e+002	-5.09285e+002
346	 3.6500000000e+002	-2.46647e+002	-5.60262e+002
347	 3.6600000000e+002	-3.07343e+002	-6.18312e+002
348	 3.6700000000e+002	-3.91659e+002	-6.83143e+002
349	 3.6800000000e+002	-5.11361e+002	-7.51512e+002
350	 3.6900000000e+002	-6.85172e+002	-8.11918e+002
351	 3.7000000000e+002	-9.34590e+002	-8.31864e+002
352	 3.7100000000e+002	-1.26347e+003	-7.41498e+002
353	 3.7200000000e+002	-1.59932e+003	-4.42421e+002
354	 3.7300000000e+002	-1.75060e+003	 6.81927e+001
355	 3.7400000000e+002	-1.59106e+003	 5.72344e+002
356	 3.7500000000e+002	-1.25519e+003	 8.61689e+002
357	 3.7600000000e+002	-9.28069e+002	 9.47541e+002
358	 3.7700000000e+002	-6.77262e+002	 9.25148e+002
359	 3.7800000000e+002	-4.99491e+002	 8.60895e+002
360	 3.7900000000e+002	-3.75878e+002	 7.87241e+002
361	 3.8000000000e+002	-2.89019e+002	 7.16882e+002
362	 3.8100000000e+002	-2.26666e+002	 6.53757e+002
363	 3.8200000000e+002	-1.80934e+002	 5.98486e+002
364	 3.8300000000e+002	-1.46714e+002	 5.50328e+002
365	 3.8400000000e+002	-1.20744e+002	 5.08305e+002
366	 3.8500000000e+002	-1.00743e+002	 4.71748e+002
367	 3.8600000000e+002	-8.50440e+001	 4.39715e+002
368	 3.8700000000e+002	-7.24611e+001	 4.11455e+002
369	 3.8800000000e+002	-6.22794e+001	 3.86367e+002
370	 3.8900000000e+002	-5.39418e+001	 3.64040e+002
371	 3.9000000000e+002	-4.71821e+001	 3.43988e+002
372	 3.9100000000e+002	-4.14900e+001	 3.25739e+002
373	 3.9200000000e+002	-3.66720e+001	 3.09221e+002
374	 3.9300000000e+002	-3.26075e+001	 2.94170e+002
375	 3.9400000000e+002	-2.91270e+001	 2.80437e+002
376	 3.9500000000e+002	-2.61279e+001	 2.67783e+002
377	 3.9600000000e+002	-2.34604e+001	 2.56023e+002
378	 3.9700000000e+002	-2.10969e+001	 2.45201e+002
379	 3.9800000000e+002	-1.90787e+001	 2.35126e+002
380	 3.9900000000e+002	-1.72863e+001	 2.25781e+002
381	 4.0000000000e+002	-1.56805e+001	 2.17025e+002
382	 4.0100000000e+002	-1.42945e+001	 2.08811e+002
383	 4.0200000000e+002	-1.30608e+001	 2.01094e+002
384	 4.0300000000e+002	-1.19232e+001	 1.93814e+002
385	 4.0400000000e+002	-1.09565e+001	 1.86879e+002
386	 4.0500000000e+002	-1.00601e+001	 1.80301e+002
387	 4.0600000000e+002	-9.24058e+000	 1.74123e+002
388	 4.0700000000e+002	-8.55259e+000	 1.68253e+002
389	 4.0800000000e+002	-7.95345e+000	 1.62569e+002
390	 4.0900000000e+002	-7.31412e+000	 1.57194e+002
391	 4.1000000000e+002	-6.75154e+000	 1.52050e+002
392	 4.1100000000e+002	-6.30840e+000	 1.47103e+002
393	 4.1200000000e+002	-5.89944e+000	 1.42366e+002
394	 4.1300000000e+002	-5.47307e+000	 1.37826e+002
395	 4.1400000000e+002	-5.10979e+000	 1.33426e+002
396	 4.1500000000e+002	-4.79531e+000	 1.29171e+002
397	 4.1600000000e+002	-4.48389e+000	 1.25063e+002
398	 4.1700000000e+002	-4.20753e+000	 1.21110e+002
399	 4.1800000000e+002	-3.98624e+000	 1.17273e+002
400	 4.1900000000e+002	-3.76894e+000	 1.13553e+002
401	 4.2000000000e+002	-3.55658e+000	 1.09913e+002
402	 4.2100000000e+002	-3.38012e+000	 1.06403e+002
403	 4.2200000000e+002	-3.22793e+000	 1.02961e+002
404	 4.2300000000e+002	-3.06311e+000	 9.96150e+001
405	 4.2400000000e+002	-2.92676e+000	 9.63414e+001
406	 4.2500000000e+002	-2.82726e+000	 9.31315e+001
407	 4.2600000000e+002	-2.72634e+000	 8.99912e+001
408	 4.2700000000e+002	-2.67164e+000	 8.69119e+001
409	 4.2800000000e+002	-2.58817e+000	 8.39198e+001
410	 4.2900000000e+002	-2.49592e+000	 8.09624e+001
411	 4.3000000000e+002	-2.46306e+000	 7.80292e+001
412	 4.3100000000e+002	-2.45702e+000	 7.51723e+001
413	 4.3200000000e+002	-2.41464e+000	 7.23830e+001
414	 4.3300000000e+002	-2.34331e+000	 6.95775e+001
415	 4.3400000000e+002	-2.36681e+000	 6.67661e+001
416	 4.3500000000e+002	-2.40572e+000	 6.41001e+001
417	 4.3600000000e+002	-2.35297e+000	 6.14337e+001
418	 4.3700000000e+002	-2.35655e+000	 5.86891e+001
419	 4.3800000000e+002	-2.43709e+000	 5.60769e+001
420	 4.3900000000e+002	-2.41190e+000	 5.35169e+001
421	 4.4000000000e+002	-2.41259e+000	 5.08376e+001
422	 4.4100000000e+002	-2.53364e+000	 4.82515e+001
423	 4.4200000000e+002	-2.50996e+000	 4.56806e+001
424	 4.4300000000e+002	-2.59605e+000	 4.30198e+001
425	 4.4400000000e+002	-2.68221e+000	 4.05349e+001
426	 4.4500000000e+002	-2.67795e+000	 3.78980e+001
427	 4.4600000000e+002	-2.87374e+000	 3.52726e+001
428	 4.4700000000e+002	-2.89019e+000	 3.27564e+001
429	 4.4800000000e+002	-3.05377e+000	 3.00563e+001
430	 4.4900000000e+002	-3.19185e+000	 2.75444e+001
431	 4.5000000000e+002	-3.41293e+000	 2.47203e+001
432	 4.5100000000e+002	-3.56789e+000	 2.22655e+001
433	 4.5200000000e+002	-3.53931e+000	 1.96152e+001
434	 4.5300000000e+002	-3.81235e+000	 1.70043e+001
435	 4.5400000000e+002	-3.88203e+000	 1.42952e+001
436	 4.5500000000e+002	-4.19034e+000	 1.16377e+001
437	 4.5600000000e+002	-4.28336e+000	 8.93339e+000
438	 4.5700000000e+002	-4.62428e+000	 6.20710e+000
439	 4.5800000000e+002	-4.71876e+000	 3.47307e+000
440	 4.5900000000e+002	-5.10005e+000	 7.54818e-001
441	 4.6000000000e+002	-5.23601e+000	-2.10095e+000
442	 4.6100000000e+002	-5.60251e+000	-4.76191e+000
443	 4.6200000000e+002	-5.80560e+000	-7.82752e+000
444	 4.6300000000e+002	-6.12074e+000	-1.04816e+001
445	 4.6400000000e+002	-6.49468e+000	-1.36165e+001
446	 4.6500000000e+002	-6.74405e+000	-1.65016e+001
447	 4.6600000000e+002	-7.13818e+000	-1.95909e+001
448	 4.6700000000e+002	-7.60726e+000	-2.27915e+001
449	 4.6800000000e+002	-7.66183e+000	-2.59933e+001
450	 4.6900000000e+002	-8.84487e+000	-2.91596e+001
451	 4.7000000000e+002	-8.29617e+000	-3.30585e+001
452	 4.7100000000e+002	-9.93114e+000	-3.58158e+001
453	 4.7200000000e+002	-9.39632e+000	-4.04035e+001
454	 4.7300000000e+002	-1.09206e+001	-4.34614e+001
455	 4.7400000000e+002	-1.08299e+001	-4.73832e+001
456	 4.7500000000e+002	-1.20485e+001	-5.24982e+001
457	 4.7600000000e+002	-1.21563e+001	-5.42158e+001
458	 4.7700000000e+002	-1.35580e+001	-6.13880e+001
459	 4.7800000000e+002	-1.40815e+001	-6.38204e+001
460	 4.7900000000e+002	-1.34371e+001	-6.78652e+001
461	 4.8000000000e+002	-1.80696e+001	-7.47441e+001
462	 4.8100000000e+002	-1.53785e+001	-7.77766e+001
463	 4.8200000000e+002	-1.53140e+001	-8.32495e+001
464	 4.8300000000e+002	-2.24358e+001	-8.73302e+001
465	 4.8400000000e+002	-1.92125e+001	-9.41748e+001
466	 4.8500000000e+002	-1.73170e+001	-1.02511e+002
467	 4.8600000000e+002	-2.40866e+001	-1.01994e+002
468	 4.8700000000e+002	-2.53540e+001	-1.08200e+002
469	 4.8800000000e+002	-2.41159e+001	-1.25262e+002
470	 4.8900000000e+002	-2.54795e+001	-1.28769e+002
471	 4.9000000000e+002	-2.45946e+001	-1.23980e+002
472	 4.9100000000e+002	-2.91110e+001	-1.36736e+002
473	 4.9200000000e+002	-4.12549e+001	-1.58233e+002
474	 4.9300000000e+002	-3.97411e+001	-1.66192e+002
475	 4.9400000000e+002	-2.25201e+001	-1.68133e+002
476	 4.9500000000e+002	-2.16278e+001	-1.76671e+002
477	 4.9600000000e+002	-4.89843e+001	-1.84190e+002
478	 4.9700000000e+002	-7.34711e+001	-1.89938e+002
479	 4.9800000000e+002	-6.98116e+001	-2.13248e+002
480	 4.9900000000e+002	-5.33842e+001	-2.58902e+002
481	 5.0000000000e+002	-4.93052e+001	-2.96279e+002
482	 5.0100000000e+002	-5.43381e+001	-2.93740e+002
483	 5.0200000000e+002	-4.93909e+001	-2.65902e+002
484	 5.0300000000e+002	-3.84648e+001	-2.54363e+002
485	 5.0400000000e+002	-4.84555e+001	-2.77819e+002
486	 5.0500000000e+002	-1.00728e+002	-3.20503e+002
487	 5.0600000000e+002	-1.85747e+002	-3.53592e+002
488	 5.0700000000e+002	-2.64921e+002	-3.66358e+002
489	 5.0800000000e+002	-3.08265e+002	-3.79539e+002
490	 5.0900000000e+002	-3.23274e+002	-4.25082e+002
491	 5.1000000000e+002	-3.46717e+002	-5.21488e+002
492	 5.1100000000e+002	-4.27564e+002	-6.65341e+002
493	 5.1200000000e+002	-6.15856e+002	-8.22459e+002
494	 5.1300000000e+002	-9.42152e+002	-9.14909e+002
495	 5.1400000000e+002	-1.36865e+003	-8.27807e+002
496	 5.1500000000e+002	-1.75268e+003	-4.81341e+002
497	 5.1600000000e+002	-1.90723e+003	 6.50118e+001
498	 5.1700000000e+002	-1.75168e+003	 6.10799e+002
499	 5.1800000000e+002	-1.38613e+003	 9.65328e+002
500	 5.1900000000e+002	-9.87718e+002	 1.08071e+003
501	 5.2000000000e+002	-6.71172e+002	 1.02792e+003
502	 5.2100000000e+002	-4.68250e+002	 8.99153e+002
503	 5.2200000000e+002	-3.64976e+002	 7.69277e+002
504	 5.2300000000e+002	-3.20439e+002	 6.82078e+002
505	 5.2400000000e+002	-2.89417e+002	 6.41619e+002
506	 5.2500000000e+002	-2.45495e+002	 6.26562e+002
507	 5.2600000000e+002	-1.84377e+002	 6.11827e+002
508	 5.2700000000e+002	-1.15532e+002	 5.81662e+002
509	 5.2800000000e+002	-5.30412e+001	 5.31905e+002
510	 5.2900000000e+002	-1.05850e+001	 4.68572e+002
511	 5.3000000000e+002	 3.50543e+000	 4.07950e+002
512	 5.3100000000e+002	-6.17950e+000	 3.70220e+002
513	 5.3200000000e+002	-2.06841e+001	 3.63582e+002
514	 5.3300000000e+002	-2.20159e+001	 3.74309e+002
515	 5.3400000000e+002	-9.54771e+000	 3.79213e+002
516	 5.3500000000e+002	 1.96648e+000	 3.65541e+002
517	 5.3600000000e+002	-1.74886e+000	 3.37934e+002
518	 5.3700000000e+002	-1.97273e+001	 3.10711e+002
519	 5.3800000000e+002	-3.48306e+001	 2.92380e+002
520	 5.3900000000e+002	-3.21723e+001	 2.77919e+002
521	 5.4000000000e+002	-1.54263e+001	 2.59923e+002
522	 5.4100000000e+002	-8.73192e-005	 2.41913e+002
523	 5.4200000000e+002	 4.38840e+000	 2.34042e+002
524	 5.4300000000e+002	 1.17604e+000	 2.37009e+002
525	 5.4400000000e+002	-2.49183e+000	 2.37566e+002
526	 5.4500000000e+002	-5.30620e+000	 2.25471e+002
527	 5.4600000000e+002	-7.43385e+000	 2.07352e+002
528	 5.4700000000e+002	-4.83049e+000	 1.96902e+002
529	 5.4800000000e+002	 2.39054e+000	 1.95030e+002
530	 5.4900000000e+002	 4.86650e+000	 1.92515e+002
531	 5.5000000000e+002	-5.28486e-001	 1.86399e+002
532	 5.5100000000e+002	-3.33880e+000	 1.78635e+002
533	 5.5200000000e+002	 9.96618e-001	 1.70869e+002
534	 5.5300000000e+002	 3.66475e+000	 1.65943e+002
535	 5.5400000000e+002	 1.63956e+000	 1.63619e+002
536	 5.5500000000e+002	 7.54883e-001	 1.58362e+002
537	 5.5600000000e+002	 2.06612e+000	 1.51400e+002
538	 5.5700000000e+002	 2.76635e+000	 1.47955e+002
539	 5.5800000000e+002	 2.28512e+000	 1.44835e+002
540	 5.5900000000e+002	 2.18551e+000	 1.39267e+002
541	 5.6000000000e+002	 2.98298e+000	 1.35260e+002
542	 5.6100000000e+002	 2.96587e+000	 1.32549e+002
543	 5.6200000000e+002	 2.32808e+000	 1.27785e+002
544	 5.6300000000e+002	 3.15802e+000	 1.23885e+002
545	 5.6400000000e+002	 3.39316e+000	 1.21446e+002
546	 5.6500000000e+002	 2.22746e+000	 1.17229e+002
547	 5.6600000000e+002	 3.42514e+000	 1.13449e+002
548	 5.6700000000e+002	 3.43082e+000	 1.11157e+002
549	 5.6800000000e+002	 2.25868e+000	 1.07384e+002
550	 5.6900000000e+002	 3.61019e+000	 1.03726e+002
551	 5.7000000000e+002	 3.16943e+000	 1.01772e+002
552	 5.7100000000e+002	 2.49937e+000	 9.78802e+001
553	 5.7200000000e+002	 3.67546e+000	 9.48487e+001
554	 5.7300000000e+002	 2.63785e+000	 9.28620e+001
555	 5.7400000000e+002	 2.94584e+000	 8.86863e+001
556	 5.7500000000e+002	 3.13304e+000	 8.68254e+001
557	 5.7600000000e+002	 2.62686e+000	 8.36789e+001
558	 5.7700000000e+002	 2.80880e+000	 8.06385e+001
559	 5.7800000000e+002	 2.90064e+000	 7.85194e+001
560	 5.7900000000e+002	 2.20429e+000	 7.52778e+001
561	 5.8000000000e+002	 2.99195e+000	 7.27737e+001
562	 5.8100000000e+002	 2.08005e+000	 7.05131e+001
563	 5.8200000000e+002	 2.42464e+000	 6.70022e+001
564	 5.8300000000e+002	 2.45739e+000	 6.56142e+001
565	 5.8400000000e+002	 1.50717e+000	 6.18697e+001
566	 5.8500000000e+002	 2.78575e+000	 6.01809e+001
567	 5.8600000000e+002	 9.30325e-001	 5.74277e+001
568	 5.8700000000e+002	 2.52772e+000	 5.43536e+001
569	 5.8800000000e+002	 1.06667e+000	 5.31224e+001
570	 5.8900000000e+002	 1.40550e+000	 4.88981e+001
571	 5.9000000000e+002	 1.68999e+000	 4.79396e+001
572	 5.9100000000e+002	 4.31275e-001	 4.46092e+001
573	 5.9200000000e+002	 1.14665e+000	 4.18870e+001
574	 5.9300000000e+002	 1.08034e+000	 4.01337e+001
575	 5.9400000000e+002	-7.53514e-001	 3.70425e+001
576	 5.9500000000e+002	 1.73521e+000	 3.35174e+001
577	 5.9600000000e+002	-1.23600e+000	 3.36127e+001
578	 5.9700000000e+002	 5.74581e-004	 2.70041e+001
579	 5.9800000000e+002	-2.63401e-002	 2.79267e+001
580	 5.9900000000e+002	-1.54297e+000	 2.34096e+001
581	 6.0000000000e+002	-7.84264e-001	 2.00246e+001
582	 6.0100000000e+002	-1.11601e+000	 2.01305e+001
583	 6.0200000000e+002	-2.56820e+000	 1.29431e+001
584	 6.0300000000e+002	-6.81209e-001	 1.51237e+001
585	 6.0400000000e+002	-3.80033e+000	 8.68880e+000
586	 6.0500000000e+002	-2.79895e+000	 5.65110e+000
587	 6.0600000000e+002	-7.98857e-002	 6.67404e+000
588	 6.0700000000e+002	-8.02700e+000	-4.05692e-001
589	 6.0800000000e+002	-2.02575e+000	-2.47786e+000
590	 6.0900000000e+002	-1.02147e+000	-4.90374e+000
591	 6.1000000000e+002	-9.78995e+000	-6.44506e+000
592	 6.1100000000e+002	-3.10462e+000	-1.19257e+001
593	 6.1200000000e+002	-4.69116e+000	-1.79342e+001
594	 6.1300000000e+002	-8.53956e+000	-1.47262e+001
595	 6.1400000000e+002	-2.65252e+000	-2.07537e+001
596	 6.1500000000e+002	-1.00973e+001	-2.79572e+001
597	 6.1600000000e+002	-1.17350e+001	-2.59707e+001
598	 6.1700000000e+002	-1.41846e+000	-3.42671e+001
599	 6.1800000000e+002	-9.01604e+000	-3.91474e+001
600	 6.1900000000e+002	-1.60433e+001	-3.30513e+001
601	 6.2000000000e+002	-6.85551e+000	-4.43505e+001
602	 6.2100000000e+002	-8.82527e+000	-5.80515e+001
603	 6.2200000000e+002	-1.77515e+001	-4.84474e+001
604	 6.2300000000e+002	-1.23264e+001	-4.91977e+001
605	 6.2400000000e+002	-8.86635e+000	-7.27338e+001
606	 6.2500000000e+002	-1.64710e+001	-7.61789e+001
607	 6.2600000000e+002	-1.67940e+001	-5.79927e+001
608	 6.2700000000e+002	-1.38968e+001	-6.45304e+001
609	 6.2800000000e+002	-2.41109e+001	-9.63352e+001
610	 6.2900000000e+002	-3.19064e+001	-1.08879e+002
611	 6.3000000000e+002	-1.73712e+001	-9.29700e+001
612	 6.3100000000e+002	-2.37718e+000	-8.50187e+001
613	 6.3200000000e+002	-1.69715e+001	-1.02811e+002
614	 6.3300000000e+002	-4.98396e+001	-1.28525e+002
615	 6.3400000000e+002	-5.82031e+001	-1.41595e+002
616	 6.3500000000e+002	-2.59192e+001	-1.43274e+002
617	 6.3600000000e+002	 1.45784e+001	-1.44516e+002
618	 6.3700000000e+002	 2.05603e+001	-1.46395e+002
619	 6.3800000000e+002	-1.86714e+001	-1.42125e+002
620	 6.3900000000e+002	-7.41512e+001	-1.31299e+002
621	 6.4000000000e+002	-1.06947e+002	-1.26980e+002
622	 6.4100000000e+002	-1.02050e+002	-1.47072e+002
623	 6.4200000000e+002	-7.65435e+001	-1.98295e+002
624	 6.4300000000e+002	-6.38722e+001	-2.66076e+002
625	 6.4400000000e+002	-8.79374e+001	-3.17080e+002
626	 6.4500000000e+002	-1.43358e+002	-3.21611e+002
627	 6.4600000000e+002	-2.00018e+002	-2.81095e+002
628	 6.4700000000e+002	-2.32422e+002	-2.28107e+002
629	 6.4800000000e+002	-2.40823e+002	-2.00116e+002
630	 6.4900000000e+002	-2.47631e+002	-2.18371e+002
631	 6.5000000000e+002	-2.86294e+002	-2.84503e+002
632	 6.5100000000e+002	-3.91600e+002	-3.78044e+002
633	 6.5200000000e+002	-5.87025e+002	-4.57796e+002
634	 6.5300000000e+002	-8.62934e+002	-4.64331e+002
635	 6.5400000000e+002	-1.15669e+003	-3.46302e+002
636	 6.5500000000e+002	-1.37730e+003	-1.05538e+002
637	 6.5600000000e+002	-1.46441e+003	 1.99811e+002
638	 6.5700000000e+002	-1.41589e+003	 5.00931e+002
639	 6.5800000000e+002	-1.26219e+003	 7.52133e+002
640	 6.5900000000e+002	-1.03727e+003	 9.25976e+002
641	 6.6000000000e+002	-7.70783e+002	 9.97794e+002
642	 6.6100000000e+002	-5.22777e+002	 9.21523e+002
643	 6.6200000000e+002	-4.27778e+002	 7.26665e+002
644	 6.6300000000e+002	-4.74432e+002	 6.34276e+002
645	 6.6400000000e+002	-4.49305e+002	 6.79563e+002
646	 6.6500000000e+002	-3.43959e+002	 7.03855e+002
647	 6.6600000000e+002	-2.30369e+002	 6.75448e+002
648	 6.6700000000e+002	-1.43413e+002	 6.11533e+002
649	 6.6800000000e+002	-9.32778e+001	 5.41997e+002
650	 6.6900000000e+002	-7.14082e+001	 4.93091e+002
651	 6.7000000000e+002	-5.55544e+001	 4.75311e+002
652	 6.7100000000e+002	-2.63602e+001	 4.76958e+002
653	 6.7200000000e+002	 1.81634e+001	 4.75040e+002
654	 6.7300000000e+002	 6.36327e+001	 4.56289e+002
655	 6.7400000000e+002	 9.25391e+001	 4.22248e+002
656	 6.7500000000e+002	 9.50586e+001	 3.85353e+002
657	 6.7600000000e+002	 7.36616e+001	 3.58068e+002
658	 6.7700000000e+002	 4.11109e+001	 3.43752e+002
659	 6.7800000000e+002	 1.00938e+001	 3.38023e+002
660	 6.7900000000e+002	-9.49050e+000	 3.34681e+002
661	 6.8000000000e+002	-1.01238e+001	 3.26517e+002
662	 6.8100000000e+002	 5.68629e+000	 3.05975e+002
663	 6.8200000000e+002	 2.49281e+001	 2.74231e+002
664	 6.8300000000e+002	 3.37154e+001	 2.43294e+002
665	 6.8400000000e+002	 2.71441e+001	 2.30543e+002
666	 6.8500000000e+002	 1.66540e+001	 2.38803e+002
667	 6.8600000000e+002	 1.30626e+001	 2.48274e+002
668	 6.8700000000e+002	 1.52709e+001	 2.42123e+002
669	 6.8800000000e+002	 1.84860e+001	 2.18641e+002
670	 6.8900000000e+002	 1.76993e+001	 1.93895e+002
671	 6.9000000000e+002	 1.76458e+001	 1.88380e+002
672	 6.9100000000e+002	 2.27830e+001	 1.98026e+002
673	 6.9200000000e+002	 2.53595e+001	 2.02492e+002
674	 6.9300000000e+002	 1.80708e+001	 1.91565e+002
675	 6.9400000000e+002	 7.37831e+000	 1.75060e+002
676	 6.9500000000e+002	 1.14153e+001	 1.65416e+002
677	 6.9600000000e+002	 2.32558e+001	 1.61520e+002
678	 6.9700000000e+002	 2.34395e+001	 1.67158e+002
679	 6.9800000000e+002	 1.77409e+001	 1.67012e+002
680	 6.9900000000e+002	 1.02399e+001	 1.53542e+002
681	 7.0000000000e+002	 1.08067e+001	 1.42458e+002
682	 7.0100000000e+002	 1.91528e+001	 1.45426e+002
683	 7.0200000000e+002	 2.39091e+001	 1.45151e+002
684	 7.0300000000e+002	 1.01078e+001	 1.38026e+002
685	 7.0400000000e+002	 9.30210e+000	 1.34399e+002
686	 7.0500000000e+002	 1.88919e+001	 1.28974e+002
687	 7.0600000000e+002	 1.83646e+001	 1.24799e+002
688	 7.0700000000e+002	 8.88434e+000	 1.27172e+002
689	 7.0800000000e+002	 1.49479e+001	 1.20534e+002
690	 7.0900000000e+002	 1.56418e+001	 1.13628e+002
691	 7.1000000000e+002	 1.13776e+001	 1.14752e+002
692	 7.1100000000e+002	 1.39921e+001	 1.13696e+002
693	 7.1200000000e+002	 1.34635e+001	 1.03581e+002
694	 7.1300000000e+002	 1.12181e+001	 1.06715e+002
695	 7.1400000000e+002	 1.35625e+001	 1.02899e+002
696	 7.1500000000e+002	 1.19650e+001	 9.61008e+001
697	 7.1600000000e+002	 1.12750e+001	 9.89304e+001
698	 7.1700000000e+002	 1.20498e+001	 9.24331e+001
699	 7.1800000000e+002	 1.09791e+001	 8.94842e+001
700	 7.1900000000e+002	 1.14694e+001	 9.07713e+001
701	 7.2000000000e+002	 9.90392e+000	 8.29375e+001
702	 7.2100000000e+002	 1.11631e+001	 8.38096e+001
703	 7.2200000000e+002	 1.01349e+001	 8.02786e+001
704	 7.2300000000e+002	 9.23384e+000	 7.70696e+001
705	 7.2400000000e+002	 1.05192e+001	 7.51802e+001
706	 7.2500000000e+002	 8.82676e+000	 7.32277e+001
707	 7.2600000000e+002	 8.78558e+000	 6.88492e+001
708	 7.2700000000e+002	 1.00324e+001	 6.86270e+001
709	 7.2800000000e+002	 6.90953e+000	 6.47364e+001
710	 7.2900000000e+002	 9.00532e+000	 6.24024e+001
711	 7.3000000000e+002	 8.14995e+000	 6.01435e+001
712	 7.3100000000e+002	 6.48289e+000	 5.89705e+001
713	 7.3200000000e+002	 7.81102e+000	 5.27016e+001
714	 7.3300000000e+002	 7.27840e+000	 5.50183e+001
715	 7.3400000000e+002	 6.26411e+000	 4.93908e+001
716	 7.3500000000e+002	 5.36915e+000	 4.78805e+001
717	 7.3600000000e+002	 7.37543e+000	 4.42946e+001
718	 7.3700000000e+002	 6.08211e+000	 4.48696e+001
719	 7.3800000000e+002	 1.83059e+000	 3.96713e+001
720	 7.3900000000e+002	 7.88373e+000	 3.64720e+001
721	 7.4000000000e+002	 4.07562e+000	 3.54198e+001
722	 7.4100000000e+002	 4.34229e+000	 3.51880e+001
723	 7.4200000000e+002	 2.10391e+000	 2.90672e+001
724	 7.4300000000e+002	 2.64211e+000	 2.43709e+001
725	 7.4400000000e+002	 6.53066e+000	 2.68809e+001
726	 7.4500000000e+002	 2.31825e+000	 2.41192e+001
727	 7.4600000000e+002	-2.96852e+000	 1.87955e+001
728	 7.4700000000e+002	 3.03662e+000	 1.41298e+001
729	 7.4800000000e+002	 4.60180e+000	 1.26273e+001
730	 7.4900000000e+002	 1.23400e+000	 1.37808e+001
731	 7.5000000000e+002	-2.50834e+000	 1.13321e+001
732	 7.5100000000e+002	-2.62851e+000	 2.21862e+000
733	 7.5200000000e+002	-8.76992e-001	-1.76951e+000
734	 7.5300000000e+002	 1.51978e+000	-2.57833e+000
735	 7.5400000000e+002	 1.46797e+000	-9.92609e-001
736	 7.5500000000e+002	-2.68923e+000	-2.79119e+000
737	 7.5600000000e+002	-8.39186e+000	-1.08168e+001
738	 7.5700000000e+002	-8.74024e+000	-1.87647e+001
739	 7.5800000000e+002	-2.37917e+000	-2.07936e+001
740	 7.5900000000e+002	 1.90281e+000	-2.26389e+001
741	 7.6000000000e+002	-3.52580e+000	-2.60828e+001
742	 7.6100000000e+002	-9.28035e+000	-2.68747e+001
743	 7.6200000000e+002	-7.18956e+000	-2.75902e+001
744	 7.6300000000e+002	-5.00296e+000	-3.39236e+001
745	 7.6400000000e+002	-1.29195e+001	-4.34715e+001
746	 7.6500000000e+002	-2.22186e+001	-5.08631e+001
747	 7.6600000000e+002	-1.83452e+001	-5.75158e+001
748	 7.6700000000e+002	-3.98236e+000	-6.44897e+001
749	 7.6800000000e+002	 5.38752e+000	-6.83905e+001
750	 7.6900000000e+002	-6.64838e-002	-6.66581e+001
751	 7.7000000000e+002	-1.50296e+001	-6.34986e+001
752	 7.7100000000e+002	-2.76779e+001	-6.64899e+001
753	 7.7200000000e+002	-2.89509e+001	-7.75947e+001
754	 7.7300000000e+002	-1.90225e+001	-9.35565e+001
755	 7.7400000000e+002	-7.67583e+000	-1.09016e+002
756	 7.7500000000e+002	-7.70314e+000	-1.18660e+002
757	 7.7600000000e+002	-2.37823e+001	-1.17990e+002
758	 7.7700000000e+002	-4.60400e+001	-1.07380e+002
759	 7.7800000000e+002	-5.78498e+001	-9.72300e+001
760	 7.7900000000e+002	-5.24781e+001	-1.02759e+002
761	 7.8000000000e+002	-3.91748e+001	-1.32989e+002
762	 7.8100000000e+002	-3.72721e+001	-1.82573e+002
763	 7.8200000000e+002	-6.19396e+001	-2.29953e+002
764	 7.8300000000e+002	-1.11109e+002	-2.49411e+002
765	 7.8400000000e+002	-1.63478e+002	-2.30083e+002
766	 7.8500000000e+002	-1.94858e+002	-1.86829e+002
767	 7.8600000000e+002	-1.98323e+002	-1.49220e+002
768	 7.8700000000e+002	-1.86603e+002	-1.41966e+002
769	 7.8800000000e+002	-1.82207e+002	-1.76221e+002
770	 7.8900000000e+002	-2.12216e+002	-2.49454e+002
771	 7.9000000000e+002	-3.03587e+002	-3.44870e+002
772	 7.9100000000e+002	-4.70852e+002	-4.27483e+002
773	 7.9200000000e+002	-7.02483e+002	-4.53582e+002
774	 7.9300000000e+002	-9.60563e+002	-3.89528e+002
775	 7.9400000000e+002	-1.18652e+003	-2.24437e+002
776	 7.9500000000e+002	-1.32755e+003	 1.65041e+001
777	 7.9600000000e+002	-1.36815e+003	 2.86922e+002
778	 7.9700000000e+002	-1.31260e+003	 5.53292e+002
779	 7.9800000000e+002	-1.17320e+003	 7.91713e+002
780	 7.9900000000e+002	-9.59799e+002	 9.95345e+002
781	 8.0000000000e+002	-6.49795e+002	 1.12897e+003
782	 8.0100000000e+002	-2.86930e+002	 1.05264e+003
783	 8.0200000000e+002	-2.14076e+002	 7.00513e+002
784	 8.0300000000e+002	-3.89815e+002	 5.51816e+002
785	 8.0400000000e+002	-3.86966e+002	 6.35987e+002
786	 8.0500000000e+002	-2.76725e+002	 6.58381e+002
787	 8.0600000000e+002	-1.76104e+002	 6.18982e+002
788	 8.0700000000e+002	-1.04158e+002	 5.54451e+002
789	 8.0800000000e+002	-6.77390e+001	 4.90259e+002
790	 8.0900000000e+002	-5.37632e+001	 4.51602e+002
791	 8.1000000000e+002	-3.89596e+001	 4.39742e+002
792	 8.1100000000e+002	-1.24369e+001	 4.43686e+002
793	 8.1200000000e+002	 3.05339e+001	 4.45069e+002
794	 8.1300000000e+002	 7.60316e+001	 4.29783e+002
795	 8.1400000000e+002	 1.09487e+002	 4.02444e+002
796	 8.1500000000e+002	 1.22047e+002	 3.70213e+002
797	 8.1600000000e+002	 1.14286e+002	 3.46602e+002
798	 8.1700000000e+002	 9.78098e+001	 3.32280e+002
799	 8.1800000000e+002	 7.44026e+001	 3.22229e+002
800	 8.1900000000e+002	 4.98401e+001	 3.14166e+002
801	 8.2000000000e+002	 2.52557e+001	 3.08771e+002
802	 8.2100000000e+002	 1.23760e+001	 3.06918e+002
803	 8.2200000000e+002	 1.60076e+001	 2.99130e+002
804	 8.2300000000e+002	 2.96224e+001	 2.80137e+002
805	 8.2400000000e+002	 3.84641e+001	 2.52312e+002
806	 8.2500000000e+002	 3.72097e+001	 2.32859e+002
807	 8.2600000000e+002	 3.33520e+001	 2.26039e+002
808	 8.2700000000e+002	 3.26157e+001	 2.24153e+002
809	 8.2800000000e+002	 2.92653e+001	 2.17465e+002
810	 8.2900000000e+002	 2.17271e+001	 2.12593e+002
811	 8.3000000000e+002	 2.14458e+001	 2.11881e+002
812	 8.3100000000e+002	 3.41666e+001	 2.05403e+002
813	 8.3200000000e+002	 4.10567e+001	 1.86790e+002
814	 8.3300000000e+002	 3.05786e+001	 1.76098e+002
815	 8.3400000000e+002	 1.90181e+001	 1.84128e+002
816	 8.3500000000e+002	 2.47757e+001	 1.89956e+002
817	 8.3600000000e+002	 3.12585e+001	 1.76847e+002
818	 8.3700000000e+002	 2.59134e+001	 1.61398e+002
819	 8.3800000000e+002	 2.13214e+001	 1.60643e+002
820	 8.3900000000e+002	 2.55259e+001	 1.60738e+002
821	 8.4000000000e+002	 2.65767e+001	 1.56238e+002
822	 8.4100000000e+002	 2.35763e+001	 1.53839e+002
823	 8.4200000000e+002	 2.63162e+001	 1.50080e+002
824	 8.4300000000e+002	 2.42780e+001	 1.42548e+002
825	 8.4400000000e+002	 1.83158e+001	 1.40213e+002
826	 8.4500000000e+002	 2.16211e+001	 1.40524e+002
827	 8.4600000000e+002	 2.61306e+001	 1.31797e+002
828	 8.4700000000e+002	 2.28308e+001	 1.27815e+002
829	 8.4800000000e+002	 1.98872e+001	 1.31940e+002
830	 8.4900000000e+002	 1.95836e+001	 1.25413e+002
831	 8.5000000000e+002	 2.02248e+001	 1.17305e+002
832	 8.5100000000e+002	 2.16327e+001	 1.16690e+002
833	 8.5200000000e+002	 2.16573e+001	 1.16629e+002
834	 8.5300000000e+002	 1.79581e+001	 1.14653e+002
835	 8.5400000000e+002	 1.62012e+001	 1.07648e+002
836	 8.5500000000e+002	 2.07479e+001	 1.02516e+002
837	 8.5600000000e+002	 2.04305e+001	 1.06401e+002
838	 8.5700000000e+002	 1.53474e+001	 1.02885e+002
839	 8.5800000000e+002	 1.67830e+001	 9.51431e+001
840	 8.5900000000e+002	 1.90446e+001	 9.52558e+001
841	 8.6000000000e+002	 1.57443e+001	 9.50038e+001
842	 8.6100000000e+002	 1.66432e+001	 8.99735e+001
843	 8.6200000000e+002	 1.59926e+001	 8.69354e+001
844	 8.6300000000e+002	 1.47307e+001	 8.71236e+001
845	 8.6400000000e+002	 1.66083e+001	 8.21869e+001
846	 8.6500000000e+002	 1.42725e+001	 8.07159e+001
847	 8.6600000000e+002	 1.39513e+001	 7.98873e+001
848	 8.6700000000e+002	 1.43725e+001	 7.39436e+001
849	 8.6800000000e+002	 1.40991e+001	 7.41260e+001
850	 8.6900000000e+002	 1.32777e+001	 7.28033e+001
851	 8.7000000000e+002	 1.18768e+001	 6.72286e+001
852	 8.7100000000e+002	 1.31533e+001	 6.61504e+001
853	 8.7200000000e+002	 1.30644e+001	 6.54303e+001
854	 8.7300000000e+002	 1.03423e+001	 6.07959e+001
855	 8.7400000000e+002	 1.15416e+001	 5.96086e+001
856	 8.7500000000e+002	 1.14404e+001	 5.62910e+001
857	 8.7600000000e+002	 9.65492e+000	 5.41633e+001
858	 8.7700000000e+002	 1.14001e+001	 5.29273e+001
859	 8.7800000000e+002	 8.00144e+000	 4.90974e+001
860	 8.7900000000e+002	 9.35219e+000	 4.63058e+001
861	 8.8000000000e+002	 9.51518e+000	 4.45026e+001
862	 8.8100000000e+002	 8.30924e+000	 4.18886e+001
863	 8.8200000000e+002	 7.66342e+000	 3.98349e+001
864	 8.8300000000e+002	 5.70255e+000	 3.72841e+001
865	 8.8400000000e+002	 7.23626e+000	 3.22982e+001
866	 8.8500000000e+002	 7.28825e+000	 3.14406e+001
867	 8.8600000000e+002	 5.14914e+000	 3.00586e+001
868	 8.8700000000e+002	 4.31712e+000	 2.60088e+001
869	 8.8800000000e+002	 3.45341e+000	 2.16824e+001
870	 8.8900000000e+002	 4.87793e+000	 1.88637e+001
871	 8.9000000000e+002	 4.25456e+000	 1.88058e+001
872	 8.9100000000e+002	 1.81322e+000	 1.59684e+001
873	 8.9200000000e+002	-3.47883e-001	 1.03691e+001
874	 8.9300000000e+002	 4.03723e-001	 5.42812e+000
875	 8.9400000000e+002	 1.62471e+000	 3.38728e+000
876	 8.9500000000e+002	 1.97886e+000	 3.82241e+000
877	 8.9600000000e+002	-1.56511e+000	 1.15582e+000
878	 8.9700000000e+002	-5.75019e+000	-5.56285e+000
879	 8.9800000000e+002	-8.69460e+000	-1.23612e+001
880	 8.9900000000e+002	-4.91450e+000	-1.65820e+001
881	 9.0000000000e+002	 5.75317e-001	-1.80410e+001
882	 9.0100000000e+002	 9.21933e-001	-2.07638e+001
883	 9.0200000000e+002	-6.93618e+000	-2.25279e+001
884	 9.0300000000e+002	-1.58691e+001	-2.44428e+001
885	 9.0400000000e+002	-1.77283e+001	-2.78422e+001
886	 9.0500000000e+002	-1.26136e+001	-3.88147e+001
887	 9.0600000000e+002	-9.87387e+000	-5.20910e+001
888	 9.0700000000e+002	-1.39026e+001	-6.12578e+001
889	 9.0800000000e+002	-2.01162e+001	-5.84142e+001
890	 9.0900000000e+002	-2.16089e+001	-5.33199e+001
891	 9.1000000000e+002	-1.63491e+001	-5.47711e+001
892	 9.1100000000e+002	-1.29289e+001	-7.00804e+001
893	 9.1200000000e+002	-1.75423e+001	-9.15940e+001
894	 9.1300000000e+002	-2.91719e+001	-1.06468e+002
895	 9.1400000000e+002	-3.87701e+001	-1.06470e+002
896	 9.1500000000e+002	-3.66858e+001	-9.61512e+001
897	 9.1600000000e+002	-2.34775e+001	-8.85562e+001
898	 9.1700000000e+002	-9.46472e+000	-9.30832e+001
899	 9.1800000000e+002	-7.99900e+000	-1.11992e+002
900	 9.1900000000e+002	-2.67239e+001	-1.35275e+002
901	 9.2000000000e+002	-6.33127e+001	-1.51102e+002
902	 9.2100000000e+002	-1.06285e+002	-1.54825e+002
903	 9.2200000000e+002	-1.39530e+002	-1.47957e+002
904	 9.2300000000e+002	-1.56718e+002	-1.40768e+002
905	 9.2400000000e+002	-1.59807e+002	-1.46146e+002
906	 9.2500000000e+002	-1.53658e+002	-1.73532e+002
907	 9.2600000000e+002	-1.54523e+002	-2.22248e+002
908	 9.2700000000e+002	-1.74224e+002	-2.90574e+002
909	 9.2800000000e+002	-2.21404e+002	-3.72205e+002
910	 9.2900000000e+002	-3.00864e+002	-4.48183e+002
911	 9.3000000000e+002	-4.13812e+002	-5.10190e+002
912	 9.3100000000e+002	-5.55712e+002	-5.46423e+002
913	 9.3200000000e+002	-7.14183e+002	-5.43220e+002
914	 9.3300000000e+002	-8.86818e+002	-4.97936e+002
915	 9.3400000000e+002	-1.06653e+003	-3.99882e+002
916	 9.3500000000e+002	-1.24137e+003	-2.38344e+002
917	 9.3600000000e+002	-1.39848e+003	 1.67922e+001
918	 9.3700000000e+002	-1.45813e+003	 4.01886e+002
919	 9.3800000000e+002	-1.29007e+003	 8.28059e+002
920	 9.3900000000e+002	-9.09848e+002	 1.07299e+003
921	 9.4000000000e+002	-5.26495e+002	 1.03809e+003
922	 9.4100000000e+002	-3.08650e+002	 8.62339e+002
923	 9.4200000000e+002	-2.35559e+002	 7.07321e+002
924	 9.4300000000e+002	-2.19657e+002	 6.21219e+002
925	 9.4400000000e+002	-2.07726e+002	 5.85137e+002
926	 9.4500000000e+002	-1.82904e+002	 5.71212e+002
927	 9.4600000000e+002	-1.44474e+002	 5.61569e+002
928	 9.4700000000e+002	-9.74551e+001	 5.46782e+002
929	 9.4800000000e+002	-4.77404e+001	 5.20761e+002
930	 9.4900000000e+002	-2.45654e+000	 4.84083e+002
931	 9.5000000000e+002	 3.23466e+001	 4.40543e+002
932	 9.5100000000e+002	 5.45763e+001	 3.96070e+002
933	 9.5200000000e+002	 6.49026e+001	 3.56344e+002
934	 9.5300000000e+002	 6.65200e+001	 3.27283e+002
935	 9.5400000000e+002	 6.45565e+001	 3.09041e+002
936	 9.5500000000e+002	 6.25305e+001	 3.00280e+002
937	 9.5600000000e+002	 6.09452e+001	 2.97415e+002
938	 9.5700000000e+002	 5.93371e+001	 2.98027e+002
939	 9.5800000000e+002	 5.68124e+001	 2.99790e+002
940	 9.5900000000e+002	 5.41870e+001	 3.00945e+002
941	 9.6000000000e+002	 5.14376e+001	 2.99040e+002
942	 9.6100000000e+002	 4.83367e+001	 2.91880e+002
943	 9.6200000000e+002	 4.33869e+001	 2.77883e+002
944	 9.6300000000e+002	 3.52880e+001	 2.58776e+002
945	 9.6400000000e+002	 2.49306e+001	 2.39406e+002
946	 9.6500000000e+002	 1.69268e+001	 2.24845e+002
947	 9.6600000000e+002	 1.68703e+001	 2.16244e+002
948	 9.6700000000e+002	 2.56408e+001	 2.10779e+002
949	 9.6800000000e+002	 3.85429e+001	 2.04810e+002
950	 9.6900000000e+002	 4.74548e+001	 1.97821e+002
951	 9.7000000000e+002	 4.72776e+001	 1.92205e+002
952	 9.7100000000e+002	 3.96071e+001	 1.90827e+002
953	 9.7200000000e+002	 3.13779e+001	 1.92277e+002
954	 9.7300000000e+002	 2.84121e+001	 1.91610e+002
955	 9.7400000000e+002	 3.05015e+001	 1.84432e+002
956	 9.7500000000e+002	 3.30799e+001	 1.71939e+002
957	 9.7600000000e+002	 3.22476e+001	 1.61562e+002
958	 9.7700000000e+002	 2.95148e+001	 1.59419e+002
959	 9.7800000000e+002	 3.03090e+001	 1.62955e+002
960	 9.7900000000e+002	 3.41044e+001	 1.62710e+002
961	 9.8000000000e+002	 3.43850e+001	 1.54871e+002
962	 9.8100000000e+002	 2.86446e+001	 1.46969e+002
963	 9.8200000000e+002	 2.39674e+001	 1.45987e+002
964	 9.8300000000e+002	 2.74946e+001	 1.46702e+002
965	 9.8400000000e+002	 3.20910e+001	 1.41259e+002
966	 9.8500000000e+002	 2.93946e+001	 1.34106e+002
967	 9.8600000000e+002	 2.47515e+001	 1.33264e+002
968	 9.8700000000e+002	 2.61515e+001	 1.34560e+002
969	 9.8800000000e+002	 2.88179e+001	 1.29798e+002
970	 9.8900000000e+002	 2.58835e+001	 1.23870e+002
971	 9.9000000000e+002	 2.34509e+001	 1.23314e+002
972	 9.9100000000e+002	 2.59020e+001	 1.22030e+002
973	 9.9200000000e+002	 2.60068e+001	 1.17222e+002
974	 9.9300000000e+002	 2.30094e+001	 1.15459e+002
975	 9.9400000000e+002	 2.34611e+001	 1.14622e+002
976	 9.9500000000e+002	 2.42265e+001	 1.10131e+002
977	 9.9600000000e+002	 2.22736e+001	 1.07504e+002
978	 9.9700000000e+002	 2.23906e+001	 1.07198e+002
979	 9.9800000000e+002	 2.27461e+001	 1.03617e+002
980	 9.9900000000e+002	 2.02972e+001	 1.00583e+002
981	 1.0000000000e+003	 2.08077e+001	 9.97050e+001
982	 1.0010000000e+003	 2.16659e+001	 9.60555e+001
983	 1.0020000000e+003	 1.89524e+001	 9.35908e+001
984	 1.0030000000e+003	 1.93729e+001	 9.28653e+001
985	 1.0040000000e+003	 1.99067e+001	 8.89999e+001
986	 1.0050000000e+003	 1.73376e+001	 8.68571e+001
987	 1.0060000000e+003	 1.80471e+001	 8.55789e+001
988	 1.0070000000e+003	 1.80312e+001	 8.16933e+001
989	 1.0080000000e+003	 1.57544e+001	 8.06815e+001
990	 1.0090000000e+003	 1.65519e+001	 7.86656e+001
991	 1.0100000000e+003	 1.59145e+001	 7.46870e+001
992	 1.0110000000e+003	 1.47267e+001	 7.43028e+001
993	 1.0120000000e+003	 1.47582e+001	 7.18266e+001
994	 1.0130000000e+003	 1.31957e+001	 6.82037e+001
995	 1.0140000000e+003	 1.37724e+001	 6.74157e+001
996	 1.0150000000e+003	 1.29885e+001	 6.50197e+001
997	 1.0160000000e+003	 1.07553e+001	 6.24233e+001
998	 1.0170000000e+003	 1.16080e+001	 6.01120e+001
999	 1.0180000000e+003	 1.06391e+001	 5.82780e+001
1000	 1.0190000000e+003	 8.95357e+000	 5.60111e+001
1001	 1.0200000000e+003	 9.03012e+000	 5.29562e+001
1002	 1.0210000000e+003	 8.16203e+000	 5.16663e+001
1003	 1.0220000000e+003	 6.55190e+000	 4.88628e+001
1004	 1.0230000000e+003	 6.57197e+000	 4.59707e+001
1005	 1.0240000000e+003	 5.85672e+000	 4.46204e+001
1006	 1.0250000000e+003	 4.03794e+000	 4.17887e+001
1007	 1.0260000000e+003	 3.70398e+000	 3.89153e+001
1008	 1.0270000000e+003	 2.55529e+000	 3.75200e+001
1009	 1.0280000000e+003	 1.08446e+000	 3.42796e+001
1010	 1.0290000000e+003	 7.58009e-001	 3.11218e+001
1011	 1.0300000000e+003	-8.69869e-001	 2.91253e+001
1012	 1.0310000000e+003	-2.72936e+000	 2.57386e+001
1013	 1.0320000000e+003	-2.98442e+000	 2.37254e+001
1014	 1.0330000000e+003	-4.92265e+000	 2.11262e+001
1015	 1.0340000000e+003	-6.04996e+000	 1.75179e+001
1016	 1.0350000000e+003	-7.67201e+000	 1.44466e+001
1017	 1.0360000000e+003	-9.47911e+000	 1.16219e+001
1018	 1.0370000000e+003	-1.06611e+001	 8.37186e+000
1019	 1.0380000000e+003	-1.22868e+001	 5.76053e+000
1020	 1.0390000000e+003	-1.41432e+001	 1.67414e+000
1021	 1.0400000000e+003	-1.60878e+001	-1.58489e+000
1022	 1.0410000000e+003	-1.84307e+001	-5.73572e+000
1023	 1.0420000000e+003	-2.08951e+001	-9.08260e+000
1024	 1.0430000000e+003	-2.30655e+001	-1.34280e+001
1025	 1.0440000000e+003	-2.53943e+001	-1.70551e+001
1026	 1.0450000000e+003	-2.81430e+001	-2.17709e+001
1027	 1.0460000000e+003	-3.10756e+001	-2.50585e+001
1028	 1.0470000000e+003	-3.47310e+001	-3.01601e+001
1029	 1.0480000000e+003	-3.75965e+001	-3.41179e+001
1030	 1.0490000000e+003	-4.24304e+001	-3.96090e+001
1031	 1.0500000000e+003	-4.52232e+001	-4.47640e+001
1032	 1.0510000000e+003	-5.06600e+001	-4.91908e+001
1033	 1.0520000000e+003	-5.46845e+001	-5.57047e+001
1034	 1.0530000000e+003	-6.02181e+001	-6.07966e+001
1035	 1.0540000000e+003	-6.55961e+001	-6.81734e+001
1036	 1.0550000000e+003	-7.16685e+001	-7.34502e+001
1037	 1.0560000000e+003	-7.91623e+001	-8.17504e+001
1038	 1.0570000000e+003	-8.62459e+001	-8.75646e+001
1039	 1.0580000000e+003	-9.63757e+001	-9.65112e+001
1040	 1.0590000000e+003	-1.05084e+002	-1.03208e+002
1041	 1.0600000000e+003	-1.18540e+002	-1.12088e+002
1042	 1.0610000000e+003	-1.29622e+002	-1.20921e+002
1043	 1.0620000000e+003	-1.46732e+002	-1.29919e+002
1044	 1.0630000000e+003	-1.61546e+002	-1.39095e+002
1045	 1.0640000000e+003	-1.83181e+002	-1.46983e+002
1046	 1.0650000000e+003	-2.04424e+002	-1.55725e+002
1047	 1.0660000000e+003	-2.34175e+002	-1.63343e+002
1048	 1.0670000000e+003	-2.63793e+002	-1.70188e+002
1049	 1.0680000000e+003	-3.02695e+002	-1.73849e+002
1050	 1.0690000000e+003	-3.43163e+002	-1.73021e+002
1051	 1.0700000000e+003	-3.96051e+002	-1.66331e+002
1052	 1.0710000000e+003	-4.50391e+002	-1.47471e+002
1053	 1.0720000000e+003	-5.14244e+002	-1.15095e+002
1054	 1.0730000000e+003	-5.72828e+002	-6.25229e+001
1055	 1.0740000000e+003	-6.28024e+002	 1.10346e+001
1056	 1.0750000000e+003	-6.59800e+002	 1.08441e+002
1057	 1.0760000000e+003	-6.65872e+002	 2.15091e+002
1058	 1.0770000000e+003	-6.34422e+002	 3.23575e+002
1059	 1.0780000000e+003	-5.75790e+002	 4.12685e+002
1060	 1.0790000000e+003	-4.98130e+002	 4.79144e+002
1061	 1.0800000000e+003	-4.15924e+002	 5.14936e+002
1062	 1.0810000000e+003	-3.36519e+002	 5.30257e+002
1063	 1.0820000000e+003	-2.67807e+002	 5.26531e+002
1064	 1.0830000000e+003	-2.09978e+002	 5.14159e+002
1065	 1.0840000000e+003	-1.62327e+002	 4.94458e+002
1066	 1.0850000000e+003	-1.24601e+002	 4.74059e+002
1067	 1.0860000000e+003	-9.27527e+001	 4.51025e+002
1068	 1.0870000000e+003	-6.89439e+001	 4.29399e+002
1069	 1.0880000000e+003	-4.77027e+001	 4.08942e+002
1070	 1.0890000000e+003	-3.24265e+001	 3.88007e+002
1071	 1.0900000000e+003	-1.90569e+001	 3.71100e+002
1072	 1.0910000000e+003	-7.70058e+000	 3.53090e+002
1073	 1.0920000000e+003	-3.54190e-001	 3.37436e+002
1074	 1.0930000000e+003	 7.16264e+000	 3.22964e+002
1075	 1.0940000000e+003	 1.21252e+001	 3.09287e+002
1076	 1.0950000000e+003	 1.65497e+001	 2.98203e+002
1077	 1.0960000000e+003	 2.10261e+001	 2.86566e+002
1078	 1.0970000000e+003	 2.38653e+001	 2.75837e+002
1079	 1.0980000000e+003	 2.71522e+001	 2.67120e+002
1080	 1.0990000000e+003	 2.99267e+001	 2.57001e+002
1081	 1.1000000000e+003	 3.06810e+001	 2.48486e+002
1082	 1.1010000000e+003	 3.33189e+001	 2.40841e+002
1083	 1.1020000000e+003	 3.44318e+001	 2.32489e+002
1084	 1.1030000000e+003	 3.46561e+001	 2.25816e+002
1085	 1.1040000000e+003	 3.61219e+001	 2.19343e+002
1086	 1.1050000000e+003	 3.67138e+001	 2.12433e+002
1087	 1.1060000000e+003	 3.63390e+001	 2.07207e+002
1088	 1.1070000000e+003	 3.71538e+001	 2.02149e+002
1089	 1.1080000000e+003	 3.76176e+001	 1.96126e+002
1090	 1.1090000000e+003	 3.76112e+001	 1.91174e+002
1091	 1.1100000000e+003	 3.79613e+001	 1.86610e+002
1092	 1.1110000000e+003	 3.79447e+001	 1.81512e+002
1093	 1.1120000000e+003	 3.70212e+001	 1.77110e+002
1094	 1.1130000000e+003	 3.71569e+001	 1.73800e+002
1095	 1.1140000000e+003	 3.77579e+001	 1.69928e+002
1096	 1.1150000000e+003	 3.72473e+001	 1.65904e+002
1097	 1.1160000000e+003	 3.67725e+001	 1.62323e+002
1098	 1.1170000000e+003	 3.67092e+001	 1.58569e+002
1099	 1.1180000000e+003	 3.65759e+001	 1.55093e+002
1100	 1.1190000000e+003	 3.62468e+001	 1.52243e+002
1101	 1.1200000000e+003	 3.63738e+001	 1.49502e+002
1102	 1.1210000000e+003	 3.61993e+001	 1.46249e+002
1103	 1.1220000000e+003	 3.52407e+001	 1.43295e+002
1104	 1.1230000000e+003	 3.44638e+001	 1.40812e+002
1105	 1.1240000000e+003	 3.40866e+001	 1.38269e+002
1106	 1.1250000000e+003	 3.37498e+001	 1.35490e+002
1107	 1.1260000000e+003	 3.34507e+001	 1.32596e+002
1108	 1.1270000000e+003	 3.31166e+001	 1.29611e+002
1109	 1.1280000000e+003	 3.25290e+001	 1.27216e+002
1110	 1.1290000000e+003	 3.21430e+001	 1.25032e+002
1111	 1.1300000000e+003	 3.18737e+001	 1.22589e+002
1112	 1.1310000000e+003	 3.13512e+001	 1.20007e+002
1113	 1.1320000000e+003	 3.07020e+001	 1.17730e+002
1114	 1.1330000000e+003	 3.03380e+001	 1.15716e+002
1115	 1.1340000000e+003	 2.99709e+001	 1.13291e+002
1116	 1.1350000000e+003	 2.93268e+001	 1.10858e+002
1117	 1.1360000000e+003	 2.87712e+001	 1.09002e+002
1118	 1.1370000000e+003	 2.83844e+001	 1.06986e+002
1119	 1.1380000000e+003	 2.79104e+001	 1.04601e+002
1120	 1.1390000000e+003	 2.72367e+001	 1.02595e+002
1121	 1.1400000000e+003	 2.66509e+001	 1.00760e+002
1122	 1.1410000000e+003	 2.61213e+001	 9.86516e+001
1123	 1.1420000000e+003	 2.52542e+001	 9.66224e+001
1124	 1.1430000000e+003	 2.46535e+001	 9.48538e+001
1125	 1.1440000000e+003	 2.41908e+001	 9.25823e+001
1126	 1.1450000000e+003	 2.32535e+001	 9.04547e+001
1127	 1.1460000000e+003	 2.26941e+001	 8.88640e+001
1128	 1.1470000000e+003	 2.21767e+001	 8.69592e+001
1129	 1.1480000000e+003	 2.11622e+001	 8.48488e+001
1130	 1.1490000000e+003	 2.02184e+001	 8.32400e+001
1131	 1.1500000000e+003	 1.96841e+001	 8.15604e+001
1132	 1.1510000000e+003	 1.89367e+001	 7.94694e+001
1133	 1.1520000000e+003	 1.78989e+001	 7.76517e+001
1134	 1.1530000000e+003	 1.70800e+001	 7.60563e+001
1135	 1.1540000000e+003	 1.61455e+001	 7.41998e+001
1136	 1.1550000000e+003	 1.51607e+001	 7.23050e+001
1137	 1.1560000000e+003	 1.44516e+001	 7.05585e+001
1138	 1.1570000000e+003	 1.35157e+001	 6.87853e+001
1139	 1.1580000000e+003	 1.21980e+001	 6.69518e+001
1140	 1.1590000000e+003	 1.11800e+001	 6.50980e+001
1141	 1.1600000000e+003	 1.01798e+001	 6.34221e+001
1142	 1.1610000000e+003	 9.08340e+000	 6.17025e+001
1143	 1.1620000000e+003	 8.06545e+000	 5.97313e+001
1144	 1.1630000000e+003	 6.84052e+000	 5.78677e+001
1145	 1.1640000000e+003	 5.65209e+000	 5.63170e+001
1146	 1.1650000000e+003	 4.07014e+000	 5.44555e+001
1147	 1.1660000000e+003	 2.91059e+000	 5.25354e+001
1148	 1.1670000000e+003	 1.62558e+000	 5.08270e+001
1149	 1.1680000000e+003	 5.60778e-002	 4.91715e+001
1150	 1.1690000000e+003	-1.34382e+000	 4.71270e+001
1151	 1.1700000000e+003	-2.77584e+000	 4.53594e+001
1152	 1.1710000000e+003	-4.62867e+000	 4.36653e+001
1153	 1.1720000000e+003	-6.46813e+000	 4.17309e+001
1154	 1.1730000000e+003	-8.08313e+000	 4.00405e+001
1155	 1.1740000000e+003	-9.88023e+000	 3.81983e+001
1156	 1.1750000000e+003	-1.18748e+001	 3.62758e+001
1157	 1.1760000000e+003	-1.35282e+001	 3.46688e+001
1158	 1.1770000000e+003	-1.57766e+001	 3.26610e+001
1159	 1.1780000000e+003	-1.79647e+001	 3.06572e+001
1160	 1.1790000000e+003	-2.01246e+001	 2.90615e+001
1161	 1.1800000000e+003	-2.27175e+001	 2.73085e+001
1162	 1.1810000000e+003	-2.53138e+001	 2.53365e+001
1163	 1.1820000000e+003	-2.77841e+001	 2.32882e+001
1164	 1.1830000000e+003	-3.07329e+001	 2.13972e+001
1165	 1.1840000000e+003	-3.34943e+001	 1.94617e+001
1166	 1.1850000000e+003	-3.65304e+001	 1.78788e+001
1167	 1.1860000000e+003	-3.98963e+001	 1.59918e+001
1168	 1.1870000000e+003	-4.30560e+001	 1.42087e+001
1169	 1.1880000000e+003	-4.69829e+001	 1.25202e+001
1170	 1.1890000000e+003	-5.08809e+001	 1.06480e+001
1171	 1.1900000000e+003	-5.48704e+001	 9.02504e+000
1172	 1.1910000000e+003	-5.95089e+001	 7.19582e+000
1173	 1.1920000000e+003	-6.42148e+001	 5.47860e+000
1174	 1.1930000000e+003	-6.94406e+001	 4.19041e+000
1175	 1.1940000000e+003	-7.49358e+001	 2.51950e+000
1176	 1.1950000000e+003	-8.06987e+001	 1.46764e+000
1177	 1.1960000000e+003	-8.70097e+001	 5.43262e-001
1178	 1.1970000000e+003	-9.34553e+001	 5.77938e-002
1179	 1.1980000000e+003	-1.00615e+002	-3.37442e-001
1180	 1.1990000000e+003	-1.08087e+002	-1.49795e-001
1181	 1.2000000000e+003	-1.16163e+002	 3.70820e-001
1182	 1.2010000000e+003	-1.24700e+002	 1.69828e+000
1183	 1.2020000000e+003	-1.33877e+002	 3.59051e+000
1184	 1.2030000000e+003	-1.43426e+002	 6.27043e+000
1185	 1.2040000000e+003	-1.53294e+002	 9.75817e+000
1186	 1.2050000000e+003	-1.63431e+002	 1.44295e+001
1187	 1.2060000000e+003	-1.73967e+002	 2.06184e+001
1188	 1.2070000000e+003	-1.84336e+002	 2.80151e+001
1189	 1.2080000000e+003	-1.94647e+002	 3.72806e+001
1190	 1.2090000000e+003	-2.04351e+002	 4.76572e+001
1191	 1.2100000000e+003	-2.13230e+002	 6.03146e+001
1192	 1.2110000000e+003	-2.21169e+002	 7.46530e+001
1193	 1.2120000000e+003	-2.27558e+002	 9.06201e+001
1194	 1.2130000000e+003	-2.32028e+002	 1.07707e+002
1195	 1.2140000000e+003	-2.33896e+002	 1.26013e+002
1196	 1.2150000000e+003	-2.33790e+002	 1.44739e+002
1197	 1.2160000000e+003	-2.30535e+002	 1.63710e+002
1198	 1.2170000000e+003	-2.24919e+002	 1.82138e+002
1199	 1.2180000000e+003	-2.16360e+002	 1.99687e+002
1200	 1.2190000000e+003	-2.05711e+002	 2.15813e+002
1201	 1.2200000000e+003	-1.93210e+002	 2.29933e+002
1202	 1.2210000000e+003	-1.79282e+002	 2.41740e+002
1203	 1.2220000000e+003	-1.64089e+002	 2.51175e+002
1204	 1.2230000000e+003	-1.48492e+002	 2.58757e+002
1205	 1.2240000000e+003	-1.32892e+002	 2.63799e+002
1206	 1.2250000000e+003	-1.17807e+002	 2.66872e+002
1207	 1.2260000000e+003	-1.03270e+002	 2.68222e+002
1208	 1.2270000000e+003	-8.93943e+001	 2.68154e+002
1209	 1.2280000000e+003	-7.64606e+001	 2.66749e+002
1210	 1.2290000000e+003	-6.45376e+001	 2.64228e+002
1211	 1.2300000000e+003	-5.33599e+001	 2.60741e+002
1212	 1.2310000000e+003	-4.32235e+001	 2.56690e+002
1213	 1.2320000000e+003	-3.39785e+001	 2.52371e+002
1214	 1.2330000000e+003	-2.58596e+001	 2.47447e+002
1215	 1.2340000000e+003	-1.85324e+001	 2.42414e+002
1216	 1.2350000000e+003	-1.19205e+001	 2.37165e+002
1217	 1.2360000000e+003	-5.86784e+000	 2.31997e+002
1218	 1.2370000000e+003	-6.12462e-001	 2.26868e+002
1219	 1.2380000000e+003	 4.16332e+000	 2.21771e+002
1220	 1.2390000000e+003	 8.26818e+000	 2.16753e+002
1221	 1.2400000000e+003	 1.19138e+001	 2.11764e+002
1222	 1.2410000000e+003	 1.52502e+001	 2.06851e+002
1223	 1.2420000000e+003	 1.83241e+001	 2.02192e+002
1224	 1.2430000000e+003	 2.10491e+001	 1.97666e+002
1225	 1.2440000000e+003	 2.32657e+001	 1.93266e+002
1226	 1.2450000000e+003	 2.53015e+001	 1.89147e+002
1227	 1.2460000000e+003	 2.70672e+001	 1.84886e+002
1228	 1.2470000000e+003	 2.86535e+001	 1.80934e+002
1229	 1.2480000000e+003	 3.01205e+001	 1.77149e+002
1230	 1.2490000000e+003	 3.14504e+001	 1.73374e+002
1231	 1.2500000000e+003	 3.25952e+001	 1.69785e+002
1232	 1.2510000000e+003	 3.35015e+001	 1.66274e+002
1233	 1.2520000000e+003	 3.42442e+001	 1.62845e+002
1234	 1.2530000000e+003	 3.50077e+001	 1.59653e+002
1235	 1.2540000000e+003	 3.56391e+001	 1.56574e+002
1236	 1.2550000000e+003	 3.61213e+001	 1.53581e+002
1237	 1.2560000000e+003	 3.66167e+001	 1.50636e+002
1238	 1.2570000000e+003	 3.70279e+001	 1.47731e+002
1239	 1.2580000000e+003	 3.73556e+001	 1.44968e+002
1240	 1.2590000000e+003	 3.75359e+001	 1.42338e+002
1241	 1.2600000000e+003	 3.76787e+001	 1.39771e+002
1242	 1.2610000000e+003	 3.78068e+001	 1.37269e+002
1243	 1.2620000000e+003	 3.79329e+001	 1.34844e+002
1244	 1.2630000000e+003	 3.79954e+001	 1.32463e+002
1245	 1.2640000000e+003	 3.79820e+001	 1.30106e+002
1246	 1.2650000000e+003	 3.79678e+001	 1.27865e+002
1247	 1.2660000000e+003	 3.79542e+001	 1.25646e+002
1248	 1.2670000000e+003	 3.78320e+001	 1.23496e+002
1249	 1.2680000000e+003	 3.76611e+001	 1.21376e+002
1250	 1.2690000000e+003	 3.75390e+001	 1.19379e+002
1251	 1.2700000000e+003	 3.73573e+001	 1.17417e+002
1252	 1.2710000000e+003	 3.70504e+001	 1.15423e+002
1253	 1.2720000000e+003	 3.68422e+001	 1.13488e+002
1254	 1.2730000000e+003	 3.65843e+001	 1.11595e+002
1255	 1.2740000000e+003	 3.62806e+001	 1.09786e+002
1256	 1.2750000000e+003	 3.59994e+001	 1.07929e+002
1257	 1.2760000000e+003	 3.57115e+001	 1.06161e+002
1258	 1.2770000000e+003	 3.53216e+001	 1.04439e+002
1259	 1.2780000000e+003	 3.48646e+001	 1.02671e+002
1260	 1.2790000000e+003	 3.44176e+001	 1.00962e+002
1261	 1.2800000000e+003	 3.40147e+001	 9.93458e+001
1262	 1.2810000000e+003	 3.35829e+001	 9.77393e+001
1263	 1.2820000000e+003	 3.31244e+001	 9.61517e+001
1264	 1.2830000000e+003	 3.26014e+001	 9.45326e+001
1265	 1.2840000000e+003	 3.21186e+001	 9.29166e+001
1266	 1.2850000000e+003	 3.16079e+001	 9.13938e+001
1267	 1.2860000000e+003	 3.10155e+001	 8.99252e+001
1268	 1.2870000000e+003	 3.04780e+001	 8.84800e+001
1269	 1.2880000000e+003	 2.99354e+001	 8.70134e+001
1270	 1.2890000000e+003	 2.93017e+001	 8.55066e+001
1271	 1.2900000000e+003	 2.86396e+001	 8.40124e+001
1272	 1.2910000000e+003	 2.79761e+001	 8.26732e+001
1273	 1.2920000000e+003	 2.72001e+001	 8.13358e+001
1274	 1.2930000000e+003	 2.64859e+001	 7.99481e+001
1275	 1.2940000000e+003	 2.57946e+001	 7.85959e+001
1276	 1.2950000000e+003	 2.51174e+001	 7.72941e+001
1277	 1.2960000000e+003	 2.43603e+001	 7.59710e+001
1278	 1.2970000000e+003	 2.35635e+001	 7.46182e+001
1279	 1.2980000000e+003	 2.27056e+001	 7.32671e+001
1280	 1.2990000000e+003	 2.19040e+001	 7.20205e+001
1281	 1.3000000000e+003	 2.10200e+001	 7.07833e+001
1282	 1.3010000000e+003	 2.00060e+001	 6.94982e+001
1283	 1.3020000000e+003	 1.90581e+001	 6.83356e+001
1284	 1.3030000000e+003	 1.81573e+001	 6.72643e+001
1285	 1.3040000000e+003	 1.71337e+001	 6.61897e+001
1286	 1.3050000000e+003	 1.60822e+001	 6.51966e+001
1287	 1.3060000000e+003	 1.51371e+001	 6.42311e+001
1288	 1.3070000000e+003	 1.40606e+001	 6.32408e+001
1289	 1.3080000000e+003	 1.28958e+001	 6.23096e+001
1290	 1.3090000000e+003	 1.17724e+001	 6.13728e+001
1291	 1.3100000000e+003	 1.06160e+001	 6.04307e+001
1292	 1.3110000000e+003	 9.37522e+000	 5.94518e+001
1293	 1.3120000000e+003	 8.18649e+000	 5.85006e+001
1294	 1.3130000000e+003	 6.94113e+000	 5.75269e+001
1295	 1.3140000000e+003	 5.60716e+000	 5.64933e+001
1296	 1.3150000000e+003	 4.31083e+000	 5.54814e+001
1297	 1.3160000000e+003	 2.99119e+000	 5.44433e+001
1298	 1.3170000000e+003	 1.62064e+000	 5.34165e+001
1299	 1.3180000000e+003	 2.10949e-001	 5.24869e+001
1300	 1.3190000000e+003	-1.26029e+000	 5.15912e+001
1301	 1.3200000000e+003	-2.78518e+000	 5.07352e+001
1302	 1.3210000000e+003	-4.34369e+000	 4.99380e+001
1303	 1.3220000000e+003	-5.93167e+000	 4.92366e+001
1304	 1.3230000000e+003	-7.53910e+000	 4.84985e+001
1305	 1.3240000000e+003	-9.21984e+000	 4.78092e+001
1306	 1.3250000000e+003	-1.09422e+001	 4.72253e+001
1307	 1.3260000000e+003	-1.27480e+001	 4.66234e+001
1308	 1.3270000000e+003	-1.46142e+001	 4.60811e+001
1309	 1.3280000000e+003	-1.64565e+001	 4.56179e+001
1310	 1.3290000000e+003	-1.83717e+001	 4.52212e+001
1311	 1.3300000000e+003	-2.03833e+001	 4.47919e+001
1312	 1.3310000000e+003	-2.24667e+001	 4.45332e+001
1313	 1.3320000000e+003	-2.45238e+001	 4.43237e+001
1314	 1.3330000000e+003	-2.66776e+001	 4.41124e+001
1315	 1.3340000000e+003	-2.89054e+001	 4.41093e+001
1316	 1.3350000000e+003	-3.11339e+001	 4.40683e+001
1317	 1.3360000000e+003	-3.35140e+001	 4.42270e+001
1318	 1.3370000000e+003	-3.60062e+001	 4.44600e+001
1319	 1.3380000000e+003	-3.85141e+001	 4.48501e+001
1320	 1.3390000000e+003	-4.09976e+001	 4.52819e+001
1321	 1.3400000000e+003	-4.35686e+001	 4.59037e+001
1322	 1.3410000000e+003	-4.61708e+001	 4.65683e+001
1323	 1.3420000000e+003	-4.88089e+001	 4.74653e+001
1324	 1.3430000000e+003	-5.16028e+001	 4.84141e+001
1325	 1.3440000000e+003	-5.44135e+001	 4.96961e+001
1326	 1.3450000000e+003	-5.72506e+001	 5.11629e+001
1327	 1.3460000000e+003	-6.00256e+001	 5.28618e+001
1328	 1.3470000000e+003	-6.28898e+001	 5.48936e+001
1329	 1.3480000000e+003	-6.56965e+001	 5.70838e+001
1330	 1.3490000000e+003	-6.83690e+001	 5.95546e+001
1331	 1.3500000000e+003	-7.10138e+001	 6.22964e+001
1332	 1.3510000000e+003	-7.34829e+001	 6.54281e+001
1333	 1.3520000000e+003	-7.57124e+001	 6.88946e+001
1334	 1.3530000000e+003	-7.77335e+001	 7.25933e+001
1335	 1.3540000000e+003	-7.95825e+001	 7.66720e+001
1336	 1.3550000000e+003	-8.10747e+001	 8.08610e+001
1337	 1.3560000000e+003	-8.22330e+001	 8.53603e+001
1338	 1.3570000000e+003	-8.30230e+001	 9.00227e+001
1339	 1.3580000000e+003	-8.33334e+001	 9.48903e+001
1340	 1.3590000000e+003	-8.31838e+001	 9.98134e+001
1341	 1.3600000000e+003	-8.24833e+001	 1.04824e+002
1342	 1.3610000000e+003	-8.13283e+001	 1.09651e+002
1343	 1.3620000000e+003	-7.96301e+001	 1.14359e+002
1344	 1.3630000000e+003	-7.75283e+001	 1.18898e+002
1345	 1.3640000000e+003	-7.49569e+001	 1.23259e+002
1346	 1.3650000000e+003	-7.18659e+001	 1.27310e+002
1347	 1.3660000000e+003	-6.85310e+001	 1.30943e+002
1348	 1.3670000000e+003	-6.48277e+001	 1.34145e+002
1349	 1.3680000000e+003	-6.09714e+001	 1.36979e+002
1350	 1.3690000000e+003	-5.68979e+001	 1.39364e+002
1351	 1.3700000000e+003	-5.28319e+001	 1.41395e+002
1352	 1.3710000000e+003	-4.86359e+001	 1.42924e+002
1353	 1.3720000000e+003	-4.44506e+001	 1.44075e+002
1354	 1.3730000000e+003	-4.03662e+001	 1.44798e+002
1355	 1.3740000000e+003	-3.63940e+001	 1.45162e+002
1356	 1.3750000000e+003	-3.25291e+001	 1.45223e+002
1357	 1.3760000000e+003	-2.87867e+001	 1.44972e+002
1358	 1.3770000000e+003	-2.51930e+001	 1.44458e+002
1359	 1.3780000000e+003	-2.17913e+001	 1.43693e+002
1360	 1.3790000000e+003	-1.86085e+001	 1.42822e+002
1361	 1.3800000000e+003	-1.56467e+001	 1.41774e+002
1362	 1.3810000000e+003	-1.28470e+001	 1.40566e+002
1363	 1.3820000000e+003	-1.02618e+001	 1.39277e+002
1364	 1.3830000000e+003	-7.83693e+000	 1.37908e+002
1365	 1.3840000000e+003	-5.65899e+000	 1.36418e+002
1366	 1.3850000000e+003	-3.58128e+000	 1.34950e+002
1367	 1.3860000000e+003	-1.66232e+000	 1.33458e+002
1368	 1.3870000000e+003	 6.97591e-002	 1.31879e+002
1369	 1.3880000000e+003	 1.67936e+000	 1.30260e+002
1370	 1.3890000000e+003	 3.16401e+000	 1.28714e+002
1371	 1.3900000000e+003	 4.57012e+000	 1.27112e+002
1372	 1.3910000000e+003	 5.82012e+000	 1.25514e+002
1373	 1.3920000000e+003	 6.94749e+000	 1.24012e+002
1374	 1.3930000000e+003	 7.98689e+000	 1.22475e+002
1375	 1.3940000000e+003	 8.97412e+000	 1.20962e+002
1376	 1.3950000000e+003	 9.86768e+000	 1.19446e+002
1377	 1.3960000000e+003	 1.07222e+001	 1.17967e+002
1378	 1.3970000000e+003	 1.14671e+001	 1.16474e+002
1379	 1.3980000000e+003	 1.21508e+001	 1.15051e+002
1380	 1.3990000000e+003	 1.27754e+001	 1.13659e+002
1381	 1.4000000000e+003	 1.33610e+001	 1.12298e+002
1382	 1.4010000000e+003	 1.38695e+001	 1.10912e+002
1383	 1.4020000000e+003	 1.43079e+001	 1.09601e+002
1384	 1.4030000000e+003	 1.47422e+001	 1.08286e+002
1385	 1.4040000000e+003	 1.51168e+001	 1.06950e+002
1386	 1.4050000000e+003	 1.54423e+001	 1.05691e+002
1387	 1.4060000000e+003	 1.57365e+001	 1.04434e+002
1388	 1.4070000000e+003	 1.59877e+001	 1.03179e+002
1389	 1.4080000000e+003	 1.62128e+001	 1.02003e+002
1390	 1.4090000000e+003	 1.64001e+001	 1.00768e+002
1391	 1.4100000000e+003	 1.65567e+001	 9.95730e+001
1392	 1.4110000000e+003	 1.67040e+001	 9.84268e+001
1393	 1.4120000000e+003	 1.67872e+001	 9.72901e+001
1394	 1.4130000000e+003	 1.68531e+001	 9.61559e+001
1395	 1.4140000000e+003	 1.68887e+001	 9.50633e+001
1396	 1.4150000000e+003	 1.68864e+001	 9.39427e+001
1397	 1.4160000000e+003	 1.68872e+001	 9.29229e+001
1398	 1.4170000000e+003	 1.68719e+001	 9.18661e+001
1399	 1.4180000000e+003	 1.67833e+001	 9.08258e+001
1400	 1.4190000000e+003	 1.67235e+001	 8.98253e+001
1401	 1.4200000000e+003	 1.66199e+001	 8.88046e+001
1402	 1.4210000000e+003	 1.64887e+001	 8.78309e+001
1403	 1.4220000000e+003	 1.63533e+001	 8.68701e+001
1404	 1.4230000000e+003	 1.61522e+001	 8.59176e+001
1405	 1.4240000000e+003	 1.59543e+001	 8.49869e+001
1406	 1.4250000000e+003	 1.57674e+001	 8.40465e+001
1407	 1.4260000000e+003	 1.55762e+001	 8.31330e+001
1408	 1.4270000000e+003	 1.53393e+001	 8.22497e+001
1409	 1.4280000000e+003	 1.50516e+001	 8.13685e+001
1410	 1.4290000000e+003	 1.47724e+001	 8.05080e+001
1411	 1.4300000000e+003	 1.44778e+001	 7.96695e+001
1412	 1.4310000000e+003	 1.42005e+001	 7.88482e+001
1413	 1.4320000000e+003	 1.38948e+001	 7.80462e+001
1414	 1.4330000000e+003	 1.35498e+001	 7.72277e+001
1415	 1.4340000000e+003	 1.32064e+001	 7.64604e+001
1416	 1.4350000000e+003	 1.28373e+001	 7.56921e+001
1417	 1.4360000000e+003	 1.24576e+001	 7.49094e+001
1418	 1.4370000000e+003	 1.20767e+001	 7.41544e+001
1419	 1.4380000000e+003	 1.16828e+001	 7.34473e+001
1420	 1.4390000000e+003	 1.12720e+001	 7.27331e+001
1421	 1.4400000000e+003	 1.08320e+001	 7.20404e+001
1422	 1.4410000000e+003	 1.03854e+001	 7.13280e+001
1423	 1.4420000000e+003	 9.96091e+000	 7.06348e+001
1424	 1.4430000000e+003	 9.50439e+000	 6.99744e+001
1425	 1.4440000000e+003	 9.02950e+000	 6.93087e+001
1426	 1.4450000000e+003	 8.54807e+000	 6.86521e+001
1427	 1.4460000000e+003	 8.04546e+000	 6.80075e+001
1428	 1.4470000000e+003	 7.53720e+000	 6.73703e+001
1429	 1.4480000000e+003	 7.00502e+000	 6.67611e+001
1430	 1.4490000000e+003	 6.47387e+000	 6.61587e+001
1431	 1.4500000000e+003	 5.93048e+000	 6.54970e+001
1432	 1.4510000000e+003	 5.34301e+000	 6.48412e+001
1433	 1.4520000000e+003	 4.74143e+000	 6.43543e+001
1434	 1.4530000000e+003	 4.12477e+000	 6.37979e+001
1435	 1.4540000000e+003	 3.48984e+000	 6.32321e+001
1436	 1.4550000000e+003	 2.86931e+000	 6.27187e+001
1437	 1.4560000000e+003	 2.19156e+000	 6.22173e+001
1438	 1.4570000000e+003	 1.47360e+000	 6.16832e+001
1439	 1.4580000000e+003	 7.78977e-001	 6.12081e+001
1440	 1.4590000000e+003	 5.62518e-002	 6.07402e+001
1441	 1.4600000000e+003	-6.72686e-001	 6.03025e+001
1442	 1.4610000000e+003	-1.43216e+000	 5.98846e+001
1443	 1.4620000000e+003	-2.24762e+000	 5.94493e+001
1444	 1.4630000000e+003	-3.08699e+000	 5.90362e+001
1445	 1.4640000000e+003	-3.91269e+000	 5.86944e+001
1446	 1.4650000000e+003	-4.69217e+000	 5.83900e+001
1447	 1.4660000000e+003	-5.56934e+000	 5.81129e+001
1448	 1.4670000000e+003	-6.49211e+000	 5.78298e+001
1449	 1.4680000000e+003	-7.37646e+000	 5.75815e+001
1450	 1.4690000000e+003	-8.20621e+000	 5.73586e+001
1451	 1.4700000000e+003	-9.14059e+000	 5.71506e+001
1452	 1.4710000000e+003	-1.01339e+001	 5.70055e+001
1453	 1.4720000000e+003	-1.10142e+001	 5.68964e+001
1454	 1.4730000000e+003	-1.18754e+001	 5.68033e+001
1455	 1.4740000000e+003	-1.28886e+001	 5.67740e+001
1456	 1.4750000000e+003	-1.39146e+001	 5.68016e+001
1457	 1.4760000000e+003	-1.47741e+001	 5.68611e+001
1458	 1.4770000000e+003	-1.57511e+001	 5.69087e+001
1459	 1.4780000000e+003	-1.68537e+001	 5.70205e+001
1460	 1.4790000000e+003	-1.76959e+001	 5.72040e+001
1461	 1.4800000000e+003	-1.85766e+001	 5.74080e+001
1462	 1.4810000000e+003	-1.96622e+001	 5.76585e+001
1463	 1.4820000000e+003	-2.05079e+001	 5.78725e+001
1464	 1.4830000000e+003	-2.13979e+001	 5.81247e+001
1465	 1.4840000000e+003	-2.24628e+001	 5.84727e+001
1466	 1.4850000000e+003	-2.32798e+001	 5.87548e+001
1467	 1.4860000000e+003	-2.41788e+001	 5.91122e+001
1468	 1.4870000000e+003	-2.52329e+001	 5.96356e+001
1469	 1.4880000000e+003	-2.59473e+001	 5.99958e+001
1470	 1.4890000000e+003	-2.69423e+001	 6.04948e+001
1471	 1.4900000000e+003	-2.79610e+001	 6.10590e+001
1472	 1.4910000000e+003	-2.86554e+001	 6.14637e+001
1473	 1.4920000000e+003	-2.97470e+001	 6.21487e+001
1474	 1.4930000000e+003	-3.05148e+001	 6.28017e+001
1475	 1.4940000000e+003	-3.14416e+001	 6.34451e+001
1476	 1.4950000000e+003	-3.24761e+001	 6.43859e+001
1477	 1.4960000000e+003	-3.31648e+001	 6.49592e+001
1478	 1.4970000000e+003	-3.43120e+001	 6.60417e+001
1479	 1.4980000000e+003	-3.49393e+001	 6.68097e+001
1480	 1.4990000000e+003	-3.59990e+001	 6.78177e+001
1481	 1.5000000000e+003	-3.68100e+001	 6.88714e+001
1482	 1.5010000000e+003	-3.76290e+001	 6.96761e+001
1483	 1.5020000000e+003	-3.86040e+001	 7.11771e+001
1484	 1.5030000000e+003	-3.91071e+001	 7.19717e+001
1485	 1.5040000000e+003	-4.00945e+001	 7.37534e+001
1486	 1.5050000000e+003	-4.05087e+001	 7.45933e+001
1487	 1.5060000000e+003	-4.13529e+001	 7.65325e+001
1488	 1.5070000000e+003	-4.16356e+001	 7.74983e+001
1489	 1.5080000000e+003	-4.22937e+001	 7.97145e+001
1490	 1.5090000000e+003	-4.24876e+001	 8.08133e+001
1491	 1.5100000000e+003	-4.27518e+001	 8.31476e+001
1492	 1.5110000000e+003	-4.27482e+001	 8.43219e+001
1493	 1.5120000000e+003	-4.28116e+001	 8.67759e+001
1494	 1.5130000000e+003	-4.26852e+001	 8.78474e+001
1495	 1.5140000000e+003	-4.22732e+001	 9.05484e+001
1496	 1.5150000000e+003	-4.19781e+001	 9.15928e+001
1497	 1.5160000000e+003	-4.10449e+001	 9.44313e+001
1498	 1.5170000000e+003	-4.06735e+001	 9.53964e+001
1499	 1.5180000000e+003	-3.93160e+001	 9.79834e+001
1500	 1.5190000000e+003	-3.88039e+001	 9.89905e+001
1501	 1.5200000000e+003	-3.72168e+001	 1.01180e+002
1502	 1.5210000000e+003	-3.62275e+001	 1.02483e+002
1503	 1.5220000000e+003	-3.48160e+001	 1.03913e+002
1504	 1.5230000000e+003	-3.30720e+001	 1.05590e+002
1505	 1.5240000000e+003	-3.20847e+001	 1.06238e+002
1506	 1.5250000000e+003	-2.95103e+001	 1.08068e+002
1507	 1.5260000000e+003	-2.86097e+001	 1.08644e+002
1508	 1.5270000000e+003	-2.61964e+001	 1.09777e+002
1509	 1.5280000000e+003	-2.46035e+001	 1.10436e+002
1510	 1.5290000000e+003	-2.32579e+001	 1.10796e+002
1511	 1.5300000000e+003	-2.03611e+001	 1.11591e+002
1512	 1.5310000000e+003	-1.93860e+001	 1.11789e+002
1513	 1.5320000000e+003	-1.70694e+001	 1.11995e+002
1514	 1.5330000000e+003	-1.51684e+001	 1.12077e+002
1515	 1.5340000000e+003	-1.41333e+001	 1.12062e+002
1516	 1.5350000000e+003	-1.13112e+001	 1.11812e+002
1517	 1.5360000000e+003	-1.01178e+001	 1.11653e+002
1518	 1.5370000000e+003	-9.02848e+000	 1.11513e+002
1519	 1.5380000000e+003	-6.23464e+000	 1.10856e+002
1520	 1.5390000000e+003	-5.22968e+000	 1.10579e+002
1521	 1.5400000000e+003	-4.16125e+000	 1.10224e+002
1522	 1.5410000000e+003	-1.75417e+000	 1.09124e+002
1523	 1.5420000000e+003	-9.14156e-001	 1.08669e+002
1524	 1.5430000000e+003	 6.40171e-003	 1.08243e+002
1525	 1.5440000000e+003	 2.21768e+000	 1.06941e+002
1526	 1.5450000000e+003	 2.98673e+000	 1.06251e+002
1527	 1.5460000000e+003	 3.70034e+000	 1.05649e+002
1528	 1.5470000000e+003	 5.27568e+000	 1.04306e+002
1529	 1.5480000000e+003	 6.32749e+000	 1.03261e+002
1530	 1.5490000000e+003	 6.90962e+000	 1.02638e+002
1531	 1.5500000000e+003	 7.59817e+000	 1.01892e+002
1532	 1.5510000000e+003	 9.15549e+000	 1.00008e+002
1533	 1.5520000000e+003	 9.52451e+000	 9.93565e+001
1534	 1.5530000000e+003	 9.95225e+000	 9.87106e+001
1535	 1.5540000000e+003	 1.05685e+001	 9.77988e+001
1536	 1.5550000000e+003	 1.15106e+001	 9.59924e+001
1537	 1.5560000000e+003	 1.18527e+001	 9.52870e+001
1538	 1.5570000000e+003	 1.21740e+001	 9.45605e+001
1539	 1.5580000000e+003	 1.24677e+001	 9.37123e+001
1540	 1.5590000000e+003	 1.32095e+001	 9.18419e+001
1541	 1.5600000000e+003	 1.34590e+001	 9.10767e+001
1542	 1.5610000000e+003	 1.36938e+001	 9.03452e+001
1543	 1.5620000000e+003	 1.38910e+001	 8.96878e+001
1544	 1.5630000000e+003	 1.42575e+001	 8.83493e+001
1545	 1.5640000000e+003	 1.44500e+001	 8.69882e+001
1546	 1.5650000000e+003	 1.45332e+001	 8.62698e+001
1547	 1.5660000000e+003	 1.46510e+001	 8.55406e+001
1548	 1.5670000000e+003	 1.47440e+001	 8.48703e+001
1549	 1.5680000000e+003	 1.47881e+001	 8.42306e+001
1550	 1.5690000000e+003	 1.48369e+001	 8.24277e+001
1551	 1.5700000000e+003	 1.48303e+001	 8.17057e+001
1552	 1.5710000000e+003	 1.48154e+001	 8.09921e+001
1553	 1.5720000000e+003	 1.47882e+001	 8.02593e+001
1554	 1.5730000000e+003	 1.47042e+001	 7.95923e+001
1555	 1.5740000000e+003	 1.46148e+001	 7.91249e+001
1556	 1.5750000000e+003	 1.45052e+001	 7.76996e+001
1557	 1.5760000000e+003	 1.43544e+001	 7.67463e+001
1558	 1.5770000000e+003	 1.42474e+001	 7.60865e+001
1559	 1.5780000000e+003	 1.40912e+001	 7.53921e+001
1560	 1.5790000000e+003	 1.39341e+001	 7.47042e+001
1561	 1.5800000000e+003	 1.37481e+001	 7.40766e+001
1562	 1.5810000000e+003	 1.35624e+001	 7.34624e+001
1563	 1.5820000000e+003	 1.33308e+001	 7.30396e+001
1564	 1.5830000000e+003	 1.25309e+001	 7.39354e+001
1565	 1.5840000000e+003	 1.20091e+001	 7.35683e+001
1566	 1.5850000000e+003	 1.24072e+001	 7.11389e+001
1567	 1.5860000000e+003	 1.22660e+001	 7.02033e+001
1568	 1.5870000000e+003	 1.20438e+001	 6.94702e+001
1569	 1.5880000000e+003	 1.17828e+001	 6.88168e+001
1570	 1.5890000000e+003	 1.15112e+001	 6.82244e+001
1571	 1.5900000000e+003	 1.11945e+001	 6.76635e+001
1572	 1.5910000000e+003	 1.08472e+001	 6.70725e+001
1573	 1.5920000000e+003	 1.05384e+001	 6.65086e+001
1574	 1.5930000000e+003	 1.02296e+001	 6.59720e+001
1575	 1.5940000000e+003	 9.86629e+000	 6.54341e+001
1576	 1.5950000000e+003	 9.50708e+000	 6.49159e+001
1577	 1.5960000000e+003	 9.13995e+000	 6.44440e+001
1578	 1.5970000000e+003	 8.78219e+000	 6.39812e+001
1579	 1.5980000000e+003	 8.39277e+000	 6.35193e+001
1580	 1.5990000000e+003	 7.98631e+000	 6.31157e+001
1581	 1.6000000000e+003	 7.56186e+000	 6.27356e+001
1582	 1.6010000000e+003	 7.17365e+000	 6.24916e+001
1583	 1.6020000000e+003	 6.82978e+000	 6.24675e+001
1584	 1.6030000000e+003	 6.60345e+000	 6.25864e+001
1585	 1.6040000000e+003	 6.48689e+000	 6.29030e+001
1586	 1.6050000000e+003	 6.55981e+000	 6.35773e+001
1587	 1.6060000000e+003	 6.92600e+000	 6.46089e+001
1588	 1.6070000000e+003	 7.40781e+000	 6.57242e+001
1589	 1.6080000000e+003	 8.14195e+000	 6.66705e+001
1590	 1.6090000000e+003	 9.13903e+000	 6.73354e+001
1591	 1.6100000000e+003	 9.63800e+000	 6.72557e+001
1592	 1.6110000000e+003	 9.02402e+000	 6.75336e+001
1593	 1.6120000000e+003	 7.27177e+000	 6.76242e+001
1594	 1.6130000000e+003	 5.45905e+000	 6.77911e+001
1595	 1.6140000000e+003	 2.89683e+000	 6.96371e+001
1596	 1.6150000000e+003	-2.92118e-001	 7.34114e+001
1597	 1.6160000000e+003	-3.29325e+000	 7.99575e+001
1598	 1.6170000000e+003	-4.27269e+000	 8.86675e+001
1599	 1.6180000000e+003	-2.00208e+000	 9.62932e+001
1600	 1.6190000000e+003	 8.36400e-001	 9.77142e+001
1601	 1.6200000000e+003	-2.25371e+000	 9.07688e+001
TagsBegin:	 	 	 
OverLoad:	 	False	 
AverageNumber: []	 	 8.80000e+001	 
OverLoadRatio: []	 	 1.19209e-007	 
TagsEnd:	 	 	 
TagScalesBegin:	 	 	 
TagScalesEnd:	 	 	 
