Header Size:	 79	 	 
Pulse Version:	 80	 	 
Running Pulse Version:	PULSE LabShop Fast Track Version 18.1.1.9 - 2014-01-16	 	 
Decimal Symbol:	.	 	 
Date Format:	M/d/yyyy	 	 
Time Format:	HH:mm:ss:mmm	 	 
Data Type:	Complex	 	 
Slice:	False	 	 
Z-Axis type:	Linear	 	 
Z-Axis size:	1	 	 
Z-Axis unit:	 	 	 
Z-Axis first value:	 0.0000000000e+000	 	 
Z-Axis delta:	 1.0000000000e+000	 	 
X-Axis type:	Linear	 	 
X-Axis size:	1601	 	 
X-Axis unit:	Hz	 	 
X-Axis first value:	 2.0000000000e+001	 	 
X-Axis delta:	 1.0000000000e+000	 	 
	 	 	 
AmplitudeUnit:	Pa/(m/s)	 	 
Analyzer:	FFT_Spectrum_Averaging	 	 
AnalyzerName:	FFT Analyzer	 	 
	 	 	 
	 	 	 
Bipolar:	True	 	 
CenterFrequency:	 8.2000000000e+002	 	 
	 	 	 
	 	 	 
	 	 	 
	 	 	 
	 	 	 
	 	 	 
	 	 	 
	 	 	 
Domain:	1	 	 
Function:	Frequency Response	 	 
	 	 	 
InputRange:	 1.0000000000e-001	 	 
	 	 	 
	 	 	 
MultiBufferName:	Input	 	 
NBW:	 1.5000000000e+000	 	 
	 	 	 
OverlapFailed:	False	 	 
Overrun:	False	 	 
Power:	False	 	 
	 	 	 
Ratio:	True	 	 
RecordLength:	 1.0000000000e+000	 	 
ReducedSize:	True	 	 
Ref_Signal:	v	 	 
	 	 	 
	 	 	 
RefSignalUnit:	m/s	 	 
	 	 	 
	 	 	 
Signal:	p	 	 
	 	 	 
SignalUnit:	Pa	 	 
	 	 	 
	 	 	 
	 	 	 
Title:	Input Impedance	 	 
Title1:	Working : Input : Input : FFT Analyzer	 	 
	 	 	 
	 	 	 
	 	 	 
ZoomOn:	True	 	 
	 	 	 
TemplateName:	Working	 	 
MeasurementName:	Input	 	 
MeasurementSlice:	False	 	 
	 	 	 
	 	 	 
	 	 	 
EnvelopeOn:	False	 	 
	 	 	 
	 	 	 
	 	 	 
Z-index:	 	1	 
Date:	 	5/23/2022	 
Time:	 	10:20:35:750	 
Relative time:	 	 0.00000e+000	 
Z-axis:	 	 0.0000000000e+000	 
1	 2.0000000000e+001	-1.51722e+000	-5.92149e+001
2	 2.1000000000e+001	-1.82815e+000	-6.22134e+001
3	 2.2000000000e+001	-1.93294e+000	-6.46767e+001
4	 2.3000000000e+001	-2.46283e+000	-6.81787e+001
5	 2.4000000000e+001	-2.42005e+000	-7.18765e+001
6	 2.5000000000e+001	-3.26818e+000	-7.54453e+001
7	 2.6000000000e+001	-3.03822e+000	-7.92635e+001
8	 2.7000000000e+001	-4.11465e+000	-8.30841e+001
9	 2.8000000000e+001	-3.91747e+000	-8.68792e+001
10	 2.9000000000e+001	-4.78953e+000	-9.10748e+001
11	 3.0000000000e+001	-4.91246e+000	-9.52571e+001
12	 3.1000000000e+001	-5.50786e+000	-9.97160e+001
13	 3.2000000000e+001	-6.26815e+000	-1.04339e+002
14	 3.3000000000e+001	-6.35315e+000	-1.08845e+002
15	 3.4000000000e+001	-7.65292e+000	-1.14028e+002
16	 3.5000000000e+001	-7.89480e+000	-1.18962e+002
17	 3.6000000000e+001	-8.63466e+000	-1.24296e+002
18	 3.7000000000e+001	-9.95346e+000	-1.30116e+002
19	 3.8000000000e+001	-1.03323e+001	-1.35701e+002
20	 3.9000000000e+001	-1.15589e+001	-1.41881e+002
21	 4.0000000000e+001	-1.30672e+001	-1.48490e+002
22	 4.1000000000e+001	-1.36347e+001	-1.54924e+002
23	 4.2000000000e+001	-1.51009e+001	-1.62106e+002
24	 4.3000000000e+001	-1.69032e+001	-1.70148e+002
25	 4.4000000000e+001	-1.81010e+001	-1.77839e+002
26	 4.5000000000e+001	-1.99194e+001	-1.86349e+002
27	 4.6000000000e+001	-2.22173e+001	-1.95921e+002
28	 4.7000000000e+001	-2.47480e+001	-2.05762e+002
29	 4.8000000000e+001	-2.66396e+001	-2.15878e+002
30	 4.9000000000e+001	-3.00119e+001	-2.27471e+002
31	 5.0000000000e+001	-3.36816e+001	-2.40114e+002
32	 5.1000000000e+001	-3.75494e+001	-2.53411e+002
33	 5.2000000000e+001	-4.14306e+001	-2.67561e+002
34	 5.3000000000e+001	-4.72834e+001	-2.83898e+002
35	 5.4000000000e+001	-5.38563e+001	-3.01836e+002
36	 5.5000000000e+001	-6.10861e+001	-3.21281e+002
37	 5.6000000000e+001	-6.92740e+001	-3.42014e+002
38	 5.7000000000e+001	-8.03892e+001	-3.67177e+002
39	 5.8000000000e+001	-9.40778e+001	-3.94175e+002
40	 5.9000000000e+001	-1.10456e+002	-4.25494e+002
41	 6.0000000000e+001	-1.30791e+002	-4.59150e+002
42	 6.1000000000e+001	-1.55575e+002	-4.99863e+002
43	 6.2000000000e+001	-1.91894e+002	-5.45636e+002
44	 6.3000000000e+001	-2.37583e+002	-5.99140e+002
45	 6.4000000000e+001	-2.99368e+002	-6.57521e+002
46	 6.5000000000e+001	-3.83650e+002	-7.22193e+002
47	 6.6000000000e+001	-5.04914e+002	-7.92949e+002
48	 6.7000000000e+001	-6.84807e+002	-8.45305e+002
49	 6.8000000000e+001	-9.25442e+002	-8.58783e+002
50	 6.9000000000e+001	-1.23454e+003	-7.66868e+002
51	 7.0000000000e+001	-1.54589e+003	-4.84708e+002
52	 7.1000000000e+001	-1.70037e+003	-1.11309e+001
53	 7.2000000000e+001	-1.55007e+003	 4.73552e+002
54	 7.3000000000e+001	-1.23153e+003	 7.55777e+002
55	 7.4000000000e+001	-9.25782e+002	 8.47697e+002
56	 7.5000000000e+001	-6.85454e+002	 8.34479e+002
57	 7.6000000000e+001	-5.12720e+002	 7.82918e+002
58	 7.7000000000e+001	-3.94207e+002	 7.18533e+002
59	 7.8000000000e+001	-3.06766e+002	 6.53289e+002
60	 7.9000000000e+001	-2.45400e+002	 5.95810e+002
61	 8.0000000000e+001	-1.99822e+002	 5.46144e+002
62	 8.1000000000e+001	-1.65889e+002	 5.01091e+002
63	 8.2000000000e+001	-1.38883e+002	 4.62379e+002
64	 8.3000000000e+001	-1.18409e+002	 4.28735e+002
65	 8.4000000000e+001	-1.01661e+002	 3.97770e+002
66	 8.5000000000e+001	-8.81219e+001	 3.71150e+002
67	 8.6000000000e+001	-7.71149e+001	 3.47416e+002
68	 8.7000000000e+001	-6.82131e+001	 3.26337e+002
69	 8.8000000000e+001	-6.02749e+001	 3.06996e+002
70	 8.9000000000e+001	-5.38798e+001	 2.89834e+002
71	 9.0000000000e+001	-4.85059e+001	 2.73910e+002
72	 9.1000000000e+001	-4.36552e+001	 2.59404e+002
73	 9.2000000000e+001	-3.95322e+001	 2.46053e+002
74	 9.3000000000e+001	-3.60133e+001	 2.33978e+002
75	 9.4000000000e+001	-3.29334e+001	 2.22682e+002
76	 9.5000000000e+001	-3.00677e+001	 2.12149e+002
77	 9.6000000000e+001	-2.76709e+001	 2.02508e+002
78	 9.7000000000e+001	-2.55860e+001	 1.93326e+002
79	 9.8000000000e+001	-2.35725e+001	 1.84762e+002
80	 9.9000000000e+001	-2.18730e+001	 1.76678e+002
81	 1.0000000000e+002	-2.02902e+001	 1.69172e+002
82	 1.0100000000e+002	-1.89839e+001	 1.62010e+002
83	 1.0200000000e+002	-1.76657e+001	 1.55266e+002
84	 1.0300000000e+002	-1.64568e+001	 1.48880e+002
85	 1.0400000000e+002	-1.55023e+001	 1.42758e+002
86	 1.0500000000e+002	-1.45402e+001	 1.36941e+002
87	 1.0600000000e+002	-1.36594e+001	 1.31381e+002
88	 1.0700000000e+002	-1.28283e+001	 1.26048e+002
89	 1.0800000000e+002	-1.21187e+001	 1.20987e+002
90	 1.0900000000e+002	-1.14891e+001	 1.16076e+002
91	 1.1000000000e+002	-1.08291e+001	 1.11374e+002
92	 1.1100000000e+002	-1.02126e+001	 1.06895e+002
93	 1.1200000000e+002	-9.73421e+000	 1.02491e+002
94	 1.1300000000e+002	-9.22168e+000	 9.82633e+001
95	 1.1400000000e+002	-8.78341e+000	 9.41733e+001
96	 1.1500000000e+002	-8.29421e+000	 9.01751e+001
97	 1.1600000000e+002	-7.92578e+000	 8.63242e+001
98	 1.1700000000e+002	-7.55943e+000	 8.25615e+001
99	 1.1800000000e+002	-7.24131e+000	 7.88413e+001
100	 1.1900000000e+002	-6.89331e+000	 7.52966e+001
101	 1.2000000000e+002	-6.59986e+000	 7.18050e+001
102	 1.2100000000e+002	-6.36024e+000	 6.83368e+001
103	 1.2200000000e+002	-6.15003e+000	 6.50067e+001
104	 1.2300000000e+002	-5.94178e+000	 6.17046e+001
105	 1.2400000000e+002	-5.72310e+000	 5.85043e+001
106	 1.2500000000e+002	-5.55466e+000	 5.53360e+001
107	 1.2600000000e+002	-5.42542e+000	 5.22564e+001
108	 1.2700000000e+002	-5.27601e+000	 4.91771e+001
109	 1.2800000000e+002	-5.13295e+000	 4.61771e+001
110	 1.2900000000e+002	-5.00228e+000	 4.32529e+001
111	 1.3000000000e+002	-4.88568e+000	 4.02971e+001
112	 1.3100000000e+002	-4.78684e+000	 3.73975e+001
113	 1.3200000000e+002	-4.72755e+000	 3.45263e+001
114	 1.3300000000e+002	-4.61233e+000	 3.16810e+001
115	 1.3400000000e+002	-4.53647e+000	 2.88596e+001
116	 1.3500000000e+002	-4.45275e+000	 2.60541e+001
117	 1.3600000000e+002	-4.43483e+000	 2.32494e+001
118	 1.3700000000e+002	-4.38165e+000	 2.04688e+001
119	 1.3800000000e+002	-4.32209e+000	 1.76860e+001
120	 1.3900000000e+002	-4.30127e+000	 1.49418e+001
121	 1.4000000000e+002	-4.26937e+000	 1.21751e+001
122	 1.4100000000e+002	-4.24086e+000	 9.39713e+000
123	 1.4200000000e+002	-4.26205e+000	 6.61898e+000
124	 1.4300000000e+002	-4.25935e+000	 3.83130e+000
125	 1.4400000000e+002	-4.25598e+000	 1.05337e+000
126	 1.4500000000e+002	-4.25503e+000	-1.75186e+000
127	 1.4600000000e+002	-4.28519e+000	-4.56275e+000
128	 1.4700000000e+002	-4.32450e+000	-7.42865e+000
129	 1.4800000000e+002	-4.36348e+000	-1.03033e+001
130	 1.4900000000e+002	-4.39095e+000	-1.31885e+001
131	 1.5000000000e+002	-4.46999e+000	-1.61439e+001
132	 1.5100000000e+002	-4.57894e+000	-1.91279e+001
133	 1.5200000000e+002	-4.73658e+000	-2.21309e+001
134	 1.5300000000e+002	-4.94913e+000	-2.52131e+001
135	 1.5400000000e+002	-5.15573e+000	-2.83021e+001
136	 1.5500000000e+002	-5.34478e+000	-3.14515e+001
137	 1.5600000000e+002	-5.48980e+000	-3.46533e+001
138	 1.5700000000e+002	-5.64857e+000	-3.79349e+001
139	 1.5800000000e+002	-5.78045e+000	-4.12709e+001
140	 1.5900000000e+002	-5.87161e+000	-4.47228e+001
141	 1.6000000000e+002	-5.94962e+000	-4.82386e+001
142	 1.6100000000e+002	-5.99647e+000	-5.18401e+001
143	 1.6200000000e+002	-6.05019e+000	-5.55738e+001
144	 1.6300000000e+002	-6.11233e+000	-5.94071e+001
145	 1.6400000000e+002	-6.17641e+000	-6.33537e+001
146	 1.6500000000e+002	-6.28167e+000	-6.74639e+001
147	 1.6600000000e+002	-6.39532e+000	-7.17054e+001
148	 1.6700000000e+002	-6.52758e+000	-7.61078e+001
149	 1.6800000000e+002	-6.65687e+000	-8.06865e+001
150	 1.6900000000e+002	-6.84697e+000	-8.54638e+001
151	 1.7000000000e+002	-7.03721e+000	-9.04641e+001
152	 1.7100000000e+002	-7.26667e+000	-9.57044e+001
153	 1.7200000000e+002	-7.49293e+000	-1.01254e+002
154	 1.7300000000e+002	-7.72089e+000	-1.07063e+002
155	 1.7400000000e+002	-7.94952e+000	-1.13205e+002
156	 1.7500000000e+002	-8.19926e+000	-1.19798e+002
157	 1.7600000000e+002	-8.41381e+000	-1.26806e+002
158	 1.7700000000e+002	-8.70084e+000	-1.34300e+002
159	 1.7800000000e+002	-8.92946e+000	-1.42349e+002
160	 1.7900000000e+002	-9.26020e+000	-1.51094e+002
161	 1.8000000000e+002	-9.51864e+000	-1.60628e+002
162	 1.8100000000e+002	-9.81332e+000	-1.71039e+002
163	 1.8200000000e+002	-1.00672e+001	-1.82571e+002
164	 1.8300000000e+002	-1.03027e+001	-1.95296e+002
165	 1.8400000000e+002	-1.06859e+001	-2.09802e+002
166	 1.8500000000e+002	-1.10562e+001	-2.26017e+002
167	 1.8600000000e+002	-1.16676e+001	-2.44740e+002
168	 1.8700000000e+002	-1.27227e+001	-2.66651e+002
169	 1.8800000000e+002	-1.39091e+001	-2.92706e+002
170	 1.8900000000e+002	-1.60242e+001	-3.24239e+002
171	 1.9000000000e+002	-2.00321e+001	-3.63188e+002
172	 1.9100000000e+002	-2.70286e+001	-4.12827e+002
173	 1.9200000000e+002	-4.02482e+001	-4.77663e+002
174	 1.9300000000e+002	-6.65069e+001	-5.63902e+002
175	 1.9400000000e+002	-1.20866e+002	-6.79506e+002
176	 1.9500000000e+002	-2.37396e+002	-8.30361e+002
177	 1.9600000000e+002	-4.88206e+002	-9.90268e+002
178	 1.9700000000e+002	-9.57625e+002	-9.98709e+002
179	 1.9800000000e+002	-1.43659e+003	-5.48241e+002
180	 1.9900000000e+002	-1.41184e+003	 9.55121e+001
181	 2.0000000000e+002	-1.09200e+003	 4.12020e+002
182	 2.0100000000e+002	-8.16207e+002	 4.84868e+002
183	 2.0200000000e+002	-6.30301e+002	 4.73122e+002
184	 2.0300000000e+002	-5.07698e+002	 4.39081e+002
185	 2.0400000000e+002	-4.24855e+002	 4.02602e+002
186	 2.0500000000e+002	-3.66206e+002	 3.69310e+002
187	 2.0600000000e+002	-3.23324e+002	 3.40626e+002
188	 2.0700000000e+002	-2.90722e+002	 3.16171e+002
189	 2.0800000000e+002	-2.65035e+002	 2.95678e+002
190	 2.0900000000e+002	-2.44104e+002	 2.78291e+002
191	 2.1000000000e+002	-2.26381e+002	 2.63153e+002
192	 2.1100000000e+002	-2.11518e+002	 2.49426e+002
193	 2.1200000000e+002	-1.99211e+002	 2.36876e+002
194	 2.1300000000e+002	-1.88916e+002	 2.25310e+002
195	 2.1400000000e+002	-1.80279e+002	 2.14977e+002
196	 2.1500000000e+002	-1.73092e+002	 2.05908e+002
197	 2.1600000000e+002	-1.67029e+002	 1.98289e+002
198	 2.1700000000e+002	-1.61679e+002	 1.91982e+002
199	 2.1800000000e+002	-1.56688e+002	 1.86670e+002
200	 2.1900000000e+002	-1.51769e+002	 1.82297e+002
201	 2.2000000000e+002	-1.46925e+002	 1.78473e+002
202	 2.2100000000e+002	-1.42122e+002	 1.75051e+002
203	 2.2200000000e+002	-1.37143e+002	 1.71815e+002
204	 2.2300000000e+002	-1.32281e+002	 1.68686e+002
205	 2.2400000000e+002	-1.27384e+002	 1.65769e+002
206	 2.2500000000e+002	-1.22603e+002	 1.62856e+002
207	 2.2600000000e+002	-1.17809e+002	 1.59840e+002
208	 2.2700000000e+002	-1.13233e+002	 1.56780e+002
209	 2.2800000000e+002	-1.08672e+002	 1.53663e+002
210	 2.2900000000e+002	-1.04292e+002	 1.50538e+002
211	 2.3000000000e+002	-1.00055e+002	 1.47258e+002
212	 2.3100000000e+002	-9.59686e+001	 1.43945e+002
213	 2.3200000000e+002	-9.20659e+001	 1.40632e+002
214	 2.3300000000e+002	-8.83952e+001	 1.37192e+002
215	 2.3400000000e+002	-8.49333e+001	 1.33697e+002
216	 2.3500000000e+002	-8.16637e+001	 1.30174e+002
217	 2.3600000000e+002	-7.86487e+001	 1.26582e+002
218	 2.3700000000e+002	-7.58272e+001	 1.23034e+002
219	 2.3800000000e+002	-7.32312e+001	 1.19548e+002
220	 2.3900000000e+002	-7.07988e+001	 1.16061e+002
221	 2.4000000000e+002	-6.85586e+001	 1.12600e+002
222	 2.4100000000e+002	-6.64708e+001	 1.09217e+002
223	 2.4200000000e+002	-6.45304e+001	 1.05892e+002
224	 2.4300000000e+002	-6.27258e+001	 1.02590e+002
225	 2.4400000000e+002	-6.10445e+001	 9.93391e+001
226	 2.4500000000e+002	-5.94933e+001	 9.61143e+001
227	 2.4600000000e+002	-5.80816e+001	 9.29375e+001
228	 2.4700000000e+002	-5.67681e+001	 8.97863e+001
229	 2.4800000000e+002	-5.55356e+001	 8.66649e+001
230	 2.4900000000e+002	-5.43691e+001	 8.36107e+001
231	 2.5000000000e+002	-5.32566e+001	 8.05415e+001
232	 2.5100000000e+002	-5.24663e+001	 7.75808e+001
233	 2.5200000000e+002	-5.16831e+001	 7.46353e+001
234	 2.5300000000e+002	-5.09434e+001	 7.16939e+001
235	 2.5400000000e+002	-5.02980e+001	 6.87938e+001
236	 2.5500000000e+002	-4.97472e+001	 6.59359e+001
237	 2.5600000000e+002	-4.92560e+001	 6.31257e+001
238	 2.5700000000e+002	-4.88237e+001	 6.03497e+001
239	 2.5800000000e+002	-4.84808e+001	 5.75776e+001
240	 2.5900000000e+002	-4.82287e+001	 5.48220e+001
241	 2.6000000000e+002	-4.80234e+001	 5.21391e+001
242	 2.6100000000e+002	-4.78793e+001	 4.94416e+001
243	 2.6200000000e+002	-4.78399e+001	 4.67608e+001
244	 2.6300000000e+002	-4.78669e+001	 4.41183e+001
245	 2.6400000000e+002	-4.79406e+001	 4.14916e+001
246	 2.6500000000e+002	-4.81177e+001	 3.88887e+001
247	 2.6600000000e+002	-4.83702e+001	 3.63008e+001
248	 2.6700000000e+002	-4.86758e+001	 3.37623e+001
249	 2.6800000000e+002	-4.90505e+001	 3.11956e+001
250	 2.6900000000e+002	-4.94781e+001	 2.86842e+001
251	 2.7000000000e+002	-5.00089e+001	 2.61916e+001
252	 2.7100000000e+002	-5.06078e+001	 2.37121e+001
253	 2.7200000000e+002	-5.13303e+001	 2.12084e+001
254	 2.7300000000e+002	-5.20930e+001	 1.87773e+001
255	 2.7400000000e+002	-5.29321e+001	 1.63854e+001
256	 2.7500000000e+002	-5.39127e+001	 1.39260e+001
257	 2.7600000000e+002	-5.49467e+001	 1.15207e+001
258	 2.7700000000e+002	-5.60574e+001	 9.18142e+000
259	 2.7800000000e+002	-5.72807e+001	 6.85473e+000
260	 2.7900000000e+002	-5.86432e+001	 4.55788e+000
261	 2.8000000000e+002	-6.01055e+001	 2.27899e+000
262	 2.8100000000e+002	-6.16657e+001	 7.86940e-002
263	 2.8200000000e+002	-6.32714e+001	-2.09407e+000
264	 2.8300000000e+002	-6.50329e+001	-4.21807e+000
265	 2.8400000000e+002	-6.69956e+001	-6.29774e+000
266	 2.8500000000e+002	-6.90474e+001	-8.29062e+000
267	 2.8600000000e+002	-7.12121e+001	-1.02213e+001
268	 2.8700000000e+002	-7.35250e+001	-1.20319e+001
269	 2.8800000000e+002	-7.59818e+001	-1.37815e+001
270	 2.8900000000e+002	-7.86374e+001	-1.53397e+001
271	 2.9000000000e+002	-8.13981e+001	-1.68072e+001
272	 2.9100000000e+002	-8.43311e+001	-1.81642e+001
273	 2.9200000000e+002	-8.74157e+001	-1.93200e+001
274	 2.9300000000e+002	-9.05183e+001	-2.02160e+001
275	 2.9400000000e+002	-9.38082e+001	-2.09501e+001
276	 2.9500000000e+002	-9.73076e+001	-2.14565e+001
277	 2.9600000000e+002	-1.00850e+002	-2.16897e+001
278	 2.9700000000e+002	-1.04486e+002	-2.16454e+001
279	 2.9800000000e+002	-1.08221e+002	-2.12213e+001
280	 2.9900000000e+002	-1.11924e+002	-2.04391e+001
281	 3.0000000000e+002	-1.15625e+002	-1.92915e+001
282	 3.0100000000e+002	-1.19287e+002	-1.77514e+001
283	 3.0200000000e+002	-1.22819e+002	-1.57891e+001
284	 3.0300000000e+002	-1.26171e+002	-1.34473e+001
285	 3.0400000000e+002	-1.29298e+002	-1.08427e+001
286	 3.0500000000e+002	-1.32212e+002	-7.77479e+000
287	 3.0600000000e+002	-1.34740e+002	-4.29138e+000
288	 3.0700000000e+002	-1.36842e+002	-5.79748e-001
289	 3.0800000000e+002	-1.38495e+002	 3.36529e+000
290	 3.0900000000e+002	-1.39589e+002	 7.53667e+000
291	 3.1000000000e+002	-1.40230e+002	 1.18034e+001
292	 3.1100000000e+002	-1.40338e+002	 1.59844e+001
293	 3.1200000000e+002	-1.39906e+002	 2.01354e+001
294	 3.1300000000e+002	-1.39084e+002	 2.42188e+001
295	 3.1400000000e+002	-1.37800e+002	 2.81575e+001
296	 3.1500000000e+002	-1.36011e+002	 3.18984e+001
297	 3.1600000000e+002	-1.33813e+002	 3.53386e+001
298	 3.1700000000e+002	-1.31210e+002	 3.84727e+001
299	 3.1800000000e+002	-1.28298e+002	 4.12200e+001
300	 3.1900000000e+002	-1.25130e+002	 4.35869e+001
301	 3.2000000000e+002	-1.21789e+002	 4.55166e+001
302	 3.2100000000e+002	-1.18328e+002	 4.70420e+001
303	 3.2200000000e+002	-1.14874e+002	 4.81318e+001
304	 3.2300000000e+002	-1.11358e+002	 4.87831e+001
305	 3.2400000000e+002	-1.07840e+002	 4.91393e+001
306	 3.2500000000e+002	-1.04457e+002	 4.92103e+001
307	 3.2600000000e+002	-1.01077e+002	 4.89826e+001
308	 3.2700000000e+002	-9.77270e+001	 4.83942e+001
309	 3.2800000000e+002	-9.45381e+001	 4.75479e+001
310	 3.2900000000e+002	-9.14356e+001	 4.64495e+001
311	 3.3000000000e+002	-8.84448e+001	 4.50970e+001
312	 3.3100000000e+002	-8.56277e+001	 4.35271e+001
313	 3.3200000000e+002	-8.29640e+001	 4.17337e+001
314	 3.3300000000e+002	-8.04653e+001	 3.98253e+001
315	 3.3400000000e+002	-7.81306e+001	 3.77533e+001
316	 3.3500000000e+002	-7.59642e+001	 3.54726e+001
317	 3.3600000000e+002	-7.39265e+001	 3.31563e+001
318	 3.3700000000e+002	-7.20312e+001	 3.06605e+001
319	 3.3800000000e+002	-7.02635e+001	 2.80990e+001
320	 3.3900000000e+002	-6.86816e+001	 2.53902e+001
321	 3.4000000000e+002	-6.72731e+001	 2.26413e+001
322	 3.4100000000e+002	-6.59491e+001	 1.97363e+001
323	 3.4200000000e+002	-6.47618e+001	 1.67975e+001
324	 3.4300000000e+002	-6.37591e+001	 1.37770e+001
325	 3.4400000000e+002	-6.28423e+001	 1.06318e+001
326	 3.4500000000e+002	-6.20212e+001	 7.46937e+000
327	 3.4600000000e+002	-6.13908e+001	 4.24182e+000
328	 3.4700000000e+002	-6.08141e+001	 9.17901e-001
329	 3.4800000000e+002	-6.04017e+001	-2.52991e+000
330	 3.4900000000e+002	-6.01111e+001	-6.05721e+000
331	 3.5000000000e+002	-5.98745e+001	-9.72674e+000
332	 3.5100000000e+002	-5.98958e+001	-1.33334e+001
333	 3.5200000000e+002	-6.00671e+001	-1.71048e+001
334	 3.5300000000e+002	-6.03110e+001	-2.10065e+001
335	 3.5400000000e+002	-6.06122e+001	-2.49574e+001
336	 3.5500000000e+002	-6.11603e+001	-2.91173e+001
337	 3.5600000000e+002	-6.18249e+001	-3.32838e+001
338	 3.5700000000e+002	-6.25834e+001	-3.76115e+001
339	 3.5800000000e+002	-6.35662e+001	-4.21576e+001
340	 3.5900000000e+002	-6.47034e+001	-4.67692e+001
341	 3.6000000000e+002	-6.60628e+001	-5.15923e+001
342	 3.6100000000e+002	-6.76598e+001	-5.65955e+001
343	 3.6200000000e+002	-6.94332e+001	-6.17055e+001
344	 3.6300000000e+002	-7.15054e+001	-6.71181e+001
345	 3.6400000000e+002	-7.38545e+001	-7.27459e+001
346	 3.6500000000e+002	-7.64552e+001	-7.86094e+001
347	 3.6600000000e+002	-7.94718e+001	-8.47174e+001
348	 3.6700000000e+002	-8.28319e+001	-9.10599e+001
349	 3.6800000000e+002	-8.65731e+001	-9.77864e+001
350	 3.6900000000e+002	-9.08788e+001	-1.04876e+002
351	 3.7000000000e+002	-9.56977e+001	-1.12294e+002
352	 3.7100000000e+002	-1.01152e+002	-1.20063e+002
353	 3.7200000000e+002	-1.07553e+002	-1.28303e+002
354	 3.7300000000e+002	-1.14701e+002	-1.36965e+002
355	 3.7400000000e+002	-1.22718e+002	-1.46078e+002
356	 3.7500000000e+002	-1.32098e+002	-1.55610e+002
357	 3.7600000000e+002	-1.43095e+002	-1.65636e+002
358	 3.7700000000e+002	-1.55684e+002	-1.76010e+002
359	 3.7800000000e+002	-1.70282e+002	-1.86727e+002
360	 3.7900000000e+002	-1.87449e+002	-1.97757e+002
361	 3.8000000000e+002	-2.07561e+002	-2.08867e+002
362	 3.8100000000e+002	-2.31391e+002	-2.19465e+002
363	 3.8200000000e+002	-2.59452e+002	-2.29147e+002
364	 3.8300000000e+002	-2.92409e+002	-2.36959e+002
365	 3.8400000000e+002	-3.31334e+002	-2.41518e+002
366	 3.8500000000e+002	-3.76711e+002	-2.40867e+002
367	 3.8600000000e+002	-4.28472e+002	-2.31994e+002
368	 3.8700000000e+002	-4.85785e+002	-2.11353e+002
369	 3.8800000000e+002	-5.45638e+002	-1.74921e+002
370	 3.8900000000e+002	-6.02274e+002	-1.18775e+002
371	 3.9000000000e+002	-6.47424e+002	-4.24754e+001
372	 3.9100000000e+002	-6.71337e+002	 4.98464e+001
373	 3.9200000000e+002	-6.67045e+002	 1.48325e+002
374	 3.9300000000e+002	-6.34125e+002	 2.40393e+002
375	 3.9400000000e+002	-5.79095e+002	 3.15223e+002
376	 3.9500000000e+002	-5.11990e+002	 3.67982e+002
377	 3.9600000000e+002	-4.42309e+002	 3.98987e+002
378	 3.9700000000e+002	-3.76596e+002	 4.12274e+002
379	 3.9800000000e+002	-3.18258e+002	 4.12795e+002
380	 3.9900000000e+002	-2.68389e+002	 4.04898e+002
381	 4.0000000000e+002	-2.26620e+002	 3.92155e+002
382	 4.0100000000e+002	-1.91999e+002	 3.76611e+002
383	 4.0200000000e+002	-1.63410e+002	 3.59940e+002
384	 4.0300000000e+002	-1.39789e+002	 3.43160e+002
385	 4.0400000000e+002	-1.20337e+002	 3.26675e+002
386	 4.0500000000e+002	-1.04187e+002	 3.10851e+002
387	 4.0600000000e+002	-9.06251e+001	 2.95891e+002
388	 4.0700000000e+002	-7.92871e+001	 2.81758e+002
389	 4.0800000000e+002	-6.97387e+001	 2.68531e+002
390	 4.0900000000e+002	-6.16636e+001	 2.56196e+002
391	 4.1000000000e+002	-5.47642e+001	 2.44667e+002
392	 4.1100000000e+002	-4.88195e+001	 2.33915e+002
393	 4.1200000000e+002	-4.36630e+001	 2.23835e+002
394	 4.1300000000e+002	-3.92300e+001	 2.14364e+002
395	 4.1400000000e+002	-3.53880e+001	 2.05526e+002
396	 4.1500000000e+002	-3.20128e+001	 1.97232e+002
397	 4.1600000000e+002	-2.90364e+001	 1.89379e+002
398	 4.1700000000e+002	-2.64355e+001	 1.81974e+002
399	 4.1800000000e+002	-2.41468e+001	 1.74962e+002
400	 4.1900000000e+002	-2.21135e+001	 1.68335e+002
401	 4.2000000000e+002	-2.03026e+001	 1.61994e+002
402	 4.2100000000e+002	-1.86850e+001	 1.56034e+002
403	 4.2200000000e+002	-1.72246e+001	 1.50336e+002
404	 4.2300000000e+002	-1.59005e+001	 1.44866e+002
405	 4.2400000000e+002	-1.47540e+001	 1.39619e+002
406	 4.2500000000e+002	-1.37255e+001	 1.34624e+002
407	 4.2600000000e+002	-1.27559e+001	 1.29811e+002
408	 4.2700000000e+002	-1.19298e+001	 1.25166e+002
409	 4.2800000000e+002	-1.11758e+001	 1.20716e+002
410	 4.2900000000e+002	-1.04839e+001	 1.16412e+002
411	 4.3000000000e+002	-9.86675e+000	 1.12261e+002
412	 4.3100000000e+002	-9.29276e+000	 1.08190e+002
413	 4.3200000000e+002	-8.79119e+000	 1.04308e+002
414	 4.3300000000e+002	-8.32787e+000	 1.00511e+002
415	 4.3400000000e+002	-7.94620e+000	 9.67949e+001
416	 4.3500000000e+002	-7.53726e+000	 9.31763e+001
417	 4.3600000000e+002	-7.20380e+000	 8.96791e+001
418	 4.3700000000e+002	-6.89446e+000	 8.62274e+001
419	 4.3800000000e+002	-6.59662e+000	 8.28343e+001
420	 4.3900000000e+002	-6.32817e+000	 7.95279e+001
421	 4.4000000000e+002	-6.14653e+000	 7.63019e+001
422	 4.4100000000e+002	-5.94735e+000	 7.31412e+001
423	 4.4200000000e+002	-5.75152e+000	 6.99767e+001
424	 4.4300000000e+002	-5.63864e+000	 6.68551e+001
425	 4.4400000000e+002	-5.49220e+000	 6.38266e+001
426	 4.4500000000e+002	-5.36143e+000	 6.07256e+001
427	 4.4600000000e+002	-5.34605e+000	 5.77549e+001
428	 4.4700000000e+002	-5.19664e+000	 5.48017e+001
429	 4.4800000000e+002	-5.19922e+000	 5.17632e+001
430	 4.4900000000e+002	-5.24897e+000	 4.88425e+001
431	 4.5000000000e+002	-5.40918e+000	 4.56071e+001
432	 4.5100000000e+002	-5.28994e+000	 4.29638e+001
433	 4.5200000000e+002	-5.11603e+000	 4.01451e+001
434	 4.5300000000e+002	-5.27625e+000	 3.72319e+001
435	 4.5400000000e+002	-5.28593e+000	 3.43918e+001
436	 4.5500000000e+002	-5.42760e+000	 3.14024e+001
437	 4.5600000000e+002	-5.51627e+000	 2.86675e+001
438	 4.5700000000e+002	-5.68106e+000	 2.55902e+001
439	 4.5800000000e+002	-5.75036e+000	 2.28316e+001
440	 4.5900000000e+002	-6.00658e+000	 1.97932e+001
441	 4.6000000000e+002	-6.10108e+000	 1.69328e+001
442	 4.6100000000e+002	-6.32023e+000	 1.39649e+001
443	 4.6200000000e+002	-6.55320e+000	 1.10051e+001
444	 4.6300000000e+002	-6.76837e+000	 7.95606e+000
445	 4.6400000000e+002	-7.05527e+000	 4.97299e+000
446	 4.6500000000e+002	-7.25817e+000	 1.83847e+000
447	 4.6600000000e+002	-7.59175e+000	-1.18336e+000
448	 4.6700000000e+002	-7.87552e+000	-4.41872e+000
449	 4.6800000000e+002	-8.28147e+000	-7.54483e+000
450	 4.6900000000e+002	-8.63139e+000	-1.09197e+001
451	 4.7000000000e+002	-9.03025e+000	-1.40556e+001
452	 4.7100000000e+002	-9.41549e+000	-1.76040e+001
453	 4.7200000000e+002	-9.92307e+000	-2.09624e+001
454	 4.7300000000e+002	-1.02283e+001	-2.45114e+001
455	 4.7400000000e+002	-1.10428e+001	-2.81403e+001
456	 4.7500000000e+002	-1.11243e+001	-3.19152e+001
457	 4.7600000000e+002	-1.21347e+001	-3.54714e+001
458	 4.7700000000e+002	-1.26358e+001	-3.95972e+001
459	 4.7800000000e+002	-1.30990e+001	-4.37185e+001
460	 4.7900000000e+002	-1.39689e+001	-4.72031e+001
461	 4.8000000000e+002	-1.50311e+001	-5.21901e+001
462	 4.8100000000e+002	-1.53612e+001	-5.65313e+001
463	 4.8200000000e+002	-1.58946e+001	-6.04512e+001
464	 4.8300000000e+002	-1.80376e+001	-6.53497e+001
465	 4.8400000000e+002	-1.84813e+001	-7.08839e+001
466	 4.8500000000e+002	-1.84439e+001	-7.59973e+001
467	 4.8600000000e+002	-2.04605e+001	-7.99363e+001
468	 4.8700000000e+002	-2.24034e+001	-8.57725e+001
469	 4.8800000000e+002	-2.33808e+001	-9.35370e+001
470	 4.8900000000e+002	-2.35391e+001	-9.90490e+001
471	 4.9000000000e+002	-2.42320e+001	-1.03727e+002
472	 4.9100000000e+002	-2.76415e+001	-1.10701e+002
473	 4.9200000000e+002	-3.11511e+001	-1.19297e+002
474	 4.9300000000e+002	-3.13643e+001	-1.28573e+002
475	 4.9400000000e+002	-3.11621e+001	-1.37568e+002
476	 4.9500000000e+002	-3.40230e+001	-1.44605e+002
477	 4.9600000000e+002	-3.85831e+001	-1.51465e+002
478	 4.9700000000e+002	-4.33184e+001	-1.62292e+002
479	 4.9800000000e+002	-4.85895e+001	-1.76734e+002
480	 4.9900000000e+002	-5.30452e+001	-1.90911e+002
481	 5.0000000000e+002	-5.50507e+001	-2.03534e+002
482	 5.0100000000e+002	-5.63456e+001	-2.16669e+002
483	 5.0200000000e+002	-6.09144e+001	-2.31055e+002
484	 5.0300000000e+002	-7.01443e+001	-2.45612e+002
485	 5.0400000000e+002	-8.19199e+001	-2.60853e+002
486	 5.0500000000e+002	-9.40034e+001	-2.79472e+002
487	 5.0600000000e+002	-1.07448e+002	-3.04175e+002
488	 5.0700000000e+002	-1.24995e+002	-3.35101e+002
489	 5.0800000000e+002	-1.48114e+002	-3.70130e+002
490	 5.0900000000e+002	-1.76420e+002	-4.07534e+002
491	 5.1000000000e+002	-2.09252e+002	-4.48574e+002
492	 5.1100000000e+002	-2.48950e+002	-4.96445e+002
493	 5.1200000000e+002	-3.02036e+002	-5.54004e+002
494	 5.1300000000e+002	-3.79363e+002	-6.22114e+002
495	 5.1400000000e+002	-4.96269e+002	-6.96119e+002
496	 5.1500000000e+002	-6.72687e+002	-7.60760e+002
497	 5.1600000000e+002	-9.31282e+002	-7.79364e+002
498	 5.1700000000e+002	-1.27393e+003	-6.72656e+002
499	 5.1800000000e+002	-1.60891e+003	-3.31430e+002
500	 5.1900000000e+002	-1.70855e+003	 2.23791e+002
501	 5.2000000000e+002	-1.47109e+003	 7.13050e+002
502	 5.2100000000e+002	-1.09682e+003	 9.40905e+002
503	 5.2200000000e+002	-7.71913e+002	 9.69111e+002
504	 5.2300000000e+002	-5.40128e+002	 9.06572e+002
505	 5.2400000000e+002	-3.87248e+002	 8.18527e+002
506	 5.2500000000e+002	-2.88738e+002	 7.34378e+002
507	 5.2600000000e+002	-2.23597e+002	 6.63546e+002
508	 5.2700000000e+002	-1.77149e+002	 6.06084e+002
509	 5.2800000000e+002	-1.40492e+002	 5.58604e+002
510	 5.2900000000e+002	-1.09762e+002	 5.16576e+002
511	 5.3000000000e+002	-8.45390e+001	 4.77202e+002
512	 5.3100000000e+002	-6.59036e+001	 4.39649e+002
513	 5.3200000000e+002	-5.48257e+001	 4.05755e+002
514	 5.3300000000e+002	-4.95799e+001	 3.78488e+002
515	 5.3400000000e+002	-4.57898e+001	 3.58778e+002
516	 5.3500000000e+002	-3.96709e+001	 3.43749e+002
517	 5.3600000000e+002	-3.11418e+001	 3.28504e+002
518	 5.3700000000e+002	-2.39846e+001	 3.10687e+002
519	 5.3800000000e+002	-2.18054e+001	 2.92535e+002
520	 5.3900000000e+002	-2.32123e+001	 2.78277e+002
521	 5.4000000000e+002	-2.27528e+001	 2.68294e+002
522	 5.4100000000e+002	-1.81406e+001	 2.57925e+002
523	 5.4200000000e+002	-1.33056e+001	 2.44536e+002
524	 5.4300000000e+002	-1.20346e+001	 2.32038e+002
525	 5.4400000000e+002	-1.18904e+001	 2.24319e+002
526	 5.4500000000e+002	-9.23700e+000	 2.18841e+002
527	 5.4600000000e+002	-6.56269e+000	 2.10953e+002
528	 5.4700000000e+002	-7.42047e+000	 2.01818e+002
529	 5.4800000000e+002	-8.72470e+000	 1.94944e+002
530	 5.4900000000e+002	-6.63191e+000	 1.88555e+002
531	 5.5000000000e+002	-4.07950e+000	 1.80965e+002
532	 5.5100000000e+002	-4.07692e+000	 1.75074e+002
533	 5.5200000000e+002	-4.12982e+000	 1.71314e+002
534	 5.5300000000e+002	-3.51276e+000	 1.65399e+002
535	 5.5400000000e+002	-3.72894e+000	 1.58456e+002
536	 5.5500000000e+002	-2.89689e+000	 1.53879e+002
537	 5.5600000000e+002	-1.38976e+000	 1.49867e+002
538	 5.5700000000e+002	-2.08548e+000	 1.45311e+002
539	 5.5800000000e+002	-2.69674e+000	 1.40755e+002
540	 5.5900000000e+002	-1.45281e+000	 1.35741e+002
541	 5.6000000000e+002	-8.18647e-001	 1.31897e+002
542	 5.6100000000e+002	-1.33144e+000	 1.28736e+002
543	 5.6200000000e+002	-1.55319e+000	 1.24199e+002
544	 5.6300000000e+002	-7.69457e-001	 1.19987e+002
545	 5.6400000000e+002	-4.82551e-001	 1.17181e+002
546	 5.6500000000e+002	-1.09388e+000	 1.13652e+002
547	 5.6600000000e+002	-8.47196e-001	 1.09447e+002
548	 5.6700000000e+002	-3.12317e-001	 1.06593e+002
549	 5.6800000000e+002	-7.33953e-001	 1.03486e+002
550	 5.6900000000e+002	-8.79410e-001	 9.97588e+001
551	 5.7000000000e+002	-1.94470e-001	 9.68315e+001
552	 5.7100000000e+002	-7.92566e-001	 9.39668e+001
553	 5.7200000000e+002	-7.02189e-001	 9.05476e+001
554	 5.7300000000e+002	-4.54913e-001	 8.76738e+001
555	 5.7400000000e+002	-8.50666e-001	 8.50339e+001
556	 5.7500000000e+002	-7.90767e-001	 8.15154e+001
557	 5.7600000000e+002	-6.56408e-001	 7.92618e+001
558	 5.7700000000e+002	-1.15867e+000	 7.60044e+001
559	 5.7800000000e+002	-8.32271e-001	 7.33569e+001
560	 5.7900000000e+002	-1.22801e+000	 7.06442e+001
561	 5.8000000000e+002	-1.24958e+000	 6.77827e+001
562	 5.8100000000e+002	-1.33153e+000	 6.51519e+001
563	 5.8200000000e+002	-1.61238e+000	 6.24115e+001
564	 5.8300000000e+002	-1.63554e+000	 5.96109e+001
565	 5.8400000000e+002	-1.88814e+000	 5.70840e+001
566	 5.8500000000e+002	-2.06145e+000	 5.42546e+001
567	 5.8600000000e+002	-2.19164e+000	 5.17443e+001
568	 5.8700000000e+002	-2.48915e+000	 4.89872e+001
569	 5.8800000000e+002	-2.61947e+000	 4.63494e+001
570	 5.8900000000e+002	-2.87405e+000	 4.37048e+001
571	 5.9000000000e+002	-3.23522e+000	 4.10009e+001
572	 5.9100000000e+002	-3.33289e+000	 3.82712e+001
573	 5.9200000000e+002	-3.80028e+000	 3.58035e+001
574	 5.9300000000e+002	-4.00785e+000	 3.27851e+001
575	 5.9400000000e+002	-4.24091e+000	 3.04157e+001
576	 5.9500000000e+002	-4.80061e+000	 2.74034e+001
577	 5.9600000000e+002	-4.87383e+000	 2.47554e+001
578	 5.9700000000e+002	-5.38391e+000	 2.19959e+001
579	 5.9800000000e+002	-5.86245e+000	 1.91394e+001
580	 5.9900000000e+002	-6.02596e+000	 1.62893e+001
581	 6.0000000000e+002	-6.64207e+000	 1.35704e+001
582	 6.0100000000e+002	-7.02200e+000	 1.04642e+001
583	 6.0200000000e+002	-7.47759e+000	 7.58012e+000
584	 6.0300000000e+002	-7.97077e+000	 4.67855e+000
585	 6.0400000000e+002	-8.59920e+000	 1.49712e+000
586	 6.0500000000e+002	-9.07538e+000	-1.49590e+000
587	 6.0600000000e+002	-9.64608e+000	-4.68372e+000
588	 6.0700000000e+002	-1.03393e+001	-7.89847e+000
589	 6.0800000000e+002	-1.08612e+001	-1.11496e+001
590	 6.0900000000e+002	-1.15912e+001	-1.45858e+001
591	 6.1000000000e+002	-1.23741e+001	-1.80404e+001
592	 6.1100000000e+002	-1.31057e+001	-2.15548e+001
593	 6.1200000000e+002	-1.38573e+001	-2.51811e+001
594	 6.1300000000e+002	-1.47931e+001	-2.89328e+001
595	 6.1400000000e+002	-1.57724e+001	-3.28280e+001
596	 6.1500000000e+002	-1.66829e+001	-3.68088e+001
597	 6.1600000000e+002	-1.76355e+001	-4.09175e+001
598	 6.1700000000e+002	-1.87671e+001	-4.52083e+001
599	 6.1800000000e+002	-2.00559e+001	-4.96113e+001
600	 6.1900000000e+002	-2.13350e+001	-5.42023e+001
601	 6.2000000000e+002	-2.26621e+001	-5.90017e+001
602	 6.2100000000e+002	-2.41327e+001	-6.39645e+001
603	 6.2200000000e+002	-2.57986e+001	-6.91379e+001
604	 6.2300000000e+002	-2.76001e+001	-7.45999e+001
605	 6.2400000000e+002	-2.94264e+001	-8.02461e+001
606	 6.2500000000e+002	-3.14047e+001	-8.62016e+001
607	 6.2600000000e+002	-3.36059e+001	-9.25697e+001
608	 6.2700000000e+002	-3.61527e+001	-9.92176e+001
609	 6.2800000000e+002	-3.89251e+001	-1.06185e+002
610	 6.2900000000e+002	-4.18020e+001	-1.13486e+002
611	 6.3000000000e+002	-4.50773e+001	-1.21391e+002
612	 6.3100000000e+002	-4.88593e+001	-1.29931e+002
613	 6.3200000000e+002	-5.30820e+001	-1.38897e+002
614	 6.3300000000e+002	-5.77014e+001	-1.48394e+002
615	 6.3400000000e+002	-6.27858e+001	-1.58542e+002
616	 6.3500000000e+002	-6.85479e+001	-1.69496e+002
617	 6.3600000000e+002	-7.51813e+001	-1.81347e+002
618	 6.3700000000e+002	-8.26088e+001	-1.94283e+002
619	 6.3800000000e+002	-9.12519e+001	-2.08206e+002
620	 6.3900000000e+002	-1.01382e+002	-2.23203e+002
621	 6.4000000000e+002	-1.13450e+002	-2.39731e+002
622	 6.4100000000e+002	-1.27522e+002	-2.57817e+002
623	 6.4200000000e+002	-1.43980e+002	-2.77711e+002
624	 6.4300000000e+002	-1.63789e+002	-2.99703e+002
625	 6.4400000000e+002	-1.88206e+002	-3.23997e+002
626	 6.4500000000e+002	-2.18299e+002	-3.50607e+002
627	 6.4600000000e+002	-2.55927e+002	-3.79201e+002
628	 6.4700000000e+002	-3.03685e+002	-4.09311e+002
629	 6.4800000000e+002	-3.65374e+002	-4.39531e+002
630	 6.4900000000e+002	-4.45601e+002	-4.67013e+002
631	 6.5000000000e+002	-5.49856e+002	-4.85407e+002
632	 6.5100000000e+002	-6.82124e+002	-4.80009e+002
633	 6.5200000000e+002	-8.42667e+002	-4.32250e+002
634	 6.5300000000e+002	-1.01387e+003	-3.13846e+002
635	 6.5400000000e+002	-1.15023e+003	-1.07226e+002
636	 6.5500000000e+002	-1.19148e+003	 1.62776e+002
637	 6.5600000000e+002	-1.11069e+003	 4.23466e+002
638	 6.5700000000e+002	-9.44808e+002	 6.07764e+002
639	 6.5800000000e+002	-7.55152e+002	 7.00345e+002
640	 6.5900000000e+002	-5.83980e+002	 7.22738e+002
641	 6.6000000000e+002	-4.46690e+002	 7.04464e+002
642	 6.6100000000e+002	-3.42430e+002	 6.67325e+002
643	 6.6200000000e+002	-2.64924e+002	 6.23798e+002
644	 6.6300000000e+002	-2.07014e+002	 5.80119e+002
645	 6.6400000000e+002	-1.63544e+002	 5.39154e+002
646	 6.6500000000e+002	-1.30684e+002	 5.01924e+002
647	 6.6600000000e+002	-1.05354e+002	 4.68407e+002
648	 6.6700000000e+002	-8.56853e+001	 4.38232e+002
649	 6.6800000000e+002	-7.01779e+001	 4.11399e+002
650	 6.6900000000e+002	-5.77702e+001	 3.87474e+002
651	 6.7000000000e+002	-4.77864e+001	 3.66023e+002
652	 6.7100000000e+002	-3.95308e+001	 3.46713e+002
653	 6.7200000000e+002	-3.26813e+001	 3.29217e+002
654	 6.7300000000e+002	-2.70124e+001	 3.13232e+002
655	 6.7400000000e+002	-2.24312e+001	 2.98589e+002
656	 6.7500000000e+002	-1.87474e+001	 2.85309e+002
657	 6.7600000000e+002	-1.55722e+001	 2.73148e+002
658	 6.7700000000e+002	-1.28150e+001	 2.61956e+002
659	 6.7800000000e+002	-1.04819e+001	 2.51556e+002
660	 6.7900000000e+002	-8.48843e+000	 2.41833e+002
661	 6.8000000000e+002	-6.80625e+000	 2.32679e+002
662	 6.8100000000e+002	-5.31445e+000	 2.24121e+002
663	 6.8200000000e+002	-3.98713e+000	 2.16260e+002
664	 6.8300000000e+002	-2.83445e+000	 2.08915e+002
665	 6.8400000000e+002	-1.88456e+000	 2.01879e+002
666	 6.8500000000e+002	-1.11767e+000	 1.95183e+002
667	 6.8600000000e+002	-5.26519e-001	 1.88844e+002
668	 6.8700000000e+002	 2.44925e-002	 1.82927e+002
669	 6.8800000000e+002	 5.75243e-001	 1.77313e+002
670	 6.8900000000e+002	 1.07629e+000	 1.71941e+002
671	 6.9000000000e+002	 1.36086e+000	 1.66811e+002
672	 6.9100000000e+002	 1.51906e+000	 1.61941e+002
673	 6.9200000000e+002	 1.82703e+000	 1.57263e+002
674	 6.9300000000e+002	 2.17538e+000	 1.52617e+002
675	 6.9400000000e+002	 2.28199e+000	 1.48295e+002
676	 6.9500000000e+002	 2.26434e+000	 1.44235e+002
677	 6.9600000000e+002	 2.35881e+000	 1.40219e+002
678	 6.9700000000e+002	 2.39052e+000	 1.36242e+002
679	 6.9800000000e+002	 2.39220e+000	 1.32438e+002
680	 6.9900000000e+002	 2.47774e+000	 1.28908e+002
681	 7.0000000000e+002	 2.50482e+000	 1.25437e+002
682	 7.0100000000e+002	 2.37085e+000	 1.22017e+002
683	 7.0200000000e+002	 2.28076e+000	 1.18624e+002
684	 7.0300000000e+002	 2.23496e+000	 1.15366e+002
685	 7.0400000000e+002	 2.22371e+000	 1.12333e+002
686	 7.0500000000e+002	 2.08348e+000	 1.09248e+002
687	 7.0600000000e+002	 1.88719e+000	 1.06106e+002
688	 7.0700000000e+002	 1.85111e+000	 1.03144e+002
689	 7.0800000000e+002	 1.72989e+000	 1.00314e+002
690	 7.0900000000e+002	 1.45576e+000	 9.74485e+001
691	 7.1000000000e+002	 1.40686e+000	 9.45083e+001
692	 7.1100000000e+002	 1.17769e+000	 9.18631e+001
693	 7.1200000000e+002	 9.87175e-001	 8.90904e+001
694	 7.1300000000e+002	 8.64679e-001	 8.63756e+001
695	 7.1400000000e+002	 5.37688e-001	 8.38284e+001
696	 7.1500000000e+002	 3.46022e-001	 8.11062e+001
697	 7.1600000000e+002	 1.10177e-001	 7.85638e+001
698	 7.1700000000e+002	-1.90817e-001	 7.59652e+001
699	 7.1800000000e+002	-4.60095e-001	 7.34123e+001
700	 7.1900000000e+002	-6.97668e-001	 7.08833e+001
701	 7.2000000000e+002	-1.02822e+000	 6.83644e+001
702	 7.2100000000e+002	-1.32046e+000	 6.58808e+001
703	 7.2200000000e+002	-1.59799e+000	 6.33139e+001
704	 7.2300000000e+002	-1.98548e+000	 6.09119e+001
705	 7.2400000000e+002	-2.34279e+000	 5.83781e+001
706	 7.2500000000e+002	-2.68223e+000	 5.59417e+001
707	 7.2600000000e+002	-3.10756e+000	 5.34407e+001
708	 7.2700000000e+002	-3.46024e+000	 5.09673e+001
709	 7.2800000000e+002	-3.87066e+000	 4.85358e+001
710	 7.2900000000e+002	-4.36367e+000	 4.59698e+001
711	 7.3000000000e+002	-4.76436e+000	 4.35159e+001
712	 7.3100000000e+002	-5.24623e+000	 4.09611e+001
713	 7.3200000000e+002	-5.75944e+000	 3.84045e+001
714	 7.3300000000e+002	-6.24245e+000	 3.58940e+001
715	 7.3400000000e+002	-6.77958e+000	 3.33126e+001
716	 7.3500000000e+002	-7.39993e+000	 3.07410e+001
717	 7.3600000000e+002	-7.92976e+000	 2.81475e+001
718	 7.3700000000e+002	-8.49738e+000	 2.54210e+001
719	 7.3800000000e+002	-9.20765e+000	 2.27400e+001
720	 7.3900000000e+002	-9.89680e+000	 2.00650e+001
721	 7.4000000000e+002	-1.05465e+001	 1.73249e+001
722	 7.4100000000e+002	-1.13093e+001	 1.45035e+001
723	 7.4200000000e+002	-1.21575e+001	 1.16712e+001
724	 7.4300000000e+002	-1.29816e+001	 8.75344e+000
725	 7.4400000000e+002	-1.37721e+001	 5.73690e+000
726	 7.4500000000e+002	-1.46888e+001	 2.80016e+000
727	 7.4600000000e+002	-1.56846e+001	-2.35119e-001
728	 7.4700000000e+002	-1.67021e+001	-3.34698e+000
729	 7.4800000000e+002	-1.76771e+001	-6.64092e+000
730	 7.4900000000e+002	-1.87421e+001	-9.89520e+000
731	 7.5000000000e+002	-1.99345e+001	-1.33073e+001
732	 7.5100000000e+002	-2.12187e+001	-1.66790e+001
733	 7.5200000000e+002	-2.24999e+001	-2.02179e+001
734	 7.5300000000e+002	-2.38818e+001	-2.39906e+001
735	 7.5400000000e+002	-2.53074e+001	-2.78608e+001
736	 7.5500000000e+002	-2.69232e+001	-3.17057e+001
737	 7.5600000000e+002	-2.85307e+001	-3.56759e+001
738	 7.5700000000e+002	-3.03961e+001	-3.99432e+001
739	 7.5800000000e+002	-3.23009e+001	-4.43939e+001
740	 7.5900000000e+002	-3.43079e+001	-4.89010e+001
741	 7.6000000000e+002	-3.64995e+001	-5.35180e+001
742	 7.6100000000e+002	-3.88779e+001	-5.85022e+001
743	 7.6200000000e+002	-4.14974e+001	-6.38127e+001
744	 7.6300000000e+002	-4.42751e+001	-6.93375e+001
745	 7.6400000000e+002	-4.73446e+001	-7.50352e+001
746	 7.6500000000e+002	-5.07886e+001	-8.10096e+001
747	 7.6600000000e+002	-5.44874e+001	-8.73746e+001
748	 7.6700000000e+002	-5.84932e+001	-9.41393e+001
749	 7.6800000000e+002	-6.29582e+001	-1.01143e+002
750	 7.6900000000e+002	-6.80255e+001	-1.08539e+002
751	 7.7000000000e+002	-7.36610e+001	-1.16369e+002
752	 7.7100000000e+002	-7.99551e+001	-1.24865e+002
753	 7.7200000000e+002	-8.70957e+001	-1.33944e+002
754	 7.7300000000e+002	-9.51341e+001	-1.43526e+002
755	 7.7400000000e+002	-1.04188e+002	-1.53529e+002
756	 7.7500000000e+002	-1.14554e+002	-1.64154e+002
757	 7.7600000000e+002	-1.26562e+002	-1.75499e+002
758	 7.7700000000e+002	-1.40288e+002	-1.87470e+002
759	 7.7800000000e+002	-1.56528e+002	-2.00110e+002
760	 7.7900000000e+002	-1.75401e+002	-2.13138e+002
761	 7.8000000000e+002	-1.97876e+002	-2.26410e+002
762	 7.8100000000e+002	-2.24213e+002	-2.39815e+002
763	 7.8200000000e+002	-2.55571e+002	-2.52598e+002
764	 7.8300000000e+002	-2.92746e+002	-2.63673e+002
765	 7.8400000000e+002	-3.37042e+002	-2.71625e+002
766	 7.8500000000e+002	-3.89531e+002	-2.74459e+002
767	 7.8600000000e+002	-4.50617e+002	-2.68672e+002
768	 7.8700000000e+002	-5.20185e+002	-2.49591e+002
769	 7.8800000000e+002	-5.94309e+002	-2.11357e+002
770	 7.8900000000e+002	-6.67361e+002	-1.48621e+002
771	 7.9000000000e+002	-7.28405e+002	-5.95812e+001
772	 7.9100000000e+002	-7.63979e+002	 5.16655e+001
773	 7.9200000000e+002	-7.64273e+002	 1.73484e+002
774	 7.9300000000e+002	-7.27203e+002	 2.88225e+002
775	 7.9400000000e+002	-6.60793e+002	 3.81685e+002
776	 7.9500000000e+002	-5.78606e+002	 4.47182e+002
777	 7.9600000000e+002	-4.93456e+002	 4.84487e+002
778	 7.9700000000e+002	-4.13718e+002	 4.99386e+002
779	 7.9800000000e+002	-3.43837e+002	 4.98825e+002
780	 7.9900000000e+002	-2.85016e+002	 4.88208e+002
781	 8.0000000000e+002	-2.36395e+002	 4.71845e+002
782	 8.0100000000e+002	-1.96656e+002	 4.52787e+002
783	 8.0200000000e+002	-1.64165e+002	 4.32876e+002
784	 8.0300000000e+002	-1.37760e+002	 4.12983e+002
785	 8.0400000000e+002	-1.16243e+002	 3.93543e+002
786	 8.0500000000e+002	-9.84417e+001	 3.75444e+002
787	 8.0600000000e+002	-8.34983e+001	 3.58429e+002
788	 8.0700000000e+002	-7.10154e+001	 3.42481e+002
789	 8.0800000000e+002	-6.07023e+001	 3.27553e+002
790	 8.0900000000e+002	-5.21091e+001	 3.13554e+002
791	 8.1000000000e+002	-4.48156e+001	 3.00680e+002
792	 8.1100000000e+002	-3.85609e+001	 2.88849e+002
793	 8.1200000000e+002	-3.31341e+001	 2.77850e+002
794	 8.1300000000e+002	-2.85100e+001	 2.67554e+002
795	 8.1400000000e+002	-2.45485e+001	 2.57815e+002
796	 8.1500000000e+002	-2.11723e+001	 2.48684e+002
797	 8.1600000000e+002	-1.82272e+001	 2.40082e+002
798	 8.1700000000e+002	-1.56811e+001	 2.32097e+002
799	 8.1800000000e+002	-1.33662e+001	 2.24604e+002
800	 8.1900000000e+002	-1.14288e+001	 2.17598e+002
801	 8.2000000000e+002	-9.61012e+000	 2.10943e+002
802	 8.2100000000e+002	-8.06574e+000	 2.04624e+002
803	 8.2200000000e+002	-6.74799e+000	 1.98600e+002
804	 8.2300000000e+002	-5.58826e+000	 1.92912e+002
805	 8.2400000000e+002	-4.49996e+000	 1.87562e+002
806	 8.2500000000e+002	-3.57445e+000	 1.82467e+002
807	 8.2600000000e+002	-2.84066e+000	 1.77521e+002
808	 8.2700000000e+002	-2.21703e+000	 1.72714e+002
809	 8.2800000000e+002	-1.50543e+000	 1.68127e+002
810	 8.2900000000e+002	-8.50421e-001	 1.63842e+002
811	 8.3000000000e+002	-3.60497e-001	 1.59621e+002
812	 8.3100000000e+002	-9.27340e-002	 1.55642e+002
813	 8.3200000000e+002	 1.17667e-001	 1.51752e+002
814	 8.3300000000e+002	 4.33094e-001	 1.47934e+002
815	 8.3400000000e+002	 7.62456e-001	 1.44315e+002
816	 8.3500000000e+002	 1.03602e+000	 1.40831e+002
817	 8.3600000000e+002	 1.16963e+000	 1.37477e+002
818	 8.3700000000e+002	 1.29543e+000	 1.34180e+002
819	 8.3800000000e+002	 1.47600e+000	 1.30927e+002
820	 8.3900000000e+002	 1.46782e+000	 1.27722e+002
821	 8.4000000000e+002	 1.30485e+000	 1.24621e+002
822	 8.4100000000e+002	 1.31219e+000	 1.21689e+002
823	 8.4200000000e+002	 1.36914e+000	 1.18771e+002
824	 8.4300000000e+002	 1.48311e+000	 1.15971e+002
825	 8.4400000000e+002	 1.42013e+000	 1.13247e+002
826	 8.4500000000e+002	 1.17036e+000	 1.10398e+002
827	 8.4600000000e+002	 8.72455e-001	 1.07683e+002
828	 8.4700000000e+002	 8.96819e-001	 1.05090e+002
829	 8.4800000000e+002	 9.58497e-001	 1.02476e+002
830	 8.4900000000e+002	 6.46237e-001	 9.99845e+001
831	 8.5000000000e+002	 2.03912e-001	 9.74665e+001
832	 8.5100000000e+002	 1.12117e-001	 9.48508e+001
833	 8.5200000000e+002	 1.99129e-002	 9.24155e+001
834	 8.5300000000e+002	-3.96549e-001	 8.99916e+001
835	 8.5400000000e+002	-8.46146e-001	 8.75766e+001
836	 8.5500000000e+002	-8.59824e-001	 8.51979e+001
837	 8.5600000000e+002	-1.15213e+000	 8.28339e+001
838	 8.5700000000e+002	-1.73075e+000	 8.06096e+001
839	 8.5800000000e+002	-1.88324e+000	 7.81268e+001
840	 8.5900000000e+002	-2.24890e+000	 7.58207e+001
841	 8.6000000000e+002	-2.71722e+000	 7.37132e+001
842	 8.6100000000e+002	-3.07001e+000	 7.12358e+001
843	 8.6200000000e+002	-3.49243e+000	 6.90340e+001
844	 8.6300000000e+002	-3.89526e+000	 6.67587e+001
845	 8.6400000000e+002	-4.44421e+000	 6.43388e+001
846	 8.6500000000e+002	-4.89356e+000	 6.21489e+001
847	 8.6600000000e+002	-5.36175e+000	 5.97684e+001
848	 8.6700000000e+002	-5.83884e+000	 5.76734e+001
849	 8.6800000000e+002	-6.40858e+000	 5.51969e+001
850	 8.6900000000e+002	-7.07993e+000	 5.29379e+001
851	 8.7000000000e+002	-7.57413e+000	 5.06602e+001
852	 8.7100000000e+002	-8.24584e+000	 4.82301e+001
853	 8.7200000000e+002	-8.81659e+000	 4.58838e+001
854	 8.7300000000e+002	-9.50247e+000	 4.35039e+001
855	 8.7400000000e+002	-1.02174e+001	 4.11043e+001
856	 8.7500000000e+002	-1.09799e+001	 3.86160e+001
857	 8.7600000000e+002	-1.17946e+001	 3.61474e+001
858	 8.7700000000e+002	-1.25864e+001	 3.36732e+001
859	 8.7800000000e+002	-1.34708e+001	 3.11527e+001
860	 8.7900000000e+002	-1.43825e+001	 2.84888e+001
861	 8.8000000000e+002	-1.52894e+001	 2.59387e+001
862	 8.8100000000e+002	-1.63007e+001	 2.32548e+001
863	 8.8200000000e+002	-1.74667e+001	 2.05118e+001
864	 8.8300000000e+002	-1.86390e+001	 1.77955e+001
865	 8.8400000000e+002	-1.98026e+001	 1.49968e+001
866	 8.8500000000e+002	-2.10039e+001	 1.21064e+001
867	 8.8600000000e+002	-2.23700e+001	 9.16281e+000
868	 8.8700000000e+002	-2.38597e+001	 6.16365e+000
869	 8.8800000000e+002	-2.54194e+001	 3.16039e+000
870	 8.8900000000e+002	-2.70027e+001	 5.00406e-002
871	 8.9000000000e+002	-2.87170e+001	-3.18456e+000
872	 8.9100000000e+002	-3.05498e+001	-6.42087e+000
873	 8.9200000000e+002	-3.25467e+001	-9.80289e+000
874	 8.9300000000e+002	-3.46351e+001	-1.33017e+001
875	 8.9400000000e+002	-3.68778e+001	-1.68274e+001
876	 8.9500000000e+002	-3.93219e+001	-2.03761e+001
877	 8.9600000000e+002	-4.18634e+001	-2.41038e+001
878	 8.9700000000e+002	-4.45755e+001	-2.80411e+001
879	 8.9800000000e+002	-4.75356e+001	-3.21206e+001
880	 8.9900000000e+002	-5.07798e+001	-3.62094e+001
881	 9.0000000000e+002	-5.41940e+001	-4.03732e+001
882	 9.0100000000e+002	-5.79352e+001	-4.46687e+001
883	 9.0200000000e+002	-6.19205e+001	-4.90964e+001
884	 9.0300000000e+002	-6.62589e+001	-5.37566e+001
885	 9.0400000000e+002	-7.09635e+001	-5.85391e+001
886	 9.0500000000e+002	-7.62452e+001	-6.36543e+001
887	 9.0600000000e+002	-8.18579e+001	-6.86828e+001
888	 9.0700000000e+002	-8.80410e+001	-7.39015e+001
889	 9.0800000000e+002	-9.47762e+001	-7.91690e+001
890	 9.0900000000e+002	-1.02128e+002	-8.47569e+001
891	 9.1000000000e+002	-1.10420e+002	-9.04352e+001
892	 9.1100000000e+002	-1.19653e+002	-9.62018e+001
893	 9.1200000000e+002	-1.29943e+002	-1.01899e+002
894	 9.1300000000e+002	-1.41259e+002	-1.07624e+002
895	 9.1400000000e+002	-1.54022e+002	-1.13264e+002
896	 9.1500000000e+002	-1.68216e+002	-1.18656e+002
897	 9.1600000000e+002	-1.84109e+002	-1.23566e+002
898	 9.1700000000e+002	-2.01985e+002	-1.27812e+002
899	 9.1800000000e+002	-2.22321e+002	-1.30815e+002
900	 9.1900000000e+002	-2.45103e+002	-1.32092e+002
901	 9.2000000000e+002	-2.70449e+002	-1.31188e+002
902	 9.2100000000e+002	-2.98219e+002	-1.27280e+002
903	 9.2200000000e+002	-3.28424e+002	-1.19362e+002
904	 9.2300000000e+002	-3.60617e+002	-1.06181e+002
905	 9.2400000000e+002	-3.94065e+002	-8.64764e+001
906	 9.2500000000e+002	-4.27042e+002	-5.91140e+001
907	 9.2600000000e+002	-4.57096e+002	-2.33182e+001
908	 9.2700000000e+002	-4.81169e+002	 2.05029e+001
909	 9.2800000000e+002	-4.96536e+002	 7.13687e+001
910	 9.2900000000e+002	-5.01058e+002	 1.26386e+002
911	 9.3000000000e+002	-4.92949e+002	 1.81596e+002
912	 9.3100000000e+002	-4.73362e+002	 2.33276e+002
913	 9.3200000000e+002	-4.44169e+002	 2.78222e+002
914	 9.3300000000e+002	-4.08318e+002	 3.13992e+002
915	 9.3400000000e+002	-3.68968e+002	 3.40324e+002
916	 9.3500000000e+002	-3.29069e+002	 3.57725e+002
917	 9.3600000000e+002	-2.90569e+002	 3.67329e+002
918	 9.3700000000e+002	-2.54841e+002	 3.70578e+002
919	 9.3800000000e+002	-2.22695e+002	 3.69255e+002
920	 9.3900000000e+002	-1.94127e+002	 3.64551e+002
921	 9.4000000000e+002	-1.68904e+002	 3.57630e+002
922	 9.4100000000e+002	-1.47139e+002	 3.49194e+002
923	 9.4200000000e+002	-1.28221e+002	 3.40000e+002
924	 9.4300000000e+002	-1.11902e+002	 3.30456e+002
925	 9.4400000000e+002	-9.76427e+001	 3.20578e+002
926	 9.4500000000e+002	-8.53077e+001	 3.10834e+002
927	 9.4600000000e+002	-7.47578e+001	 3.01295e+002
928	 9.4700000000e+002	-6.54597e+001	 2.92107e+002
929	 9.4800000000e+002	-5.72981e+001	 2.83226e+002
930	 9.4900000000e+002	-5.01199e+001	 2.74707e+002
931	 9.5000000000e+002	-4.36557e+001	 2.66615e+002
932	 9.5100000000e+002	-3.83845e+001	 2.58740e+002
933	 9.5200000000e+002	-3.35491e+001	 2.51295e+002
934	 9.5300000000e+002	-2.92100e+001	 2.44183e+002
935	 9.5400000000e+002	-2.53473e+001	 2.37417e+002
936	 9.5500000000e+002	-2.18579e+001	 2.30931e+002
937	 9.5600000000e+002	-1.87126e+001	 2.24750e+002
938	 9.5700000000e+002	-1.60175e+001	 2.18938e+002
939	 9.5800000000e+002	-1.36037e+001	 2.13367e+002
940	 9.5900000000e+002	-1.14431e+001	 2.07937e+002
941	 9.6000000000e+002	-9.54752e+000	 2.02765e+002
942	 9.6100000000e+002	-7.85393e+000	 1.97816e+002
943	 9.6200000000e+002	-6.25248e+000	 1.93073e+002
944	 9.6300000000e+002	-4.66456e+000	 1.88517e+002
945	 9.6400000000e+002	-3.35841e+000	 1.84157e+002
946	 9.6500000000e+002	-2.28036e+000	 1.79896e+002
947	 9.6600000000e+002	-1.32008e+000	 1.75806e+002
948	 9.6700000000e+002	-3.94769e-001	 1.71816e+002
949	 9.6800000000e+002	 3.87297e-001	 1.67972e+002
950	 9.6900000000e+002	 1.07020e+000	 1.64240e+002
951	 9.7000000000e+002	 1.71732e+000	 1.60708e+002
952	 9.7100000000e+002	 2.25370e+000	 1.57128e+002
953	 9.7200000000e+002	 2.69624e+000	 1.53724e+002
954	 9.7300000000e+002	 3.01432e+000	 1.50482e+002
955	 9.7400000000e+002	 3.32519e+000	 1.47358e+002
956	 9.7500000000e+002	 3.57081e+000	 1.44320e+002
957	 9.7600000000e+002	 3.81122e+000	 1.41275e+002
958	 9.7700000000e+002	 3.94515e+000	 1.38332e+002
959	 9.7800000000e+002	 4.04540e+000	 1.35476e+002
960	 9.7900000000e+002	 4.11484e+000	 1.32642e+002
961	 9.8000000000e+002	 4.21521e+000	 1.29974e+002
962	 9.8100000000e+002	 4.19817e+000	 1.27400e+002
963	 9.8200000000e+002	 4.10706e+000	 1.24772e+002
964	 9.8300000000e+002	 4.00826e+000	 1.22228e+002
965	 9.8400000000e+002	 3.93323e+000	 1.19809e+002
966	 9.8500000000e+002	 3.84492e+000	 1.17355e+002
967	 9.8600000000e+002	 3.70131e+000	 1.14945e+002
968	 9.8700000000e+002	 3.48829e+000	 1.12595e+002
969	 9.8800000000e+002	 3.30774e+000	 1.10319e+002
970	 9.8900000000e+002	 3.12195e+000	 1.08099e+002
971	 9.9000000000e+002	 2.81784e+000	 1.05861e+002
972	 9.9100000000e+002	 2.57438e+000	 1.03656e+002
973	 9.9200000000e+002	 2.32152e+000	 1.01439e+002
974	 9.9300000000e+002	 2.06038e+000	 9.92792e+001
975	 9.9400000000e+002	 1.66793e+000	 9.71388e+001
976	 9.9500000000e+002	 1.28143e+000	 9.50820e+001
977	 9.9600000000e+002	 9.56162e-001	 9.29092e+001
978	 9.9700000000e+002	 5.74398e-001	 9.08747e+001
979	 9.9800000000e+002	 1.39063e-001	 8.88041e+001
980	 9.9900000000e+002	-2.83232e-001	 8.68291e+001
981	 1.0000000000e+003	-6.90396e-001	 8.46972e+001
982	 1.0010000000e+003	-1.21097e+000	 8.26623e+001
983	 1.0020000000e+003	-1.76795e+000	 8.06386e+001
984	 1.0030000000e+003	-2.25549e+000	 7.86056e+001
985	 1.0040000000e+003	-2.84876e+000	 7.66260e+001
986	 1.0050000000e+003	-3.50859e+000	 7.46102e+001
987	 1.0060000000e+003	-4.08090e+000	 7.26475e+001
988	 1.0070000000e+003	-4.71732e+000	 7.05345e+001
989	 1.0080000000e+003	-5.42774e+000	 6.85738e+001
990	 1.0090000000e+003	-6.13757e+000	 6.65786e+001
991	 1.0100000000e+003	-6.89957e+000	 6.44594e+001
992	 1.0110000000e+003	-7.66010e+000	 6.25270e+001
993	 1.0120000000e+003	-8.49068e+000	 6.04348e+001
994	 1.0130000000e+003	-9.40915e+000	 5.83914e+001
995	 1.0140000000e+003	-1.03026e+001	 5.63970e+001
996	 1.0150000000e+003	-1.12040e+001	 5.42393e+001
997	 1.0160000000e+003	-1.22180e+001	 5.21942e+001
998	 1.0170000000e+003	-1.32175e+001	 5.02294e+001
999	 1.0180000000e+003	-1.43479e+001	 4.79841e+001
1000	 1.0190000000e+003	-1.56010e+001	 4.57047e+001
1001	 1.0200000000e+003	-1.67162e+001	 4.37607e+001
1002	 1.0210000000e+003	-1.80161e+001	 4.15988e+001
1003	 1.0220000000e+003	-1.94479e+001	 3.93073e+001
1004	 1.0230000000e+003	-2.08092e+001	 3.71175e+001
1005	 1.0240000000e+003	-2.21503e+001	 3.49479e+001
1006	 1.0250000000e+003	-2.37487e+001	 3.26546e+001
1007	 1.0260000000e+003	-2.55880e+001	 3.02543e+001
1008	 1.0270000000e+003	-2.72125e+001	 2.80671e+001
1009	 1.0280000000e+003	-2.88474e+001	 2.59069e+001
1010	 1.0290000000e+003	-3.08247e+001	 2.35042e+001
1011	 1.0300000000e+003	-3.31229e+001	 2.09935e+001
1012	 1.0310000000e+003	-3.54126e+001	 1.85719e+001
1013	 1.0320000000e+003	-3.74263e+001	 1.62434e+001
1014	 1.0330000000e+003	-3.96211e+001	 1.38501e+001
1015	 1.0340000000e+003	-4.22258e+001	 1.13550e+001
1016	 1.0350000000e+003	-4.53611e+001	 8.79899e+000
1017	 1.0360000000e+003	-4.83613e+001	 6.36436e+000
1018	 1.0370000000e+003	-5.14422e+001	 3.82437e+000
1019	 1.0380000000e+003	-5.43252e+001	 1.24044e+000
1020	 1.0390000000e+003	-5.75884e+001	-1.42193e+000
1021	 1.0400000000e+003	-6.11331e+001	-4.10133e+000
1022	 1.0410000000e+003	-6.52822e+001	-6.50559e+000
1023	 1.0420000000e+003	-6.97500e+001	-8.88402e+000
1024	 1.0430000000e+003	-7.44915e+001	-1.12496e+001
1025	 1.0440000000e+003	-7.93628e+001	-1.37324e+001
1026	 1.0450000000e+003	-8.45590e+001	-1.62081e+001
1027	 1.0460000000e+003	-9.00178e+001	-1.86409e+001
1028	 1.0470000000e+003	-9.58911e+001	-2.10066e+001
1029	 1.0480000000e+003	-1.02242e+002	-2.32063e+001
1030	 1.0490000000e+003	-1.09145e+002	-2.54264e+001
1031	 1.0500000000e+003	-1.16631e+002	-2.73780e+001
1032	 1.0510000000e+003	-1.24331e+002	-2.85778e+001
1033	 1.0520000000e+003	-1.32939e+002	-2.96120e+001
1034	 1.0530000000e+003	-1.42234e+002	-3.02239e+001
1035	 1.0540000000e+003	-1.52085e+002	-3.03876e+001
1036	 1.0550000000e+003	-1.62621e+002	-2.97322e+001
1037	 1.0560000000e+003	-1.73853e+002	-2.83864e+001
1038	 1.0570000000e+003	-1.85678e+002	-2.60360e+001
1039	 1.0580000000e+003	-1.98224e+002	-2.23881e+001
1040	 1.0590000000e+003	-2.11267e+002	-1.72382e+001
1041	 1.0600000000e+003	-2.24713e+002	-1.05691e+001
1042	 1.0610000000e+003	-2.38370e+002	-2.02383e+000
1043	 1.0620000000e+003	-2.51904e+002	 8.67746e+000
1044	 1.0630000000e+003	-2.64864e+002	 2.15991e+001
1045	 1.0640000000e+003	-2.76950e+002	 3.67632e+001
1046	 1.0650000000e+003	-2.87671e+002	 5.43538e+001
1047	 1.0660000000e+003	-2.96555e+002	 7.41295e+001
1048	 1.0670000000e+003	-3.02840e+002	 9.57925e+001
1049	 1.0680000000e+003	-3.06361e+002	 1.18919e+002
1050	 1.0690000000e+003	-3.06228e+002	 1.42819e+002
1051	 1.0700000000e+003	-3.02531e+002	 1.66727e+002
1052	 1.0710000000e+003	-2.95137e+002	 1.89923e+002
1053	 1.0720000000e+003	-2.84089e+002	 2.11579e+002
1054	 1.0730000000e+003	-2.70059e+002	 2.31130e+002
1055	 1.0740000000e+003	-2.53795e+002	 2.47872e+002
1056	 1.0750000000e+003	-2.36291e+002	 2.61569e+002
1057	 1.0760000000e+003	-2.18116e+002	 2.72264e+002
1058	 1.0770000000e+003	-1.99738e+002	 2.80107e+002
1059	 1.0780000000e+003	-1.81288e+002	 2.85384e+002
1060	 1.0790000000e+003	-1.63266e+002	 2.88192e+002
1061	 1.0800000000e+003	-1.46256e+002	 2.89102e+002
1062	 1.0810000000e+003	-1.30628e+002	 2.88416e+002
1063	 1.0820000000e+003	-1.16246e+002	 2.86424e+002
1064	 1.0830000000e+003	-1.02895e+002	 2.83305e+002
1065	 1.0840000000e+003	-9.05385e+001	 2.79339e+002
1066	 1.0850000000e+003	-7.95241e+001	 2.74852e+002
1067	 1.0860000000e+003	-6.97035e+001	 2.70080e+002
1068	 1.0870000000e+003	-6.06947e+001	 2.64870e+002
1069	 1.0880000000e+003	-5.24110e+001	 2.59315e+002
1070	 1.0890000000e+003	-4.50847e+001	 2.53988e+002
1071	 1.0900000000e+003	-3.86468e+001	 2.48641e+002
1072	 1.0910000000e+003	-3.26327e+001	 2.43157e+002
1073	 1.0920000000e+003	-2.72681e+001	 2.37685e+002
1074	 1.0930000000e+003	-2.24999e+001	 2.32483e+002
1075	 1.0940000000e+003	-1.81556e+001	 2.27255e+002
1076	 1.0950000000e+003	-1.43020e+001	 2.22062e+002
1077	 1.0960000000e+003	-1.08713e+001	 2.17206e+002
1078	 1.0970000000e+003	-7.74877e+000	 2.12416e+002
1079	 1.0980000000e+003	-4.88777e+000	 2.07594e+002
1080	 1.0990000000e+003	-2.40155e+000	 2.03106e+002
1081	 1.1000000000e+003	-1.04057e-001	 1.98675e+002
1082	 1.1010000000e+003	 1.92888e+000	 1.94271e+002
1083	 1.1020000000e+003	 3.71498e+000	 1.90216e+002
1084	 1.1030000000e+003	 5.31856e+000	 1.86190e+002
1085	 1.1040000000e+003	 6.73371e+000	 1.82388e+002
1086	 1.1050000000e+003	 8.03004e+000	 1.78595e+002
1087	 1.1060000000e+003	 9.19188e+000	 1.74919e+002
1088	 1.1070000000e+003	 1.01519e+001	 1.71450e+002
1089	 1.1080000000e+003	 1.10489e+001	 1.67939e+002
1090	 1.1090000000e+003	 1.18189e+001	 1.64676e+002
1091	 1.1100000000e+003	 1.24601e+001	 1.61416e+002
1092	 1.1110000000e+003	 1.30538e+001	 1.58294e+002
1093	 1.1120000000e+003	 1.35317e+001	 1.55295e+002
1094	 1.1130000000e+003	 1.39715e+001	 1.52411e+002
1095	 1.1140000000e+003	 1.43559e+001	 1.49554e+002
1096	 1.1150000000e+003	 1.46024e+001	 1.46710e+002
1097	 1.1160000000e+003	 1.48104e+001	 1.44040e+002
1098	 1.1170000000e+003	 1.49776e+001	 1.41372e+002
1099	 1.1180000000e+003	 1.50871e+001	 1.38912e+002
1100	 1.1190000000e+003	 1.51207e+001	 1.36415e+002
1101	 1.1200000000e+003	 1.51439e+001	 1.33939e+002
1102	 1.1210000000e+003	 1.51642e+001	 1.31615e+002
1103	 1.1220000000e+003	 1.51267e+001	 1.29375e+002
1104	 1.1230000000e+003	 1.50428e+001	 1.27179e+002
1105	 1.1240000000e+003	 1.49487e+001	 1.24944e+002
1106	 1.1250000000e+003	 1.48579e+001	 1.22825e+002
1107	 1.1260000000e+003	 1.47146e+001	 1.20718e+002
1108	 1.1270000000e+003	 1.45286e+001	 1.18674e+002
1109	 1.1280000000e+003	 1.43494e+001	 1.16656e+002
1110	 1.1290000000e+003	 1.41210e+001	 1.14690e+002
1111	 1.1300000000e+003	 1.38737e+001	 1.12744e+002
1112	 1.1310000000e+003	 1.36414e+001	 1.10792e+002
1113	 1.1320000000e+003	 1.33926e+001	 1.08906e+002
1114	 1.1330000000e+003	 1.31072e+001	 1.07004e+002
1115	 1.1340000000e+003	 1.27581e+001	 1.05115e+002
1116	 1.1350000000e+003	 1.23985e+001	 1.03253e+002
1117	 1.1360000000e+003	 1.20290e+001	 1.01381e+002
1118	 1.1370000000e+003	 1.16524e+001	 9.95200e+001
1119	 1.1380000000e+003	 1.12529e+001	 9.77361e+001
1120	 1.1390000000e+003	 1.07945e+001	 9.59260e+001
1121	 1.1400000000e+003	 1.02836e+001	 9.41402e+001
1122	 1.1410000000e+003	 9.72753e+000	 9.23674e+001
1123	 1.1420000000e+003	 9.17735e+000	 9.06349e+001
1124	 1.1430000000e+003	 8.58864e+000	 8.88760e+001
1125	 1.1440000000e+003	 7.93613e+000	 8.71176e+001
1126	 1.1450000000e+003	 7.25092e+000	 8.54449e+001
1127	 1.1460000000e+003	 6.57376e+000	 8.37702e+001
1128	 1.1470000000e+003	 5.86884e+000	 8.20776e+001
1129	 1.1480000000e+003	 5.10715e+000	 8.04266e+001
1130	 1.1490000000e+003	 4.34675e+000	 7.87610e+001
1131	 1.1500000000e+003	 3.58217e+000	 7.70790e+001
1132	 1.1510000000e+003	 2.67345e+000	 7.55388e+001
1133	 1.1520000000e+003	 1.78570e+000	 7.39260e+001
1134	 1.1530000000e+003	 8.67045e-001	 7.22961e+001
1135	 1.1540000000e+003	-8.58230e-002	 7.07312e+001
1136	 1.1550000000e+003	-1.06386e+000	 6.91681e+001
1137	 1.1560000000e+003	-2.11391e+000	 6.75678e+001
1138	 1.1570000000e+003	-3.16024e+000	 6.59893e+001
1139	 1.1580000000e+003	-4.25657e+000	 6.44174e+001
1140	 1.1590000000e+003	-5.44347e+000	 6.28467e+001
1141	 1.1600000000e+003	-6.64474e+000	 6.13144e+001
1142	 1.1610000000e+003	-7.91075e+000	 5.97615e+001
1143	 1.1620000000e+003	-9.23034e+000	 5.82187e+001
1144	 1.1630000000e+003	-1.06086e+001	 5.66771e+001
1145	 1.1640000000e+003	-1.20134e+001	 5.51570e+001
1146	 1.1650000000e+003	-1.34808e+001	 5.36735e+001
1147	 1.1660000000e+003	-1.50299e+001	 5.21427e+001
1148	 1.1670000000e+003	-1.66304e+001	 5.06705e+001
1149	 1.1680000000e+003	-1.83389e+001	 4.91771e+001
1150	 1.1690000000e+003	-2.00991e+001	 4.76898e+001
1151	 1.1700000000e+003	-2.19079e+001	 4.62787e+001
1152	 1.1710000000e+003	-2.37876e+001	 4.48399e+001
1153	 1.1720000000e+003	-2.58297e+001	 4.34368e+001
1154	 1.1730000000e+003	-2.78786e+001	 4.20383e+001
1155	 1.1740000000e+003	-3.00250e+001	 4.06548e+001
1156	 1.1750000000e+003	-3.22893e+001	 3.93496e+001
1157	 1.1760000000e+003	-3.46470e+001	 3.80421e+001
1158	 1.1770000000e+003	-3.71533e+001	 3.68248e+001
1159	 1.1780000000e+003	-3.97590e+001	 3.55898e+001
1160	 1.1790000000e+003	-4.24645e+001	 3.44149e+001
1161	 1.1800000000e+003	-4.52663e+001	 3.32971e+001
1162	 1.1810000000e+003	-4.82257e+001	 3.22100e+001
1163	 1.1820000000e+003	-5.13197e+001	 3.12335e+001
1164	 1.1830000000e+003	-5.45635e+001	 3.03375e+001
1165	 1.1840000000e+003	-5.79803e+001	 2.95202e+001
1166	 1.1850000000e+003	-6.15621e+001	 2.87700e+001
1167	 1.1860000000e+003	-6.53086e+001	 2.81509e+001
1168	 1.1870000000e+003	-6.92042e+001	 2.76919e+001
1169	 1.1880000000e+003	-7.33163e+001	 2.73490e+001
1170	 1.1890000000e+003	-7.76390e+001	 2.71645e+001
1171	 1.1900000000e+003	-8.21407e+001	 2.71963e+001
1172	 1.1910000000e+003	-8.68865e+001	 2.74390e+001
1173	 1.1920000000e+003	-9.18671e+001	 2.79685e+001
1174	 1.1930000000e+003	-9.70081e+001	 2.87894e+001
1175	 1.1940000000e+003	-1.02363e+002	 2.99600e+001
1176	 1.1950000000e+003	-1.07939e+002	 3.15538e+001
1177	 1.1960000000e+003	-1.13697e+002	 3.35717e+001
1178	 1.1970000000e+003	-1.19578e+002	 3.61198e+001
1179	 1.1980000000e+003	-1.25544e+002	 3.92550e+001
1180	 1.1990000000e+003	-1.31628e+002	 4.29330e+001
1181	 1.2000000000e+003	-1.37665e+002	 4.73040e+001
1182	 1.2010000000e+003	-1.43627e+002	 5.24199e+001
1183	 1.2020000000e+003	-1.49399e+002	 5.82290e+001
1184	 1.2030000000e+003	-1.54900e+002	 6.48944e+001
1185	 1.2040000000e+003	-1.59914e+002	 7.22981e+001
1186	 1.2050000000e+003	-1.64440e+002	 8.05232e+001
1187	 1.2060000000e+003	-1.68282e+002	 8.94229e+001
1188	 1.2070000000e+003	-1.71216e+002	 9.89963e+001
1189	 1.2080000000e+003	-1.73220e+002	 1.09152e+002
1190	 1.2090000000e+003	-1.74096e+002	 1.19687e+002
1191	 1.2100000000e+003	-1.73836e+002	 1.30494e+002
1192	 1.2110000000e+003	-1.72385e+002	 1.41346e+002
1193	 1.2120000000e+003	-1.69690e+002	 1.52061e+002
1194	 1.2130000000e+003	-1.65751e+002	 1.62476e+002
1195	 1.2140000000e+003	-1.60722e+002	 1.72358e+002
1196	 1.2150000000e+003	-1.54642e+002	 1.81473e+002
1197	 1.2160000000e+003	-1.47672e+002	 1.89830e+002
1198	 1.2170000000e+003	-1.39980e+002	 1.97289e+002
1199	 1.2180000000e+003	-1.31792e+002	 2.03756e+002
1200	 1.2190000000e+003	-1.23137e+002	 2.09187e+002
1201	 1.2200000000e+003	-1.14217e+002	 2.13605e+002
1202	 1.2210000000e+003	-1.05205e+002	 2.17031e+002
1203	 1.2220000000e+003	-9.62670e+001	 2.19543e+002
1204	 1.2230000000e+003	-8.74327e+001	 2.21098e+002
1205	 1.2240000000e+003	-7.88950e+001	 2.21933e+002
1206	 1.2250000000e+003	-7.06847e+001	 2.22002e+002
1207	 1.2260000000e+003	-6.28027e+001	 2.21476e+002
1208	 1.2270000000e+003	-5.53361e+001	 2.20340e+002
1209	 1.2280000000e+003	-4.82466e+001	 2.18782e+002
1210	 1.2290000000e+003	-4.15745e+001	 2.16838e+002
1211	 1.2300000000e+003	-3.53896e+001	 2.14549e+002
1212	 1.2310000000e+003	-2.96175e+001	 2.11996e+002
1213	 1.2320000000e+003	-2.42822e+001	 2.09213e+002
1214	 1.2330000000e+003	-1.93619e+001	 2.06299e+002
1215	 1.2340000000e+003	-1.47945e+001	 2.03244e+002
1216	 1.2350000000e+003	-1.05923e+001	 2.00071e+002
1217	 1.2360000000e+003	-6.76031e+000	 1.96855e+002
1218	 1.2370000000e+003	-3.21955e+000	 1.93609e+002
1219	 1.2380000000e+003	 1.83430e-002	 1.90353e+002
1220	 1.2390000000e+003	 2.98220e+000	 1.87097e+002
1221	 1.2400000000e+003	 5.71321e+000	 1.83844e+002
1222	 1.2410000000e+003	 8.18464e+000	 1.80622e+002
1223	 1.2420000000e+003	 1.04199e+001	 1.77483e+002
1224	 1.2430000000e+003	 1.24429e+001	 1.74412e+002
1225	 1.2440000000e+003	 1.42794e+001	 1.71339e+002
1226	 1.2450000000e+003	 1.59567e+001	 1.68344e+002
1227	 1.2460000000e+003	 1.74964e+001	 1.65414e+002
1228	 1.2470000000e+003	 1.88662e+001	 1.62536e+002
1229	 1.2480000000e+003	 2.00945e+001	 1.59729e+002
1230	 1.2490000000e+003	 2.12460e+001	 1.56946e+002
1231	 1.2500000000e+003	 2.22718e+001	 1.54254e+002
1232	 1.2510000000e+003	 2.31513e+001	 1.51649e+002
1233	 1.2520000000e+003	 2.39644e+001	 1.49057e+002
1234	 1.2530000000e+003	 2.46892e+001	 1.46538e+002
1235	 1.2540000000e+003	 2.53389e+001	 1.44083e+002
1236	 1.2550000000e+003	 2.59082e+001	 1.41677e+002
1237	 1.2560000000e+003	 2.63857e+001	 1.39355e+002
1238	 1.2570000000e+003	 2.68312e+001	 1.37085e+002
1239	 1.2580000000e+003	 2.72319e+001	 1.34852e+002
1240	 1.2590000000e+003	 2.75431e+001	 1.32671e+002
1241	 1.2600000000e+003	 2.77693e+001	 1.30507e+002
1242	 1.2610000000e+003	 2.79942e+001	 1.28414e+002
1243	 1.2620000000e+003	 2.81749e+001	 1.26384e+002
1244	 1.2630000000e+003	 2.82901e+001	 1.24375e+002
1245	 1.2640000000e+003	 2.83599e+001	 1.22422e+002
1246	 1.2650000000e+003	 2.84062e+001	 1.20484e+002
1247	 1.2660000000e+003	 2.84083e+001	 1.18573e+002
1248	 1.2670000000e+003	 2.83917e+001	 1.16724e+002
1249	 1.2680000000e+003	 2.83352e+001	 1.14914e+002
1250	 1.2690000000e+003	 2.82180e+001	 1.13136e+002
1251	 1.2700000000e+003	 2.81011e+001	 1.11375e+002
1252	 1.2710000000e+003	 2.79376e+001	 1.09625e+002
1253	 1.2720000000e+003	 2.77452e+001	 1.07958e+002
1254	 1.2730000000e+003	 2.75280e+001	 1.06295e+002
1255	 1.2740000000e+003	 2.72895e+001	 1.04631e+002
1256	 1.2750000000e+003	 2.70386e+001	 1.02997e+002
1257	 1.2760000000e+003	 2.67279e+001	 1.01414e+002
1258	 1.2770000000e+003	 2.64173e+001	 9.98632e+001
1259	 1.2780000000e+003	 2.60663e+001	 9.83240e+001
1260	 1.2790000000e+003	 2.56678e+001	 9.68114e+001
1261	 1.2800000000e+003	 2.52714e+001	 9.52980e+001
1262	 1.2810000000e+003	 2.48557e+001	 9.38236e+001
1263	 1.2820000000e+003	 2.44037e+001	 9.23827e+001
1264	 1.2830000000e+003	 2.39359e+001	 9.09522e+001
1265	 1.2840000000e+003	 2.34465e+001	 8.95360e+001
1266	 1.2850000000e+003	 2.29346e+001	 8.81437e+001
1267	 1.2860000000e+003	 2.24046e+001	 8.67703e+001
1268	 1.2870000000e+003	 2.18625e+001	 8.54393e+001
1269	 1.2880000000e+003	 2.12800e+001	 8.40966e+001
1270	 1.2890000000e+003	 2.06451e+001	 8.27740e+001
1271	 1.2900000000e+003	 2.00116e+001	 8.14797e+001
1272	 1.2910000000e+003	 1.93700e+001	 8.01977e+001
1273	 1.2920000000e+003	 1.86834e+001	 7.89264e+001
1274	 1.2930000000e+003	 1.79859e+001	 7.76673e+001
1275	 1.2940000000e+003	 1.72625e+001	 7.64368e+001
1276	 1.2950000000e+003	 1.65259e+001	 7.52126e+001
1277	 1.2960000000e+003	 1.57402e+001	 7.40194e+001
1278	 1.2970000000e+003	 1.49392e+001	 7.28540e+001
1279	 1.2980000000e+003	 1.41092e+001	 7.16794e+001
1280	 1.2990000000e+003	 1.32301e+001	 7.05154e+001
1281	 1.3000000000e+003	 1.23347e+001	 6.93880e+001
1282	 1.3010000000e+003	 1.14043e+001	 6.82602e+001
1283	 1.3020000000e+003	 1.04579e+001	 6.71630e+001
1284	 1.3030000000e+003	 9.47320e+000	 6.60822e+001
1285	 1.3040000000e+003	 8.47374e+000	 6.50298e+001
1286	 1.3050000000e+003	 7.42763e+000	 6.39910e+001
1287	 1.3060000000e+003	 6.32554e+000	 6.29573e+001
1288	 1.3070000000e+003	 5.22078e+000	 6.19560e+001
1289	 1.3080000000e+003	 4.06947e+000	 6.09913e+001
1290	 1.3090000000e+003	 2.87792e+000	 6.00335e+001
1291	 1.3100000000e+003	 1.65317e+000	 5.91133e+001
1292	 1.3110000000e+003	 3.91931e-001	 5.82473e+001
1293	 1.3120000000e+003	-9.14329e-001	 5.73794e+001
1294	 1.3130000000e+003	-2.24468e+000	 5.65417e+001
1295	 1.3140000000e+003	-3.59642e+000	 5.57473e+001
1296	 1.3150000000e+003	-5.00536e+000	 5.49871e+001
1297	 1.3160000000e+003	-6.46760e+000	 5.42677e+001
1298	 1.3170000000e+003	-7.93953e+000	 5.35745e+001
1299	 1.3180000000e+003	-9.44833e+000	 5.29081e+001
1300	 1.3190000000e+003	-1.10051e+001	 5.22903e+001
1301	 1.3200000000e+003	-1.26125e+001	 5.17082e+001
1302	 1.3210000000e+003	-1.42832e+001	 5.11608e+001
1303	 1.3220000000e+003	-1.59827e+001	 5.06879e+001
1304	 1.3230000000e+003	-1.77279e+001	 5.02673e+001
1305	 1.3240000000e+003	-1.95242e+001	 4.98781e+001
1306	 1.3250000000e+003	-2.13643e+001	 4.95484e+001
1307	 1.3260000000e+003	-2.32662e+001	 4.93002e+001
1308	 1.3270000000e+003	-2.52039e+001	 4.91041e+001
1309	 1.3280000000e+003	-2.71941e+001	 4.89972e+001
1310	 1.3290000000e+003	-2.92263e+001	 4.89525e+001
1311	 1.3300000000e+003	-3.12934e+001	 4.90107e+001
1312	 1.3310000000e+003	-3.34270e+001	 4.91384e+001
1313	 1.3320000000e+003	-3.56094e+001	 4.93372e+001
1314	 1.3330000000e+003	-3.78230e+001	 4.96779e+001
1315	 1.3340000000e+003	-4.01027e+001	 5.01221e+001
1316	 1.3350000000e+003	-4.24221e+001	 5.06612e+001
1317	 1.3360000000e+003	-4.47927e+001	 5.13436e+001
1318	 1.3370000000e+003	-4.71971e+001	 5.21634e+001
1319	 1.3380000000e+003	-4.96240e+001	 5.31579e+001
1320	 1.3390000000e+003	-5.20677e+001	 5.43162e+001
1321	 1.3400000000e+003	-5.45327e+001	 5.56538e+001
1322	 1.3410000000e+003	-5.70095e+001	 5.71926e+001
1323	 1.3420000000e+003	-5.94608e+001	 5.89414e+001
1324	 1.3430000000e+003	-6.18602e+001	 6.08713e+001
1325	 1.3440000000e+003	-6.41841e+001	 6.30636e+001
1326	 1.3450000000e+003	-6.64592e+001	 6.54842e+001
1327	 1.3460000000e+003	-6.86030e+001	 6.81412e+001
1328	 1.3470000000e+003	-7.06116e+001	 7.10882e+001
1329	 1.3480000000e+003	-7.24540e+001	 7.42476e+001
1330	 1.3490000000e+003	-7.40355e+001	 7.76596e+001
1331	 1.3500000000e+003	-7.53844e+001	 8.12873e+001
1332	 1.3510000000e+003	-7.65405e+001	 8.50765e+001
1333	 1.3520000000e+003	-7.72876e+001	 8.90498e+001
1334	 1.3530000000e+003	-7.76958e+001	 9.31966e+001
1335	 1.3540000000e+003	-7.77335e+001	 9.74151e+001
1336	 1.3550000000e+003	-7.73910e+001	 1.01649e+002
1337	 1.3560000000e+003	-7.66306e+001	 1.05909e+002
1338	 1.3570000000e+003	-7.54042e+001	 1.10087e+002
1339	 1.3580000000e+003	-7.37977e+001	 1.14148e+002
1340	 1.3590000000e+003	-7.18332e+001	 1.18075e+002
1341	 1.3600000000e+003	-6.94740e+001	 1.21727e+002
1342	 1.3610000000e+003	-6.68234e+001	 1.25142e+002
1343	 1.3620000000e+003	-6.38441e+001	 1.28265e+002
1344	 1.3630000000e+003	-6.06680e+001	 1.31063e+002
1345	 1.3640000000e+003	-5.72615e+001	 1.33514e+002
1346	 1.3650000000e+003	-5.37373e+001	 1.35573e+002
1347	 1.3660000000e+003	-5.01241e+001	 1.37277e+002
1348	 1.3670000000e+003	-4.64947e+001	 1.38618e+002
1349	 1.3680000000e+003	-4.28517e+001	 1.39630e+002
1350	 1.3690000000e+003	-3.92767e+001	 1.40309e+002
1351	 1.3700000000e+003	-3.57186e+001	 1.40698e+002
1352	 1.3710000000e+003	-3.22564e+001	 1.40809e+002
1353	 1.3720000000e+003	-2.89598e+001	 1.40648e+002
1354	 1.3730000000e+003	-2.57829e+001	 1.40282e+002
1355	 1.3740000000e+003	-2.27720e+001	 1.39720e+002
1356	 1.3750000000e+003	-1.98930e+001	 1.38970e+002
1357	 1.3760000000e+003	-1.71822e+001	 1.38071e+002
1358	 1.3770000000e+003	-1.46353e+001	 1.37057e+002
1359	 1.3780000000e+003	-1.22531e+001	 1.35928e+002
1360	 1.3790000000e+003	-1.00315e+001	 1.34739e+002
1361	 1.3800000000e+003	-7.96900e+000	 1.33469e+002
1362	 1.3810000000e+003	-6.06072e+000	 1.32166e+002
1363	 1.3820000000e+003	-4.25043e+000	 1.30810e+002
1364	 1.3830000000e+003	-2.58437e+000	 1.29436e+002
1365	 1.3840000000e+003	-1.05470e+000	 1.28035e+002
1366	 1.3850000000e+003	 3.74206e-001	 1.26635e+002
1367	 1.3860000000e+003	 1.67938e+000	 1.25239e+002
1368	 1.3870000000e+003	 2.89187e+000	 1.23823e+002
1369	 1.3880000000e+003	 4.01754e+000	 1.22409e+002
1370	 1.3890000000e+003	 5.04988e+000	 1.21033e+002
1371	 1.3900000000e+003	 5.99378e+000	 1.19652e+002
1372	 1.3910000000e+003	 6.87167e+000	 1.18278e+002
1373	 1.3920000000e+003	 7.68750e+000	 1.16939e+002
1374	 1.3930000000e+003	 8.43429e+000	 1.15636e+002
1375	 1.3940000000e+003	 9.12938e+000	 1.14320e+002
1376	 1.3950000000e+003	 9.77576e+000	 1.13033e+002
1377	 1.3960000000e+003	 1.03663e+001	 1.11747e+002
1378	 1.3970000000e+003	 1.08938e+001	 1.10477e+002
1379	 1.3980000000e+003	 1.13735e+001	 1.09233e+002
1380	 1.3990000000e+003	 1.18157e+001	 1.08013e+002
1381	 1.4000000000e+003	 1.22362e+001	 1.06801e+002
1382	 1.4010000000e+003	 1.26131e+001	 1.05623e+002
1383	 1.4020000000e+003	 1.29559e+001	 1.04442e+002
1384	 1.4030000000e+003	 1.32584e+001	 1.03261e+002
1385	 1.4040000000e+003	 1.35255e+001	 1.02112e+002
1386	 1.4050000000e+003	 1.37641e+001	 1.00973e+002
1387	 1.4060000000e+003	 1.39598e+001	 9.98590e+001
1388	 1.4070000000e+003	 1.41310e+001	 9.87567e+001
1389	 1.4080000000e+003	 1.42897e+001	 9.76627e+001
1390	 1.4090000000e+003	 1.44096e+001	 9.65760e+001
1391	 1.4100000000e+003	 1.44957e+001	 9.55019e+001
1392	 1.4110000000e+003	 1.45560e+001	 9.44584e+001
1393	 1.4120000000e+003	 1.45957e+001	 9.34299e+001
1394	 1.4130000000e+003	 1.46313e+001	 9.24142e+001
1395	 1.4140000000e+003	 1.46350e+001	 9.13983e+001
1396	 1.4150000000e+003	 1.46042e+001	 9.03774e+001
1397	 1.4160000000e+003	 1.45638e+001	 8.93843e+001
1398	 1.4170000000e+003	 1.44871e+001	 8.84232e+001
1399	 1.4180000000e+003	 1.43799e+001	 8.74604e+001
1400	 1.4190000000e+003	 1.42783e+001	 8.65056e+001
1401	 1.4200000000e+003	 1.41474e+001	 8.55738e+001
1402	 1.4210000000e+003	 1.40016e+001	 8.46391e+001
1403	 1.4220000000e+003	 1.38287e+001	 8.37208e+001
1404	 1.4230000000e+003	 1.36394e+001	 8.28125e+001
1405	 1.4240000000e+003	 1.34313e+001	 8.19253e+001
1406	 1.4250000000e+003	 1.32108e+001	 8.10432e+001
1407	 1.4260000000e+003	 1.29655e+001	 8.01778e+001
1408	 1.4270000000e+003	 1.27083e+001	 7.93078e+001
1409	 1.4280000000e+003	 1.24316e+001	 7.84749e+001
1410	 1.4290000000e+003	 1.21402e+001	 7.76425e+001
1411	 1.4300000000e+003	 1.18276e+001	 7.68137e+001
1412	 1.4310000000e+003	 1.14933e+001	 7.59933e+001
1413	 1.4320000000e+003	 1.11515e+001	 7.51863e+001
1414	 1.4330000000e+003	 1.07798e+001	 7.43983e+001
1415	 1.4340000000e+003	 1.04020e+001	 7.36310e+001
1416	 1.4350000000e+003	 1.00091e+001	 7.28680e+001
1417	 1.4360000000e+003	 9.60200e+000	 7.21074e+001
1418	 1.4370000000e+003	 9.18092e+000	 7.13659e+001
1419	 1.4380000000e+003	 8.73961e+000	 7.06343e+001
1420	 1.4390000000e+003	 8.29819e+000	 6.99123e+001
1421	 1.4400000000e+003	 7.84040e+000	 6.91972e+001
1422	 1.4410000000e+003	 7.36541e+000	 6.84856e+001
1423	 1.4420000000e+003	 6.86847e+000	 6.77830e+001
1424	 1.4430000000e+003	 6.34909e+000	 6.71066e+001
1425	 1.4440000000e+003	 5.82345e+000	 6.64314e+001
1426	 1.4450000000e+003	 5.28039e+000	 6.57681e+001
1427	 1.4460000000e+003	 4.72107e+000	 6.50942e+001
1428	 1.4470000000e+003	 4.15322e+000	 6.44369e+001
1429	 1.4480000000e+003	 3.56026e+000	 6.37966e+001
1430	 1.4490000000e+003	 2.89850e+000	 6.32294e+001
1431	 1.4500000000e+003	 2.20997e+000	 6.26787e+001
1432	 1.4510000000e+003	 1.61007e+000	 6.19380e+001
1433	 1.4520000000e+003	 9.37539e-001	 6.13149e+001
1434	 1.4530000000e+003	 2.24038e-001	 6.07122e+001
1435	 1.4540000000e+003	-5.07797e-001	 6.01232e+001
1436	 1.4550000000e+003	-1.26695e+000	 5.95626e+001
1437	 1.4560000000e+003	-2.06219e+000	 5.90180e+001
1438	 1.4570000000e+003	-2.87586e+000	 5.84832e+001
1439	 1.4580000000e+003	-3.72038e+000	 5.79526e+001
1440	 1.4590000000e+003	-4.59861e+000	 5.74532e+001
1441	 1.4600000000e+003	-5.50715e+000	 5.69862e+001
1442	 1.4610000000e+003	-6.43906e+000	 5.65361e+001
1443	 1.4620000000e+003	-7.38921e+000	 5.61259e+001
1444	 1.4630000000e+003	-8.38911e+000	 5.57197e+001
1445	 1.4640000000e+003	-9.42114e+000	 5.53489e+001
1446	 1.4650000000e+003	-1.04720e+001	 5.50087e+001
1447	 1.4660000000e+003	-1.15531e+001	 5.47179e+001
1448	 1.4670000000e+003	-1.26598e+001	 5.44587e+001
1449	 1.4680000000e+003	-1.38054e+001	 5.42286e+001
1450	 1.4690000000e+003	-1.49662e+001	 5.40438e+001
1451	 1.4700000000e+003	-1.61605e+001	 5.39409e+001
1452	 1.4710000000e+003	-1.74103e+001	 5.38804e+001
1453	 1.4720000000e+003	-1.86593e+001	 5.38289e+001
1454	 1.4730000000e+003	-1.98902e+001	 5.38486e+001
1455	 1.4740000000e+003	-2.11914e+001	 5.39577e+001
1456	 1.4750000000e+003	-2.25334e+001	 5.41228e+001
1457	 1.4760000000e+003	-2.38260e+001	 5.43091e+001
1458	 1.4770000000e+003	-2.51520e+001	 5.46053e+001
1459	 1.4780000000e+003	-2.65271e+001	 5.49751e+001
1460	 1.4790000000e+003	-2.78440e+001	 5.53362e+001
1461	 1.4800000000e+003	-2.91356e+001	 5.58580e+001
1462	 1.4810000000e+003	-3.05491e+001	 5.64601e+001
1463	 1.4820000000e+003	-3.18599e+001	 5.70229e+001
1464	 1.4830000000e+003	-3.30945e+001	 5.77969e+001
1465	 1.4840000000e+003	-3.44847e+001	 5.86396e+001
1466	 1.4850000000e+003	-3.57448e+001	 5.94048e+001
1467	 1.4860000000e+003	-3.68946e+001	 6.04135e+001
1468	 1.4870000000e+003	-3.82798e+001	 6.14943e+001
1469	 1.4880000000e+003	-3.94069e+001	 6.24836e+001
1470	 1.4890000000e+003	-4.04999e+001	 6.38060e+001
1471	 1.4900000000e+003	-4.18265e+001	 6.50828e+001
1472	 1.4910000000e+003	-4.26920e+001	 6.63224e+001
1473	 1.4920000000e+003	-4.37659e+001	 6.79917e+001
1474	 1.4930000000e+003	-4.47738e+001	 6.93569e+001
1475	 1.4940000000e+003	-4.54412e+001	 7.10138e+001
1476	 1.4950000000e+003	-4.64685e+001	 7.28919e+001
1477	 1.4960000000e+003	-4.69496e+001	 7.43850e+001
1478	 1.4970000000e+003	-4.76472e+001	 7.66171e+001
1479	 1.4980000000e+003	-4.81779e+001	 7.82341e+001
1480	 1.4990000000e+003	-4.84103e+001	 8.04423e+001
1481	 1.5000000000e+003	-4.88477e+001	 8.25399e+001
1482	 1.5010000000e+003	-4.87103e+001	 8.44610e+001
1483	 1.5020000000e+003	-4.87890e+001	 8.70371e+001
1484	 1.5030000000e+003	-4.84837e+001	 8.86379e+001
1485	 1.5040000000e+003	-4.80227e+001	 9.15160e+001
1486	 1.5050000000e+003	-4.76179e+001	 9.29525e+001
1487	 1.5060000000e+003	-4.65969e+001	 9.58270e+001
1488	 1.5070000000e+003	-4.60294e+001	 9.72167e+001
1489	 1.5080000000e+003	-4.44844e+001	 9.99078e+001
1490	 1.5090000000e+003	-4.37874e+001	 1.01231e+002
1491	 1.5100000000e+003	-4.18291e+001	 1.03656e+002
1492	 1.5110000000e+003	-4.09422e+001	 1.04806e+002
1493	 1.5120000000e+003	-3.85800e+001	 1.06897e+002
1494	 1.5130000000e+003	-3.76003e+001	 1.07827e+002
1495	 1.5140000000e+003	-3.49093e+001	 1.09625e+002
1496	 1.5150000000e+003	-3.39305e+001	 1.10249e+002
1497	 1.5160000000e+003	-3.09752e+001	 1.11690e+002
1498	 1.5170000000e+003	-2.99943e+001	 1.12067e+002
1499	 1.5180000000e+003	-2.69501e+001	 1.13091e+002
1500	 1.5190000000e+003	-2.58491e+001	 1.13298e+002
1501	 1.5200000000e+003	-2.31428e+001	 1.13893e+002
1502	 1.5210000000e+003	-2.15884e+001	 1.13935e+002
1503	 1.5220000000e+003	-1.97791e+001	 1.14169e+002
1504	 1.5230000000e+003	-1.74437e+001	 1.13995e+002
1505	 1.5240000000e+003	-1.64697e+001	 1.14016e+002
1506	 1.5250000000e+003	-1.35330e+001	 1.13588e+002
1507	 1.5260000000e+003	-1.27844e+001	 1.13389e+002
1508	 1.5270000000e+003	-1.04523e+001	 1.12903e+002
1509	 1.5280000000e+003	-9.07669e+000	 1.12364e+002
1510	 1.5290000000e+003	-8.13214e+000	 1.12105e+002
1511	 1.5300000000e+003	-5.72657e+000	 1.11051e+002
1512	 1.5310000000e+003	-5.12015e+000	 1.10746e+002
1513	 1.5320000000e+003	-3.41583e+000	 1.09919e+002
1514	 1.5330000000e+003	-2.08061e+000	 1.09009e+002
1515	 1.5340000000e+003	-1.52654e+000	 1.08676e+002
1516	 1.5350000000e+003	 4.27992e-001	 1.07296e+002
1517	 1.5360000000e+003	 1.10352e+000	 1.06688e+002
1518	 1.5370000000e+003	 1.69869e+000	 1.06243e+002
1519	 1.5380000000e+003	 3.39342e+000	 1.04663e+002
1520	 1.5390000000e+003	 3.85574e+000	 1.04131e+002
1521	 1.5400000000e+003	 4.40789e+000	 1.03615e+002
1522	 1.5410000000e+003	 5.83906e+000	 1.01924e+002
1523	 1.5420000000e+003	 6.20125e+000	 1.01389e+002
1524	 1.5430000000e+003	 6.62518e+000	 1.00892e+002
1525	 1.5440000000e+003	 7.84223e+000	 9.91586e+001
1526	 1.5450000000e+003	 8.19385e+000	 9.85190e+001
1527	 1.5460000000e+003	 8.48551e+000	 9.80494e+001
1528	 1.5470000000e+003	 9.32361e+000	 9.65932e+001
1529	 1.5480000000e+003	 9.80440e+000	 9.55870e+001
1530	 1.5490000000e+003	 1.00200e+001	 9.50683e+001
1531	 1.5500000000e+003	 1.01791e+001	 9.43740e+001
1532	 1.5510000000e+003	 1.10413e+001	 9.26365e+001
1533	 1.5520000000e+003	 1.12363e+001	 9.20479e+001
1534	 1.5530000000e+003	 1.14185e+001	 9.15019e+001
1535	 1.5540000000e+003	 1.17220e+001	 9.06056e+001
1536	 1.5550000000e+003	 1.21000e+001	 8.90605e+001
1537	 1.5560000000e+003	 1.22023e+001	 8.84980e+001
1538	 1.5570000000e+003	 1.23186e+001	 8.79229e+001
1539	 1.5580000000e+003	 1.24687e+001	 8.72071e+001
1540	 1.5590000000e+003	 1.27088e+001	 8.55381e+001
1541	 1.5600000000e+003	 1.27423e+001	 8.49699e+001
1542	 1.5610000000e+003	 1.27819e+001	 8.43758e+001
1543	 1.5620000000e+003	 1.28259e+001	 8.38084e+001
1544	 1.5630000000e+003	 1.28846e+001	 8.25635e+001
1545	 1.5640000000e+003	 1.28635e+001	 8.14635e+001
1546	 1.5650000000e+003	 1.28289e+001	 8.09200e+001
1547	 1.5660000000e+003	 1.27891e+001	 8.03229e+001
1548	 1.5670000000e+003	 1.27461e+001	 7.97473e+001
1549	 1.5680000000e+003	 1.26929e+001	 7.90269e+001
1550	 1.5690000000e+003	 1.24768e+001	 7.75826e+001
1551	 1.5700000000e+003	 1.23791e+001	 7.70451e+001
1552	 1.5710000000e+003	 1.22848e+001	 7.64436e+001
1553	 1.5720000000e+003	 1.21715e+001	 7.58333e+001
1554	 1.5730000000e+003	 1.20362e+001	 7.52566e+001
1555	 1.5740000000e+003	 1.19053e+001	 7.47324e+001
1556	 1.5750000000e+003	 1.14982e+001	 7.33310e+001
1557	 1.5760000000e+003	 1.13028e+001	 7.27658e+001
1558	 1.5770000000e+003	 1.11313e+001	 7.22390e+001
1559	 1.5780000000e+003	 1.09272e+001	 7.16545e+001
1560	 1.5790000000e+003	 1.07008e+001	 7.10731e+001
1561	 1.5800000000e+003	 1.04663e+001	 7.05077e+001
1562	 1.5810000000e+003	 1.02149e+001	 6.99426e+001
1563	 1.5820000000e+003	 9.98699e+000	 6.94148e+001
1564	 1.5830000000e+003	 9.77426e+000	 6.89244e+001
1565	 1.5840000000e+003	 9.13560e+000	 6.76788e+001
1566	 1.5850000000e+003	 8.82646e+000	 6.72193e+001
1567	 1.5860000000e+003	 8.53633e+000	 6.67373e+001
1568	 1.5870000000e+003	 8.23957e+000	 6.62253e+001
1569	 1.5880000000e+003	 7.89788e+000	 6.56979e+001
1570	 1.5890000000e+003	 7.52579e+000	 6.51703e+001
1571	 1.5900000000e+003	 7.14810e+000	 6.46519e+001
1572	 1.5910000000e+003	 6.77405e+000	 6.41440e+001
1573	 1.5920000000e+003	 6.38785e+000	 6.36322e+001
1574	 1.5930000000e+003	 5.97871e+000	 6.31271e+001
1575	 1.5940000000e+003	 5.54895e+000	 6.26251e+001
1576	 1.5950000000e+003	 5.11015e+000	 6.21354e+001
1577	 1.5960000000e+003	 4.67401e+000	 6.16578e+001
1578	 1.5970000000e+003	 4.21608e+000	 6.12028e+001
1579	 1.5980000000e+003	 3.72805e+000	 6.07251e+001
1580	 1.5990000000e+003	 3.22851e+000	 6.02441e+001
1581	 1.6000000000e+003	 2.70585e+000	 5.98244e+001
1582	 1.6010000000e+003	 2.19393e+000	 5.94028e+001
1583	 1.6020000000e+003	 1.68792e+000	 5.89656e+001
1584	 1.6030000000e+003	 1.13930e+000	 5.84828e+001
1585	 1.6040000000e+003	 5.31212e-001	 5.81120e+001
1586	 1.6050000000e+003	-8.37096e-002	 5.77295e+001
1587	 1.6060000000e+003	-6.44937e-001	 5.72980e+001
1588	 1.6070000000e+003	-1.24058e+000	 5.70184e+001
1589	 1.6080000000e+003	-1.93797e+000	 5.66989e+001
1590	 1.6090000000e+003	-2.74094e+000	 5.62854e+001
1591	 1.6100000000e+003	-3.52225e+000	 5.58909e+001
1592	 1.6110000000e+003	-4.16045e+000	 5.57111e+001
1593	 1.6120000000e+003	-4.89244e+000	 5.53567e+001
1594	 1.6130000000e+003	-5.48718e+000	 5.46749e+001
1595	 1.6140000000e+003	-6.04936e+000	 5.40541e+001
1596	 1.6150000000e+003	-6.88405e+000	 5.39812e+001
1597	 1.6160000000e+003	-7.81341e+000	 5.43480e+001
1598	 1.6170000000e+003	-8.11720e+000	 5.46000e+001
1599	 1.6180000000e+003	-8.25170e+000	 5.34272e+001
1600	 1.6190000000e+003	-9.47810e+000	 5.23894e+001
1601	 1.6200000000e+003	-1.21929e+001	 5.30402e+001
TagsBegin:	 	 	 
OverLoad:	 	False	 
AverageNumber: []	 	 8.80000e+001	 
OverLoadRatio: []	 	 1.19209e-007	 
TagsEnd:	 	 	 
TagScalesBegin:	 	 	 
TagScalesEnd:	 	 	 
