Header Size:	 79	 	 
Pulse Version:	 80	 	 
Running Pulse Version:	PULSE LabShop Fast Track Version 18.1.1.9 - 2014-01-16	 	 
Decimal Symbol:	.	 	 
Date Format:	M/d/yyyy	 	 
Time Format:	HH:mm:ss:mmm	 	 
Data Type:	Complex	 	 
Slice:	False	 	 
Z-Axis type:	Linear	 	 
Z-Axis size:	1	 	 
Z-Axis unit:	 	 	 
Z-Axis first value:	 0.0000000000e+000	 	 
Z-Axis delta:	 1.0000000000e+000	 	 
X-Axis type:	Linear	 	 
X-Axis size:	1601	 	 
X-Axis unit:	Hz	 	 
X-Axis first value:	 2.0000000000e+001	 	 
X-Axis delta:	 1.0000000000e+000	 	 
	 	 	 
AmplitudeUnit:	Pa/(m/s)	 	 
Analyzer:	FFT_Spectrum_Averaging	 	 
AnalyzerName:	FFT Analyzer	 	 
	 	 	 
	 	 	 
Bipolar:	True	 	 
CenterFrequency:	 8.2000000000e+002	 	 
	 	 	 
	 	 	 
	 	 	 
	 	 	 
	 	 	 
	 	 	 
	 	 	 
	 	 	 
Domain:	1	 	 
Function:	Frequency Response	 	 
	 	 	 
InputRange:	-1.0000000000e-001	 	 
	 	 	 
	 	 	 
MultiBufferName:	Input	 	 
NBW:	 1.5000000000e+000	 	 
	 	 	 
OverlapFailed:	False	 	 
Overrun:	False	 	 
Power:	False	 	 
	 	 	 
Ratio:	True	 	 
RecordLength:	 1.0000000000e+000	 	 
ReducedSize:	True	 	 
Ref_Signal:	v	 	 
	 	 	 
	 	 	 
RefSignalUnit:	m/s	 	 
	 	 	 
	 	 	 
Signal:	p	 	 
	 	 	 
SignalUnit:	Pa	 	 
	 	 	 
	 	 	 
	 	 	 
Title:	Input Impedance	 	 
Title1:	Working : Input : Input : FFT Analyzer	 	 
	 	 	 
	 	 	 
	 	 	 
ZoomOn:	True	 	 
	 	 	 
TemplateName:	Working	 	 
MeasurementName:	Input	 	 
MeasurementSlice:	False	 	 
	 	 	 
	 	 	 
	 	 	 
EnvelopeOn:	False	 	 
	 	 	 
	 	 	 
	 	 	 
Z-index:	 	1	 
Date:	 	5/23/2022	 
Time:	 	18:44:17:499	 
Relative time:	 	 0.00000e+000	 
Z-axis:	 	 0.0000000000e+000	 
1	 2.0000000000e+001	 1.52383e+000	 5.92134e+001
2	 2.1000000000e+001	 1.79638e+000	 6.22170e+001
3	 2.2000000000e+001	 1.93404e+000	 6.46774e+001
4	 2.3000000000e+001	 2.41020e+000	 6.82059e+001
5	 2.4000000000e+001	 2.38399e+000	 7.18556e+001
6	 2.5000000000e+001	 3.20117e+000	 7.54436e+001
7	 2.6000000000e+001	 3.01475e+000	 7.92500e+001
8	 2.7000000000e+001	 4.06657e+000	 8.30938e+001
9	 2.8000000000e+001	 3.91096e+000	 8.69015e+001
10	 2.9000000000e+001	 4.71971e+000	 9.10737e+001
11	 3.0000000000e+001	 4.90829e+000	 9.52873e+001
12	 3.1000000000e+001	 5.41869e+000	 9.97206e+001
13	 3.2000000000e+001	 6.23878e+000	 1.04371e+002
14	 3.3000000000e+001	 6.29288e+000	 1.08857e+002
15	 3.4000000000e+001	 7.57763e+000	 1.14039e+002
16	 3.5000000000e+001	 7.85325e+000	 1.18994e+002
17	 3.6000000000e+001	 8.52726e+000	 1.24293e+002
18	 3.7000000000e+001	 9.87568e+000	 1.30159e+002
19	 3.8000000000e+001	 1.02385e+001	 1.35742e+002
20	 3.9000000000e+001	 1.13964e+001	 1.41905e+002
21	 4.0000000000e+001	 1.29505e+001	 1.48603e+002
22	 4.1000000000e+001	 1.35637e+001	 1.55015e+002
23	 4.2000000000e+001	 1.49622e+001	 1.62151e+002
24	 4.3000000000e+001	 1.67335e+001	 1.70235e+002
25	 4.4000000000e+001	 1.79975e+001	 1.77951e+002
26	 4.5000000000e+001	 1.97031e+001	 1.86459e+002
27	 4.6000000000e+001	 2.19878e+001	 1.96040e+002
28	 4.7000000000e+001	 2.45415e+001	 2.05970e+002
29	 4.8000000000e+001	 2.63988e+001	 2.16070e+002
30	 4.9000000000e+001	 2.97487e+001	 2.27726e+002
31	 5.0000000000e+001	 3.33551e+001	 2.40352e+002
32	 5.1000000000e+001	 3.72377e+001	 2.53763e+002
33	 5.2000000000e+001	 4.10621e+001	 2.67879e+002
34	 5.3000000000e+001	 4.68500e+001	 2.84387e+002
35	 5.4000000000e+001	 5.33616e+001	 3.02383e+002
36	 5.5000000000e+001	 6.05982e+001	 3.22067e+002
37	 5.6000000000e+001	 6.88224e+001	 3.42853e+002
38	 5.7000000000e+001	 7.97048e+001	 3.68284e+002
39	 5.8000000000e+001	 9.34702e+001	 3.95424e+002
40	 5.9000000000e+001	 1.09898e+002	 4.27251e+002
41	 6.0000000000e+001	 1.30299e+002	 4.61391e+002
42	 6.1000000000e+001	 1.55075e+002	 5.02358e+002
43	 6.2000000000e+001	 1.91509e+002	 5.49204e+002
44	 6.3000000000e+001	 2.37803e+002	 6.03318e+002
45	 6.4000000000e+001	 3.00413e+002	 6.63322e+002
46	 6.5000000000e+001	 3.86109e+002	 7.29293e+002
47	 6.6000000000e+001	 5.09621e+002	 8.01680e+002
48	 6.7000000000e+001	 6.94292e+002	 8.55863e+002
49	 6.8000000000e+001	 9.43200e+002	 8.67408e+002
50	 6.9000000000e+001	 1.26155e+003	 7.68600e+002
51	 7.0000000000e+001	 1.57645e+003	 4.67617e+002
52	 7.1000000000e+001	 1.71819e+003	-2.69785e+001
53	 7.2000000000e+001	 1.54455e+003	-5.11908e+002
54	 7.3000000000e+001	 1.20957e+003	-7.81822e+002
55	 7.4000000000e+001	 9.01948e+002	-8.59330e+002
56	 7.5000000000e+001	 6.65546e+002	-8.38367e+002
57	 7.6000000000e+001	 4.96494e+002	-7.81190e+002
58	 7.7000000000e+001	 3.81489e+002	-7.15516e+002
59	 7.8000000000e+001	 2.97335e+002	-6.49139e+002
60	 7.9000000000e+001	 2.37484e+002	-5.91460e+002
61	 8.0000000000e+001	 1.93513e+002	-5.41490e+002
62	 8.1000000000e+001	 1.60861e+002	-4.96946e+002
63	 8.2000000000e+001	 1.34589e+002	-4.58111e+002
64	 8.3000000000e+001	 1.14758e+002	-4.24794e+002
65	 8.4000000000e+001	 9.87269e+001	-3.94016e+002
66	 8.5000000000e+001	 8.55024e+001	-3.67605e+002
67	 8.6000000000e+001	 7.48621e+001	-3.43894e+002
68	 8.7000000000e+001	 6.62453e+001	-3.23110e+002
69	 8.8000000000e+001	 5.85712e+001	-3.03831e+002
70	 8.9000000000e+001	 5.23303e+001	-2.86743e+002
71	 9.0000000000e+001	 4.71916e+001	-2.71024e+002
72	 9.1000000000e+001	 4.24547e+001	-2.56540e+002
73	 9.2000000000e+001	 3.84884e+001	-2.43305e+002
74	 9.3000000000e+001	 3.50233e+001	-2.31254e+002
75	 9.4000000000e+001	 3.21108e+001	-2.20048e+002
76	 9.5000000000e+001	 2.93121e+001	-2.09566e+002
77	 9.6000000000e+001	 2.69499e+001	-1.99963e+002
78	 9.7000000000e+001	 2.49809e+001	-1.90837e+002
79	 9.8000000000e+001	 2.30094e+001	-1.82306e+002
80	 9.9000000000e+001	 2.13873e+001	-1.74250e+002
81	 1.0000000000e+002	 1.98182e+001	-1.66763e+002
82	 1.0100000000e+002	 1.85857e+001	-1.59618e+002
83	 1.0200000000e+002	 1.73322e+001	-1.52896e+002
84	 1.0300000000e+002	 1.61312e+001	-1.46503e+002
85	 1.0400000000e+002	 1.52276e+001	-1.40408e+002
86	 1.0500000000e+002	 1.43106e+001	-1.34574e+002
87	 1.0600000000e+002	 1.34565e+001	-1.29034e+002
88	 1.0700000000e+002	 1.26643e+001	-1.23668e+002
89	 1.0800000000e+002	 1.19821e+001	-1.18613e+002
90	 1.0900000000e+002	 1.13738e+001	-1.13680e+002
91	 1.1000000000e+002	 1.07696e+001	-1.08960e+002
92	 1.1100000000e+002	 1.01665e+001	-1.04461e+002
93	 1.1200000000e+002	 9.70805e+000	-1.00033e+002
94	 1.1300000000e+002	 9.24029e+000	-9.57709e+001
95	 1.1400000000e+002	 8.83010e+000	-9.16588e+001
96	 1.1500000000e+002	 8.37758e+000	-8.76248e+001
97	 1.1600000000e+002	 8.02724e+000	-8.37355e+001
98	 1.1700000000e+002	 7.68541e+000	-7.99343e+001
99	 1.1800000000e+002	 7.39633e+000	-7.61747e+001
100	 1.1900000000e+002	 7.07431e+000	-7.25715e+001
101	 1.2000000000e+002	 6.79418e+000	-6.90310e+001
102	 1.2100000000e+002	 6.57693e+000	-6.55012e+001
103	 1.2200000000e+002	 6.38727e+000	-6.20879e+001
104	 1.2300000000e+002	 6.21375e+000	-5.87131e+001
105	 1.2400000000e+002	 6.02839e+000	-5.54149e+001
106	 1.2500000000e+002	 5.89091e+000	-5.21608e+001
107	 1.2600000000e+002	 5.79777e+000	-4.89784e+001
108	 1.2700000000e+002	 5.70047e+000	-4.58021e+001
109	 1.2800000000e+002	 5.60104e+000	-4.26846e+001
110	 1.2900000000e+002	 5.51730e+000	-3.96412e+001
111	 1.3000000000e+002	 5.45169e+000	-3.65694e+001
112	 1.3100000000e+002	 5.40321e+000	-3.35333e+001
113	 1.3200000000e+002	 5.40268e+000	-3.05209e+001
114	 1.3300000000e+002	 5.35474e+000	-2.75199e+001
115	 1.3400000000e+002	 5.33835e+000	-2.45345e+001
116	 1.3500000000e+002	 5.32003e+000	-2.15534e+001
117	 1.3600000000e+002	 5.37435e+000	-1.85632e+001
118	 1.3700000000e+002	 5.41134e+000	-1.55742e+001
119	 1.3800000000e+002	 5.43460e+000	-1.25658e+001
120	 1.3900000000e+002	 5.50472e+000	-9.58615e+000
121	 1.4000000000e+002	 5.57968e+000	-6.56217e+000
122	 1.4100000000e+002	 5.65355e+000	-3.50001e+000
123	 1.4200000000e+002	 5.80301e+000	-4.23503e-001
124	 1.4300000000e+002	 5.94067e+000	 2.70312e+000
125	 1.4400000000e+002	 6.08876e+000	 5.82971e+000
126	 1.4500000000e+002	 6.25089e+000	 9.03248e+000
127	 1.4600000000e+002	 6.46371e+000	 1.22570e+001
128	 1.4700000000e+002	 6.70835e+000	 1.55942e+001
129	 1.4800000000e+002	 6.99382e+000	 1.89777e+001
130	 1.4900000000e+002	 7.27259e+000	 2.24107e+001
131	 1.5000000000e+002	 7.64490e+000	 2.59744e+001
132	 1.5100000000e+002	 8.13282e+000	 2.96335e+001
133	 1.5200000000e+002	 8.67841e+000	 3.33555e+001
134	 1.5300000000e+002	 9.35034e+000	 3.72372e+001
135	 1.5400000000e+002	 1.00863e+001	 4.12071e+001
136	 1.5500000000e+002	 1.08642e+001	 4.53393e+001
137	 1.5600000000e+002	 1.16739e+001	 4.96396e+001
138	 1.5700000000e+002	 1.25945e+001	 5.41566e+001
139	 1.5800000000e+002	 1.35930e+001	 5.88764e+001
140	 1.5900000000e+002	 1.47035e+001	 6.39226e+001
141	 1.6000000000e+002	 1.59738e+001	 6.92153e+001
142	 1.6100000000e+002	 1.73962e+001	 7.48541e+001
143	 1.6200000000e+002	 1.91356e+001	 8.09392e+001
144	 1.6300000000e+002	 2.12136e+001	 8.74214e+001
145	 1.6400000000e+002	 2.37358e+001	 9.44311e+001
146	 1.6500000000e+002	 2.69383e+001	 1.02038e+002
147	 1.6600000000e+002	 3.09610e+001	 1.10260e+002
148	 1.6700000000e+002	 3.60865e+001	 1.19184e+002
149	 1.6800000000e+002	 4.26846e+001	 1.28926e+002
150	 1.6900000000e+002	 5.14244e+001	 1.39421e+002
151	 1.7000000000e+002	 6.31162e+001	 1.50495e+002
152	 1.7100000000e+002	 7.88399e+001	 1.61603e+002
153	 1.7200000000e+002	 9.99614e+001	 1.71398e+002
154	 1.7300000000e+002	 1.27581e+002	 1.77311e+002
155	 1.7400000000e+002	 1.61778e+002	 1.75016e+002
156	 1.7500000000e+002	 1.99088e+002	 1.58799e+002
157	 1.7600000000e+002	 2.30926e+002	 1.25439e+002
158	 1.7700000000e+002	 2.46262e+002	 7.89744e+001
159	 1.7800000000e+002	 2.39756e+002	 3.18773e+001
160	 1.7900000000e+002	 2.16553e+002	-4.12394e+000
161	 1.8000000000e+002	 1.86740e+002	-2.51671e+001
162	 1.8100000000e+002	 1.57509e+002	-3.37337e+001
163	 1.8200000000e+002	 1.32180e+002	-3.38138e+001
164	 1.8300000000e+002	 1.11569e+002	-2.86832e+001
165	 1.8400000000e+002	 9.53633e+001	-2.08810e+001
166	 1.8500000000e+002	 8.28333e+001	-1.17112e+001
167	 1.8600000000e+002	 7.32032e+001	-1.92758e+000
168	 1.8700000000e+002	 6.58128e+001	 8.00300e+000
169	 1.8800000000e+002	 6.01645e+001	 1.78927e+001
170	 1.8900000000e+002	 5.59189e+001	 2.77075e+001
171	 1.9000000000e+002	 5.27522e+001	 3.74809e+001
172	 1.9100000000e+002	 5.05014e+001	 4.71275e+001
173	 1.9200000000e+002	 4.89815e+001	 5.67137e+001
174	 1.9300000000e+002	 4.80921e+001	 6.63229e+001
175	 1.9400000000e+002	 4.77609e+001	 7.60481e+001
176	 1.9500000000e+002	 4.79672e+001	 8.59285e+001
177	 1.9600000000e+002	 4.87042e+001	 9.60764e+001
178	 1.9700000000e+002	 4.99463e+001	 1.06525e+002
179	 1.9800000000e+002	 5.18194e+001	 1.17476e+002
180	 1.9900000000e+002	 5.43152e+001	 1.28989e+002
181	 2.0000000000e+002	 5.75922e+001	 1.41075e+002
182	 2.0100000000e+002	 6.18090e+001	 1.53846e+002
183	 2.0200000000e+002	 6.71400e+001	 1.67515e+002
184	 2.0300000000e+002	 7.38308e+001	 1.81938e+002
185	 2.0400000000e+002	 8.21902e+001	 1.97114e+002
186	 2.0500000000e+002	 9.27073e+001	 2.13061e+002
187	 2.0600000000e+002	 1.05695e+002	 2.29376e+002
188	 2.0700000000e+002	 1.21448e+002	 2.45468e+002
189	 2.0800000000e+002	 1.39977e+002	 2.61045e+002
190	 2.0900000000e+002	 1.61062e+002	 2.75469e+002
191	 2.1000000000e+002	 1.84310e+002	 2.88558e+002
192	 2.1100000000e+002	 2.08822e+002	 3.00828e+002
193	 2.1200000000e+002	 2.34850e+002	 3.13394e+002
194	 2.1300000000e+002	 2.63566e+002	 3.27930e+002
195	 2.1400000000e+002	 2.97730e+002	 3.44952e+002
196	 2.1500000000e+002	 3.40717e+002	 3.63867e+002
197	 2.1600000000e+002	 3.96846e+002	 3.82671e+002
198	 2.1700000000e+002	 4.70503e+002	 3.95924e+002
199	 2.1800000000e+002	 5.65654e+002	 3.94739e+002
200	 2.1900000000e+002	 6.81819e+002	 3.64562e+002
201	 2.2000000000e+002	 8.07324e+002	 2.86193e+002
202	 2.2100000000e+002	 9.13918e+002	 1.46748e+002
203	 2.2200000000e+002	 9.61135e+002	-4.18611e+001
204	 2.2300000000e+002	 9.25777e+002	-2.35024e+002
205	 2.2400000000e+002	 8.25141e+002	-3.86228e+002
206	 2.2500000000e+002	 6.97387e+002	-4.77035e+002
207	 2.2600000000e+002	 5.73296e+002	-5.16867e+002
208	 2.2700000000e+002	 4.67169e+002	-5.22839e+002
209	 2.2800000000e+002	 3.81394e+002	-5.09995e+002
210	 2.2900000000e+002	 3.13935e+002	-4.88066e+002
211	 2.3000000000e+002	 2.60813e+002	-4.62564e+002
212	 2.3100000000e+002	 2.18927e+002	-4.36366e+002
213	 2.3200000000e+002	 1.85755e+002	-4.10815e+002
214	 2.3300000000e+002	 1.59215e+002	-3.86670e+002
215	 2.3400000000e+002	 1.37607e+002	-3.64179e+002
216	 2.3500000000e+002	 1.19993e+002	-3.43361e+002
217	 2.3600000000e+002	 1.05518e+002	-3.24281e+002
218	 2.3700000000e+002	 9.34482e+001	-3.06661e+002
219	 2.3800000000e+002	 8.33617e+001	-2.90531e+002
220	 2.3900000000e+002	 7.48574e+001	-2.75752e+002
221	 2.4000000000e+002	 6.76402e+001	-2.62112e+002
222	 2.4100000000e+002	 6.13870e+001	-2.49593e+002
223	 2.4200000000e+002	 5.60457e+001	-2.38022e+002
224	 2.4300000000e+002	 5.13069e+001	-2.27301e+002
225	 2.4400000000e+002	 4.71998e+001	-2.17324e+002
226	 2.4500000000e+002	 4.35654e+001	-2.07984e+002
227	 2.4600000000e+002	 4.03927e+001	-1.99299e+002
228	 2.4700000000e+002	 3.75439e+001	-1.91128e+002
229	 2.4800000000e+002	 3.50030e+001	-1.83451e+002
230	 2.4900000000e+002	 3.27384e+001	-1.76216e+002
231	 2.5000000000e+002	 3.06859e+001	-1.69451e+002
232	 2.5100000000e+002	 2.88533e+001	-1.62880e+002
233	 2.5200000000e+002	 2.72318e+001	-1.56694e+002
234	 2.5300000000e+002	 2.57368e+001	-1.50838e+002
235	 2.5400000000e+002	 2.43607e+001	-1.45252e+002
236	 2.5500000000e+002	 2.31426e+001	-1.39922e+002
237	 2.5600000000e+002	 2.20041e+001	-1.34820e+002
238	 2.5700000000e+002	 2.09674e+001	-1.29915e+002
239	 2.5800000000e+002	 2.00439e+001	-1.25239e+002
240	 2.5900000000e+002	 1.91874e+001	-1.20699e+002
241	 2.6000000000e+002	 1.83987e+001	-1.16353e+002
242	 2.6100000000e+002	 1.76764e+001	-1.12143e+002
243	 2.6200000000e+002	 1.70133e+001	-1.08078e+002
244	 2.6300000000e+002	 1.64021e+001	-1.04141e+002
245	 2.6400000000e+002	 1.58480e+001	-1.00325e+002
246	 2.6500000000e+002	 1.53360e+001	-9.66197e+001
247	 2.6600000000e+002	 1.48636e+001	-9.30214e+001
248	 2.6700000000e+002	 1.44348e+001	-8.95090e+001
249	 2.6800000000e+002	 1.40388e+001	-8.60795e+001
250	 2.6900000000e+002	 1.36769e+001	-8.27534e+001
251	 2.7000000000e+002	 1.33333e+001	-7.94824e+001
252	 2.7100000000e+002	 1.30350e+001	-7.62923e+001
253	 2.7200000000e+002	 1.27709e+001	-7.31664e+001
254	 2.7300000000e+002	 1.25228e+001	-7.00913e+001
255	 2.7400000000e+002	 1.22924e+001	-6.70828e+001
256	 2.7500000000e+002	 1.20940e+001	-6.41276e+001
257	 2.7600000000e+002	 1.19185e+001	-6.12059e+001
258	 2.7700000000e+002	 1.17566e+001	-5.83369e+001
259	 2.7800000000e+002	 1.16129e+001	-5.55091e+001
260	 2.7900000000e+002	 1.15041e+001	-5.27122e+001
261	 2.8000000000e+002	 1.14038e+001	-4.99551e+001
262	 2.8100000000e+002	 1.13239e+001	-4.72230e+001
263	 2.8200000000e+002	 1.12524e+001	-4.45154e+001
264	 2.8300000000e+002	 1.12060e+001	-4.18333e+001
265	 2.8400000000e+002	 1.11760e+001	-3.91746e+001
266	 2.8500000000e+002	 1.11574e+001	-3.65371e+001
267	 2.8600000000e+002	 1.11531e+001	-3.39144e+001
268	 2.8700000000e+002	 1.11601e+001	-3.12999e+001
269	 2.8800000000e+002	 1.11862e+001	-2.86945e+001
270	 2.8900000000e+002	 1.12253e+001	-2.60985e+001
271	 2.9000000000e+002	 1.12734e+001	-2.35043e+001
272	 2.9100000000e+002	 1.13313e+001	-2.09087e+001
273	 2.9200000000e+002	 1.14167e+001	-1.83116e+001
274	 2.9300000000e+002	 1.15090e+001	-1.57115e+001
275	 2.9400000000e+002	 1.16192e+001	-1.30975e+001
276	 2.9500000000e+002	 1.17477e+001	-1.04769e+001
277	 2.9600000000e+002	 1.18851e+001	-7.84546e+000
278	 2.9700000000e+002	 1.20482e+001	-5.19597e+000
279	 2.9800000000e+002	 1.22238e+001	-2.53080e+000
280	 2.9900000000e+002	 1.24145e+001	 1.59365e-001
281	 3.0000000000e+002	 1.26323e+001	 2.87024e+000
282	 3.0100000000e+002	 1.28565e+001	 5.60038e+000
283	 3.0200000000e+002	 1.31110e+001	 8.36385e+000
284	 3.0300000000e+002	 1.33852e+001	 1.11595e+001
285	 3.0400000000e+002	 1.36735e+001	 1.39949e+001
286	 3.0500000000e+002	 1.39813e+001	 1.68666e+001
287	 3.0600000000e+002	 1.43186e+001	 1.97904e+001
288	 3.0700000000e+002	 1.46746e+001	 2.27484e+001
289	 3.0800000000e+002	 1.50587e+001	 2.57616e+001
290	 3.0900000000e+002	 1.54563e+001	 2.88409e+001
291	 3.1000000000e+002	 1.58934e+001	 3.19858e+001
292	 3.1100000000e+002	 1.63625e+001	 3.52142e+001
293	 3.1200000000e+002	 1.68689e+001	 3.85112e+001
294	 3.1300000000e+002	 1.74174e+001	 4.18987e+001
295	 3.1400000000e+002	 1.80217e+001	 4.53772e+001
296	 3.1500000000e+002	 1.86880e+001	 4.89287e+001
297	 3.1600000000e+002	 1.94183e+001	 5.25798e+001
298	 3.1700000000e+002	 2.01932e+001	 5.63291e+001
299	 3.1800000000e+002	 2.10376e+001	 6.01784e+001
300	 3.1900000000e+002	 2.19474e+001	 6.41395e+001
301	 3.2000000000e+002	 2.29200e+001	 6.82469e+001
302	 3.2100000000e+002	 2.39765e+001	 7.24862e+001
303	 3.2200000000e+002	 2.51264e+001	 7.68699e+001
304	 3.2300000000e+002	 2.63934e+001	 8.14260e+001
305	 3.2400000000e+002	 2.77744e+001	 8.61302e+001
306	 3.2500000000e+002	 2.92832e+001	 9.09911e+001
307	 3.2600000000e+002	 3.09182e+001	 9.60348e+001
308	 3.2700000000e+002	 3.26936e+001	 1.01282e+002
309	 3.2800000000e+002	 3.46164e+001	 1.06740e+002
310	 3.2900000000e+002	 3.66859e+001	 1.12468e+002
311	 3.3000000000e+002	 3.89594e+001	 1.18453e+002
312	 3.3100000000e+002	 4.14619e+001	 1.24739e+002
313	 3.3200000000e+002	 4.42104e+001	 1.31307e+002
314	 3.3300000000e+002	 4.72509e+001	 1.38234e+002
315	 3.3400000000e+002	 5.05932e+001	 1.45520e+002
316	 3.3500000000e+002	 5.43396e+001	 1.53227e+002
317	 3.3600000000e+002	 5.84758e+001	 1.61372e+002
318	 3.3700000000e+002	 6.31033e+001	 1.70001e+002
319	 3.3800000000e+002	 6.82755e+001	 1.79174e+002
320	 3.3900000000e+002	 7.41137e+001	 1.88913e+002
321	 3.4000000000e+002	 8.07452e+001	 1.99296e+002
322	 3.4100000000e+002	 8.83051e+001	 2.10417e+002
323	 3.4200000000e+002	 9.69638e+001	 2.22211e+002
324	 3.4300000000e+002	 1.06933e+002	 2.34802e+002
325	 3.4400000000e+002	 1.18496e+002	 2.48230e+002
326	 3.4500000000e+002	 1.31897e+002	 2.62468e+002
327	 3.4600000000e+002	 1.47562e+002	 2.77593e+002
328	 3.4700000000e+002	 1.66045e+002	 2.93502e+002
329	 3.4800000000e+002	 1.87859e+002	 3.10082e+002
330	 3.4900000000e+002	 2.13890e+002	 3.27027e+002
331	 3.5000000000e+002	 2.44990e+002	 3.43868e+002
332	 3.5100000000e+002	 2.82249e+002	 3.60029e+002
333	 3.5200000000e+002	 3.26999e+002	 3.74068e+002
334	 3.5300000000e+002	 3.80484e+002	 3.83837e+002
335	 3.5400000000e+002	 4.43724e+002	 3.86322e+002
336	 3.5500000000e+002	 5.16900e+002	 3.77128e+002
337	 3.5600000000e+002	 5.98276e+002	 3.50383e+002
338	 3.5700000000e+002	 6.82579e+002	 3.00012e+002
339	 3.5800000000e+002	 7.60402e+002	 2.21519e+002
340	 3.5900000000e+002	 8.18863e+002	 1.15736e+002
341	 3.6000000000e+002	 8.45116e+002	-8.83423e+000
342	 3.6100000000e+002	 8.32693e+002	-1.36478e+002
343	 3.6200000000e+002	 7.84877e+002	-2.50208e+002
344	 3.6300000000e+002	 7.13053e+002	-3.38809e+002
345	 3.6400000000e+002	 6.30450e+002	-3.99045e+002
346	 3.6500000000e+002	 5.47740e+002	-4.33887e+002
347	 3.6600000000e+002	 4.71436e+002	-4.49146e+002
348	 3.6700000000e+002	 4.04412e+002	-4.50786e+002
349	 3.6800000000e+002	 3.47030e+002	-4.43589e+002
350	 3.6900000000e+002	 2.98690e+002	-4.30998e+002
351	 3.7000000000e+002	 2.58209e+002	-4.15433e+002
352	 3.7100000000e+002	 2.24373e+002	-3.98463e+002
353	 3.7200000000e+002	 1.96139e+002	-3.81123e+002
354	 3.7300000000e+002	 1.72474e+002	-3.63981e+002
355	 3.7400000000e+002	 1.52546e+002	-3.47372e+002
356	 3.7500000000e+002	 1.35703e+002	-3.31565e+002
357	 3.7600000000e+002	 1.21393e+002	-3.16599e+002
358	 3.7700000000e+002	 1.09174e+002	-3.02499e+002
359	 3.7800000000e+002	 9.86516e+001	-2.89285e+002
360	 3.7900000000e+002	 8.95673e+001	-2.76871e+002
361	 3.8000000000e+002	 8.16531e+001	-2.65249e+002
362	 3.8100000000e+002	 7.47359e+001	-2.54355e+002
363	 3.8200000000e+002	 6.86534e+001	-2.44114e+002
364	 3.8300000000e+002	 6.32792e+001	-2.34479e+002
365	 3.8400000000e+002	 5.85476e+001	-2.25415e+002
366	 3.8500000000e+002	 5.43399e+001	-2.16874e+002
367	 3.8600000000e+002	 5.05865e+001	-2.08838e+002
368	 3.8700000000e+002	 4.72232e+001	-2.01221e+002
369	 3.8800000000e+002	 4.42107e+001	-1.94004e+002
370	 3.8900000000e+002	 4.15191e+001	-1.87143e+002
371	 3.9000000000e+002	 3.90793e+001	-1.80633e+002
372	 3.9100000000e+002	 3.68664e+001	-1.74429e+002
373	 3.9200000000e+002	 3.48499e+001	-1.68506e+002
374	 3.9300000000e+002	 3.30421e+001	-1.62852e+002
375	 3.9400000000e+002	 3.14001e+001	-1.57458e+002
376	 3.9500000000e+002	 2.98930e+001	-1.52264e+002
377	 3.9600000000e+002	 2.85214e+001	-1.47280e+002
378	 3.9700000000e+002	 2.72754e+001	-1.42497e+002
379	 3.9800000000e+002	 2.61253e+001	-1.37897e+002
380	 3.9900000000e+002	 2.50820e+001	-1.33435e+002
381	 4.0000000000e+002	 2.41400e+001	-1.29135e+002
382	 4.0100000000e+002	 2.32475e+001	-1.24993e+002
383	 4.0200000000e+002	 2.24496e+001	-1.20966e+002
384	 4.0300000000e+002	 2.17219e+001	-1.17076e+002
385	 4.0400000000e+002	 2.10421e+001	-1.13290e+002
386	 4.0500000000e+002	 2.04324e+001	-1.09620e+002
387	 4.0600000000e+002	 1.98659e+001	-1.06047e+002
388	 4.0700000000e+002	 1.93526e+001	-1.02551e+002
389	 4.0800000000e+002	 1.88878e+001	-9.91604e+001
390	 4.0900000000e+002	 1.84721e+001	-9.58361e+001
391	 4.1000000000e+002	 1.80831e+001	-9.25933e+001
392	 4.1100000000e+002	 1.77315e+001	-8.94167e+001
393	 4.1200000000e+002	 1.74247e+001	-8.63018e+001
394	 4.1300000000e+002	 1.71445e+001	-8.32449e+001
395	 4.1400000000e+002	 1.69033e+001	-8.02457e+001
396	 4.1500000000e+002	 1.66792e+001	-7.72929e+001
397	 4.1600000000e+002	 1.64945e+001	-7.43970e+001
398	 4.1700000000e+002	 1.63274e+001	-7.15319e+001
399	 4.1800000000e+002	 1.61883e+001	-6.87183e+001
400	 4.1900000000e+002	 1.60809e+001	-6.59287e+001
401	 4.2000000000e+002	 1.59944e+001	-6.31823e+001
402	 4.2100000000e+002	 1.59337e+001	-6.04576e+001
403	 4.2200000000e+002	 1.58859e+001	-5.77601e+001
404	 4.2300000000e+002	 1.58689e+001	-5.50819e+001
405	 4.2400000000e+002	 1.58705e+001	-5.24296e+001
406	 4.2500000000e+002	 1.58948e+001	-4.97955e+001
407	 4.2600000000e+002	 1.59425e+001	-4.71720e+001
408	 4.2700000000e+002	 1.60105e+001	-4.45636e+001
409	 4.2800000000e+002	 1.60987e+001	-4.19682e+001
410	 4.2900000000e+002	 1.62123e+001	-3.93746e+001
411	 4.3000000000e+002	 1.63504e+001	-3.67916e+001
412	 4.3100000000e+002	 1.65075e+001	-3.42080e+001
413	 4.3200000000e+002	 1.66833e+001	-3.16236e+001
414	 4.3300000000e+002	 1.68885e+001	-2.90441e+001
415	 4.3400000000e+002	 1.71115e+001	-2.64602e+001
416	 4.3500000000e+002	 1.73588e+001	-2.38631e+001
417	 4.3600000000e+002	 1.76275e+001	-2.12632e+001
418	 4.3700000000e+002	 1.79195e+001	-1.86496e+001
419	 4.3800000000e+002	 1.82395e+001	-1.60152e+001
420	 4.3900000000e+002	 1.85805e+001	-1.33642e+001
421	 4.4000000000e+002	 1.89536e+001	-1.06949e+001
422	 4.4100000000e+002	 1.93547e+001	-7.99854e+000
423	 4.4200000000e+002	 1.97900e+001	-5.27615e+000
424	 4.4300000000e+002	 2.02613e+001	-2.52842e+000
425	 4.4400000000e+002	 2.07593e+001	 2.58891e-001
426	 4.4500000000e+002	 2.12998e+001	 3.07121e+000
427	 4.4600000000e+002	 2.18798e+001	 5.92578e+000
428	 4.4700000000e+002	 2.24946e+001	 8.81551e+000
429	 4.4800000000e+002	 2.31622e+001	 1.17474e+001
430	 4.4900000000e+002	 2.39161e+001	 1.45969e+001
431	 4.5000000000e+002	 2.46956e+001	 1.75234e+001
432	 4.5100000000e+002	 2.54189e+001	 2.08226e+001
433	 4.5200000000e+002	 2.62741e+001	 2.40035e+001
434	 4.5300000000e+002	 2.71906e+001	 2.72008e+001
435	 4.5400000000e+002	 2.81729e+001	 3.04812e+001
436	 4.5500000000e+002	 2.92147e+001	 3.38300e+001
437	 4.5600000000e+002	 3.03367e+001	 3.72547e+001
438	 4.5700000000e+002	 3.15350e+001	 4.07678e+001
439	 4.5800000000e+002	 3.28150e+001	 4.43653e+001
440	 4.5900000000e+002	 3.41969e+001	 4.80642e+001
441	 4.6000000000e+002	 3.56737e+001	 5.18493e+001
442	 4.6100000000e+002	 3.72670e+001	 5.57495e+001
443	 4.6200000000e+002	 3.89706e+001	 5.97614e+001
444	 4.6300000000e+002	 4.08114e+001	 6.38965e+001
445	 4.6400000000e+002	 4.27988e+001	 6.81491e+001
446	 4.6500000000e+002	 4.49376e+001	 7.25490e+001
447	 4.6600000000e+002	 4.72533e+001	 7.70824e+001
448	 4.6700000000e+002	 4.97609e+001	 8.17728e+001
449	 4.6800000000e+002	 5.24813e+001	 8.66450e+001
450	 4.6900000000e+002	 5.54259e+001	 9.16670e+001
451	 4.7000000000e+002	 5.86317e+001	 9.68726e+001
452	 4.7100000000e+002	 6.21465e+001	 1.02276e+002
453	 4.7200000000e+002	 6.59633e+001	 1.07872e+002
454	 4.7300000000e+002	 7.01409e+001	 1.13688e+002
455	 4.7400000000e+002	 7.47403e+001	 1.19716e+002
456	 4.7500000000e+002	 7.97860e+001	 1.25979e+002
457	 4.7600000000e+002	 8.53367e+001	 1.32486e+002
458	 4.7700000000e+002	 9.14787e+001	 1.39211e+002
459	 4.7800000000e+002	 9.82827e+001	 1.46160e+002
460	 4.7900000000e+002	 1.05825e+002	 1.53351e+002
461	 4.8000000000e+002	 1.14226e+002	 1.60766e+002
462	 4.8100000000e+002	 1.23590e+002	 1.68369e+002
463	 4.8200000000e+002	 1.34042e+002	 1.76112e+002
464	 4.8300000000e+002	 1.45764e+002	 1.83965e+002
465	 4.8400000000e+002	 1.58947e+002	 1.91837e+002
466	 4.8500000000e+002	 1.73786e+002	 1.99594e+002
467	 4.8600000000e+002	 1.90510e+002	 2.07087e+002
468	 4.8700000000e+002	 2.09400e+002	 2.14067e+002
469	 4.8800000000e+002	 2.30719e+002	 2.20187e+002
470	 4.8900000000e+002	 2.54737e+002	 2.24970e+002
471	 4.9000000000e+002	 2.81688e+002	 2.27808e+002
472	 4.9100000000e+002	 3.11708e+002	 2.27922e+002
473	 4.9200000000e+002	 3.44780e+002	 2.24363e+002
474	 4.9300000000e+002	 3.80646e+002	 2.15971e+002
475	 4.9400000000e+002	 4.18666e+002	 2.01439e+002
476	 4.9500000000e+002	 4.57713e+002	 1.79413e+002
477	 4.9600000000e+002	 4.96024e+002	 1.48682e+002
478	 4.9700000000e+002	 5.31055e+002	 1.08445e+002
479	 4.9800000000e+002	 5.59574e+002	 5.88688e+001
480	 4.9900000000e+002	 5.78169e+002	 1.61504e+000
481	 5.0000000000e+002	 5.84177e+002	-6.01045e+001
482	 5.0100000000e+002	 5.76434e+002	-1.21965e+002
483	 5.0200000000e+002	 5.55753e+002	-1.79515e+002
484	 5.0300000000e+002	 5.24694e+002	-2.29284e+002
485	 5.0400000000e+002	 4.86657e+002	-2.69263e+002
486	 5.0500000000e+002	 4.45125e+002	-2.99013e+002
487	 5.0600000000e+002	 4.02989e+002	-3.19271e+002
488	 5.0700000000e+002	 3.62319e+002	-3.31387e+002
489	 5.0800000000e+002	 3.24453e+002	-3.36961e+002
490	 5.0900000000e+002	 2.90015e+002	-3.37537e+002
491	 5.1000000000e+002	 2.59214e+002	-3.34455e+002
492	 5.1100000000e+002	 2.31985e+002	-3.28824e+002
493	 5.1200000000e+002	 2.08069e+002	-3.21470e+002
494	 5.1300000000e+002	 1.87122e+002	-3.13051e+002
495	 5.1400000000e+002	 1.68801e+002	-3.04009e+002
496	 5.1500000000e+002	 1.52809e+002	-2.94683e+002
497	 5.1600000000e+002	 1.38801e+002	-2.85307e+002
498	 5.1700000000e+002	 1.26522e+002	-2.76026e+002
499	 5.1800000000e+002	 1.15738e+002	-2.66950e+002
500	 5.1900000000e+002	 1.06235e+002	-2.58159e+002
501	 5.2000000000e+002	 9.78443e+001	-2.49702e+002
502	 5.2100000000e+002	 9.04094e+001	-2.41590e+002
503	 5.2200000000e+002	 8.37834e+001	-2.33844e+002
504	 5.2300000000e+002	 7.78421e+001	-2.26440e+002
505	 5.2400000000e+002	 7.24869e+001	-2.19358e+002
506	 5.2500000000e+002	 6.76590e+001	-2.12582e+002
507	 5.2600000000e+002	 6.32824e+001	-2.06102e+002
508	 5.2700000000e+002	 5.92963e+001	-1.99897e+002
509	 5.2800000000e+002	 5.56496e+001	-1.93923e+002
510	 5.2900000000e+002	 5.23280e+001	-1.88156e+002
511	 5.3000000000e+002	 4.93026e+001	-1.82604e+002
512	 5.3100000000e+002	 4.65435e+001	-1.77268e+002
513	 5.3200000000e+002	 4.40177e+001	-1.72098e+002
514	 5.3300000000e+002	 4.17187e+001	-1.67094e+002
515	 5.3400000000e+002	 3.96284e+001	-1.62263e+002
516	 5.3500000000e+002	 3.77074e+001	-1.57600e+002
517	 5.3600000000e+002	 3.59549e+001	-1.53090e+002
518	 5.3700000000e+002	 3.43726e+001	-1.48729e+002
519	 5.3800000000e+002	 3.29242e+001	-1.44509e+002
520	 5.3900000000e+002	 3.15939e+001	-1.40416e+002
521	 5.4000000000e+002	 3.03794e+001	-1.36446e+002
522	 5.4100000000e+002	 2.92660e+001	-1.32605e+002
523	 5.4200000000e+002	 2.82414e+001	-1.28864e+002
524	 5.4300000000e+002	 2.73270e+001	-1.25210e+002
525	 5.4400000000e+002	 2.64808e+001	-1.21668e+002
526	 5.4500000000e+002	 2.57049e+001	-1.18213e+002
527	 5.4600000000e+002	 2.50111e+001	-1.14836e+002
528	 5.4700000000e+002	 2.43728e+001	-1.11545e+002
529	 5.4800000000e+002	 2.37993e+001	-1.08322e+002
530	 5.4900000000e+002	 2.32885e+001	-1.05176e+002
531	 5.5000000000e+002	 2.28171e+001	-1.02092e+002
532	 5.5100000000e+002	 2.24070e+001	-9.90695e+001
533	 5.5200000000e+002	 2.20435e+001	-9.61060e+001
534	 5.5300000000e+002	 2.17185e+001	-9.31912e+001
535	 5.5400000000e+002	 2.14395e+001	-9.03347e+001
536	 5.5500000000e+002	 2.11993e+001	-8.75170e+001
537	 5.5600000000e+002	 2.10005e+001	-8.47476e+001
538	 5.5700000000e+002	 2.08320e+001	-8.20215e+001
539	 5.5800000000e+002	 2.07032e+001	-7.93300e+001
540	 5.5900000000e+002	 2.06059e+001	-7.66709e+001
541	 5.6000000000e+002	 2.05421e+001	-7.40463e+001
542	 5.6100000000e+002	 2.05014e+001	-7.14499e+001
543	 5.6200000000e+002	 2.04947e+001	-6.88824e+001
544	 5.6300000000e+002	 2.05139e+001	-6.63411e+001
545	 5.6400000000e+002	 2.05599e+001	-6.38149e+001
546	 5.6500000000e+002	 2.06412e+001	-6.13112e+001
547	 5.6600000000e+002	 2.07442e+001	-5.88213e+001
548	 5.6700000000e+002	 2.08647e+001	-5.63438e+001
549	 5.6800000000e+002	 2.10233e+001	-5.38770e+001
550	 5.6900000000e+002	 2.11994e+001	-5.14174e+001
551	 5.7000000000e+002	 2.14121e+001	-4.89666e+001
552	 5.7100000000e+002	 2.16469e+001	-4.65136e+001
553	 5.7200000000e+002	 2.19100e+001	-4.40684e+001
554	 5.7300000000e+002	 2.21940e+001	-4.16165e+001
555	 5.7400000000e+002	 2.25128e+001	-3.91605e+001
556	 5.7500000000e+002	 2.28588e+001	-3.66976e+001
557	 5.7600000000e+002	 2.32387e+001	-3.42245e+001
558	 5.7700000000e+002	 2.36407e+001	-3.17404e+001
559	 5.7800000000e+002	 2.40888e+001	-2.92456e+001
560	 5.7900000000e+002	 2.45650e+001	-2.67333e+001
561	 5.8000000000e+002	 2.50852e+001	-2.42024e+001
562	 5.8100000000e+002	 2.56464e+001	-2.16558e+001
563	 5.8200000000e+002	 2.62412e+001	-1.90842e+001
564	 5.8300000000e+002	 2.68817e+001	-1.64941e+001
565	 5.8400000000e+002	 2.75674e+001	-1.38723e+001
566	 5.8500000000e+002	 2.83049e+001	-1.12302e+001
567	 5.8600000000e+002	 2.90838e+001	-8.55661e+000
568	 5.8700000000e+002	 2.99192e+001	-5.84616e+000
569	 5.8800000000e+002	 3.08078e+001	-3.10794e+000
570	 5.8900000000e+002	 3.17533e+001	-3.29388e-001
571	 5.9000000000e+002	 3.27631e+001	 2.49050e+000
572	 5.9100000000e+002	 3.38317e+001	 5.34659e+000
573	 5.9200000000e+002	 3.49734e+001	 8.25114e+000
574	 5.9300000000e+002	 3.61855e+001	 1.12034e+001
575	 5.9400000000e+002	 3.74815e+001	 1.42041e+001
576	 5.9500000000e+002	 3.88653e+001	 1.72598e+001
577	 5.9600000000e+002	 4.03307e+001	 2.03659e+001
578	 5.9700000000e+002	 4.18988e+001	 2.35357e+001
579	 5.9800000000e+002	 4.35685e+001	 2.67725e+001
580	 5.9900000000e+002	 4.53497e+001	 3.00698e+001
581	 6.0000000000e+002	 4.72501e+001	 3.34350e+001
582	 6.0100000000e+002	 4.92785e+001	 3.68785e+001
583	 6.0200000000e+002	 5.14613e+001	 4.03922e+001
584	 6.0300000000e+002	 5.37927e+001	 4.39799e+001
585	 6.0400000000e+002	 5.62808e+001	 4.76574e+001
586	 6.0500000000e+002	 5.89488e+001	 5.14250e+001
587	 6.0600000000e+002	 6.18335e+001	 5.52738e+001
588	 6.0700000000e+002	 6.49292e+001	 5.92135e+001
589	 6.0800000000e+002	 6.82574e+001	 6.32527e+001
590	 6.0900000000e+002	 7.18483e+001	 6.73914e+001
591	 6.1000000000e+002	 7.57239e+001	 7.16418e+001
592	 6.1100000000e+002	 7.99142e+001	 7.59924e+001
593	 6.1200000000e+002	 8.44680e+001	 8.04326e+001
594	 6.1300000000e+002	 8.94219e+001	 8.49551e+001
595	 6.1400000000e+002	 9.47987e+001	 8.95394e+001
596	 6.1500000000e+002	 1.00635e+002	 9.41779e+001
597	 6.1600000000e+002	 1.06994e+002	 9.88794e+001
598	 6.1700000000e+002	 1.13956e+002	 1.03625e+002
599	 6.1800000000e+002	 1.21597e+002	 1.08369e+002
600	 6.1900000000e+002	 1.29984e+002	 1.13056e+002
601	 6.2000000000e+002	 1.39186e+002	 1.17617e+002
602	 6.2100000000e+002	 1.49292e+002	 1.21990e+002
603	 6.2200000000e+002	 1.60373e+002	 1.26089e+002
604	 6.2300000000e+002	 1.72512e+002	 1.29771e+002
605	 6.2400000000e+002	 1.85820e+002	 1.32899e+002
606	 6.2500000000e+002	 2.00372e+002	 1.35294e+002
607	 6.2600000000e+002	 2.16232e+002	 1.36725e+002
608	 6.2700000000e+002	 2.33427e+002	 1.36921e+002
609	 6.2800000000e+002	 2.51997e+002	 1.35582e+002
610	 6.2900000000e+002	 2.71873e+002	 1.32294e+002
611	 6.3000000000e+002	 2.92920e+002	 1.26605e+002
612	 6.3100000000e+002	 3.14884e+002	 1.18072e+002
613	 6.3200000000e+002	 3.37360e+002	 1.06203e+002
614	 6.3300000000e+002	 3.59727e+002	 9.05667e+001
615	 6.3400000000e+002	 3.81238e+002	 7.08166e+001
616	 6.3500000000e+002	 4.00896e+002	 4.67746e+001
617	 6.3600000000e+002	 4.17572e+002	 1.85919e+001
618	 6.3700000000e+002	 4.30121e+002	-1.32092e+001
619	 6.3800000000e+002	 4.37519e+002	-4.77423e+001
620	 6.3900000000e+002	 4.39025e+002	-8.37024e+001
621	 6.4000000000e+002	 4.34332e+002	-1.19586e+002
622	 6.4100000000e+002	 4.23677e+002	-1.53852e+002
623	 6.4200000000e+002	 4.07776e+002	-1.85109e+002
624	 6.4300000000e+002	 3.87737e+002	-2.12373e+002
625	 6.4400000000e+002	 3.64777e+002	-2.35102e+002
626	 6.4500000000e+002	 3.40117e+002	-2.53161e+002
627	 6.4600000000e+002	 3.14830e+002	-2.66726e+002
628	 6.4700000000e+002	 2.89757e+002	-2.76175e+002
629	 6.4800000000e+002	 2.65530e+002	-2.82015e+002
630	 6.4900000000e+002	 2.42704e+002	-2.84783e+002
631	 6.5000000000e+002	 2.21395e+002	-2.85166e+002
632	 6.5100000000e+002	 2.01833e+002	-2.83567e+002
633	 6.5200000000e+002	 1.83993e+002	-2.80460e+002
634	 6.5300000000e+002	 1.67808e+002	-2.76293e+002
635	 6.5400000000e+002	 1.53192e+002	-2.71297e+002
636	 6.5500000000e+002	 1.40040e+002	-2.65743e+002
637	 6.5600000000e+002	 1.28220e+002	-2.59803e+002
638	 6.5700000000e+002	 1.17608e+002	-2.53641e+002
639	 6.5800000000e+002	 1.08085e+002	-2.47355e+002
640	 6.5900000000e+002	 9.95289e+001	-2.41031e+002
641	 6.6000000000e+002	 9.18493e+001	-2.34754e+002
642	 6.6100000000e+002	 8.49447e+001	-2.28558e+002
643	 6.6200000000e+002	 7.87265e+001	-2.22467e+002
644	 6.6300000000e+002	 7.31200e+001	-2.16531e+002
645	 6.6400000000e+002	 6.80674e+001	-2.10738e+002
646	 6.6500000000e+002	 6.34983e+001	-2.05112e+002
647	 6.6600000000e+002	 5.93641e+001	-1.99672e+002
648	 6.6700000000e+002	 5.56225e+001	-1.94387e+002
649	 6.6800000000e+002	 5.22265e+001	-1.89270e+002
650	 6.6900000000e+002	 4.91224e+001	-1.84330e+002
651	 6.7000000000e+002	 4.62799e+001	-1.79542e+002
652	 6.7100000000e+002	 4.37062e+001	-1.74904e+002
653	 6.7200000000e+002	 4.13557e+001	-1.70412e+002
654	 6.7300000000e+002	 3.92020e+001	-1.66053e+002
655	 6.7400000000e+002	 3.72362e+001	-1.61825e+002
656	 6.7500000000e+002	 3.54442e+001	-1.57724e+002
657	 6.7600000000e+002	 3.38096e+001	-1.53733e+002
658	 6.7700000000e+002	 3.23154e+001	-1.49854e+002
659	 6.7800000000e+002	 3.09493e+001	-1.46086e+002
660	 6.7900000000e+002	 2.97044e+001	-1.42425e+002
661	 6.8000000000e+002	 2.85679e+001	-1.38856e+002
662	 6.8100000000e+002	 2.75365e+001	-1.35381e+002
663	 6.8200000000e+002	 2.66117e+001	-1.31995e+002
664	 6.8300000000e+002	 2.57661e+001	-1.28681e+002
665	 6.8400000000e+002	 2.50018e+001	-1.25444e+002
666	 6.8500000000e+002	 2.43269e+001	-1.22289e+002
667	 6.8600000000e+002	 2.37263e+001	-1.19205e+002
668	 6.8700000000e+002	 2.31891e+001	-1.16195e+002
669	 6.8800000000e+002	 2.27091e+001	-1.13248e+002
670	 6.8900000000e+002	 2.22935e+001	-1.10357e+002
671	 6.9000000000e+002	 2.19352e+001	-1.07536e+002
672	 6.9100000000e+002	 2.16299e+001	-1.04775e+002
673	 6.9200000000e+002	 2.13693e+001	-1.02053e+002
674	 6.9300000000e+002	 2.11521e+001	-9.93923e+001
675	 6.9400000000e+002	 2.09788e+001	-9.67773e+001
676	 6.9500000000e+002	 2.08409e+001	-9.42129e+001
677	 6.9600000000e+002	 2.07403e+001	-9.16770e+001
678	 6.9700000000e+002	 2.06788e+001	-8.91800e+001
679	 6.9800000000e+002	 2.06443e+001	-8.67275e+001
680	 6.9900000000e+002	 2.06431e+001	-8.42946e+001
681	 7.0000000000e+002	 2.06721e+001	-8.18984e+001
682	 7.0100000000e+002	 2.07380e+001	-7.95257e+001
683	 7.0200000000e+002	 2.08249e+001	-7.71781e+001
684	 7.0300000000e+002	 2.09446e+001	-7.48532e+001
685	 7.0400000000e+002	 2.10997e+001	-7.25488e+001
686	 7.0500000000e+002	 2.12712e+001	-7.02560e+001
687	 7.0600000000e+002	 2.14756e+001	-6.79829e+001
688	 7.0700000000e+002	 2.17099e+001	-6.57245e+001
689	 7.0800000000e+002	 2.19656e+001	-6.34757e+001
690	 7.0900000000e+002	 2.22466e+001	-6.12304e+001
691	 7.1000000000e+002	 2.25572e+001	-5.89958e+001
692	 7.1100000000e+002	 2.28976e+001	-5.67633e+001
693	 7.1200000000e+002	 2.32651e+001	-5.45338e+001
694	 7.1300000000e+002	 2.36662e+001	-5.23011e+001
695	 7.1400000000e+002	 2.40962e+001	-5.00673e+001
696	 7.1500000000e+002	 2.45536e+001	-4.78303e+001
697	 7.1600000000e+002	 2.50472e+001	-4.55840e+001
698	 7.1700000000e+002	 2.55769e+001	-4.33290e+001
699	 7.1800000000e+002	 2.61450e+001	-4.10606e+001
700	 7.1900000000e+002	 2.67553e+001	-3.87848e+001
701	 7.2000000000e+002	 2.74057e+001	-3.64994e+001
702	 7.2100000000e+002	 2.80957e+001	-3.41951e+001
703	 7.2200000000e+002	 2.88317e+001	-3.18831e+001
704	 7.2300000000e+002	 2.96159e+001	-2.95515e+001
705	 7.2400000000e+002	 3.04469e+001	-2.72010e+001
706	 7.2500000000e+002	 3.13257e+001	-2.48339e+001
707	 7.2600000000e+002	 3.22633e+001	-2.24548e+001
708	 7.2700000000e+002	 3.32492e+001	-2.00509e+001
709	 7.2800000000e+002	 3.42942e+001	-1.76233e+001
710	 7.2900000000e+002	 3.53977e+001	-1.51676e+001
711	 7.3000000000e+002	 3.65593e+001	-1.26785e+001
712	 7.3100000000e+002	 3.77948e+001	-1.01567e+001
713	 7.3200000000e+002	 3.91100e+001	-7.60148e+000
714	 7.3300000000e+002	 4.05006e+001	-5.02079e+000
715	 7.3400000000e+002	 4.19728e+001	-2.40366e+000
716	 7.3500000000e+002	 4.35373e+001	 2.53165e-001
717	 7.3600000000e+002	 4.52056e+001	 2.94461e+000
718	 7.3700000000e+002	 4.69735e+001	 5.67704e+000
719	 7.3800000000e+002	 4.88487e+001	 8.44915e+000
720	 7.3900000000e+002	 5.08448e+001	 1.12546e+001
721	 7.4000000000e+002	 5.29726e+001	 1.41032e+001
722	 7.4100000000e+002	 5.52451e+001	 1.69914e+001
723	 7.4200000000e+002	 5.76543e+001	 1.99146e+001
724	 7.4300000000e+002	 6.02236e+001	 2.28764e+001
725	 7.4400000000e+002	 6.29717e+001	 2.58735e+001
726	 7.4500000000e+002	 6.58910e+001	 2.89039e+001
727	 7.4600000000e+002	 6.90049e+001	 3.19674e+001
728	 7.4700000000e+002	 7.23368e+001	 3.50522e+001
729	 7.4800000000e+002	 7.58919e+001	 3.81755e+001
730	 7.4900000000e+002	 7.97386e+001	 4.13326e+001
731	 7.5000000000e+002	 8.38054e+001	 4.45226e+001
732	 7.5100000000e+002	 8.81004e+001	 4.76605e+001
733	 7.5200000000e+002	 9.27842e+001	 5.08159e+001
734	 7.5300000000e+002	 9.77946e+001	 5.39823e+001
735	 7.5400000000e+002	 1.03178e+002	 5.71080e+001
736	 7.5500000000e+002	 1.08974e+002	 6.01882e+001
737	 7.5600000000e+002	 1.15215e+002	 6.31981e+001
738	 7.5700000000e+002	 1.21951e+002	 6.61021e+001
739	 7.5800000000e+002	 1.29221e+002	 6.88609e+001
740	 7.5900000000e+002	 1.37070e+002	 7.14159e+001
741	 7.6000000000e+002	 1.45545e+002	 7.36989e+001
742	 7.6100000000e+002	 1.54691e+002	 7.56329e+001
743	 7.6200000000e+002	 1.64557e+002	 7.71354e+001
744	 7.6300000000e+002	 1.75173e+002	 7.80844e+001
745	 7.6400000000e+002	 1.86574e+002	 7.83359e+001
746	 7.6500000000e+002	 1.98758e+002	 7.77349e+001
747	 7.6600000000e+002	 2.11712e+002	 7.60950e+001
748	 7.6700000000e+002	 2.25377e+002	 7.32165e+001
749	 7.6800000000e+002	 2.39682e+002	 6.88538e+001
750	 7.6900000000e+002	 2.54457e+002	 6.27853e+001
751	 7.7000000000e+002	 2.69485e+002	 5.47654e+001
752	 7.7100000000e+002	 2.84482e+002	 4.45867e+001
753	 7.7200000000e+002	 2.99069e+002	 3.20605e+001
754	 7.7300000000e+002	 3.12763e+002	 1.70997e+001
755	 7.7400000000e+002	 3.25056e+002	-2.89138e-001
756	 7.7500000000e+002	 3.35403e+002	-1.99381e+001
757	 7.7600000000e+002	 3.43246e+002	-4.15569e+001
758	 7.7700000000e+002	 3.48098e+002	-6.46884e+001
759	 7.7800000000e+002	 3.49601e+002	-8.87225e+001
760	 7.7900000000e+002	 3.47587e+002	-1.12911e+002
761	 7.8000000000e+002	 3.42055e+002	-1.36515e+002
762	 7.8100000000e+002	 3.33233e+002	-1.58796e+002
763	 7.8200000000e+002	 3.21553e+002	-1.79146e+002
764	 7.8300000000e+002	 3.07598e+002	-1.97101e+002
765	 7.8400000000e+002	 2.91965e+002	-2.12404e+002
766	 7.8500000000e+002	 2.75273e+002	-2.24981e+002
767	 7.8600000000e+002	 2.58087e+002	-2.34883e+002
768	 7.8700000000e+002	 2.40866e+002	-2.42316e+002
769	 7.8800000000e+002	 2.23983e+002	-2.47491e+002
770	 7.8900000000e+002	 2.07703e+002	-2.50706e+002
771	 7.9000000000e+002	 1.92228e+002	-2.52230e+002
772	 7.9100000000e+002	 1.77672e+002	-2.52350e+002
773	 7.9200000000e+002	 1.64086e+002	-2.51314e+002
774	 7.9300000000e+002	 1.51507e+002	-2.49344e+002
775	 7.9400000000e+002	 1.39911e+002	-2.46646e+002
776	 7.9500000000e+002	 1.29247e+002	-2.43386e+002
777	 7.9600000000e+002	 1.19492e+002	-2.39678e+002
778	 7.9700000000e+002	 1.10569e+002	-2.35639e+002
779	 7.9800000000e+002	 1.02393e+002	-2.31397e+002
780	 7.9900000000e+002	 9.49460e+001	-2.27004e+002
781	 8.0000000000e+002	 8.81660e+001	-2.22511e+002
782	 8.0100000000e+002	 8.19676e+001	-2.17971e+002
783	 8.0200000000e+002	 7.62961e+001	-2.13425e+002
784	 8.0300000000e+002	 7.11349e+001	-2.08906e+002
785	 8.0400000000e+002	 6.64244e+001	-2.04421e+002
786	 8.0500000000e+002	 6.21102e+001	-1.99992e+002
787	 8.0600000000e+002	 5.81638e+001	-1.95638e+002
788	 8.0700000000e+002	 5.45667e+001	-1.91375e+002
789	 8.0800000000e+002	 5.12890e+001	-1.87205e+002
790	 8.0900000000e+002	 4.82855e+001	-1.83119e+002
791	 8.1000000000e+002	 4.55238e+001	-1.79131e+002
792	 8.1100000000e+002	 4.29959e+001	-1.75234e+002
793	 8.1200000000e+002	 4.06803e+001	-1.71433e+002
794	 8.1300000000e+002	 3.85522e+001	-1.67720e+002
795	 8.1400000000e+002	 3.66011e+001	-1.64098e+002
796	 8.1500000000e+002	 3.48232e+001	-1.60574e+002
797	 8.1600000000e+002	 3.31922e+001	-1.57142e+002
798	 8.1700000000e+002	 3.16824e+001	-1.53798e+002
799	 8.1800000000e+002	 3.02972e+001	-1.50527e+002
800	 8.1900000000e+002	 2.90303e+001	-1.47325e+002
801	 8.2000000000e+002	 2.78688e+001	-1.44202e+002
802	 8.2100000000e+002	 2.67974e+001	-1.41147e+002
803	 8.2200000000e+002	 2.58181e+001	-1.38154e+002
804	 8.2300000000e+002	 2.49352e+001	-1.35221e+002
805	 8.2400000000e+002	 2.41375e+001	-1.32353e+002
806	 8.2500000000e+002	 2.34119e+001	-1.29547e+002
807	 8.2600000000e+002	 2.27587e+001	-1.26793e+002
808	 8.2700000000e+002	 2.21782e+001	-1.24097e+002
809	 8.2800000000e+002	 2.16601e+001	-1.21450e+002
810	 8.2900000000e+002	 2.11963e+001	-1.18854e+002
811	 8.3000000000e+002	 2.07979e+001	-1.16310e+002
812	 8.3100000000e+002	 2.04481e+001	-1.13808e+002
813	 8.3200000000e+002	 2.01373e+001	-1.11356e+002
814	 8.3300000000e+002	 1.98736e+001	-1.08940e+002
815	 8.3400000000e+002	 1.96535e+001	-1.06556e+002
816	 8.3500000000e+002	 1.94740e+001	-1.04206e+002
817	 8.3600000000e+002	 1.93255e+001	-1.01886e+002
818	 8.3700000000e+002	 1.92260e+001	-9.95975e+001
819	 8.3800000000e+002	 1.91712e+001	-9.73364e+001
820	 8.3900000000e+002	 1.91489e+001	-9.51086e+001
821	 8.4000000000e+002	 1.91675e+001	-9.29029e+001
822	 8.4100000000e+002	 1.92124e+001	-9.07079e+001
823	 8.4200000000e+002	 1.92896e+001	-8.85336e+001
824	 8.4300000000e+002	 1.94044e+001	-8.63810e+001
825	 8.4400000000e+002	 1.95578e+001	-8.42498e+001
826	 8.4500000000e+002	 1.97494e+001	-8.21413e+001
827	 8.4600000000e+002	 1.99682e+001	-8.00483e+001
828	 8.4700000000e+002	 2.02193e+001	-7.79637e+001
829	 8.4800000000e+002	 2.04925e+001	-7.58929e+001
830	 8.4900000000e+002	 2.08110e+001	-7.38458e+001
831	 8.5000000000e+002	 2.11574e+001	-7.17957e+001
832	 8.5100000000e+002	 2.15261e+001	-6.97382e+001
833	 8.5200000000e+002	 2.19311e+001	-6.76912e+001
834	 8.5300000000e+002	 2.23737e+001	-6.56639e+001
835	 8.5400000000e+002	 2.28507e+001	-6.36415e+001
836	 8.5500000000e+002	 2.33564e+001	-6.16029e+001
837	 8.5600000000e+002	 2.39024e+001	-5.95790e+001
838	 8.5700000000e+002	 2.44776e+001	-5.75566e+001
839	 8.5800000000e+002	 2.50875e+001	-5.55167e+001
840	 8.5900000000e+002	 2.57438e+001	-5.34813e+001
841	 8.6000000000e+002	 2.64398e+001	-5.14478e+001
842	 8.6100000000e+002	 2.71721e+001	-4.93930e+001
843	 8.6200000000e+002	 2.79464e+001	-4.73516e+001
844	 8.6300000000e+002	 2.87647e+001	-4.52907e+001
845	 8.6400000000e+002	 2.96321e+001	-4.32127e+001
846	 8.6500000000e+002	 3.05431e+001	-4.11429e+001
847	 8.6600000000e+002	 3.15051e+001	-3.90361e+001
848	 8.6700000000e+002	 3.25201e+001	-3.69283e+001
849	 8.6800000000e+002	 3.35949e+001	-3.48029e+001
850	 8.6900000000e+002	 3.47246e+001	-3.26637e+001
851	 8.7000000000e+002	 3.59193e+001	-3.05051e+001
852	 8.7100000000e+002	 3.71793e+001	-2.83288e+001
853	 8.7200000000e+002	 3.85052e+001	-2.61329e+001
854	 8.7300000000e+002	 3.99085e+001	-2.39155e+001
855	 8.7400000000e+002	 4.13898e+001	-2.16785e+001
856	 8.7500000000e+002	 4.29520e+001	-1.94234e+001
857	 8.7600000000e+002	 4.45987e+001	-1.71405e+001
858	 8.7700000000e+002	 4.63489e+001	-1.48340e+001
859	 8.7800000000e+002	 4.81977e+001	-1.24993e+001
860	 8.7900000000e+002	 5.01562e+001	-1.01357e+001
861	 8.8000000000e+002	 5.22483e+001	-7.74854e+000
862	 8.8100000000e+002	 5.44648e+001	-5.34466e+000
863	 8.8200000000e+002	 5.68204e+001	-2.92721e+000
864	 8.8300000000e+002	 5.93215e+001	-4.90538e-001
865	 8.8400000000e+002	 6.19823e+001	 1.95731e+000
866	 8.8500000000e+002	 6.48263e+001	 4.41422e+000
867	 8.8600000000e+002	 6.78489e+001	 6.86676e+000
868	 8.8700000000e+002	 7.10625e+001	 9.30825e+000
869	 8.8800000000e+002	 7.44888e+001	 1.17391e+001
870	 8.8900000000e+002	 7.81361e+001	 1.41460e+001
871	 8.9000000000e+002	 8.20228e+001	 1.65201e+001
872	 8.9100000000e+002	 8.61632e+001	 1.88409e+001
873	 8.9200000000e+002	 9.05772e+001	 2.10956e+001
874	 8.9300000000e+002	 9.52780e+001	 2.32694e+001
875	 8.9400000000e+002	 1.00281e+002	 2.53387e+001
876	 8.9500000000e+002	 1.05604e+002	 2.72872e+001
877	 8.9600000000e+002	 1.11266e+002	 2.90873e+001
878	 8.9700000000e+002	 1.17298e+002	 3.06998e+001
879	 8.9800000000e+002	 1.23711e+002	 3.20896e+001
880	 8.9900000000e+002	 1.30515e+002	 3.32127e+001
881	 9.0000000000e+002	 1.37736e+002	 3.40236e+001
882	 9.0100000000e+002	 1.45396e+002	 3.44453e+001
883	 9.0200000000e+002	 1.53492e+002	 3.44226e+001
884	 9.0300000000e+002	 1.62027e+002	 3.38665e+001
885	 9.0400000000e+002	 1.70980e+002	 3.26833e+001
886	 9.0500000000e+002	 1.80318e+002	 3.07911e+001
887	 9.0600000000e+002	 1.89997e+002	 2.80762e+001
888	 9.0700000000e+002	 1.99968e+002	 2.44467e+001
889	 9.0800000000e+002	 2.10137e+002	 1.98122e+001
890	 9.0900000000e+002	 2.20404e+002	 1.40548e+001
891	 9.1000000000e+002	 2.30646e+002	 7.08190e+000
892	 9.1100000000e+002	 2.40691e+002	-1.19891e+000
893	 9.1200000000e+002	 2.50352e+002	-1.08502e+001
894	 9.1300000000e+002	 2.59405e+002	-2.19101e+001
895	 9.1400000000e+002	 2.67582e+002	-3.43751e+001
896	 9.1500000000e+002	 2.74613e+002	-4.81896e+001
897	 9.1600000000e+002	 2.80216e+002	-6.32107e+001
898	 9.1700000000e+002	 2.84123e+002	-7.92480e+001
899	 9.1800000000e+002	 2.86092e+002	-9.60211e+001
900	 9.1900000000e+002	 2.85974e+002	-1.13188e+002
901	 9.2000000000e+002	 2.83672e+002	-1.30357e+002
902	 9.2100000000e+002	 2.79204e+002	-1.47136e+002
903	 9.2200000000e+002	 2.72698e+002	-1.63127e+002
904	 9.2300000000e+002	 2.64341e+002	-1.77965e+002
905	 9.2400000000e+002	 2.54415e+002	-1.91393e+002
906	 9.2500000000e+002	 2.43237e+002	-2.03206e+002
907	 9.2600000000e+002	 2.31130e+002	-2.13320e+002
908	 9.2700000000e+002	 2.18445e+002	-2.21659e+002
909	 9.2800000000e+002	 2.05495e+002	-2.28254e+002
910	 9.2900000000e+002	 1.92541e+002	-2.33240e+002
911	 9.3000000000e+002	 1.79806e+002	-2.36714e+002
912	 9.3100000000e+002	 1.67488e+002	-2.38829e+002
913	 9.3200000000e+002	 1.55709e+002	-2.39774e+002
914	 9.3300000000e+002	 1.44573e+002	-2.39737e+002
915	 9.3400000000e+002	 1.34097e+002	-2.38874e+002
916	 9.3500000000e+002	 1.24314e+002	-2.37354e+002
917	 9.3600000000e+002	 1.15226e+002	-2.35266e+002
918	 9.3700000000e+002	 1.06815e+002	-2.32738e+002
919	 9.3800000000e+002	 9.90294e+001	-2.29906e+002
920	 9.3900000000e+002	 9.18357e+001	-2.26806e+002
921	 9.4000000000e+002	 8.52260e+001	-2.23500e+002
922	 9.4100000000e+002	 7.91470e+001	-2.20069e+002
923	 9.4200000000e+002	 7.35226e+001	-2.16540e+002
924	 9.4300000000e+002	 6.83424e+001	-2.12958e+002
925	 9.4400000000e+002	 6.35961e+001	-2.09345e+002
926	 9.4500000000e+002	 5.92349e+001	-2.05720e+002
927	 9.4600000000e+002	 5.52196e+001	-2.02115e+002
928	 9.4700000000e+002	 5.15035e+001	-1.98558e+002
929	 9.4800000000e+002	 4.80872e+001	-1.95019e+002
930	 9.4900000000e+002	 4.48708e+001	-1.91506e+002
931	 9.5000000000e+002	 4.19773e+001	-1.88071e+002
932	 9.5100000000e+002	 3.93413e+001	-1.84711e+002
933	 9.5200000000e+002	 3.68620e+001	-1.81399e+002
934	 9.5300000000e+002	 3.45744e+001	-1.78140e+002
935	 9.5400000000e+002	 3.24537e+001	-1.74942e+002
936	 9.5500000000e+002	 3.04885e+001	-1.71811e+002
937	 9.5600000000e+002	 2.86628e+001	-1.68737e+002
938	 9.5700000000e+002	 2.69775e+001	-1.65725e+002
939	 9.5800000000e+002	 2.54180e+001	-1.62761e+002
940	 9.5900000000e+002	 2.39795e+001	-1.59847e+002
941	 9.6000000000e+002	 2.26481e+001	-1.56997e+002
942	 9.6100000000e+002	 2.14153e+001	-1.54206e+002
943	 9.6200000000e+002	 2.02918e+001	-1.51452e+002
944	 9.6300000000e+002	 1.92526e+001	-1.48744e+002
945	 9.6400000000e+002	 1.82886e+001	-1.46088e+002
946	 9.6500000000e+002	 1.74046e+001	-1.43483e+002
947	 9.6600000000e+002	 1.66125e+001	-1.40901e+002
948	 9.6700000000e+002	 1.58946e+001	-1.38356e+002
949	 9.6800000000e+002	 1.52447e+001	-1.35854e+002
950	 9.6900000000e+002	 1.46615e+001	-1.33395e+002
951	 9.7000000000e+002	 1.41551e+001	-1.30983e+002
952	 9.7100000000e+002	 1.37126e+001	-1.28608e+002
953	 9.7200000000e+002	 1.33318e+001	-1.26269e+002
954	 9.7300000000e+002	 1.30015e+001	-1.23975e+002
955	 9.7400000000e+002	 1.27315e+001	-1.21712e+002
956	 9.7500000000e+002	 1.25186e+001	-1.19481e+002
957	 9.7600000000e+002	 1.23455e+001	-1.17294e+002
958	 9.7700000000e+002	 1.22122e+001	-1.15138e+002
959	 9.7800000000e+002	 1.21264e+001	-1.13019e+002
960	 9.7900000000e+002	 1.20944e+001	-1.10927e+002
961	 9.8000000000e+002	 1.21027e+001	-1.08873e+002
962	 9.8100000000e+002	 1.21354e+001	-1.06842e+002
963	 9.8200000000e+002	 1.21957e+001	-1.04840e+002
964	 9.8300000000e+002	 1.23124e+001	-1.02862e+002
965	 9.8400000000e+002	 1.24592e+001	-1.00908e+002
966	 9.8500000000e+002	 1.26363e+001	-9.89881e+001
967	 9.8600000000e+002	 1.28454e+001	-9.70897e+001
968	 9.8700000000e+002	 1.30813e+001	-9.51990e+001
969	 9.8800000000e+002	 1.33449e+001	-9.33298e+001
970	 9.8900000000e+002	 1.36422e+001	-9.14738e+001
971	 9.9000000000e+002	 1.39750e+001	-8.96425e+001
972	 9.9100000000e+002	 1.43317e+001	-8.78285e+001
973	 9.9200000000e+002	 1.47212e+001	-8.60179e+001
974	 9.9300000000e+002	 1.51337e+001	-8.42216e+001
975	 9.9400000000e+002	 1.55834e+001	-8.24323e+001
976	 9.9500000000e+002	 1.60580e+001	-8.06522e+001
977	 9.9600000000e+002	 1.65649e+001	-7.88819e+001
978	 9.9700000000e+002	 1.71070e+001	-7.71129e+001
979	 9.9800000000e+002	 1.76882e+001	-7.53518e+001
980	 9.9900000000e+002	 1.82992e+001	-7.35922e+001
981	 1.0000000000e+003	 1.89384e+001	-7.18293e+001
982	 1.0010000000e+003	 1.96109e+001	-7.00777e+001
983	 1.0020000000e+003	 2.03319e+001	-6.83239e+001
984	 1.0030000000e+003	 2.10898e+001	-6.65658e+001
985	 1.0040000000e+003	 2.18962e+001	-6.48033e+001
986	 1.0050000000e+003	 2.27566e+001	-6.30565e+001
987	 1.0060000000e+003	 2.36534e+001	-6.13062e+001
988	 1.0070000000e+003	 2.45961e+001	-5.95453e+001
989	 1.0080000000e+003	 2.55869e+001	-5.78015e+001
990	 1.0090000000e+003	 2.66258e+001	-5.60508e+001
991	 1.0100000000e+003	 2.77215e+001	-5.42978e+001
992	 1.0110000000e+003	 2.88667e+001	-5.25528e+001
993	 1.0120000000e+003	 3.00770e+001	-5.07851e+001
994	 1.0130000000e+003	 3.13480e+001	-4.90291e+001
995	 1.0140000000e+003	 3.26778e+001	-4.72691e+001
996	 1.0150000000e+003	 3.40812e+001	-4.55025e+001
997	 1.0160000000e+003	 3.55561e+001	-4.37477e+001
998	 1.0170000000e+003	 3.70978e+001	-4.19804e+001
999	 1.0180000000e+003	 3.87263e+001	-4.02274e+001
1000	 1.0190000000e+003	 4.04458e+001	-3.84715e+001
1001	 1.0200000000e+003	 4.22422e+001	-3.67250e+001
1002	 1.0210000000e+003	 4.41419e+001	-3.49839e+001
1003	 1.0220000000e+003	 4.61389e+001	-3.32473e+001
1004	 1.0230000000e+003	 4.82320e+001	-3.15230e+001
1005	 1.0240000000e+003	 5.04324e+001	-2.98146e+001
1006	 1.0250000000e+003	 5.27607e+001	-2.81351e+001
1007	 1.0260000000e+003	 5.52131e+001	-2.64769e+001
1008	 1.0270000000e+003	 5.77815e+001	-2.48461e+001
1009	 1.0280000000e+003	 6.04759e+001	-2.32470e+001
1010	 1.0290000000e+003	 6.33281e+001	-2.16946e+001
1011	 1.0300000000e+003	 6.63396e+001	-2.01910e+001
1012	 1.0310000000e+003	 6.94999e+001	-1.87393e+001
1013	 1.0320000000e+003	 7.28131e+001	-1.73579e+001
1014	 1.0330000000e+003	 7.63025e+001	-1.60463e+001
1015	 1.0340000000e+003	 7.99789e+001	-1.48259e+001
1016	 1.0350000000e+003	 8.38575e+001	-1.37138e+001
1017	 1.0360000000e+003	 8.79330e+001	-1.27371e+001
1018	 1.0370000000e+003	 9.22123e+001	-1.18991e+001
1019	 1.0380000000e+003	 9.67041e+001	-1.12008e+001
1020	 1.0390000000e+003	 1.01409e+002	-1.06900e+001
1021	 1.0400000000e+003	 1.06349e+002	-1.03975e+001
1022	 1.0410000000e+003	 1.11525e+002	-1.03503e+001
1023	 1.0420000000e+003	 1.16936e+002	-1.05884e+001
1024	 1.0430000000e+003	 1.22569e+002	-1.11407e+001
1025	 1.0440000000e+003	 1.28419e+002	-1.20468e+001
1026	 1.0450000000e+003	 1.34469e+002	-1.33642e+001
1027	 1.0460000000e+003	 1.40705e+002	-1.51125e+001
1028	 1.0470000000e+003	 1.47105e+002	-1.73475e+001
1029	 1.0480000000e+003	 1.53640e+002	-2.01106e+001
1030	 1.0490000000e+003	 1.60270e+002	-2.34701e+001
1031	 1.0500000000e+003	 1.66932e+002	-2.74792e+001
1032	 1.0510000000e+003	 1.73548e+002	-3.21603e+001
1033	 1.0520000000e+003	 1.80069e+002	-3.75672e+001
1034	 1.0530000000e+003	 1.86388e+002	-4.37560e+001
1035	 1.0540000000e+003	 1.92401e+002	-5.07385e+001
1036	 1.0550000000e+003	 1.98003e+002	-5.85046e+001
1037	 1.0560000000e+003	 2.03054e+002	-6.70601e+001
1038	 1.0570000000e+003	 2.07453e+002	-7.63532e+001
1039	 1.0580000000e+003	 2.11039e+002	-8.63328e+001
1040	 1.0590000000e+003	 2.13681e+002	-9.68938e+001
1041	 1.0600000000e+003	 2.15275e+002	-1.07933e+002
1042	 1.0610000000e+003	 2.15736e+002	-1.19321e+002
1043	 1.0620000000e+003	 2.14971e+002	-1.30856e+002
1044	 1.0630000000e+003	 2.12943e+002	-1.42370e+002
1045	 1.0640000000e+003	 2.09650e+002	-1.53669e+002
1046	 1.0650000000e+003	 2.05141e+002	-1.64554e+002
1047	 1.0660000000e+003	 1.99516e+002	-1.74818e+002
1048	 1.0670000000e+003	 1.92903e+002	-1.84304e+002
1049	 1.0680000000e+003	 1.85431e+002	-1.92911e+002
1050	 1.0690000000e+003	 1.77295e+002	-2.00547e+002
1051	 1.0700000000e+003	 1.68650e+002	-2.07161e+002
1052	 1.0710000000e+003	 1.59651e+002	-2.12717e+002
1053	 1.0720000000e+003	 1.50452e+002	-2.17223e+002
1054	 1.0730000000e+003	 1.41187e+002	-2.20767e+002
1055	 1.0740000000e+003	 1.32001e+002	-2.23392e+002
1056	 1.0750000000e+003	 1.22984e+002	-2.25152e+002
1057	 1.0760000000e+003	 1.14239e+002	-2.26124e+002
1058	 1.0770000000e+003	 1.05811e+002	-2.26386e+002
1059	 1.0780000000e+003	 9.77531e+001	-2.26033e+002
1060	 1.0790000000e+003	 9.01093e+001	-2.25157e+002
1061	 1.0800000000e+003	 8.28684e+001	-2.23821e+002
1062	 1.0810000000e+003	 7.60761e+001	-2.22100e+002
1063	 1.0820000000e+003	 6.96957e+001	-2.20077e+002
1064	 1.0830000000e+003	 6.36982e+001	-2.17792e+002
1065	 1.0840000000e+003	 5.81054e+001	-2.15297e+002
1066	 1.0850000000e+003	 5.29114e+001	-2.12631e+002
1067	 1.0860000000e+003	 4.80771e+001	-2.09825e+002
1068	 1.0870000000e+003	 4.35766e+001	-2.06929e+002
1069	 1.0880000000e+003	 3.94171e+001	-2.03935e+002
1070	 1.0890000000e+003	 3.55588e+001	-2.00913e+002
1071	 1.0900000000e+003	 3.19813e+001	-1.97867e+002
1072	 1.0910000000e+003	 2.86643e+001	-1.94788e+002
1073	 1.0920000000e+003	 2.56064e+001	-1.91709e+002
1074	 1.0930000000e+003	 2.27693e+001	-1.88644e+002
1075	 1.0940000000e+003	 2.01540e+001	-1.85589e+002
1076	 1.0950000000e+003	 1.77536e+001	-1.82552e+002
1077	 1.0960000000e+003	 1.55272e+001	-1.79553e+002
1078	 1.0970000000e+003	 1.34716e+001	-1.76591e+002
1079	 1.0980000000e+003	 1.16037e+001	-1.73665e+002
1080	 1.0990000000e+003	 9.88822e+000	-1.70791e+002
1081	 1.1000000000e+003	 8.30280e+000	-1.67958e+002
1082	 1.1010000000e+003	 6.86396e+000	-1.65171e+002
1083	 1.1020000000e+003	 5.52732e+000	-1.62438e+002
1084	 1.1030000000e+003	 4.31863e+000	-1.59747e+002
1085	 1.1040000000e+003	 3.21201e+000	-1.57107e+002
1086	 1.1050000000e+003	 2.20405e+000	-1.54508e+002
1087	 1.1060000000e+003	 1.30609e+000	-1.51952e+002
1088	 1.1070000000e+003	 4.85722e-001	-1.49448e+002
1089	 1.1080000000e+003	-2.47462e-001	-1.46996e+002
1090	 1.1090000000e+003	-8.84480e-001	-1.44593e+002
1091	 1.1100000000e+003	-1.45030e+000	-1.42236e+002
1092	 1.1110000000e+003	-1.95801e+000	-1.39928e+002
1093	 1.1120000000e+003	-2.40190e+000	-1.37670e+002
1094	 1.1130000000e+003	-2.78739e+000	-1.35455e+002
1095	 1.1140000000e+003	-3.10790e+000	-1.33270e+002
1096	 1.1150000000e+003	-3.37287e+000	-1.31131e+002
1097	 1.1160000000e+003	-3.58867e+000	-1.29038e+002
1098	 1.1170000000e+003	-3.74831e+000	-1.26980e+002
1099	 1.1180000000e+003	-3.86320e+000	-1.24970e+002
1100	 1.1190000000e+003	-3.93109e+000	-1.23001e+002
1101	 1.1200000000e+003	-3.95975e+000	-1.21075e+002
1102	 1.1210000000e+003	-3.95621e+000	-1.19195e+002
1103	 1.1220000000e+003	-3.92401e+000	-1.17341e+002
1104	 1.1230000000e+003	-3.86251e+000	-1.15523e+002
1105	 1.1240000000e+003	-3.77038e+000	-1.13742e+002
1106	 1.1250000000e+003	-3.65332e+000	-1.11989e+002
1107	 1.1260000000e+003	-3.50596e+000	-1.10256e+002
1108	 1.1270000000e+003	-3.33031e+000	-1.08547e+002
1109	 1.1280000000e+003	-3.14224e+000	-1.06865e+002
1110	 1.1290000000e+003	-2.94087e+000	-1.05209e+002
1111	 1.1300000000e+003	-2.71052e+000	-1.03564e+002
1112	 1.1310000000e+003	-2.45479e+000	-1.01933e+002
1113	 1.1320000000e+003	-2.17905e+000	-1.00308e+002
1114	 1.1330000000e+003	-1.88354e+000	-9.86910e+001
1115	 1.1340000000e+003	-1.56393e+000	-9.70801e+001
1116	 1.1350000000e+003	-1.21707e+000	-9.54784e+001
1117	 1.1360000000e+003	-8.24771e-001	-9.38758e+001
1118	 1.1370000000e+003	-3.99347e-001	-9.22785e+001
1119	 1.1380000000e+003	 6.07990e-002	-9.06918e+001
1120	 1.1390000000e+003	 5.57967e-001	-8.91080e+001
1121	 1.1400000000e+003	 1.09832e+000	-8.75456e+001
1122	 1.1410000000e+003	 1.68014e+000	-8.59927e+001
1123	 1.1420000000e+003	 2.29217e+000	-8.44540e+001
1124	 1.1430000000e+003	 2.94654e+000	-8.29307e+001
1125	 1.1440000000e+003	 3.63606e+000	-8.14183e+001
1126	 1.1450000000e+003	 4.36297e+000	-7.99291e+001
1127	 1.1460000000e+003	 5.12784e+000	-7.84509e+001
1128	 1.1470000000e+003	 5.92963e+000	-7.69753e+001
1129	 1.1480000000e+003	 6.75414e+000	-7.55228e+001
1130	 1.1490000000e+003	 7.60994e+000	-7.40652e+001
1131	 1.1500000000e+003	 8.52893e+000	-7.26423e+001
1132	 1.1510000000e+003	 9.49360e+000	-7.12591e+001
1133	 1.1520000000e+003	 1.04862e+001	-6.98573e+001
1134	 1.1530000000e+003	 1.15168e+001	-6.84698e+001
1135	 1.1540000000e+003	 1.25872e+001	-6.70947e+001
1136	 1.1550000000e+003	 1.37028e+001	-6.57244e+001
1137	 1.1560000000e+003	 1.48667e+001	-6.43679e+001
1138	 1.1570000000e+003	 1.60808e+001	-6.30290e+001
1139	 1.1580000000e+003	 1.73435e+001	-6.17115e+001
1140	 1.1590000000e+003	 1.86589e+001	-6.04054e+001
1141	 1.1600000000e+003	 2.00323e+001	-5.91128e+001
1142	 1.1610000000e+003	 2.14596e+001	-5.78319e+001
1143	 1.1620000000e+003	 2.29484e+001	-5.65747e+001
1144	 1.1630000000e+003	 2.44902e+001	-5.53427e+001
1145	 1.1640000000e+003	 2.60993e+001	-5.41329e+001
1146	 1.1650000000e+003	 2.77795e+001	-5.29420e+001
1147	 1.1660000000e+003	 2.95294e+001	-5.17752e+001
1148	 1.1670000000e+003	 3.13481e+001	-5.06346e+001
1149	 1.1680000000e+003	 3.32527e+001	-4.95295e+001
1150	 1.1690000000e+003	 3.52331e+001	-4.84655e+001
1151	 1.1700000000e+003	 3.73006e+001	-4.74417e+001
1152	 1.1710000000e+003	 3.94551e+001	-4.64589e+001
1153	 1.1720000000e+003	 4.16927e+001	-4.55330e+001
1154	 1.1730000000e+003	 4.40274e+001	-4.46679e+001
1155	 1.1740000000e+003	 4.64569e+001	-4.38622e+001
1156	 1.1750000000e+003	 4.89802e+001	-4.31253e+001
1157	 1.1760000000e+003	 5.15986e+001	-4.24667e+001
1158	 1.1770000000e+003	 5.43212e+001	-4.18844e+001
1159	 1.1780000000e+003	 5.71540e+001	-4.13935e+001
1160	 1.1790000000e+003	 6.00974e+001	-4.10026e+001
1161	 1.1800000000e+003	 6.31493e+001	-4.07259e+001
1162	 1.1810000000e+003	 6.63142e+001	-4.05799e+001
1163	 1.1820000000e+003	 6.95873e+001	-4.05618e+001
1164	 1.1830000000e+003	 7.29794e+001	-4.06990e+001
1165	 1.1840000000e+003	 7.64795e+001	-4.10035e+001
1166	 1.1850000000e+003	 8.00897e+001	-4.14912e+001
1167	 1.1860000000e+003	 8.38051e+001	-4.21837e+001
1168	 1.1870000000e+003	 8.76252e+001	-4.30783e+001
1169	 1.1880000000e+003	 9.15383e+001	-4.42089e+001
1170	 1.1890000000e+003	 9.55376e+001	-4.56126e+001
1171	 1.1900000000e+003	 9.96182e+001	-4.73014e+001
1172	 1.1910000000e+003	 1.03753e+002	-4.92941e+001
1173	 1.1920000000e+003	 1.07933e+002	-5.16134e+001
1174	 1.1930000000e+003	 1.12135e+002	-5.43071e+001
1175	 1.1940000000e+003	 1.16314e+002	-5.73912e+001
1176	 1.1950000000e+003	 1.20436e+002	-6.08793e+001
1177	 1.1960000000e+003	 1.24474e+002	-6.47948e+001
1178	 1.1970000000e+003	 1.28363e+002	-6.91797e+001
1179	 1.1980000000e+003	 1.32052e+002	-7.40318e+001
1180	 1.1990000000e+003	 1.35489e+002	-7.93686e+001
1181	 1.2000000000e+003	 1.38578e+002	-8.51552e+001
1182	 1.2010000000e+003	 1.41253e+002	-9.13924e+001
1183	 1.2020000000e+003	 1.43442e+002	-9.80547e+001
1184	 1.2030000000e+003	 1.45061e+002	-1.05090e+002
1185	 1.2040000000e+003	 1.46047e+002	-1.12411e+002
1186	 1.2050000000e+003	 1.46340e+002	-1.19944e+002
1187	 1.2060000000e+003	 1.45893e+002	-1.27617e+002
1188	 1.2070000000e+003	 1.44681e+002	-1.35315e+002
1189	 1.2080000000e+003	 1.42720e+002	-1.42933e+002
1190	 1.2090000000e+003	 1.39998e+002	-1.50362e+002
1191	 1.2100000000e+003	 1.36559e+002	-1.57499e+002
1192	 1.2110000000e+003	 1.32436e+002	-1.64243e+002
1193	 1.2120000000e+003	 1.27718e+002	-1.70527e+002
1194	 1.2130000000e+003	 1.22487e+002	-1.76276e+002
1195	 1.2140000000e+003	 1.16821e+002	-1.81439e+002
1196	 1.2150000000e+003	 1.10805e+002	-1.85971e+002
1197	 1.2160000000e+003	 1.04532e+002	-1.89846e+002
1198	 1.2170000000e+003	 9.80886e+001	-1.93109e+002
1199	 1.2180000000e+003	 9.15559e+001	-1.95735e+002
1200	 1.2190000000e+003	 8.50032e+001	-1.97766e+002
1201	 1.2200000000e+003	 7.85250e+001	-1.99210e+002
1202	 1.2210000000e+003	 7.21490e+001	-2.00118e+002
1203	 1.2220000000e+003	 6.59326e+001	-2.00538e+002
1204	 1.2230000000e+003	 5.99084e+001	-2.00529e+002
1205	 1.2240000000e+003	 5.41045e+001	-2.00109e+002
1206	 1.2250000000e+003	 4.85401e+001	-1.99313e+002
1207	 1.2260000000e+003	 4.32426e+001	-1.98209e+002
1208	 1.2270000000e+003	 3.82345e+001	-1.96833e+002
1209	 1.2280000000e+003	 3.34814e+001	-1.95229e+002
1210	 1.2290000000e+003	 2.89894e+001	-1.93428e+002
1211	 1.2300000000e+003	 2.47755e+001	-1.91444e+002
1212	 1.2310000000e+003	 2.08163e+001	-1.89334e+002
1213	 1.2320000000e+003	 1.70852e+001	-1.87127e+002
1214	 1.2330000000e+003	 1.35997e+001	-1.84812e+002
1215	 1.2340000000e+003	 1.03573e+001	-1.82411e+002
1216	 1.2350000000e+003	 7.33604e+000	-1.79968e+002
1217	 1.2360000000e+003	 4.52148e+000	-1.77477e+002
1218	 1.2370000000e+003	 1.91521e+000	-1.74944e+002
1219	 1.2380000000e+003	-5.00569e-001	-1.72392e+002
1220	 1.2390000000e+003	-2.72828e+000	-1.69836e+002
1221	 1.2400000000e+003	-4.78873e+000	-1.67287e+002
1222	 1.2410000000e+003	-6.67562e+000	-1.64748e+002
1223	 1.2420000000e+003	-8.41395e+000	-1.62235e+002
1224	 1.2430000000e+003	-1.00191e+001	-1.59759e+002
1225	 1.2440000000e+003	-1.14907e+001	-1.57304e+002
1226	 1.2450000000e+003	-1.28359e+001	-1.54880e+002
1227	 1.2460000000e+003	-1.40602e+001	-1.52487e+002
1228	 1.2470000000e+003	-1.51793e+001	-1.50125e+002
1229	 1.2480000000e+003	-1.61998e+001	-1.47820e+002
1230	 1.2490000000e+003	-1.72037e+001	-1.45690e+002
1231	 1.2500000000e+003	-1.80121e+001	-1.43388e+002
1232	 1.2510000000e+003	-1.87306e+001	-1.41108e+002
1233	 1.2520000000e+003	-1.94109e+001	-1.38949e+002
1234	 1.2530000000e+003	-2.00225e+001	-1.36814e+002
1235	 1.2540000000e+003	-2.05726e+001	-1.34726e+002
1236	 1.2550000000e+003	-2.10639e+001	-1.32686e+002
1237	 1.2560000000e+003	-2.15030e+001	-1.30687e+002
1238	 1.2570000000e+003	-2.18780e+001	-1.28720e+002
1239	 1.2580000000e+003	-2.22071e+001	-1.26772e+002
1240	 1.2590000000e+003	-2.24714e+001	-1.24863e+002
1241	 1.2600000000e+003	-2.26851e+001	-1.22995e+002
1242	 1.2610000000e+003	-2.28706e+001	-1.21156e+002
1243	 1.2620000000e+003	-2.30085e+001	-1.19344e+002
1244	 1.2630000000e+003	-2.31146e+001	-1.17569e+002
1245	 1.2640000000e+003	-2.31827e+001	-1.15814e+002
1246	 1.2650000000e+003	-2.32084e+001	-1.14095e+002
1247	 1.2660000000e+003	-2.32056e+001	-1.12400e+002
1248	 1.2670000000e+003	-2.31673e+001	-1.10737e+002
1249	 1.2680000000e+003	-2.30949e+001	-1.09105e+002
1250	 1.2690000000e+003	-2.29949e+001	-1.07490e+002
1251	 1.2700000000e+003	-2.28665e+001	-1.05886e+002
1252	 1.2710000000e+003	-2.26960e+001	-1.04311e+002
1253	 1.2720000000e+003	-2.24882e+001	-1.02757e+002
1254	 1.2730000000e+003	-2.22615e+001	-1.01232e+002
1255	 1.2740000000e+003	-2.20183e+001	-9.97316e+001
1256	 1.2750000000e+003	-2.17453e+001	-9.82429e+001
1257	 1.2760000000e+003	-2.14421e+001	-9.67781e+001
1258	 1.2770000000e+003	-2.11022e+001	-9.53387e+001
1259	 1.2780000000e+003	-2.07373e+001	-9.39139e+001
1260	 1.2790000000e+003	-2.03508e+001	-9.25230e+001
1261	 1.2800000000e+003	-1.99437e+001	-9.11375e+001
1262	 1.2810000000e+003	-1.95005e+001	-8.97729e+001
1263	 1.2820000000e+003	-1.90326e+001	-8.84336e+001
1264	 1.2830000000e+003	-1.85293e+001	-8.71000e+001
1265	 1.2840000000e+003	-1.80236e+001	-8.57935e+001
1266	 1.2850000000e+003	-1.74895e+001	-8.45063e+001
1267	 1.2860000000e+003	-1.69315e+001	-8.32342e+001
1268	 1.2870000000e+003	-1.63486e+001	-8.19832e+001
1269	 1.2880000000e+003	-1.57350e+001	-8.07477e+001
1270	 1.2890000000e+003	-1.50940e+001	-7.95338e+001
1271	 1.2900000000e+003	-1.44403e+001	-7.83386e+001
1272	 1.2910000000e+003	-1.37659e+001	-7.71577e+001
1273	 1.2920000000e+003	-1.30608e+001	-7.59906e+001
1274	 1.2930000000e+003	-1.23263e+001	-7.48359e+001
1275	 1.2940000000e+003	-1.15670e+001	-7.37064e+001
1276	 1.2950000000e+003	-1.07851e+001	-7.25904e+001
1277	 1.2960000000e+003	-9.96445e+000	-7.14888e+001
1278	 1.2970000000e+003	-9.12745e+000	-7.04025e+001
1279	 1.2980000000e+003	-8.26524e+000	-6.93331e+001
1280	 1.2990000000e+003	-7.37243e+000	-6.82824e+001
1281	 1.3000000000e+003	-6.44718e+000	-6.72582e+001
1282	 1.3010000000e+003	-5.48573e+000	-6.62583e+001
1283	 1.3020000000e+003	-4.50023e+000	-6.52601e+001
1284	 1.3030000000e+003	-3.48764e+000	-6.42889e+001
1285	 1.3040000000e+003	-2.43744e+000	-6.33451e+001
1286	 1.3050000000e+003	-1.35099e+000	-6.24187e+001
1287	 1.3060000000e+003	-2.30051e-001	-6.15076e+001
1288	 1.3070000000e+003	 9.22627e-001	-6.06204e+001
1289	 1.3080000000e+003	 2.10995e+000	-5.97686e+001
1290	 1.3090000000e+003	 3.33380e+000	-5.89443e+001
1291	 1.3100000000e+003	 4.59374e+000	-5.81515e+001
1292	 1.3110000000e+003	 5.88938e+000	-5.73820e+001
1293	 1.3120000000e+003	 7.23259e+000	-5.66488e+001
1294	 1.3130000000e+003	 8.60702e+000	-5.59509e+001
1295	 1.3140000000e+003	 1.00235e+001	-5.52905e+001
1296	 1.3150000000e+003	 1.14740e+001	-5.46639e+001
1297	 1.3160000000e+003	 1.29634e+001	-5.40807e+001
1298	 1.3170000000e+003	 1.44965e+001	-5.35350e+001
1299	 1.3180000000e+003	 1.60773e+001	-5.30304e+001
1300	 1.3190000000e+003	 1.76995e+001	-5.25701e+001
1301	 1.3200000000e+003	 1.93611e+001	-5.21618e+001
1302	 1.3210000000e+003	 2.10650e+001	-5.18090e+001
1303	 1.3220000000e+003	 2.28203e+001	-5.15187e+001
1304	 1.3230000000e+003	 2.46192e+001	-5.12892e+001
1305	 1.3240000000e+003	 2.64659e+001	-5.11212e+001
1306	 1.3250000000e+003	 2.83709e+001	-5.10307e+001
1307	 1.3260000000e+003	 3.03151e+001	-5.10162e+001
1308	 1.3270000000e+003	 3.22972e+001	-5.10861e+001
1309	 1.3280000000e+003	 3.43261e+001	-5.12422e+001
1310	 1.3290000000e+003	 3.63946e+001	-5.14923e+001
1311	 1.3300000000e+003	 3.85056e+001	-5.18519e+001
1312	 1.3310000000e+003	 4.06584e+001	-5.23209e+001
1313	 1.3320000000e+003	 4.28388e+001	-5.29141e+001
1314	 1.3330000000e+003	 4.50324e+001	-5.36391e+001
1315	 1.3340000000e+003	 4.72558e+001	-5.44970e+001
1316	 1.3350000000e+003	 4.95049e+001	-5.54971e+001
1317	 1.3360000000e+003	 5.17627e+001	-5.66447e+001
1318	 1.3370000000e+003	 5.40182e+001	-5.79603e+001
1319	 1.3380000000e+003	 5.62568e+001	-5.94458e+001
1320	 1.3390000000e+003	 5.84828e+001	-6.11274e+001
1321	 1.3400000000e+003	 6.06608e+001	-6.30010e+001
1322	 1.3410000000e+003	 6.27791e+001	-6.50725e+001
1323	 1.3420000000e+003	 6.48206e+001	-6.73586e+001
1324	 1.3430000000e+003	 6.67474e+001	-6.98569e+001
1325	 1.3440000000e+003	 6.85318e+001	-7.25754e+001
1326	 1.3450000000e+003	 7.01502e+001	-7.55100e+001
1327	 1.3460000000e+003	 7.15651e+001	-7.86643e+001
1328	 1.3470000000e+003	 7.27816e+001	-8.20068e+001
1329	 1.3480000000e+003	 7.37247e+001	-8.55136e+001
1330	 1.3490000000e+003	 7.42872e+001	-8.90472e+001
1331	 1.3500000000e+003	 7.46426e+001	-9.28983e+001
1332	 1.3510000000e+003	 7.46632e+001	-9.68311e+001
1333	 1.3520000000e+003	 7.42801e+001	-1.00717e+002
1334	 1.3530000000e+003	 7.35180e+001	-1.04588e+002
1335	 1.3540000000e+003	 7.24034e+001	-1.08404e+002
1336	 1.3550000000e+003	 7.09218e+001	-1.12098e+002
1337	 1.3560000000e+003	 6.91035e+001	-1.15652e+002
1338	 1.3570000000e+003	 6.69464e+001	-1.19025e+002
1339	 1.3580000000e+003	 6.44873e+001	-1.22155e+002
1340	 1.3590000000e+003	 6.17732e+001	-1.25001e+002
1341	 1.3600000000e+003	 5.88620e+001	-1.27565e+002
1342	 1.3610000000e+003	 5.57778e+001	-1.29795e+002
1343	 1.3620000000e+003	 5.25526e+001	-1.31699e+002
1344	 1.3630000000e+003	 4.92476e+001	-1.33274e+002
1345	 1.3640000000e+003	 4.58974e+001	-1.34523e+002
1346	 1.3650000000e+003	 4.25477e+001	-1.35449e+002
1347	 1.3660000000e+003	 3.92308e+001	-1.36091e+002
1348	 1.3670000000e+003	 3.59973e+001	-1.36453e+002
1349	 1.3680000000e+003	 3.28327e+001	-1.36560e+002
1350	 1.3690000000e+003	 2.97909e+001	-1.36421e+002
1351	 1.3700000000e+003	 2.68565e+001	-1.36084e+002
1352	 1.3710000000e+003	 2.40798e+001	-1.35567e+002
1353	 1.3720000000e+003	 2.14557e+001	-1.34890e+002
1354	 1.3730000000e+003	 1.89768e+001	-1.34078e+002
1355	 1.3740000000e+003	 1.66586e+001	-1.33166e+002
1356	 1.3750000000e+003	 1.44753e+001	-1.32142e+002
1357	 1.3760000000e+003	 1.24372e+001	-1.31053e+002
1358	 1.3770000000e+003	 1.05414e+001	-1.29896e+002
1359	 1.3780000000e+003	 8.79059e+000	-1.28699e+002
1360	 1.3790000000e+003	 7.17230e+000	-1.27484e+002
1361	 1.3800000000e+003	 5.67343e+000	-1.26255e+002
1362	 1.3810000000e+003	 4.28060e+000	-1.25007e+002
1363	 1.3820000000e+003	 2.99644e+000	-1.23764e+002
1364	 1.3830000000e+003	 1.81222e+000	-1.22520e+002
1365	 1.3840000000e+003	 7.13565e-001	-1.21288e+002
1366	 1.3850000000e+003	-3.07136e-001	-1.20080e+002
1367	 1.3860000000e+003	-1.25567e+000	-1.18870e+002
1368	 1.3870000000e+003	-2.13647e+000	-1.17684e+002
1369	 1.3880000000e+003	-2.97663e+000	-1.16510e+002
1370	 1.3890000000e+003	-3.74809e+000	-1.15354e+002
1371	 1.3900000000e+003	-4.47605e+000	-1.14214e+002
1372	 1.3910000000e+003	-5.15459e+000	-1.13084e+002
1373	 1.3920000000e+003	-5.79869e+000	-1.11975e+002
1374	 1.3930000000e+003	-6.39915e+000	-1.10884e+002
1375	 1.3940000000e+003	-6.97339e+000	-1.09800e+002
1376	 1.3950000000e+003	-7.51584e+000	-1.08725e+002
1377	 1.3960000000e+003	-8.02356e+000	-1.07657e+002
1378	 1.3970000000e+003	-8.49936e+000	-1.06597e+002
1379	 1.3980000000e+003	-8.93336e+000	-1.05551e+002
1380	 1.3990000000e+003	-9.35589e+000	-1.04500e+002
1381	 1.4000000000e+003	-9.75186e+000	-1.03453e+002
1382	 1.4010000000e+003	-1.01123e+001	-1.02415e+002
1383	 1.4020000000e+003	-1.04508e+001	-1.01381e+002
1384	 1.4030000000e+003	-1.07567e+001	-1.00354e+002
1385	 1.4040000000e+003	-1.10419e+001	-9.93315e+001
1386	 1.4050000000e+003	-1.12891e+001	-9.83107e+001
1387	 1.4060000000e+003	-1.15178e+001	-9.72849e+001
1388	 1.4070000000e+003	-1.17259e+001	-9.62711e+001
1389	 1.4080000000e+003	-1.19094e+001	-9.52596e+001
1390	 1.4090000000e+003	-1.20650e+001	-9.42516e+001
1391	 1.4100000000e+003	-1.21850e+001	-9.32595e+001
1392	 1.4110000000e+003	-1.22740e+001	-9.22670e+001
1393	 1.4120000000e+003	-1.23352e+001	-9.12696e+001
1394	 1.4130000000e+003	-1.23857e+001	-9.02850e+001
1395	 1.4140000000e+003	-1.24135e+001	-8.93126e+001
1396	 1.4150000000e+003	-1.24109e+001	-8.83500e+001
1397	 1.4160000000e+003	-1.23833e+001	-8.73890e+001
1398	 1.4170000000e+003	-1.23340e+001	-8.64399e+001
1399	 1.4180000000e+003	-1.22595e+001	-8.55025e+001
1400	 1.4190000000e+003	-1.21644e+001	-8.45710e+001
1401	 1.4200000000e+003	-1.20428e+001	-8.36500e+001
1402	 1.4210000000e+003	-1.19045e+001	-8.27387e+001
1403	 1.4220000000e+003	-1.17520e+001	-8.18282e+001
1404	 1.4230000000e+003	-1.15703e+001	-8.09305e+001
1405	 1.4240000000e+003	-1.13691e+001	-8.00423e+001
1406	 1.4250000000e+003	-1.11603e+001	-7.91676e+001
1407	 1.4260000000e+003	-1.09176e+001	-7.82928e+001
1408	 1.4270000000e+003	-1.06698e+001	-7.74328e+001
1409	 1.4280000000e+003	-1.03923e+001	-7.65833e+001
1410	 1.4290000000e+003	-1.00996e+001	-7.57397e+001
1411	 1.4300000000e+003	-9.77962e+000	-7.49128e+001
1412	 1.4310000000e+003	-9.44638e+000	-7.40891e+001
1413	 1.4320000000e+003	-9.09669e+000	-7.32818e+001
1414	 1.4330000000e+003	-8.72946e+000	-7.24845e+001
1415	 1.4340000000e+003	-8.34711e+000	-7.16937e+001
1416	 1.4350000000e+003	-7.94491e+000	-7.09129e+001
1417	 1.4360000000e+003	-7.52141e+000	-7.01377e+001
1418	 1.4370000000e+003	-7.08532e+000	-6.93815e+001
1419	 1.4380000000e+003	-6.63206e+000	-6.86303e+001
1420	 1.4390000000e+003	-6.16226e+000	-6.78835e+001
1421	 1.4400000000e+003	-5.67980e+000	-6.71412e+001
1422	 1.4410000000e+003	-5.18180e+000	-6.64120e+001
1423	 1.4420000000e+003	-4.64732e+000	-6.56951e+001
1424	 1.4430000000e+003	-4.09913e+000	-6.49904e+001
1425	 1.4440000000e+003	-3.53116e+000	-6.42822e+001
1426	 1.4450000000e+003	-2.94851e+000	-6.35878e+001
1427	 1.4460000000e+003	-2.34595e+000	-6.29067e+001
1428	 1.4470000000e+003	-1.72703e+000	-6.22263e+001
1429	 1.4480000000e+003	-1.07899e+000	-6.15501e+001
1430	 1.4490000000e+003	-3.96531e-001	-6.08833e+001
1431	 1.4500000000e+003	 2.99991e-001	-6.02357e+001
1432	 1.4510000000e+003	 1.01495e+000	-5.96006e+001
1433	 1.4520000000e+003	 1.76358e+000	-5.89747e+001
1434	 1.4530000000e+003	 2.53715e+000	-5.83533e+001
1435	 1.4540000000e+003	 3.33654e+000	-5.77470e+001
1436	 1.4550000000e+003	 4.16880e+000	-5.71568e+001
1437	 1.4560000000e+003	 5.03960e+000	-5.65749e+001
1438	 1.4570000000e+003	 5.94098e+000	-5.60146e+001
1439	 1.4580000000e+003	 6.87305e+000	-5.54750e+001
1440	 1.4590000000e+003	 7.84115e+000	-5.49522e+001
1441	 1.4600000000e+003	 8.84057e+000	-5.44539e+001
1442	 1.4610000000e+003	 9.87450e+000	-5.39793e+001
1443	 1.4620000000e+003	 1.09492e+001	-5.35320e+001
1444	 1.4630000000e+003	 1.20773e+001	-5.31191e+001
1445	 1.4640000000e+003	 1.32385e+001	-5.27286e+001
1446	 1.4650000000e+003	 1.44265e+001	-5.23748e+001
1447	 1.4660000000e+003	 1.56521e+001	-5.20705e+001
1448	 1.4670000000e+003	 1.69301e+001	-5.18202e+001
1449	 1.4680000000e+003	 1.82530e+001	-5.15893e+001
1450	 1.4690000000e+003	 1.95969e+001	-5.14174e+001
1451	 1.4700000000e+003	 2.09853e+001	-5.13273e+001
1452	 1.4710000000e+003	 2.24479e+001	-5.12825e+001
1453	 1.4720000000e+003	 2.39192e+001	-5.12767e+001
1454	 1.4730000000e+003	 2.53788e+001	-5.13723e+001
1455	 1.4740000000e+003	 2.69193e+001	-5.15665e+001
1456	 1.4750000000e+003	 2.85282e+001	-5.17979e+001
1457	 1.4760000000e+003	 3.00679e+001	-5.21048e+001
1458	 1.4770000000e+003	 3.16482e+001	-5.25665e+001
1459	 1.4780000000e+003	 3.33404e+001	-5.30960e+001
1460	 1.4790000000e+003	 3.49389e+001	-5.36466e+001
1461	 1.4800000000e+003	 3.64970e+001	-5.44134e+001
1462	 1.4810000000e+003	 3.82093e+001	-5.52913e+001
1463	 1.4820000000e+003	 3.98182e+001	-5.61275e+001
1464	 1.4830000000e+003	 4.13052e+001	-5.72339e+001
1465	 1.4840000000e+003	 4.29954e+001	-5.84992e+001
1466	 1.4850000000e+003	 4.45278e+001	-5.96483e+001
1467	 1.4860000000e+003	 4.58590e+001	-6.11375e+001
1468	 1.4870000000e+003	 4.74682e+001	-6.27709e+001
1469	 1.4880000000e+003	 4.87551e+001	-6.42377e+001
1470	 1.4890000000e+003	 4.99100e+001	-6.61762e+001
1471	 1.4900000000e+003	 5.13479e+001	-6.81157e+001
1472	 1.4910000000e+003	 5.21933e+001	-6.99150e+001
1473	 1.4920000000e+003	 5.32242e+001	-7.23481e+001
1474	 1.4930000000e+003	 5.41808e+001	-7.43899e+001
1475	 1.4940000000e+003	 5.45943e+001	-7.67276e+001
1476	 1.4950000000e+003	 5.54079e+001	-7.94446e+001
1477	 1.4960000000e+003	 5.55638e+001	-8.14879e+001
1478	 1.4970000000e+003	 5.57499e+001	-8.45741e+001
1479	 1.4980000000e+003	 5.58700e+001	-8.67832e+001
1480	 1.4990000000e+003	 5.53571e+001	-8.96283e+001
1481	 1.5000000000e+003	 5.51788e+001	-9.23717e+001
1482	 1.5010000000e+003	 5.42730e+001	-9.46382e+001
1483	 1.5020000000e+003	 5.34336e+001	-9.78208e+001
1484	 1.5030000000e+003	 5.24371e+001	-9.96211e+001
1485	 1.5040000000e+003	 5.08194e+001	-1.02806e+002
1486	 1.5050000000e+003	 4.97775e+001	-1.04324e+002
1487	 1.5060000000e+003	 4.74894e+001	-1.07199e+002
1488	 1.5070000000e+003	 4.63265e+001	-1.08574e+002
1489	 1.5080000000e+003	 4.35451e+001	-1.10954e+002
1490	 1.5090000000e+003	 4.22477e+001	-1.12147e+002
1491	 1.5100000000e+003	 3.91549e+001	-1.14003e+002
1492	 1.5110000000e+003	 3.77591e+001	-1.14942e+002
1493	 1.5120000000e+003	 3.44440e+001	-1.16268e+002
1494	 1.5130000000e+003	 3.30719e+001	-1.16885e+002
1495	 1.5140000000e+003	 2.95807e+001	-1.17732e+002
1496	 1.5150000000e+003	 2.83318e+001	-1.18057e+002
1497	 1.5160000000e+003	 2.47680e+001	-1.18456e+002
1498	 1.5170000000e+003	 2.36438e+001	-1.18500e+002
1499	 1.5180000000e+003	 2.02412e+001	-1.18470e+002
1500	 1.5190000000e+003	 1.90611e+001	-1.18270e+002
1501	 1.5200000000e+003	 1.62045e+001	-1.17979e+002
1502	 1.5210000000e+003	 1.46670e+001	-1.17491e+002
1503	 1.5220000000e+003	 1.28035e+001	-1.17137e+002
1504	 1.5230000000e+003	 1.05672e+001	-1.16229e+002
1505	 1.5240000000e+003	 9.63180e+000	-1.15952e+002
1506	 1.5250000000e+003	 6.97154e+000	-1.14668e+002
1507	 1.5260000000e+003	 6.29422e+000	-1.14273e+002
1508	 1.5270000000e+003	 4.21024e+000	-1.13151e+002
1509	 1.5280000000e+003	 3.05573e+000	-1.12256e+002
1510	 1.5290000000e+003	 2.20462e+000	-1.11763e+002
1511	 1.5300000000e+003	 2.15640e-001	-1.10129e+002
1512	 1.5310000000e+003	-2.55878e-001	-1.09684e+002
1513	 1.5320000000e+003	-1.67852e+000	-1.08471e+002
1514	 1.5330000000e+003	-2.69596e+000	-1.07292e+002
1515	 1.5340000000e+003	-3.14122e+000	-1.06851e+002
1516	 1.5350000000e+003	-4.65819e+000	-1.05118e+002
1517	 1.5360000000e+003	-5.12775e+000	-1.04393e+002
1518	 1.5370000000e+003	-5.57935e+000	-1.03851e+002
1519	 1.5380000000e+003	-6.83794e+000	-1.01994e+002
1520	 1.5390000000e+003	-7.15293e+000	-1.01416e+002
1521	 1.5400000000e+003	-7.55942e+000	-1.00824e+002
1522	 1.5410000000e+003	-8.55817e+000	-9.89787e+001
1523	 1.5420000000e+003	-8.80880e+000	-9.84067e+001
1524	 1.5430000000e+003	-9.10636e+000	-9.78595e+001
1525	 1.5440000000e+003	-9.91342e+000	-9.60420e+001
1526	 1.5450000000e+003	-1.01263e+001	-9.54015e+001
1527	 1.5460000000e+003	-1.03370e+001	-9.48935e+001
1528	 1.5470000000e+003	-1.08904e+001	-9.33962e+001
1529	 1.5480000000e+003	-1.11510e+001	-9.23928e+001
1530	 1.5490000000e+003	-1.13051e+001	-9.18256e+001
1531	 1.5500000000e+003	-1.15159e+001	-9.11529e+001
1532	 1.5510000000e+003	-1.18850e+001	-8.94623e+001
1533	 1.5520000000e+003	-1.19685e+001	-8.88863e+001
1534	 1.5530000000e+003	-1.20625e+001	-8.83422e+001
1535	 1.5540000000e+003	-1.22310e+001	-8.74532e+001
1536	 1.5550000000e+003	-1.23838e+001	-8.59529e+001
1537	 1.5560000000e+003	-1.24135e+001	-8.54104e+001
1538	 1.5570000000e+003	-1.24509e+001	-8.48511e+001
1539	 1.5580000000e+003	-1.24981e+001	-8.41558e+001
1540	 1.5590000000e+003	-1.25176e+001	-8.25439e+001
1541	 1.5600000000e+003	-1.24991e+001	-8.19981e+001
1542	 1.5610000000e+003	-1.24724e+001	-8.14255e+001
1543	 1.5620000000e+003	-1.24518e+001	-8.08740e+001
1544	 1.5630000000e+003	-1.23847e+001	-7.96895e+001
1545	 1.5640000000e+003	-1.22456e+001	-7.86606e+001
1546	 1.5650000000e+003	-1.21575e+001	-7.81174e+001
1547	 1.5660000000e+003	-1.20660e+001	-7.75357e+001
1548	 1.5670000000e+003	-1.19691e+001	-7.69743e+001
1549	 1.5680000000e+003	-1.18407e+001	-7.62754e+001
1550	 1.5690000000e+003	-1.15106e+001	-7.48776e+001
1551	 1.5700000000e+003	-1.13721e+001	-7.43717e+001
1552	 1.5710000000e+003	-1.12153e+001	-7.38111e+001
1553	 1.5720000000e+003	-1.10284e+001	-7.32292e+001
1554	 1.5730000000e+003	-1.08513e+001	-7.26771e+001
1555	 1.5740000000e+003	-1.06741e+001	-7.21735e+001
1556	 1.5750000000e+003	-1.01608e+001	-7.08323e+001
1557	 1.5760000000e+003	-9.91828e+000	-7.02701e+001
1558	 1.5770000000e+003	-9.67962e+000	-6.97588e+001
1559	 1.5780000000e+003	-9.42116e+000	-6.92080e+001
1560	 1.5790000000e+003	-9.14515e+000	-6.86439e+001
1561	 1.5800000000e+003	-8.85563e+000	-6.80859e+001
1562	 1.5810000000e+003	-8.56481e+000	-6.75536e+001
1563	 1.5820000000e+003	-8.28443e+000	-6.70616e+001
1564	 1.5830000000e+003	-8.00774e+000	-6.65858e+001
1565	 1.5840000000e+003	-7.21970e+000	-6.53636e+001
1566	 1.5850000000e+003	-6.92755e+000	-6.49469e+001
1567	 1.5860000000e+003	-6.59686e+000	-6.44849e+001
1568	 1.5870000000e+003	-6.22733e+000	-6.39941e+001
1569	 1.5880000000e+003	-5.83964e+000	-6.34912e+001
1570	 1.5890000000e+003	-5.43595e+000	-6.29922e+001
1571	 1.5900000000e+003	-5.01987e+000	-6.25005e+001
1572	 1.5910000000e+003	-4.58544e+000	-6.20029e+001
1573	 1.5920000000e+003	-4.13793e+000	-6.15105e+001
1574	 1.5930000000e+003	-3.67019e+000	-6.10290e+001
1575	 1.5940000000e+003	-3.19658e+000	-6.05541e+001
1576	 1.5950000000e+003	-2.70515e+000	-6.00885e+001
1577	 1.5960000000e+003	-2.19315e+000	-5.96344e+001
1578	 1.5970000000e+003	-1.66907e+000	-5.91864e+001
1579	 1.5980000000e+003	-1.14015e+000	-5.87564e+001
1580	 1.5990000000e+003	-5.88709e-001	-5.83181e+001
1581	 1.6000000000e+003	-1.96564e-002	-5.78976e+001
1582	 1.6010000000e+003	 5.62282e-001	-5.74910e+001
1583	 1.6020000000e+003	 1.17302e+000	-5.70876e+001
1584	 1.6030000000e+003	 1.78760e+000	-5.67035e+001
1585	 1.6040000000e+003	 2.42413e+000	-5.63215e+001
1586	 1.6050000000e+003	 3.07270e+000	-5.59523e+001
1587	 1.6060000000e+003	 3.74999e+000	-5.55914e+001
1588	 1.6070000000e+003	 4.48137e+000	-5.52738e+001
1589	 1.6080000000e+003	 5.20593e+000	-5.49608e+001
1590	 1.6090000000e+003	 5.94910e+000	-5.46310e+001
1591	 1.6100000000e+003	 6.71847e+000	-5.43511e+001
1592	 1.6110000000e+003	 7.47883e+000	-5.40429e+001
1593	 1.6120000000e+003	 8.30044e+000	-5.36990e+001
1594	 1.6130000000e+003	 9.09422e+000	-5.33922e+001
1595	 1.6140000000e+003	 9.93377e+000	-5.31318e+001
1596	 1.6150000000e+003	 1.07163e+001	-5.29363e+001
1597	 1.6160000000e+003	 1.16028e+001	-5.26319e+001
1598	 1.6170000000e+003	 1.24933e+001	-5.23388e+001
1599	 1.6180000000e+003	 1.33044e+001	-5.22193e+001
1600	 1.6190000000e+003	 1.42940e+001	-5.17556e+001
1601	 1.6200000000e+003	 1.51710e+001	-5.11746e+001
TagsBegin:	 	 	 
OverLoad:	 	False	 
AverageNumber: []	 	 8.80000e+001	 
OverLoadRatio: []	 	 1.19209e-007	 
TagsEnd:	 	 	 
TagScalesBegin:	 	 	 
TagScalesEnd:	 	 	 
