Header Size:	 79	 	 
Pulse Version:	 80	 	 
Running Pulse Version:	PULSE LabShop Fast Track Version 18.1.1.9 - 2014-01-16	 	 
Decimal Symbol:	.	 	 
Date Format:	M/d/yyyy	 	 
Time Format:	HH:mm:ss:mmm	 	 
Data Type:	Complex	 	 
Slice:	False	 	 
Z-Axis type:	Linear	 	 
Z-Axis size:	1	 	 
Z-Axis unit:	 	 	 
Z-Axis first value:	 0.0000000000e+000	 	 
Z-Axis delta:	 1.0000000000e+000	 	 
X-Axis type:	Linear	 	 
X-Axis size:	1601	 	 
X-Axis unit:	Hz	 	 
X-Axis first value:	 2.0000000000e+001	 	 
X-Axis delta:	 1.0000000000e+000	 	 
	 	 	 
AmplitudeUnit:	Pa/(m/s)	 	 
Analyzer:	FFT_Spectrum_Averaging	 	 
AnalyzerName:	FFT Analyzer	 	 
	 	 	 
	 	 	 
Bipolar:	True	 	 
CenterFrequency:	 8.2000000000e+002	 	 
	 	 	 
	 	 	 
	 	 	 
	 	 	 
	 	 	 
	 	 	 
	 	 	 
	 	 	 
Domain:	1	 	 
Function:	Frequency Response	 	 
	 	 	 
InputRange:	-1.0000000000e-001	 	 
	 	 	 
	 	 	 
MultiBufferName:	Input	 	 
NBW:	 1.5000000000e+000	 	 
	 	 	 
OverlapFailed:	False	 	 
Overrun:	False	 	 
Power:	False	 	 
	 	 	 
Ratio:	True	 	 
RecordLength:	 1.0000000000e+000	 	 
ReducedSize:	True	 	 
Ref_Signal:	v	 	 
	 	 	 
	 	 	 
RefSignalUnit:	m/s	 	 
	 	 	 
	 	 	 
Signal:	p	 	 
	 	 	 
SignalUnit:	Pa	 	 
	 	 	 
	 	 	 
	 	 	 
Title:	Input Impedance	 	 
Title1:	Working : Input : Input : FFT Analyzer	 	 
	 	 	 
	 	 	 
	 	 	 
ZoomOn:	True	 	 
	 	 	 
TemplateName:	Working	 	 
MeasurementName:	Input	 	 
MeasurementSlice:	False	 	 
	 	 	 
	 	 	 
	 	 	 
EnvelopeOn:	False	 	 
	 	 	 
	 	 	 
	 	 	 
Z-index:	 	1	 
Date:	 	5/23/2022	 
Time:	 	18:46:27:375	 
Relative time:	 	 0.00000e+000	 
Z-axis:	 	 0.0000000000e+000	 
1	 2.0000000000e+001	 1.51778e+000	 5.92102e+001
2	 2.1000000000e+001	 1.80341e+000	 6.22120e+001
3	 2.2000000000e+001	 1.93570e+000	 6.46688e+001
4	 2.3000000000e+001	 2.41233e+000	 6.81946e+001
5	 2.4000000000e+001	 2.35350e+000	 7.18601e+001
6	 2.5000000000e+001	 3.18380e+000	 7.54210e+001
7	 2.6000000000e+001	 2.98611e+000	 7.92565e+001
8	 2.7000000000e+001	 4.05365e+000	 8.31070e+001
9	 2.8000000000e+001	 3.89026e+000	 8.69190e+001
10	 2.9000000000e+001	 4.71765e+000	 9.10845e+001
11	 3.0000000000e+001	 4.88562e+000	 9.52722e+001
12	 3.1000000000e+001	 5.43593e+000	 9.97126e+001
13	 3.2000000000e+001	 6.23716e+000	 1.04350e+002
14	 3.3000000000e+001	 6.30086e+000	 1.08846e+002
15	 3.4000000000e+001	 7.59076e+000	 1.14032e+002
16	 3.5000000000e+001	 7.85136e+000	 1.18979e+002
17	 3.6000000000e+001	 8.55032e+000	 1.24280e+002
18	 3.7000000000e+001	 9.88711e+000	 1.30125e+002
19	 3.8000000000e+001	 1.02540e+001	 1.35705e+002
20	 3.9000000000e+001	 1.14236e+001	 1.41876e+002
21	 4.0000000000e+001	 1.29679e+001	 1.48558e+002
22	 4.1000000000e+001	 1.35867e+001	 1.54960e+002
23	 4.2000000000e+001	 1.50009e+001	 1.62092e+002
24	 4.3000000000e+001	 1.67749e+001	 1.70160e+002
25	 4.4000000000e+001	 1.80163e+001	 1.77860e+002
26	 4.5000000000e+001	 1.97609e+001	 1.86362e+002
27	 4.6000000000e+001	 2.20473e+001	 1.95931e+002
28	 4.7000000000e+001	 2.45912e+001	 2.05823e+002
29	 4.8000000000e+001	 2.64550e+001	 2.15920e+002
30	 4.9000000000e+001	 2.98204e+001	 2.27547e+002
31	 5.0000000000e+001	 3.34423e+001	 2.40157e+002
32	 5.1000000000e+001	 3.73118e+001	 2.53502e+002
33	 5.2000000000e+001	 4.11458e+001	 2.67607e+002
34	 5.3000000000e+001	 4.69395e+001	 2.84027e+002
35	 5.4000000000e+001	 5.34569e+001	 3.01967e+002
36	 5.5000000000e+001	 6.06772e+001	 3.21523e+002
37	 5.6000000000e+001	 6.88656e+001	 3.42234e+002
38	 5.7000000000e+001	 7.97883e+001	 3.67511e+002
39	 5.8000000000e+001	 9.34808e+001	 3.94518e+002
40	 5.9000000000e+001	 1.09826e+002	 4.26073e+002
41	 6.0000000000e+001	 1.30111e+002	 4.59933e+002
42	 6.1000000000e+001	 1.54758e+002	 5.00649e+002
43	 6.2000000000e+001	 1.90944e+002	 5.46932e+002
44	 6.3000000000e+001	 2.36696e+002	 6.00592e+002
45	 6.4000000000e+001	 2.98535e+002	 6.59790e+002
46	 6.5000000000e+001	 3.82995e+002	 7.25100e+002
47	 6.6000000000e+001	 5.04500e+002	 7.96816e+002
48	 6.7000000000e+001	 6.85675e+002	 8.50801e+002
49	 6.8000000000e+001	 9.29318e+002	 8.64719e+002
50	 6.9000000000e+001	 1.24240e+003	 7.72633e+002
51	 7.0000000000e+001	 1.55756e+003	 4.85336e+002
52	 7.1000000000e+001	 1.71175e+003	 3.04445e+000
53	 7.2000000000e+001	 1.55520e+003	-4.85310e+002
54	 7.3000000000e+001	 1.22871e+003	-7.66714e+002
55	 7.4000000000e+001	 9.20313e+002	-8.54236e+002
56	 7.5000000000e+001	 6.80197e+002	-8.38462e+002
57	 7.6000000000e+001	 5.07840e+002	-7.84210e+002
58	 7.7000000000e+001	 3.90173e+002	-7.19258e+002
59	 7.8000000000e+001	 3.03798e+002	-6.53182e+002
60	 7.9000000000e+001	 2.42711e+002	-5.95424e+002
61	 8.0000000000e+001	 1.97640e+002	-5.45377e+002
62	 8.1000000000e+001	 1.64152e+002	-5.00470e+002
63	 8.2000000000e+001	 1.37327e+002	-4.61509e+002
64	 8.3000000000e+001	 1.17056e+002	-4.27944e+002
65	 8.4000000000e+001	 1.00607e+002	-3.96947e+002
66	 8.5000000000e+001	 8.71328e+001	-3.70349e+002
67	 8.6000000000e+001	 7.62564e+001	-3.46523e+002
68	 8.7000000000e+001	 6.74671e+001	-3.25553e+002
69	 8.8000000000e+001	 5.96275e+001	-3.06168e+002
70	 8.9000000000e+001	 5.32725e+001	-2.88986e+002
71	 9.0000000000e+001	 4.80100e+001	-2.73143e+002
72	 9.1000000000e+001	 4.31875e+001	-2.58603e+002
73	 9.2000000000e+001	 3.91316e+001	-2.45289e+002
74	 9.3000000000e+001	 3.56175e+001	-2.33200e+002
75	 9.4000000000e+001	 3.26217e+001	-2.21930e+002
76	 9.5000000000e+001	 2.97738e+001	-2.11407e+002
77	 9.6000000000e+001	 2.73787e+001	-2.01766e+002
78	 9.7000000000e+001	 2.53581e+001	-1.92593e+002
79	 9.8000000000e+001	 2.33566e+001	-1.84033e+002
80	 9.9000000000e+001	 2.16925e+001	-1.75951e+002
81	 1.0000000000e+002	 2.01025e+001	-1.68442e+002
82	 1.0100000000e+002	 1.88305e+001	-1.61281e+002
83	 1.0200000000e+002	 1.75439e+001	-1.54543e+002
84	 1.0300000000e+002	 1.63241e+001	-1.48142e+002
85	 1.0400000000e+002	 1.53945e+001	-1.42033e+002
86	 1.0500000000e+002	 1.44542e+001	-1.36199e+002
87	 1.0600000000e+002	 1.35812e+001	-1.30653e+002
88	 1.0700000000e+002	 1.27641e+001	-1.25297e+002
89	 1.0800000000e+002	 1.20648e+001	-1.20246e+002
90	 1.0900000000e+002	 1.14425e+001	-1.15321e+002
91	 1.1000000000e+002	 1.08113e+001	-1.10609e+002
92	 1.1100000000e+002	 1.01928e+001	-1.06125e+002
93	 1.1200000000e+002	 9.72096e+000	-1.01713e+002
94	 1.1300000000e+002	 9.22907e+000	-9.74716e+001
95	 1.1400000000e+002	 8.80098e+000	-9.33768e+001
96	 1.1500000000e+002	 8.32522e+000	-8.93686e+001
97	 1.1600000000e+002	 7.96028e+000	-8.55076e+001
98	 1.1700000000e+002	 7.59990e+000	-8.17383e+001
99	 1.1800000000e+002	 7.28986e+000	-7.80116e+001
100	 1.1900000000e+002	 6.94667e+000	-7.44476e+001
101	 1.2000000000e+002	 6.64644e+000	-7.09435e+001
102	 1.2100000000e+002	 6.40896e+000	-6.74562e+001
103	 1.2200000000e+002	 6.19838e+000	-6.40938e+001
104	 1.2300000000e+002	 5.99938e+000	-6.07664e+001
105	 1.2400000000e+002	 5.78982e+000	-5.75275e+001
106	 1.2500000000e+002	 5.62798e+000	-5.43308e+001
107	 1.2600000000e+002	 5.50875e+000	-5.12153e+001
108	 1.2700000000e+002	 5.37936e+000	-4.81068e+001
109	 1.2800000000e+002	 5.24901e+000	-4.50685e+001
110	 1.2900000000e+002	 5.13274e+000	-4.21073e+001
111	 1.3000000000e+002	 5.03198e+000	-3.91211e+001
112	 1.3100000000e+002	 4.94489e+000	-3.61821e+001
113	 1.3200000000e+002	 4.90187e+000	-3.32715e+001
114	 1.3300000000e+002	 4.80746e+000	-3.03810e+001
115	 1.3400000000e+002	 4.74668e+000	-2.75158e+001
116	 1.3500000000e+002	 4.67784e+000	-2.46652e+001
117	 1.3600000000e+002	 4.67411e+000	-2.18122e+001
118	 1.3700000000e+002	 4.64442e+000	-1.89765e+001
119	 1.3800000000e+002	 4.60258e+000	-1.61326e+001
120	 1.3900000000e+002	 4.59902e+000	-1.33276e+001
121	 1.4000000000e+002	 4.58960e+000	-1.04970e+001
122	 1.4100000000e+002	 4.57905e+000	-7.64837e+000
123	 1.4200000000e+002	 4.62662e+000	-4.79639e+000
124	 1.4300000000e+002	 4.64956e+000	-1.92035e+000
125	 1.4400000000e+002	 4.67491e+000	 9.38420e-001
126	 1.4500000000e+002	 4.70192e+000	 3.84308e+000
127	 1.4600000000e+002	 4.76384e+000	 6.74828e+000
128	 1.4700000000e+002	 4.83427e+000	 9.72400e+000
129	 1.4800000000e+002	 4.92164e+000	 1.27130e+001
130	 1.4900000000e+002	 4.99435e+000	 1.57487e+001
131	 1.5000000000e+002	 5.14263e+000	 1.88423e+001
132	 1.5100000000e+002	 5.29340e+000	 2.19372e+001
133	 1.5200000000e+002	 5.50138e+000	 2.50997e+001
134	 1.5300000000e+002	 5.77408e+000	 2.83455e+001
135	 1.5400000000e+002	 6.05446e+000	 3.16166e+001
136	 1.5500000000e+002	 6.31357e+000	 3.49619e+001
137	 1.5600000000e+002	 6.54228e+000	 3.83823e+001
138	 1.5700000000e+002	 6.77319e+000	 4.18902e+001
139	 1.5800000000e+002	 6.98954e+000	 4.54834e+001
140	 1.5900000000e+002	 7.18129e+000	 4.92179e+001
141	 1.6000000000e+002	 7.35747e+000	 5.30470e+001
142	 1.6100000000e+002	 7.50731e+000	 5.69907e+001
143	 1.6200000000e+002	 7.68869e+000	 6.11006e+001
144	 1.6300000000e+002	 7.88212e+000	 6.53645e+001
145	 1.6400000000e+002	 8.09453e+000	 6.97704e+001
146	 1.6500000000e+002	 8.36194e+000	 7.43910e+001
147	 1.6600000000e+002	 8.66681e+000	 7.92105e+001
148	 1.6700000000e+002	 9.01461e+000	 8.42542e+001
149	 1.6800000000e+002	 9.38251e+000	 8.95616e+001
150	 1.6900000000e+002	 9.84593e+000	 9.51409e+001
151	 1.7000000000e+002	 1.03287e+001	 1.01065e+002
152	 1.7100000000e+002	 1.09444e+001	 1.07348e+002
153	 1.7200000000e+002	 1.15820e+001	 1.14126e+002
154	 1.7300000000e+002	 1.22568e+001	 1.21330e+002
155	 1.7400000000e+002	 1.30209e+001	 1.29065e+002
156	 1.7500000000e+002	 1.38948e+001	 1.37499e+002
157	 1.7600000000e+002	 1.49043e+001	 1.46738e+002
158	 1.7700000000e+002	 1.60618e+001	 1.56869e+002
159	 1.7800000000e+002	 1.72832e+001	 1.68093e+002
160	 1.7900000000e+002	 1.88295e+001	 1.80617e+002
161	 1.8000000000e+002	 2.06688e+001	 1.94667e+002
162	 1.8100000000e+002	 2.30298e+001	 2.10581e+002
163	 1.8200000000e+002	 2.60701e+001	 2.29125e+002
164	 1.8300000000e+002	 3.02715e+001	 2.51026e+002
165	 1.8400000000e+002	 3.61027e+001	 2.77682e+002
166	 1.8500000000e+002	 4.43664e+001	 3.10322e+002
167	 1.8600000000e+002	 5.68909e+001	 3.51760e+002
168	 1.8700000000e+002	 7.73166e+001	 4.06159e+002
169	 1.8800000000e+002	 1.14271e+002	 4.79152e+002
170	 1.8900000000e+002	 1.87756e+002	 5.74827e+002
171	 1.9000000000e+002	 3.39354e+002	 6.82679e+002
172	 1.9100000000e+002	 6.31047e+002	 7.27170e+002
173	 1.9200000000e+002	 1.01051e+003	 4.92764e+002
174	 1.9300000000e+002	 1.08724e+003	-1.59041e+001
175	 1.9400000000e+002	 8.37920e+002	-3.21345e+002
176	 1.9500000000e+002	 5.96411e+002	-3.85399e+002
177	 1.9600000000e+002	 4.38367e+002	-3.65068e+002
178	 1.9700000000e+002	 3.37621e+002	-3.26108e+002
179	 1.9800000000e+002	 2.71701e+002	-2.86093e+002
180	 1.9900000000e+002	 2.27415e+002	-2.50331e+002
181	 2.0000000000e+002	 1.96757e+002	-2.19767e+002
182	 2.0100000000e+002	 1.75051e+002	-1.93920e+002
183	 2.0200000000e+002	 1.59237e+002	-1.72390e+002
184	 2.0300000000e+002	 1.47512e+002	-1.54174e+002
185	 2.0400000000e+002	 1.38864e+002	-1.38608e+002
186	 2.0500000000e+002	 1.32154e+002	-1.25099e+002
187	 2.0600000000e+002	 1.26947e+002	-1.13314e+002
188	 2.0700000000e+002	 1.22776e+002	-1.02817e+002
189	 2.0800000000e+002	 1.19037e+002	-9.31626e+001
190	 2.0900000000e+002	 1.15613e+002	-8.42266e+001
191	 2.1000000000e+002	 1.12403e+002	-7.56880e+001
192	 2.1100000000e+002	 1.09540e+002	-6.75482e+001
193	 2.1200000000e+002	 1.07230e+002	-5.96073e+001
194	 2.1300000000e+002	 1.05551e+002	-5.16308e+001
195	 2.1400000000e+002	 1.04629e+002	-4.36182e+001
196	 2.1500000000e+002	 1.04364e+002	-3.59822e+001
197	 2.1600000000e+002	 1.04572e+002	-2.85762e+001
198	 2.1700000000e+002	 1.05325e+002	-2.13632e+001
199	 2.1800000000e+002	 1.06517e+002	-1.44112e+001
200	 2.1900000000e+002	 1.08118e+002	-7.61191e+000
201	 2.2000000000e+002	 1.10106e+002	-9.21074e-001
202	 2.2100000000e+002	 1.12525e+002	 5.81811e+000
203	 2.2200000000e+002	 1.15328e+002	 1.26544e+001
204	 2.2300000000e+002	 1.18782e+002	 1.96007e+001
205	 2.2400000000e+002	 1.22765e+002	 2.67916e+001
206	 2.2500000000e+002	 1.27541e+002	 3.41380e+001
207	 2.2600000000e+002	 1.33301e+002	 4.18281e+001
208	 2.2700000000e+002	 1.40169e+002	 4.95217e+001
209	 2.2800000000e+002	 1.48348e+002	 5.74533e+001
210	 2.2900000000e+002	 1.57973e+002	 6.56381e+001
211	 2.3000000000e+002	 1.69442e+002	 7.38225e+001
212	 2.3100000000e+002	 1.83235e+002	 8.17942e+001
213	 2.3200000000e+002	 1.99734e+002	 8.92811e+001
214	 2.3300000000e+002	 2.19488e+002	 9.57190e+001
215	 2.3400000000e+002	 2.43201e+002	 1.00276e+002
216	 2.3500000000e+002	 2.71296e+002	 1.01929e+002
217	 2.3600000000e+002	 3.04420e+002	 9.88724e+001
218	 2.3700000000e+002	 3.42469e+002	 8.82393e+001
219	 2.3800000000e+002	 3.83837e+002	 6.67669e+001
220	 2.3900000000e+002	 4.24962e+002	 3.05741e+001
221	 2.4000000000e+002	 4.59023e+002	-2.26280e+001
222	 2.4100000000e+002	 4.77045e+002	-9.04770e+001
223	 2.4200000000e+002	 4.71617e+002	-1.64567e+002
224	 2.4300000000e+002	 4.41749e+002	-2.33089e+002
225	 2.4400000000e+002	 3.93795e+002	-2.85584e+002
226	 2.4500000000e+002	 3.37683e+002	-3.17923e+002
227	 2.4600000000e+002	 2.82391e+002	-3.31960e+002
228	 2.4700000000e+002	 2.32964e+002	-3.32592e+002
229	 2.4800000000e+002	 1.91425e+002	-3.24743e+002
230	 2.4900000000e+002	 1.57599e+002	-3.12051e+002
231	 2.5000000000e+002	 1.30571e+002	-2.97027e+002
232	 2.5100000000e+002	 1.09036e+002	-2.81602e+002
233	 2.5200000000e+002	 9.18314e+001	-2.66296e+002
234	 2.5300000000e+002	 7.80667e+001	-2.51669e+002
235	 2.5400000000e+002	 6.70158e+001	-2.37943e+002
236	 2.5500000000e+002	 5.80231e+001	-2.25103e+002
237	 2.5600000000e+002	 5.06276e+001	-2.13226e+002
238	 2.5700000000e+002	 4.45224e+001	-2.02214e+002
239	 2.5800000000e+002	 3.94979e+001	-1.91981e+002
240	 2.5900000000e+002	 3.52571e+001	-1.82524e+002
241	 2.6000000000e+002	 3.17045e+001	-1.73720e+002
242	 2.6100000000e+002	 2.86556e+001	-1.65517e+002
243	 2.6200000000e+002	 2.60369e+001	-1.57879e+002
244	 2.6300000000e+002	 2.37913e+001	-1.50719e+002
245	 2.6400000000e+002	 2.18475e+001	-1.43984e+002
246	 2.6500000000e+002	 2.01717e+001	-1.37650e+002
247	 2.6600000000e+002	 1.87035e+001	-1.31684e+002
248	 2.6700000000e+002	 1.74153e+001	-1.26006e+002
249	 2.6800000000e+002	 1.62761e+001	-1.20615e+002
250	 2.6900000000e+002	 1.52854e+001	-1.15486e+002
251	 2.7000000000e+002	 1.43780e+001	-1.10606e+002
252	 2.7100000000e+002	 1.35951e+001	-1.05908e+002
253	 2.7200000000e+002	 1.29234e+001	-1.01411e+002
254	 2.7300000000e+002	 1.22832e+001	-9.70834e+001
255	 2.7400000000e+002	 1.17311e+001	-9.29273e+001
256	 2.7500000000e+002	 1.12409e+001	-8.89170e+001
257	 2.7600000000e+002	 1.08035e+001	-8.50064e+001
258	 2.7700000000e+002	 1.04222e+001	-8.12387e+001
259	 2.7800000000e+002	 1.00709e+001	-7.75832e+001
260	 2.7900000000e+002	 9.76901e+000	-7.40183e+001
261	 2.8000000000e+002	 9.50270e+000	-7.05678e+001
262	 2.8100000000e+002	 9.27061e+000	-6.71801e+001
263	 2.8200000000e+002	 9.05458e+000	-6.38773e+001
264	 2.8300000000e+002	 8.88427e+000	-6.06299e+001
265	 2.8400000000e+002	 8.72220e+000	-5.74630e+001
266	 2.8500000000e+002	 8.59040e+000	-5.43469e+001
267	 2.8600000000e+002	 8.47781e+000	-5.12877e+001
268	 2.8700000000e+002	 8.38241e+000	-4.82740e+001
269	 2.8800000000e+002	 8.30445e+000	-4.52918e+001
270	 2.8900000000e+002	 8.25010e+000	-4.23572e+001
271	 2.9000000000e+002	 8.20756e+000	-3.94461e+001
272	 2.9100000000e+002	 8.17013e+000	-3.65694e+001
273	 2.9200000000e+002	 8.16716e+000	-3.37125e+001
274	 2.9300000000e+002	 8.17051e+000	-3.08731e+001
275	 2.9400000000e+002	 8.18500e+000	-2.80399e+001
276	 2.9500000000e+002	 8.22042e+000	-2.52224e+001
277	 2.9600000000e+002	 8.26877e+000	-2.24177e+001
278	 2.9700000000e+002	 8.33718e+000	-1.96160e+001
279	 2.9800000000e+002	 8.41249e+000	-1.68220e+001
280	 2.9900000000e+002	 8.50342e+000	-1.40140e+001
281	 3.0000000000e+002	 8.61655e+000	-1.12047e+001
282	 3.0100000000e+002	 8.73422e+000	-8.38974e+000
283	 3.0200000000e+002	 8.87803e+000	-5.56551e+000
284	 3.0300000000e+002	 9.03381e+000	-2.72580e+000
285	 3.0400000000e+002	 9.20155e+000	 1.38464e-001
286	 3.0500000000e+002	 9.37381e+000	 3.02686e+000
287	 3.0600000000e+002	 9.57511e+000	 5.94337e+000
288	 3.0700000000e+002	 9.78855e+000	 8.88485e+000
289	 3.0800000000e+002	 1.00119e+001	 1.18604e+001
290	 3.0900000000e+002	 1.02497e+001	 1.48816e+001
291	 3.1000000000e+002	 1.05113e+001	 1.79572e+001
292	 3.1100000000e+002	 1.07973e+001	 2.10950e+001
293	 3.1200000000e+002	 1.11050e+001	 2.42879e+001
294	 3.1300000000e+002	 1.14393e+001	 2.75457e+001
295	 3.1400000000e+002	 1.18146e+001	 3.08831e+001
296	 3.1500000000e+002	 1.22343e+001	 3.42765e+001
297	 3.1600000000e+002	 1.27046e+001	 3.77442e+001
298	 3.1700000000e+002	 1.31976e+001	 4.12918e+001
299	 3.1800000000e+002	 1.37445e+001	 4.49175e+001
300	 3.1900000000e+002	 1.43230e+001	 4.86354e+001
301	 3.2000000000e+002	 1.49468e+001	 5.24788e+001
302	 3.2100000000e+002	 1.56212e+001	 5.64204e+001
303	 3.2200000000e+002	 1.63635e+001	 6.04817e+001
304	 3.2300000000e+002	 1.71918e+001	 6.46803e+001
305	 3.2400000000e+002	 1.80863e+001	 6.90005e+001
306	 3.2500000000e+002	 1.90762e+001	 7.34522e+001
307	 3.2600000000e+002	 2.01361e+001	 7.80433e+001
308	 3.2700000000e+002	 2.12803e+001	 8.27937e+001
309	 3.2800000000e+002	 2.25129e+001	 8.77070e+001
310	 3.2900000000e+002	 2.38154e+001	 9.28470e+001
311	 3.3000000000e+002	 2.52483e+001	 9.81999e+001
312	 3.3100000000e+002	 2.68148e+001	 1.03810e+002
313	 3.3200000000e+002	 2.85238e+001	 1.09630e+002
314	 3.3300000000e+002	 3.03999e+001	 1.15776e+002
315	 3.3400000000e+002	 3.24320e+001	 1.22199e+002
316	 3.3500000000e+002	 3.47175e+001	 1.28966e+002
317	 3.3600000000e+002	 3.71800e+001	 1.36104e+002
318	 3.3700000000e+002	 3.99341e+001	 1.43643e+002
319	 3.3800000000e+002	 4.29616e+001	 1.51653e+002
320	 3.3900000000e+002	 4.63619e+001	 1.60151e+002
321	 3.4000000000e+002	 5.01768e+001	 1.69209e+002
322	 3.4100000000e+002	 5.44700e+001	 1.78934e+002
323	 3.4200000000e+002	 5.93645e+001	 1.89287e+002
324	 3.4300000000e+002	 6.49358e+001	 2.00398e+002
325	 3.4400000000e+002	 7.13202e+001	 2.12338e+002
326	 3.4500000000e+002	 7.86266e+001	 2.25188e+002
327	 3.4600000000e+002	 8.71051e+001	 2.39105e+002
328	 3.4700000000e+002	 9.69780e+001	 2.54132e+002
329	 3.4800000000e+002	 1.08498e+002	 2.70412e+002
330	 3.4900000000e+002	 1.22181e+002	 2.88003e+002
331	 3.5000000000e+002	 1.38539e+002	 3.06964e+002
332	 3.5100000000e+002	 1.58115e+002	 3.27698e+002
333	 3.5200000000e+002	 1.81873e+002	 3.49887e+002
334	 3.5300000000e+002	 2.11010e+002	 3.73433e+002
335	 3.5400000000e+002	 2.47016e+002	 3.98018e+002
336	 3.5500000000e+002	 2.91830e+002	 4.22851e+002
337	 3.5600000000e+002	 3.47917e+002	 4.46162e+002
338	 3.5700000000e+002	 4.17910e+002	 4.64940e+002
339	 3.5800000000e+002	 5.04514e+002	 4.73942e+002
340	 3.5900000000e+002	 6.09060e+002	 4.64789e+002
341	 3.6000000000e+002	 7.28747e+002	 4.25189e+002
342	 3.6100000000e+002	 8.52182e+002	 3.41711e+002
343	 3.6200000000e+002	 9.56376e+002	 2.07001e+002
344	 3.6300000000e+002	 1.01243e+003	 3.04884e+001
345	 3.6400000000e+002	 1.00089e+003	-1.57967e+002
346	 3.6500000000e+002	 9.26583e+002	-3.21819e+002
347	 3.6600000000e+002	 8.14577e+002	-4.38595e+002
348	 3.6700000000e+002	 6.92490e+002	-5.06528e+002
349	 3.6800000000e+002	 5.78203e+002	-5.35863e+002
350	 3.6900000000e+002	 4.79578e+002	-5.39323e+002
351	 3.7000000000e+002	 3.98010e+002	-5.27407e+002
352	 3.7100000000e+002	 3.31889e+002	-5.07239e+002
353	 3.7200000000e+002	 2.78758e+002	-4.83352e+002
354	 3.7300000000e+002	 2.36045e+002	-4.58332e+002
355	 3.7400000000e+002	 2.01565e+002	-4.33603e+002
356	 3.7500000000e+002	 1.73597e+002	-4.09980e+002
357	 3.7600000000e+002	 1.50745e+002	-3.87756e+002
358	 3.7700000000e+002	 1.31922e+002	-3.67060e+002
359	 3.7800000000e+002	 1.16300e+002	-3.47943e+002
360	 3.7900000000e+002	 1.03226e+002	-3.30284e+002
361	 3.8000000000e+002	 9.21842e+001	-3.14034e+002
362	 3.8100000000e+002	 8.27830e+001	-2.99049e+002
363	 3.8200000000e+002	 7.47132e+001	-2.85146e+002
364	 3.8300000000e+002	 6.77482e+001	-2.72251e+002
365	 3.8400000000e+002	 6.17316e+001	-2.60276e+002
366	 3.8500000000e+002	 5.64843e+001	-2.49149e+002
367	 3.8600000000e+002	 5.18763e+001	-2.38807e+002
368	 3.8700000000e+002	 4.77994e+001	-2.29143e+002
369	 3.8800000000e+002	 4.42246e+001	-2.20072e+002
370	 3.8900000000e+002	 4.10632e+001	-2.11535e+002
371	 3.9000000000e+002	 3.82429e+001	-2.03521e+002
372	 3.9100000000e+002	 3.57050e+001	-1.95975e+002
373	 3.9200000000e+002	 3.34125e+001	-1.88830e+002
374	 3.9300000000e+002	 3.13806e+001	-1.82041e+002
375	 3.9400000000e+002	 2.95617e+001	-1.75633e+002
376	 3.9500000000e+002	 2.78927e+001	-1.69526e+002
377	 3.9600000000e+002	 2.63790e+001	-1.63680e+002
378	 3.9700000000e+002	 2.50281e+001	-1.58121e+002
379	 3.9800000000e+002	 2.37995e+001	-1.52825e+002
380	 3.9900000000e+002	 2.26663e+001	-1.47707e+002
381	 4.0000000000e+002	 2.16467e+001	-1.42806e+002
382	 4.0100000000e+002	 2.07186e+001	-1.38114e+002
383	 4.0200000000e+002	 1.98622e+001	-1.33572e+002
384	 4.0300000000e+002	 1.91051e+001	-1.29203e+002
385	 4.0400000000e+002	 1.83821e+001	-1.24977e+002
386	 4.0500000000e+002	 1.77447e+001	-1.20886e+002
387	 4.0600000000e+002	 1.71501e+001	-1.16944e+002
388	 4.0700000000e+002	 1.66144e+001	-1.13104e+002
389	 4.0800000000e+002	 1.61272e+001	-1.09387e+002
390	 4.0900000000e+002	 1.56887e+001	-1.05763e+002
391	 4.1000000000e+002	 1.52833e+001	-1.02239e+002
392	 4.1100000000e+002	 1.49126e+001	-9.87975e+001
393	 4.1200000000e+002	 1.45879e+001	-9.54368e+001
394	 4.1300000000e+002	 1.42822e+001	-9.21550e+001
395	 4.1400000000e+002	 1.40303e+001	-8.89450e+001
396	 4.1500000000e+002	 1.37895e+001	-8.57952e+001
397	 4.1600000000e+002	 1.35859e+001	-8.27176e+001
398	 4.1700000000e+002	 1.33958e+001	-7.96850e+001
399	 4.1800000000e+002	 1.32379e+001	-7.67154e+001
400	 4.1900000000e+002	 1.31059e+001	-7.37754e+001
401	 4.2000000000e+002	 1.29988e+001	-7.08964e+001
402	 4.2100000000e+002	 1.29116e+001	-6.80408e+001
403	 4.2200000000e+002	 1.28392e+001	-6.52298e+001
404	 4.2300000000e+002	 1.27960e+001	-6.24420e+001
405	 4.2400000000e+002	 1.27654e+001	-5.96957e+001
406	 4.2500000000e+002	 1.27594e+001	-5.69710e+001
407	 4.2600000000e+002	 1.27728e+001	-5.42669e+001
408	 4.2700000000e+002	 1.28024e+001	-5.15813e+001
409	 4.2800000000e+002	 1.28545e+001	-4.89213e+001
410	 4.2900000000e+002	 1.29214e+001	-4.62669e+001
411	 4.3000000000e+002	 1.30146e+001	-4.36335e+001
412	 4.3100000000e+002	 1.31241e+001	-4.10067e+001
413	 4.3200000000e+002	 1.32519e+001	-3.83764e+001
414	 4.3300000000e+002	 1.34027e+001	-3.57635e+001
415	 4.3400000000e+002	 1.35675e+001	-3.31513e+001
416	 4.3500000000e+002	 1.37528e+001	-3.05311e+001
417	 4.3600000000e+002	 1.39522e+001	-2.79178e+001
418	 4.3700000000e+002	 1.41725e+001	-2.52894e+001
419	 4.3800000000e+002	 1.44192e+001	-2.26535e+001
420	 4.3900000000e+002	 1.46736e+001	-2.00095e+001
421	 4.4000000000e+002	 1.49617e+001	-1.73407e+001
422	 4.4100000000e+002	 1.52777e+001	-1.46627e+001
423	 4.4200000000e+002	 1.56106e+001	-1.19579e+001
424	 4.4300000000e+002	 1.59736e+001	-9.23515e+000
425	 4.4400000000e+002	 1.63628e+001	-6.47819e+000
426	 4.4500000000e+002	 1.67860e+001	-3.69840e+000
427	 4.4600000000e+002	 1.72376e+001	-8.85218e-001
428	 4.4700000000e+002	 1.77162e+001	 1.95838e+000
429	 4.4800000000e+002	 1.82338e+001	 4.84032e+000
430	 4.4900000000e+002	 1.88051e+001	 7.77503e+000
431	 4.5000000000e+002	 1.93828e+001	 1.07676e+001
432	 4.5100000000e+002	 1.99995e+001	 1.37615e+001
433	 4.5200000000e+002	 2.06740e+001	 1.68344e+001
434	 4.5300000000e+002	 2.13982e+001	 1.99592e+001
435	 4.5400000000e+002	 2.21600e+001	 2.31456e+001
436	 4.5500000000e+002	 2.29778e+001	 2.63959e+001
437	 4.5600000000e+002	 2.38590e+001	 2.97209e+001
438	 4.5700000000e+002	 2.47942e+001	 3.31219e+001
439	 4.5800000000e+002	 2.57970e+001	 3.65953e+001
440	 4.5900000000e+002	 2.68785e+001	 4.01661e+001
441	 4.6000000000e+002	 2.80223e+001	 4.38165e+001
442	 4.6100000000e+002	 2.92557e+001	 4.75710e+001
443	 4.6200000000e+002	 3.05710e+001	 5.14244e+001
444	 4.6300000000e+002	 3.19911e+001	 5.53896e+001
445	 4.6400000000e+002	 3.35245e+001	 5.94867e+001
446	 4.6500000000e+002	 3.51573e+001	 6.37154e+001
447	 4.6600000000e+002	 3.69266e+001	 6.80575e+001
448	 4.6700000000e+002	 3.88442e+001	 7.25634e+001
449	 4.6800000000e+002	 4.09116e+001	 7.72388e+001
450	 4.6900000000e+002	 4.31371e+001	 8.20576e+001
451	 4.7000000000e+002	 4.55624e+001	 8.70706e+001
452	 4.7100000000e+002	 4.82079e+001	 9.22923e+001
453	 4.7200000000e+002	 5.10662e+001	 9.76994e+001
454	 4.7300000000e+002	 5.41896e+001	 1.03323e+002
455	 4.7400000000e+002	 5.76219e+001	 1.09181e+002
456	 4.7500000000e+002	 6.13617e+001	 1.15300e+002
457	 4.7600000000e+002	 6.54743e+001	 1.21700e+002
458	 4.7700000000e+002	 7.00019e+001	 1.28365e+002
459	 4.7800000000e+002	 7.49996e+001	 1.35307e+002
460	 4.7900000000e+002	 8.05379e+001	 1.42580e+002
461	 4.8000000000e+002	 8.67020e+001	 1.50202e+002
462	 4.8100000000e+002	 9.35376e+001	 1.58150e+002
463	 4.8200000000e+002	 1.01139e+002	 1.66452e+002
464	 4.8300000000e+002	 1.09656e+002	 1.75114e+002
465	 4.8400000000e+002	 1.19274e+002	 1.84137e+002
466	 4.8500000000e+002	 1.30120e+002	 1.93516e+002
467	 4.8600000000e+002	 1.42382e+002	 2.03234e+002
468	 4.8700000000e+002	 1.56333e+002	 2.13229e+002
469	 4.8800000000e+002	 1.72281e+002	 2.23411e+002
470	 4.8900000000e+002	 1.90578e+002	 2.33611e+002
471	 4.9000000000e+002	 2.11629e+002	 2.43570e+002
472	 4.9100000000e+002	 2.35888e+002	 2.52910e+002
473	 4.9200000000e+002	 2.63868e+002	 2.61064e+002
474	 4.9300000000e+002	 2.96143e+002	 2.67232e+002
475	 4.9400000000e+002	 3.33113e+002	 2.70265e+002
476	 4.9500000000e+002	 3.75009e+002	 2.68609e+002
477	 4.9600000000e+002	 4.21627e+002	 2.60338e+002
478	 4.9700000000e+002	 4.72127e+002	 2.43042e+002
479	 4.9800000000e+002	 5.24596e+002	 2.14173e+002
480	 4.9900000000e+002	 5.75622e+002	 1.71498e+002
481	 5.0000000000e+002	 6.20254e+002	 1.14079e+002
482	 5.0100000000e+002	 6.52741e+002	 4.32423e+001
483	 5.0200000000e+002	 6.67740e+002	-3.66241e+001
484	 5.0300000000e+002	 6.62381e+002	-1.18701e+002
485	 5.0400000000e+002	 6.37388e+002	-1.95468e+002
486	 5.0500000000e+002	 5.96708e+002	-2.60870e+002
487	 5.0600000000e+002	 5.46064e+002	-3.11639e+002
488	 5.0700000000e+002	 4.91162e+002	-3.47345e+002
489	 5.0800000000e+002	 4.36569e+002	-3.69480e+002
490	 5.0900000000e+002	 3.85191e+002	-3.80615e+002
491	 5.1000000000e+002	 3.38613e+002	-3.83437e+002
492	 5.1100000000e+002	 2.97436e+002	-3.80374e+002
493	 5.1200000000e+002	 2.61580e+002	-3.73304e+002
494	 5.1300000000e+002	 2.30625e+002	-3.63701e+002
495	 5.1400000000e+002	 2.04028e+002	-3.52631e+002
496	 5.1500000000e+002	 1.81225e+002	-3.40797e+002
497	 5.1600000000e+002	 1.61641e+002	-3.28703e+002
498	 5.1700000000e+002	 1.44803e+002	-3.16656e+002
499	 5.1800000000e+002	 1.30276e+002	-3.04893e+002
500	 5.1900000000e+002	 1.17703e+002	-2.93513e+002
501	 5.2000000000e+002	 1.06790e+002	-2.82594e+002
502	 5.2100000000e+002	 9.72865e+001	-2.72199e+002
503	 5.2200000000e+002	 8.89705e+001	-2.62336e+002
504	 5.2300000000e+002	 8.16574e+001	-2.52978e+002
505	 5.2400000000e+002	 7.51761e+001	-2.44109e+002
506	 5.2500000000e+002	 6.94088e+001	-2.35677e+002
507	 5.2600000000e+002	 6.42695e+001	-2.27683e+002
508	 5.2700000000e+002	 5.96727e+001	-2.20103e+002
509	 5.2800000000e+002	 5.55334e+001	-2.12903e+002
510	 5.2900000000e+002	 5.17890e+001	-2.06024e+002
511	 5.3000000000e+002	 4.84187e+001	-1.99449e+002
512	 5.3100000000e+002	 4.53984e+001	-1.93183e+002
513	 5.3200000000e+002	 4.26465e+001	-1.87197e+002
514	 5.3300000000e+002	 4.01420e+001	-1.81438e+002
515	 5.3400000000e+002	 3.78682e+001	-1.75901e+002
516	 5.3500000000e+002	 3.58102e+001	-1.70602e+002
517	 5.3600000000e+002	 3.39384e+001	-1.65518e+002
518	 5.3700000000e+002	 3.22478e+001	-1.60610e+002
519	 5.3800000000e+002	 3.07060e+001	-1.55873e+002
520	 5.3900000000e+002	 2.92774e+001	-1.51326e+002
521	 5.4000000000e+002	 2.80030e+001	-1.46945e+002
522	 5.4100000000e+002	 2.68331e+001	-1.42694e+002
523	 5.4200000000e+002	 2.57467e+001	-1.38589e+002
524	 5.4300000000e+002	 2.47666e+001	-1.34599e+002
525	 5.4400000000e+002	 2.38800e+001	-1.30740e+002
526	 5.4500000000e+002	 2.30803e+001	-1.26988e+002
527	 5.4600000000e+002	 2.23424e+001	-1.23322e+002
528	 5.4700000000e+002	 2.16729e+001	-1.19784e+002
529	 5.4800000000e+002	 2.10634e+001	-1.16338e+002
530	 5.4900000000e+002	 2.05115e+001	-1.12937e+002
531	 5.5000000000e+002	 2.00100e+001	-1.09629e+002
532	 5.5100000000e+002	 1.95752e+001	-1.06447e+002
533	 5.5200000000e+002	 1.91956e+001	-1.03300e+002
534	 5.5300000000e+002	 1.88418e+001	-1.00218e+002
535	 5.5400000000e+002	 1.85420e+001	-9.72062e+001
536	 5.5500000000e+002	 1.82759e+001	-9.42367e+001
537	 5.5600000000e+002	 1.80478e+001	-9.13222e+001
538	 5.5700000000e+002	 1.78515e+001	-8.84711e+001
539	 5.5800000000e+002	 1.76986e+001	-8.56516e+001
540	 5.5900000000e+002	 1.75677e+001	-8.28850e+001
541	 5.6000000000e+002	 1.74747e+001	-8.01494e+001
542	 5.6100000000e+002	 1.74004e+001	-7.74611e+001
543	 5.6200000000e+002	 1.73618e+001	-7.48003e+001
544	 5.6300000000e+002	 1.73520e+001	-7.21685e+001
545	 5.6400000000e+002	 1.73553e+001	-6.95670e+001
546	 5.6500000000e+002	 1.74035e+001	-6.69958e+001
547	 5.6600000000e+002	 1.74645e+001	-6.44334e+001
548	 5.6700000000e+002	 1.75466e+001	-6.19000e+001
549	 5.6800000000e+002	 1.76554e+001	-5.93750e+001
550	 5.6900000000e+002	 1.77880e+001	-5.68720e+001
551	 5.7000000000e+002	 1.79451e+001	-5.43630e+001
552	 5.7100000000e+002	 1.81189e+001	-5.18811e+001
553	 5.7200000000e+002	 1.83245e+001	-4.93942e+001
554	 5.7300000000e+002	 1.85431e+001	-4.69115e+001
555	 5.7400000000e+002	 1.88025e+001	-4.44305e+001
556	 5.7500000000e+002	 1.90828e+001	-4.19406e+001
557	 5.7600000000e+002	 1.93832e+001	-3.94449e+001
558	 5.7700000000e+002	 1.97146e+001	-3.69458e+001
559	 5.7800000000e+002	 2.00786e+001	-3.44294e+001
560	 5.7900000000e+002	 2.04704e+001	-3.19097e+001
561	 5.8000000000e+002	 2.08977e+001	-2.93747e+001
562	 5.8100000000e+002	 2.13578e+001	-2.68250e+001
563	 5.8200000000e+002	 2.18519e+001	-2.42526e+001
564	 5.8300000000e+002	 2.23818e+001	-2.16627e+001
565	 5.8400000000e+002	 2.29429e+001	-1.90493e+001
566	 5.8500000000e+002	 2.35579e+001	-1.64133e+001
567	 5.8600000000e+002	 2.42016e+001	-1.37518e+001
568	 5.8700000000e+002	 2.48912e+001	-1.10580e+001
569	 5.8800000000e+002	 2.56305e+001	-8.34112e+000
570	 5.8900000000e+002	 2.64122e+001	-5.57412e+000
571	 5.9000000000e+002	 2.72503e+001	-2.78000e+000
572	 5.9100000000e+002	 2.81365e+001	 4.55773e-002
573	 5.9200000000e+002	 2.90888e+001	 2.92943e+000
574	 5.9300000000e+002	 3.01011e+001	 5.86277e+000
575	 5.9400000000e+002	 3.11685e+001	 8.82808e+000
576	 5.9500000000e+002	 3.23102e+001	 1.18570e+001
577	 5.9600000000e+002	 3.35260e+001	 1.49346e+001
578	 5.9700000000e+002	 3.48248e+001	 1.80695e+001
579	 5.9800000000e+002	 3.62057e+001	 2.12745e+001
580	 5.9900000000e+002	 3.76741e+001	 2.45409e+001
581	 6.0000000000e+002	 3.92398e+001	 2.78840e+001
582	 6.0100000000e+002	 4.09144e+001	 3.12937e+001
583	 6.0200000000e+002	 4.27020e+001	 3.47828e+001
584	 6.0300000000e+002	 4.46170e+001	 3.83621e+001
585	 6.0400000000e+002	 4.66644e+001	 4.20307e+001
586	 6.0500000000e+002	 4.88488e+001	 4.57898e+001
587	 6.0600000000e+002	 5.12030e+001	 4.96595e+001
588	 6.0700000000e+002	 5.37262e+001	 5.36253e+001
589	 6.0800000000e+002	 5.64460e+001	 5.76956e+001
590	 6.0900000000e+002	 5.93758e+001	 6.18878e+001
591	 6.1000000000e+002	 6.25324e+001	 6.62066e+001
592	 6.1100000000e+002	 6.59343e+001	 7.06591e+001
593	 6.1200000000e+002	 6.96269e+001	 7.52606e+001
594	 6.1300000000e+002	 7.36398e+001	 7.99976e+001
595	 6.1400000000e+002	 7.80047e+001	 8.48509e+001
596	 6.1500000000e+002	 8.27663e+001	 8.98230e+001
597	 6.1600000000e+002	 8.79424e+001	 9.49313e+001
598	 6.1700000000e+002	 9.35867e+001	 1.00175e+002
599	 6.1800000000e+002	 9.97936e+001	 1.05537e+002
600	 6.1900000000e+002	 1.06626e+002	 1.11027e+002
601	 6.2000000000e+002	 1.14154e+002	 1.16596e+002
602	 6.2100000000e+002	 1.22468e+002	 1.22216e+002
603	 6.2200000000e+002	 1.31662e+002	 1.27824e+002
604	 6.2300000000e+002	 1.41819e+002	 1.33340e+002
605	 6.2400000000e+002	 1.53043e+002	 1.38718e+002
606	 6.2500000000e+002	 1.65464e+002	 1.43861e+002
607	 6.2600000000e+002	 1.79216e+002	 1.48615e+002
608	 6.2700000000e+002	 1.94437e+002	 1.52786e+002
609	 6.2800000000e+002	 2.11272e+002	 1.56158e+002
610	 6.2900000000e+002	 2.29856e+002	 1.58419e+002
611	 6.3000000000e+002	 2.50245e+002	 1.59217e+002
612	 6.3100000000e+002	 2.72505e+002	 1.58103e+002
613	 6.3200000000e+002	 2.96606e+002	 1.54470e+002
614	 6.3300000000e+002	 3.22377e+002	 1.47690e+002
615	 6.3400000000e+002	 3.49469e+002	 1.37035e+002
616	 6.3500000000e+002	 3.77231e+002	 1.21718e+002
617	 6.3600000000e+002	 4.04705e+002	 1.01109e+002
618	 6.3700000000e+002	 4.30636e+002	 7.47294e+001
619	 6.3800000000e+002	 4.53410e+002	 4.24852e+001
620	 6.3900000000e+002	 4.71190e+002	 4.80804e+000
621	 6.4000000000e+002	 4.82354e+002	-3.71015e+001
622	 6.4100000000e+002	 4.85587e+002	-8.13628e+001
623	 6.4200000000e+002	 4.80398e+002	-1.25756e+002
624	 6.4300000000e+002	 4.67113e+002	-1.67954e+002
625	 6.4400000000e+002	 4.46801e+002	-2.05959e+002
626	 6.4500000000e+002	 4.21173e+002	-2.38351e+002
627	 6.4600000000e+002	 3.92064e+002	-2.64481e+002
628	 6.4700000000e+002	 3.61221e+002	-2.84312e+002
629	 6.4800000000e+002	 3.30137e+002	-2.98246e+002
630	 6.4900000000e+002	 2.99679e+002	-3.07255e+002
631	 6.5000000000e+002	 2.71101e+002	-3.11680e+002
632	 6.5100000000e+002	 2.44999e+002	-3.12208e+002
633	 6.5200000000e+002	 2.20952e+002	-3.10395e+002
634	 6.5300000000e+002	 1.99201e+002	-3.06627e+002
635	 6.5400000000e+002	 1.79700e+002	-3.01425e+002
636	 6.5500000000e+002	 1.62307e+002	-2.95216e+002
637	 6.5600000000e+002	 1.46831e+002	-2.88322e+002
638	 6.5700000000e+002	 1.33088e+002	-2.81016e+002
639	 6.5800000000e+002	 1.20900e+002	-2.73491e+002
640	 6.5900000000e+002	 1.10082e+002	-2.65887e+002
641	 6.6000000000e+002	 1.00468e+002	-2.58326e+002
642	 6.6100000000e+002	 9.19193e+001	-2.50871e+002
643	 6.6200000000e+002	 8.43134e+001	-2.43596e+002
644	 6.6300000000e+002	 7.75141e+001	-2.36513e+002
645	 6.6400000000e+002	 7.14491e+001	-2.29637e+002
646	 6.6500000000e+002	 6.60309e+001	-2.23000e+002
647	 6.6600000000e+002	 6.11522e+001	-2.16614e+002
648	 6.6700000000e+002	 5.67682e+001	-2.10439e+002
649	 6.6800000000e+002	 5.28330e+001	-2.04483e+002
650	 6.6900000000e+002	 4.92810e+001	-1.98765e+002
651	 6.7000000000e+002	 4.60517e+001	-1.93244e+002
652	 6.7100000000e+002	 4.31284e+001	-1.87923e+002
653	 6.7200000000e+002	 4.04854e+001	-1.82797e+002
654	 6.7300000000e+002	 3.80848e+001	-1.77856e+002
655	 6.7400000000e+002	 3.58982e+001	-1.73080e+002
656	 6.7500000000e+002	 3.39067e+001	-1.68470e+002
657	 6.7600000000e+002	 3.21105e+001	-1.64025e+002
658	 6.7700000000e+002	 3.04736e+001	-1.59718e+002
659	 6.7800000000e+002	 2.89799e+001	-1.55539e+002
660	 6.7900000000e+002	 2.76355e+001	-1.51496e+002
661	 6.8000000000e+002	 2.64072e+001	-1.47579e+002
662	 6.8100000000e+002	 2.52886e+001	-1.43770e+002
663	 6.8200000000e+002	 2.42886e+001	-1.40072e+002
664	 6.8300000000e+002	 2.33777e+001	-1.36469e+002
665	 6.8400000000e+002	 2.25603e+001	-1.32964e+002
666	 6.8500000000e+002	 2.18359e+001	-1.29568e+002
667	 6.8600000000e+002	 2.11884e+001	-1.26253e+002
668	 6.8700000000e+002	 2.05992e+001	-1.23002e+002
669	 6.8800000000e+002	 2.00820e+001	-1.19849e+002
670	 6.8900000000e+002	 1.96381e+001	-1.16783e+002
671	 6.9000000000e+002	 1.92406e+001	-1.13774e+002
672	 6.9100000000e+002	 1.88957e+001	-1.10833e+002
673	 6.9200000000e+002	 1.86069e+001	-1.07960e+002
674	 6.9300000000e+002	 1.83666e+001	-1.05150e+002
675	 6.9400000000e+002	 1.81619e+001	-1.02396e+002
676	 6.9500000000e+002	 1.80001e+001	-9.96944e+001
677	 6.9600000000e+002	 1.78692e+001	-9.70375e+001
678	 6.9700000000e+002	 1.77727e+001	-9.44225e+001
679	 6.9800000000e+002	 1.77155e+001	-9.18557e+001
680	 6.9900000000e+002	 1.76780e+001	-8.93268e+001
681	 7.0000000000e+002	 1.76721e+001	-8.68307e+001
682	 7.0100000000e+002	 1.77098e+001	-8.43623e+001
683	 7.0200000000e+002	 1.77716e+001	-8.19247e+001
684	 7.0300000000e+002	 1.78659e+001	-7.95247e+001
685	 7.0400000000e+002	 1.79812e+001	-7.71399e+001
686	 7.0500000000e+002	 1.81049e+001	-7.47698e+001
687	 7.0600000000e+002	 1.82792e+001	-7.24341e+001
688	 7.0700000000e+002	 1.84738e+001	-7.01153e+001
689	 7.0800000000e+002	 1.86800e+001	-6.78033e+001
690	 7.0900000000e+002	 1.89295e+001	-6.55045e+001
691	 7.1000000000e+002	 1.91871e+001	-6.32171e+001
692	 7.1100000000e+002	 1.94771e+001	-6.09410e+001
693	 7.1200000000e+002	 1.97997e+001	-5.86621e+001
694	 7.1300000000e+002	 2.01397e+001	-5.63887e+001
695	 7.1400000000e+002	 2.05200e+001	-5.41088e+001
696	 7.1500000000e+002	 2.09244e+001	-5.18374e+001
697	 7.1600000000e+002	 2.13507e+001	-4.95608e+001
698	 7.1700000000e+002	 2.18071e+001	-4.72684e+001
699	 7.1800000000e+002	 2.23054e+001	-4.49802e+001
700	 7.1900000000e+002	 2.28393e+001	-4.26785e+001
701	 7.2000000000e+002	 2.34049e+001	-4.03624e+001
702	 7.2100000000e+002	 2.40119e+001	-3.80387e+001
703	 7.2200000000e+002	 2.46480e+001	-3.56982e+001
704	 7.2300000000e+002	 2.53428e+001	-3.33491e+001
705	 7.2400000000e+002	 2.60682e+001	-3.09781e+001
706	 7.2500000000e+002	 2.68427e+001	-2.86000e+001
707	 7.2600000000e+002	 2.76650e+001	-2.62051e+001
708	 7.2700000000e+002	 2.85299e+001	-2.37835e+001
709	 7.2800000000e+002	 2.94448e+001	-2.13346e+001
710	 7.2900000000e+002	 3.04093e+001	-1.88644e+001
711	 7.3000000000e+002	 3.14312e+001	-1.63639e+001
712	 7.3100000000e+002	 3.25085e+001	-1.38261e+001
713	 7.3200000000e+002	 3.36584e+001	-1.12584e+001
714	 7.3300000000e+002	 3.48766e+001	-8.65640e+000
715	 7.3400000000e+002	 3.61621e+001	-6.02017e+000
716	 7.3500000000e+002	 3.75288e+001	-3.34853e+000
717	 7.3600000000e+002	 3.89893e+001	-6.34223e-001
718	 7.3700000000e+002	 4.05295e+001	 2.12249e+000
719	 7.3800000000e+002	 4.21556e+001	 4.92895e+000
720	 7.3900000000e+002	 4.38937e+001	 7.77369e+000
721	 7.4000000000e+002	 4.57357e+001	 1.06575e+001
722	 7.4100000000e+002	 4.77105e+001	 1.36027e+001
723	 7.4200000000e+002	 4.98101e+001	 1.65940e+001
724	 7.4300000000e+002	 5.20385e+001	 1.96261e+001
725	 7.4400000000e+002	 5.44168e+001	 2.27034e+001
726	 7.4500000000e+002	 5.69474e+001	 2.58408e+001
727	 7.4600000000e+002	 5.96548e+001	 2.90292e+001
728	 7.4700000000e+002	 6.25343e+001	 3.22706e+001
729	 7.4800000000e+002	 6.56272e+001	 3.55578e+001
730	 7.4900000000e+002	 6.89444e+001	 3.91373e+001
731	 7.5000000000e+002	 7.24735e+001	 4.25247e+001
732	 7.5100000000e+002	 7.62041e+001	 4.57402e+001
733	 7.5200000000e+002	 8.02720e+001	 4.92188e+001
734	 7.5300000000e+002	 8.46242e+001	 5.27339e+001
735	 7.5400000000e+002	 8.93166e+001	 5.63069e+001
736	 7.5500000000e+002	 9.43795e+001	 5.99048e+001
737	 7.5600000000e+002	 9.98442e+001	 6.35073e+001
738	 7.5700000000e+002	 1.05753e+002	 6.70985e+001
739	 7.5800000000e+002	 1.12156e+002	 7.06734e+001
740	 7.5900000000e+002	 1.19100e+002	 7.41813e+001
741	 7.6000000000e+002	 1.26639e+002	 7.75857e+001
742	 7.6100000000e+002	 1.34839e+002	 8.08337e+001
743	 7.6200000000e+002	 1.43787e+002	 8.38641e+001
744	 7.6300000000e+002	 1.53514e+002	 8.65813e+001
745	 7.6400000000e+002	 1.64086e+002	 8.88842e+001
746	 7.6500000000e+002	 1.75562e+002	 9.06365e+001
747	 7.6600000000e+002	 1.87986e+002	 9.16897e+001
748	 7.6700000000e+002	 2.01393e+002	 9.18543e+001
749	 7.6800000000e+002	 2.15807e+002	 9.09260e+001
750	 7.6900000000e+002	 2.31201e+002	 8.86309e+001
751	 7.7000000000e+002	 2.47476e+002	 8.46697e+001
752	 7.7100000000e+002	 2.64485e+002	 7.87276e+001
753	 7.7200000000e+002	 2.81977e+002	 7.04898e+001
754	 7.7300000000e+002	 2.99625e+002	 5.96571e+001
755	 7.7400000000e+002	 3.16954e+002	 4.59280e+001
756	 7.7500000000e+002	 3.33383e+002	 2.91367e+001
757	 7.7600000000e+002	 3.48196e+002	 9.26047e+000
758	 7.7700000000e+002	 3.60659e+002	-1.35627e+001
759	 7.7800000000e+002	 3.69998e+002	-3.89448e+001
760	 7.7900000000e+002	 3.75508e+002	-6.62186e+001
761	 7.8000000000e+002	 3.76741e+002	-9.45334e+001
762	 7.8100000000e+002	 3.73473e+002	-1.22847e+002
763	 7.8200000000e+002	 3.65824e+002	-1.50140e+002
764	 7.8300000000e+002	 3.54230e+002	-1.75495e+002
765	 7.8400000000e+002	 3.39322e+002	-1.98149e+002
766	 7.8500000000e+002	 3.21930e+002	-2.17606e+002
767	 7.8600000000e+002	 3.02893e+002	-2.33662e+002
768	 7.8700000000e+002	 2.82962e+002	-2.46331e+002
769	 7.8800000000e+002	 2.62831e+002	-2.55800e+002
770	 7.8900000000e+002	 2.43048e+002	-2.62384e+002
771	 7.9000000000e+002	 2.23994e+002	-2.66453e+002
772	 7.9100000000e+002	 2.05930e+002	-2.68363e+002
773	 7.9200000000e+002	 1.88995e+002	-2.68517e+002
774	 7.9300000000e+002	 1.73299e+002	-2.67245e+002
775	 7.9400000000e+002	 1.58868e+002	-2.64861e+002
776	 7.9500000000e+002	 1.45647e+002	-2.61608e+002
777	 7.9600000000e+002	 1.33603e+002	-2.57682e+002
778	 7.9700000000e+002	 1.22662e+002	-2.53268e+002
779	 7.9800000000e+002	 1.12708e+002	-2.48530e+002
780	 7.9900000000e+002	 1.03700e+002	-2.43562e+002
781	 8.0000000000e+002	 9.55411e+001	-2.38449e+002
782	 8.0100000000e+002	 8.81475e+001	-2.33282e+002
783	 8.0200000000e+002	 8.14273e+001	-2.28111e+002
784	 8.0300000000e+002	 7.53556e+001	-2.22963e+002
785	 8.0400000000e+002	 6.98595e+001	-2.17863e+002
786	 8.0500000000e+002	 6.48523e+001	-2.12827e+002
787	 8.0600000000e+002	 6.02994e+001	-2.07883e+002
788	 8.0700000000e+002	 5.61775e+001	-2.03058e+002
789	 8.0800000000e+002	 5.24424e+001	-1.98359e+002
790	 8.0900000000e+002	 4.90343e+001	-1.93770e+002
791	 8.1000000000e+002	 4.59213e+001	-1.89293e+002
792	 8.1100000000e+002	 4.30787e+001	-1.84946e+002
793	 8.1200000000e+002	 4.04938e+001	-1.80726e+002
794	 8.1300000000e+002	 3.81306e+001	-1.76627e+002
795	 8.1400000000e+002	 3.59666e+001	-1.72636e+002
796	 8.1500000000e+002	 3.40051e+001	-1.68753e+002
797	 8.1600000000e+002	 3.22095e+001	-1.64983e+002
798	 8.1700000000e+002	 3.05575e+001	-1.61330e+002
799	 8.1800000000e+002	 2.90412e+001	-1.57767e+002
800	 8.1900000000e+002	 2.76519e+001	-1.54294e+002
801	 8.2000000000e+002	 2.63835e+001	-1.50912e+002
802	 8.2100000000e+002	 2.52249e+001	-1.47611e+002
803	 8.2200000000e+002	 2.41677e+001	-1.44388e+002
804	 8.2300000000e+002	 2.32178e+001	-1.41236e+002
805	 8.2400000000e+002	 2.23555e+001	-1.38168e+002
806	 8.2500000000e+002	 2.15632e+001	-1.35182e+002
807	 8.2600000000e+002	 2.08539e+001	-1.32248e+002
808	 8.2700000000e+002	 2.02235e+001	-1.29375e+002
809	 8.2800000000e+002	 1.96572e+001	-1.26569e+002
810	 8.2900000000e+002	 1.91482e+001	-1.23825e+002
811	 8.3000000000e+002	 1.87072e+001	-1.21145e+002
812	 8.3100000000e+002	 1.83181e+001	-1.18506e+002
813	 8.3200000000e+002	 1.79770e+001	-1.15916e+002
814	 8.3300000000e+002	 1.76790e+001	-1.13382e+002
815	 8.3400000000e+002	 1.74223e+001	-1.10884e+002
816	 8.3500000000e+002	 1.72234e+001	-1.08428e+002
817	 8.3600000000e+002	 1.70490e+001	-1.06013e+002
818	 8.3700000000e+002	 1.69124e+001	-1.03629e+002
819	 8.3800000000e+002	 1.68258e+001	-1.01274e+002
820	 8.3900000000e+002	 1.67700e+001	-9.89567e+001
821	 8.4000000000e+002	 1.67541e+001	-9.66741e+001
822	 8.4100000000e+002	 1.67721e+001	-9.44071e+001
823	 8.4200000000e+002	 1.68213e+001	-9.21611e+001
824	 8.4300000000e+002	 1.69097e+001	-8.99412e+001
825	 8.4400000000e+002	 1.70328e+001	-8.77412e+001
826	 8.4500000000e+002	 1.71843e+001	-8.55668e+001
827	 8.4600000000e+002	 1.73714e+001	-8.34117e+001
828	 8.4700000000e+002	 1.75863e+001	-8.12739e+001
829	 8.4800000000e+002	 1.78249e+001	-7.91478e+001
830	 8.4900000000e+002	 1.81099e+001	-7.70458e+001
831	 8.5000000000e+002	 1.84157e+001	-7.49423e+001
832	 8.5100000000e+002	 1.87372e+001	-7.28460e+001
833	 8.5200000000e+002	 1.91042e+001	-7.07571e+001
834	 8.5300000000e+002	 1.94957e+001	-6.86837e+001
835	 8.5400000000e+002	 1.99207e+001	-6.66173e+001
836	 8.5500000000e+002	 2.03787e+001	-6.45424e+001
837	 8.5600000000e+002	 2.08660e+001	-6.24800e+001
838	 8.5700000000e+002	 2.13933e+001	-6.04191e+001
839	 8.5800000000e+002	 2.19517e+001	-5.83479e+001
840	 8.5900000000e+002	 2.25423e+001	-5.62812e+001
841	 8.6000000000e+002	 2.31764e+001	-5.42178e+001
842	 8.6100000000e+002	 2.38391e+001	-5.21350e+001
843	 8.6200000000e+002	 2.45445e+001	-5.00471e+001
844	 8.6300000000e+002	 2.52930e+001	-4.79589e+001
845	 8.6400000000e+002	 2.60703e+001	-4.58584e+001
846	 8.6500000000e+002	 2.69034e+001	-4.37480e+001
847	 8.6600000000e+002	 2.77846e+001	-4.16162e+001
848	 8.6700000000e+002	 2.87064e+001	-3.94757e+001
849	 8.6800000000e+002	 2.96848e+001	-3.73158e+001
850	 8.6900000000e+002	 3.07110e+001	-3.51425e+001
851	 8.7000000000e+002	 3.17926e+001	-3.29500e+001
852	 8.7100000000e+002	 3.29419e+001	-3.07427e+001
853	 8.7200000000e+002	 3.41478e+001	-2.85137e+001
854	 8.7300000000e+002	 3.54266e+001	-2.62591e+001
855	 8.7400000000e+002	 3.67661e+001	-2.39788e+001
856	 8.7500000000e+002	 3.81825e+001	-2.16761e+001
857	 8.7600000000e+002	 3.96811e+001	-1.93424e+001
858	 8.7700000000e+002	 4.12691e+001	-1.69838e+001
859	 8.7800000000e+002	 4.29579e+001	-1.45861e+001
860	 8.7900000000e+002	 4.47270e+001	-1.21592e+001
861	 8.8000000000e+002	 4.66265e+001	-9.70627e+000
862	 8.8100000000e+002	 4.86336e+001	-7.21974e+000
863	 8.8200000000e+002	 5.07763e+001	-4.71157e+000
864	 8.8300000000e+002	 5.30544e+001	-2.17480e+000
865	 8.8400000000e+002	 5.54778e+001	 3.81953e-001
866	 8.8500000000e+002	 5.80578e+001	 2.96891e+000
867	 8.8600000000e+002	 6.08120e+001	 5.56236e+000
868	 8.8700000000e+002	 6.37420e+001	 8.17645e+000
869	 8.8800000000e+002	 6.68658e+001	 1.07911e+001
870	 8.8900000000e+002	 7.01841e+001	 1.34102e+001
871	 8.9000000000e+002	 7.37316e+001	 1.60231e+001
872	 8.9100000000e+002	 7.75187e+001	 1.86216e+001
873	 8.9200000000e+002	 8.15642e+001	 2.11943e+001
874	 8.9300000000e+002	 8.58800e+001	 2.37209e+001
875	 8.9400000000e+002	 9.04880e+001	 2.61922e+001
876	 8.9500000000e+002	 9.54055e+001	 2.85886e+001
877	 8.9600000000e+002	 1.00653e+002	 3.09054e+001
878	 8.9700000000e+002	 1.06266e+002	 3.31121e+001
879	 8.9800000000e+002	 1.12263e+002	 3.51691e+001
880	 8.9900000000e+002	 1.18668e+002	 3.70486e+001
881	 9.0000000000e+002	 1.25506e+002	 3.86828e+001
882	 9.0100000000e+002	 1.32799e+002	 4.00551e+001
883	 9.0200000000e+002	 1.40581e+002	 4.10999e+001
884	 9.0300000000e+002	 1.48865e+002	 4.17405e+001
885	 9.0400000000e+002	 1.57664e+002	 4.18767e+001
886	 9.0500000000e+002	 1.66968e+002	 4.14199e+001
887	 9.0600000000e+002	 1.76764e+002	 4.02949e+001
888	 9.0700000000e+002	 1.87029e+002	 3.83698e+001
889	 9.0800000000e+002	 1.97704e+002	 3.55470e+001
890	 9.0900000000e+002	 2.08765e+002	 3.16816e+001
891	 9.1000000000e+002	 2.20103e+002	 2.66509e+001
892	 9.1100000000e+002	 2.31604e+002	 2.03144e+001
893	 9.1200000000e+002	 2.43097e+002	 1.25325e+001
894	 9.1300000000e+002	 2.54389e+002	 3.20661e+000
895	 9.1400000000e+002	 2.65215e+002	-7.79230e+000
896	 9.1500000000e+002	 2.75285e+002	-2.05035e+001
897	 9.1600000000e+002	 2.84245e+002	-3.49156e+001
898	 9.1700000000e+002	 2.91770e+002	-5.08997e+001
899	 9.1800000000e+002	 2.97462e+002	-6.82659e+001
900	 9.1900000000e+002	 3.01007e+002	-8.67580e+001
901	 9.2000000000e+002	 3.02143e+002	-1.05937e+002
902	 9.2100000000e+002	 3.00682e+002	-1.25356e+002
903	 9.2200000000e+002	 2.96618e+002	-1.44478e+002
904	 9.2300000000e+002	 2.90076e+002	-1.62813e+002
905	 9.2400000000e+002	 2.81242e+002	-1.79916e+002
906	 9.2500000000e+002	 2.70444e+002	-1.95413e+002
907	 9.2600000000e+002	 2.58083e+002	-2.09019e+002
908	 9.2700000000e+002	 2.44600e+002	-2.20565e+002
909	 9.2800000000e+002	 2.30429e+002	-2.30029e+002
910	 9.2900000000e+002	 2.15902e+002	-2.37437e+002
911	 9.3000000000e+002	 2.01421e+002	-2.42911e+002
912	 9.3100000000e+002	 1.87256e+002	-2.46632e+002
913	 9.3200000000e+002	 1.73596e+002	-2.48792e+002
914	 9.3300000000e+002	 1.60620e+002	-2.49638e+002
915	 9.3400000000e+002	 1.48396e+002	-2.49389e+002
916	 9.3500000000e+002	 1.36964e+002	-2.48220e+002
917	 9.3600000000e+002	 1.26363e+002	-2.46322e+002
918	 9.3700000000e+002	 1.16578e+002	-2.43836e+002
919	 9.3800000000e+002	 1.07543e+002	-2.40912e+002
920	 9.3900000000e+002	 9.92150e+001	-2.37640e+002
921	 9.4000000000e+002	 9.15985e+001	-2.34111e+002
922	 9.4100000000e+002	 8.45973e+001	-2.30385e+002
923	 9.4200000000e+002	 7.81800e+001	-2.26546e+002
924	 9.4300000000e+002	 7.22956e+001	-2.22633e+002
925	 9.4400000000e+002	 6.69116e+001	-2.18674e+002
926	 9.4500000000e+002	 6.19960e+001	-2.14713e+002
927	 9.4600000000e+002	 5.74742e+001	-2.10776e+002
928	 9.4700000000e+002	 5.33123e+001	-2.06865e+002
929	 9.4800000000e+002	 4.95049e+001	-2.03014e+002
930	 9.4900000000e+002	 4.61064e+001	-1.99261e+002
931	 9.5000000000e+002	 4.28677e+001	-1.95499e+002
932	 9.5100000000e+002	 3.98395e+001	-1.91775e+002
933	 9.5200000000e+002	 3.71067e+001	-1.88171e+002
934	 9.5300000000e+002	 3.45903e+001	-1.84626e+002
935	 9.5400000000e+002	 3.22808e+001	-1.81170e+002
936	 9.5500000000e+002	 3.01408e+001	-1.77798e+002
937	 9.5600000000e+002	 2.81587e+001	-1.74498e+002
938	 9.5700000000e+002	 2.63406e+001	-1.71263e+002
939	 9.5800000000e+002	 2.46680e+001	-1.68090e+002
940	 9.5900000000e+002	 2.31175e+001	-1.64981e+002
941	 9.6000000000e+002	 2.16764e+001	-1.61937e+002
942	 9.6100000000e+002	 2.03532e+001	-1.58947e+002
943	 9.6200000000e+002	 1.91413e+001	-1.56020e+002
944	 9.6300000000e+002	 1.80278e+001	-1.53149e+002
945	 9.6400000000e+002	 1.70035e+001	-1.50339e+002
946	 9.6500000000e+002	 1.60655e+001	-1.47575e+002
947	 9.6600000000e+002	 1.52129e+001	-1.44859e+002
948	 9.6700000000e+002	 1.44452e+001	-1.42192e+002
949	 9.6800000000e+002	 1.37666e+001	-1.39561e+002
950	 9.6900000000e+002	 1.31534e+001	-1.36983e+002
951	 9.7000000000e+002	 1.26066e+001	-1.34455e+002
952	 9.7100000000e+002	 1.21235e+001	-1.31978e+002
953	 9.7200000000e+002	 1.17042e+001	-1.29532e+002
954	 9.7300000000e+002	 1.13448e+001	-1.27132e+002
955	 9.7400000000e+002	 1.10507e+001	-1.24777e+002
956	 9.7500000000e+002	 1.08161e+001	-1.22474e+002
957	 9.7600000000e+002	 1.06182e+001	-1.20203e+002
958	 9.7700000000e+002	 1.04693e+001	-1.17959e+002
959	 9.7800000000e+002	 1.03620e+001	-1.15759e+002
960	 9.7900000000e+002	 1.02967e+001	-1.13590e+002
961	 9.8000000000e+002	 1.02797e+001	-1.11471e+002
962	 9.8100000000e+002	 1.02998e+001	-1.09374e+002
963	 9.8200000000e+002	 1.03418e+001	-1.07307e+002
964	 9.8300000000e+002	 1.04319e+001	-1.05272e+002
965	 9.8400000000e+002	 1.05511e+001	-1.03275e+002
966	 9.8500000000e+002	 1.07164e+001	-1.01300e+002
967	 9.8600000000e+002	 1.09099e+001	-9.93392e+001
968	 9.8700000000e+002	 1.11164e+001	-9.73996e+001
969	 9.8800000000e+002	 1.13539e+001	-9.54828e+001
970	 9.8900000000e+002	 1.16265e+001	-9.35861e+001
971	 9.9000000000e+002	 1.19285e+001	-9.17018e+001
972	 9.9100000000e+002	 1.22597e+001	-8.98438e+001
973	 9.9200000000e+002	 1.26285e+001	-8.79912e+001
974	 9.9300000000e+002	 1.30159e+001	-8.61454e+001
975	 9.9400000000e+002	 1.34272e+001	-8.43151e+001
976	 9.9500000000e+002	 1.38721e+001	-8.25081e+001
977	 9.9600000000e+002	 1.43557e+001	-8.07030e+001
978	 9.9700000000e+002	 1.48623e+001	-7.88995e+001
979	 9.9800000000e+002	 1.53997e+001	-7.70955e+001
980	 9.9900000000e+002	 1.59707e+001	-7.53149e+001
981	 1.0000000000e+003	 1.65770e+001	-7.35100e+001
982	 1.0010000000e+003	 1.72088e+001	-7.17144e+001
983	 1.0020000000e+003	 1.79027e+001	-6.99300e+001
984	 1.0030000000e+003	 1.86159e+001	-6.81348e+001
985	 1.0040000000e+003	 1.93625e+001	-6.63389e+001
986	 1.0050000000e+003	 2.01839e+001	-6.45568e+001
987	 1.0060000000e+003	 2.10253e+001	-6.27709e+001
988	 1.0070000000e+003	 2.19209e+001	-6.09768e+001
989	 1.0080000000e+003	 2.28564e+001	-5.91936e+001
990	 1.0090000000e+003	 2.38292e+001	-5.73982e+001
991	 1.0100000000e+003	 2.48778e+001	-5.55991e+001
992	 1.0110000000e+003	 2.59618e+001	-5.38080e+001
993	 1.0120000000e+003	 2.71051e+001	-5.20088e+001
994	 1.0130000000e+003	 2.83082e+001	-5.02077e+001
995	 1.0140000000e+003	 2.95596e+001	-4.83992e+001
996	 1.0150000000e+003	 3.08978e+001	-4.65863e+001
997	 1.0160000000e+003	 3.22908e+001	-4.47803e+001
998	 1.0170000000e+003	 3.37409e+001	-4.29604e+001
999	 1.0180000000e+003	 3.52887e+001	-4.11465e+001
1000	 1.0190000000e+003	 3.69213e+001	-3.93218e+001
1001	 1.0200000000e+003	 3.86235e+001	-3.75009e+001
1002	 1.0210000000e+003	 4.04210e+001	-3.56882e+001
1003	 1.0220000000e+003	 4.23167e+001	-3.38876e+001
1004	 1.0230000000e+003	 4.43049e+001	-3.20818e+001
1005	 1.0240000000e+003	 4.63942e+001	-3.02703e+001
1006	 1.0250000000e+003	 4.85990e+001	-2.84811e+001
1007	 1.0260000000e+003	 5.09312e+001	-2.67165e+001
1008	 1.0270000000e+003	 5.33754e+001	-2.49591e+001
1009	 1.0280000000e+003	 5.59341e+001	-2.32262e+001
1010	 1.0290000000e+003	 5.86546e+001	-2.15290e+001
1011	 1.0300000000e+003	 6.15248e+001	-1.98796e+001
1012	 1.0310000000e+003	 6.45550e+001	-1.82604e+001
1013	 1.0320000000e+003	 6.77270e+001	-1.66674e+001
1014	 1.0330000000e+003	 7.10610e+001	-1.51499e+001
1015	 1.0340000000e+003	 7.45955e+001	-1.37100e+001
1016	 1.0350000000e+003	 7.83356e+001	-1.23550e+001
1017	 1.0360000000e+003	 8.22626e+001	-1.10912e+001
1018	 1.0370000000e+003	 8.63902e+001	-9.93561e+000
1019	 1.0380000000e+003	 9.07438e+001	-8.90068e+000
1020	 1.0390000000e+003	 9.53243e+001	-8.00882e+000
1021	 1.0400000000e+003	 1.00155e+002	-7.31540e+000
1022	 1.0410000000e+003	 1.05239e+002	-6.84794e+000
1023	 1.0420000000e+003	 1.10579e+002	-6.61670e+000
1024	 1.0430000000e+003	 1.16167e+002	-6.64875e+000
1025	 1.0440000000e+003	 1.22010e+002	-7.01120e+000
1026	 1.0450000000e+003	 1.28091e+002	-7.72171e+000
1027	 1.0460000000e+003	 1.34410e+002	-8.82180e+000
1028	 1.0470000000e+003	 1.40969e+002	-1.03569e+001
1029	 1.0480000000e+003	 1.47727e+002	-1.24028e+001
1030	 1.0490000000e+003	 1.54598e+002	-1.49515e+001
1031	 1.0500000000e+003	 1.61719e+002	-1.82159e+001
1032	 1.0510000000e+003	 1.68932e+002	-2.21627e+001
1033	 1.0520000000e+003	 1.76110e+002	-2.68235e+001
1034	 1.0530000000e+003	 1.83212e+002	-3.22692e+001
1035	 1.0540000000e+003	 1.90142e+002	-3.85716e+001
1036	 1.0550000000e+003	 1.96795e+002	-4.57367e+001
1037	 1.0560000000e+003	 2.03035e+002	-5.38119e+001
1038	 1.0570000000e+003	 2.08729e+002	-6.27630e+001
1039	 1.0580000000e+003	 2.13737e+002	-7.25563e+001
1040	 1.0590000000e+003	 2.17874e+002	-8.31704e+001
1041	 1.0600000000e+003	 2.21008e+002	-9.44788e+001
1042	 1.0610000000e+003	 2.22985e+002	-1.06353e+002
1043	 1.0620000000e+003	 2.23675e+002	-1.18632e+002
1044	 1.0630000000e+003	 2.22984e+002	-1.31112e+002
1045	 1.0640000000e+003	 2.20877e+002	-1.43588e+002
1046	 1.0650000000e+003	 2.17347e+002	-1.55823e+002
1047	 1.0660000000e+003	 2.12487e+002	-1.67566e+002
1048	 1.0670000000e+003	 2.06380e+002	-1.78618e+002
1049	 1.0680000000e+003	 1.99179e+002	-1.88800e+002
1050	 1.0690000000e+003	 1.91047e+002	-1.97989e+002
1051	 1.0700000000e+003	 1.82172e+002	-2.06083e+002
1052	 1.0710000000e+003	 1.72749e+002	-2.13013e+002
1053	 1.0720000000e+003	 1.62999e+002	-2.18774e+002
1054	 1.0730000000e+003	 1.53054e+002	-2.23371e+002
1055	 1.0740000000e+003	 1.43088e+002	-2.26882e+002
1056	 1.0750000000e+003	 1.33253e+002	-2.29417e+002
1057	 1.0760000000e+003	 1.23664e+002	-2.31000e+002
1058	 1.0770000000e+003	 1.14381e+002	-2.31767e+002
1059	 1.0780000000e+003	 1.05486e+002	-2.31765e+002
1060	 1.0790000000e+003	 9.70292e+001	-2.31118e+002
1061	 1.0800000000e+003	 8.90290e+001	-2.29927e+002
1062	 1.0810000000e+003	 8.15123e+001	-2.28303e+002
1063	 1.0820000000e+003	 7.44765e+001	-2.26302e+002
1064	 1.0830000000e+003	 6.78945e+001	-2.23962e+002
1065	 1.0840000000e+003	 6.17463e+001	-2.21356e+002
1066	 1.0850000000e+003	 5.60438e+001	-2.18579e+002
1067	 1.0860000000e+003	 5.07411e+001	-2.15653e+002
1068	 1.0870000000e+003	 4.58320e+001	-2.12595e+002
1069	 1.0880000000e+003	 4.12862e+001	-2.09444e+002
1070	 1.0890000000e+003	 3.70779e+001	-2.06247e+002
1071	 1.0900000000e+003	 3.32018e+001	-2.03012e+002
1072	 1.0910000000e+003	 2.96301e+001	-1.99754e+002
1073	 1.0920000000e+003	 2.63206e+001	-1.96491e+002
1074	 1.0930000000e+003	 2.32692e+001	-1.93244e+002
1075	 1.0940000000e+003	 2.04614e+001	-1.90009e+002
1076	 1.0950000000e+003	 1.78842e+001	-1.86782e+002
1077	 1.0960000000e+003	 1.55112e+001	-1.83634e+002
1078	 1.0970000000e+003	 1.33199e+001	-1.80511e+002
1079	 1.0980000000e+003	 1.13341e+001	-1.77419e+002
1080	 1.0990000000e+003	 9.51430e+000	-1.74401e+002
1081	 1.1000000000e+003	 7.82626e+000	-1.71412e+002
1082	 1.1010000000e+003	 6.28741e+000	-1.68476e+002
1083	 1.1020000000e+003	 4.87746e+000	-1.65621e+002
1084	 1.1030000000e+003	 3.59937e+000	-1.62806e+002
1085	 1.1040000000e+003	 2.42604e+000	-1.60044e+002
1086	 1.1050000000e+003	 1.36907e+000	-1.57328e+002
1087	 1.1060000000e+003	 4.31807e-001	-1.54663e+002
1088	 1.1070000000e+003	-4.24740e-001	-1.52061e+002
1089	 1.1080000000e+003	-1.19350e+000	-1.49498e+002
1090	 1.1090000000e+003	-1.88216e+000	-1.47003e+002
1091	 1.1100000000e+003	-2.48130e+000	-1.44557e+002
1092	 1.1110000000e+003	-3.02098e+000	-1.42157e+002
1093	 1.1120000000e+003	-3.48199e+000	-1.39814e+002
1094	 1.1130000000e+003	-3.88375e+000	-1.37522e+002
1095	 1.1140000000e+003	-4.22519e+000	-1.35266e+002
1096	 1.1150000000e+003	-4.51662e+000	-1.33056e+002
1097	 1.1160000000e+003	-4.73499e+000	-1.30901e+002
1098	 1.1170000000e+003	-4.90610e+000	-1.28783e+002
1099	 1.1180000000e+003	-5.04028e+000	-1.26715e+002
1100	 1.1190000000e+003	-5.12477e+000	-1.24691e+002
1101	 1.1200000000e+003	-5.15903e+000	-1.22697e+002
1102	 1.1210000000e+003	-5.16292e+000	-1.20754e+002
1103	 1.1220000000e+003	-5.14376e+000	-1.18851e+002
1104	 1.1230000000e+003	-5.09962e+000	-1.16985e+002
1105	 1.1240000000e+003	-5.01259e+000	-1.15150e+002
1106	 1.1250000000e+003	-4.90004e+000	-1.13356e+002
1107	 1.1260000000e+003	-4.75793e+000	-1.11592e+002
1108	 1.1270000000e+003	-4.60239e+000	-1.09853e+002
1109	 1.1280000000e+003	-4.42882e+000	-1.08129e+002
1110	 1.1290000000e+003	-4.22825e+000	-1.06432e+002
1111	 1.1300000000e+003	-4.00683e+000	-1.04745e+002
1112	 1.1310000000e+003	-3.76843e+000	-1.03072e+002
1113	 1.1320000000e+003	-3.50020e+000	-1.01410e+002
1114	 1.1330000000e+003	-3.21190e+000	-9.97597e+001
1115	 1.1340000000e+003	-2.90023e+000	-9.81267e+001
1116	 1.1350000000e+003	-2.55414e+000	-9.64937e+001
1117	 1.1360000000e+003	-2.17281e+000	-9.48656e+001
1118	 1.1370000000e+003	-1.76162e+000	-9.32336e+001
1119	 1.1380000000e+003	-1.31588e+000	-9.16172e+001
1120	 1.1390000000e+003	-8.32363e-001	-9.00104e+001
1121	 1.1400000000e+003	-3.10919e-001	-8.84142e+001
1122	 1.1410000000e+003	 2.57303e-001	-8.68261e+001
1123	 1.1420000000e+003	 8.59691e-001	-8.52580e+001
1124	 1.1430000000e+003	 1.49660e+000	-8.37060e+001
1125	 1.1440000000e+003	 2.16569e+000	-8.21640e+001
1126	 1.1450000000e+003	 2.87698e+000	-8.06430e+001
1127	 1.1460000000e+003	 3.62881e+000	-7.91435e+001
1128	 1.1470000000e+003	 4.41233e+000	-7.76555e+001
1129	 1.1480000000e+003	 5.21936e+000	-7.61826e+001
1130	 1.1490000000e+003	 6.02125e+000	-7.47629e+001
1131	 1.1500000000e+003	 6.93794e+000	-7.32810e+001
1132	 1.1510000000e+003	 7.88721e+000	-7.18142e+001
1133	 1.1520000000e+003	 8.86272e+000	-7.03829e+001
1134	 1.1530000000e+003	 9.86628e+000	-6.89564e+001
1135	 1.1540000000e+003	 1.09097e+001	-6.75480e+001
1136	 1.1550000000e+003	 1.20020e+001	-6.61516e+001
1137	 1.1560000000e+003	 1.31425e+001	-6.47681e+001
1138	 1.1570000000e+003	 1.43327e+001	-6.34002e+001
1139	 1.1580000000e+003	 1.55737e+001	-6.20407e+001
1140	 1.1590000000e+003	 1.68605e+001	-6.06929e+001
1141	 1.1600000000e+003	 1.81919e+001	-5.93623e+001
1142	 1.1610000000e+003	 1.95806e+001	-5.80504e+001
1143	 1.1620000000e+003	 2.10383e+001	-5.67505e+001
1144	 1.1630000000e+003	 2.25528e+001	-5.54683e+001
1145	 1.1640000000e+003	 2.41228e+001	-5.42037e+001
1146	 1.1650000000e+003	 2.57626e+001	-5.29622e+001
1147	 1.1660000000e+003	 2.74763e+001	-5.17428e+001
1148	 1.1670000000e+003	 2.92612e+001	-5.05553e+001
1149	 1.1680000000e+003	 3.11326e+001	-4.93931e+001
1150	 1.1690000000e+003	 3.30738e+001	-4.82627e+001
1151	 1.1700000000e+003	 3.50901e+001	-4.71705e+001
1152	 1.1710000000e+003	 3.71977e+001	-4.61190e+001
1153	 1.1720000000e+003	 3.93912e+001	-4.51149e+001
1154	 1.1730000000e+003	 4.16817e+001	-4.41610e+001
1155	 1.1740000000e+003	 4.40681e+001	-4.32677e+001
1156	 1.1750000000e+003	 4.65468e+001	-4.24313e+001
1157	 1.1760000000e+003	 4.91286e+001	-4.16640e+001
1158	 1.1770000000e+003	 5.18179e+001	-4.09709e+001
1159	 1.1780000000e+003	 5.46182e+001	-4.03643e+001
1160	 1.1790000000e+003	 5.75270e+001	-3.98450e+001
1161	 1.1800000000e+003	 6.05445e+001	-3.94302e+001
1162	 1.1810000000e+003	 6.36878e+001	-3.91367e+001
1163	 1.1820000000e+003	 6.69413e+001	-3.89655e+001
1164	 1.1830000000e+003	 7.03041e+001	-3.89338e+001
1165	 1.1840000000e+003	 7.38074e+001	-3.90660e+001
1166	 1.1850000000e+003	 7.74271e+001	-3.93573e+001
1167	 1.1860000000e+003	 8.11678e+001	-3.98305e+001
1168	 1.1870000000e+003	 8.50276e+001	-4.05281e+001
1169	 1.1880000000e+003	 8.89888e+001	-4.14434e+001
1170	 1.1890000000e+003	 9.30601e+001	-4.26118e+001
1171	 1.1900000000e+003	 9.72331e+001	-4.40580e+001
1172	 1.1910000000e+003	 1.01476e+002	-4.57998e+001
1173	 1.1920000000e+003	 1.05793e+002	-4.78725e+001
1174	 1.1930000000e+003	 1.10154e+002	-5.02972e+001
1175	 1.1940000000e+003	 1.14538e+002	-5.31089e+001
1176	 1.1950000000e+003	 1.18908e+002	-5.63447e+001
1177	 1.1960000000e+003	 1.23232e+002	-6.00227e+001
1178	 1.1970000000e+003	 1.27451e+002	-6.41596e+001
1179	 1.1980000000e+003	 1.31517e+002	-6.88017e+001
1180	 1.1990000000e+003	 1.35356e+002	-7.39510e+001
1181	 1.2000000000e+003	 1.38893e+002	-7.95979e+001
1182	 1.2010000000e+003	 1.42051e+002	-8.57470e+001
1183	 1.2020000000e+003	 1.44744e+002	-9.23685e+001
1184	 1.2030000000e+003	 1.46892e+002	-9.94246e+001
1185	 1.2040000000e+003	 1.48406e+002	-1.06836e+002
1186	 1.2050000000e+003	 1.49232e+002	-1.14568e+002
1187	 1.2060000000e+003	 1.49324e+002	-1.22482e+002
1188	 1.2070000000e+003	 1.48620e+002	-1.30500e+002
1189	 1.2080000000e+003	 1.47107e+002	-1.38506e+002
1190	 1.2090000000e+003	 1.44791e+002	-1.46381e+002
1191	 1.2100000000e+003	 1.41683e+002	-1.54037e+002
1192	 1.2110000000e+003	 1.37846e+002	-1.61317e+002
1193	 1.2120000000e+003	 1.33296e+002	-1.68166e+002
1194	 1.2130000000e+003	 1.28156e+002	-1.74479e+002
1195	 1.2140000000e+003	 1.22488e+002	-1.80194e+002
1196	 1.2150000000e+003	 1.16414e+002	-1.85259e+002
1197	 1.2160000000e+003	 1.10038e+002	-1.89668e+002
1198	 1.2170000000e+003	 1.03429e+002	-1.93385e+002
1199	 1.2180000000e+003	 9.66904e+001	-1.96444e+002
1200	 1.2190000000e+003	 8.98908e+001	-1.98872e+002
1201	 1.2200000000e+003	 8.31381e+001	-2.00654e+002
1202	 1.2210000000e+003	 7.64812e+001	-2.01841e+002
1203	 1.2220000000e+003	 6.99593e+001	-2.02505e+002
1204	 1.2230000000e+003	 6.36083e+001	-2.02679e+002
1205	 1.2240000000e+003	 5.74959e+001	-2.02399e+002
1206	 1.2250000000e+003	 5.16375e+001	-2.01707e+002
1207	 1.2260000000e+003	 4.60554e+001	-2.00691e+002
1208	 1.2270000000e+003	 4.07621e+001	-1.99370e+002
1209	 1.2280000000e+003	 3.57452e+001	-1.97802e+002
1210	 1.2290000000e+003	 3.10087e+001	-1.96021e+002
1211	 1.2300000000e+003	 2.65558e+001	-1.94025e+002
1212	 1.2310000000e+003	 2.23536e+001	-1.91892e+002
1213	 1.2320000000e+003	 1.84715e+001	-1.89645e+002
1214	 1.2330000000e+003	 1.48005e+001	-1.87277e+002
1215	 1.2340000000e+003	 1.13993e+001	-1.84818e+002
1216	 1.2350000000e+003	 8.22777e+000	-1.82318e+002
1217	 1.2360000000e+003	 5.26696e+000	-1.79757e+002
1218	 1.2370000000e+003	 2.52419e+000	-1.77161e+002
1219	 1.2380000000e+003	-1.76493e-002	-1.74545e+002
1220	 1.2390000000e+003	-2.34533e+000	-1.71921e+002
1221	 1.2400000000e+003	-4.48186e+000	-1.69310e+002
1222	 1.2410000000e+003	-6.45672e+000	-1.66688e+002
1223	 1.2420000000e+003	-8.27708e+000	-1.64107e+002
1224	 1.2430000000e+003	-9.94149e+000	-1.61559e+002
1225	 1.2440000000e+003	-1.14527e+001	-1.59040e+002
1226	 1.2450000000e+003	-1.28529e+001	-1.56545e+002
1227	 1.2460000000e+003	-1.41366e+001	-1.54093e+002
1228	 1.2470000000e+003	-1.53016e+001	-1.51672e+002
1229	 1.2480000000e+003	-1.63676e+001	-1.49280e+002
1230	 1.2490000000e+003	-1.73883e+001	-1.46816e+002
1231	 1.2500000000e+003	-1.82246e+001	-1.44617e+002
1232	 1.2510000000e+003	-1.89836e+001	-1.42450e+002
1233	 1.2520000000e+003	-1.96965e+001	-1.40233e+002
1234	 1.2530000000e+003	-2.03453e+001	-1.38065e+002
1235	 1.2540000000e+003	-2.09124e+001	-1.35932e+002
1236	 1.2550000000e+003	-2.14127e+001	-1.33839e+002
1237	 1.2560000000e+003	-2.18607e+001	-1.31794e+002
1238	 1.2570000000e+003	-2.22482e+001	-1.29785e+002
1239	 1.2580000000e+003	-2.25926e+001	-1.27819e+002
1240	 1.2590000000e+003	-2.28799e+001	-1.25872e+002
1241	 1.2600000000e+003	-2.31041e+001	-1.23976e+002
1242	 1.2610000000e+003	-2.33079e+001	-1.22109e+002
1243	 1.2620000000e+003	-2.34724e+001	-1.20264e+002
1244	 1.2630000000e+003	-2.35900e+001	-1.18461e+002
1245	 1.2640000000e+003	-2.36521e+001	-1.16691e+002
1246	 1.2650000000e+003	-2.36805e+001	-1.14939e+002
1247	 1.2660000000e+003	-2.36769e+001	-1.13217e+002
1248	 1.2670000000e+003	-2.36403e+001	-1.11531e+002
1249	 1.2680000000e+003	-2.35847e+001	-1.09868e+002
1250	 1.2690000000e+003	-2.34927e+001	-1.08226e+002
1251	 1.2700000000e+003	-2.33742e+001	-1.06617e+002
1252	 1.2710000000e+003	-2.32150e+001	-1.05021e+002
1253	 1.2720000000e+003	-2.30182e+001	-1.03449e+002
1254	 1.2730000000e+003	-2.28030e+001	-1.01907e+002
1255	 1.2740000000e+003	-2.25667e+001	-1.00382e+002
1256	 1.2750000000e+003	-2.22906e+001	-9.88740e+001
1257	 1.2760000000e+003	-2.19911e+001	-9.73867e+001
1258	 1.2770000000e+003	-2.16531e+001	-9.59263e+001
1259	 1.2780000000e+003	-2.12927e+001	-9.44900e+001
1260	 1.2790000000e+003	-2.09124e+001	-9.30739e+001
1261	 1.2800000000e+003	-2.05134e+001	-9.16794e+001
1262	 1.2810000000e+003	-2.00870e+001	-9.02979e+001
1263	 1.2820000000e+003	-1.96262e+001	-8.89463e+001
1264	 1.2830000000e+003	-1.91424e+001	-8.76116e+001
1265	 1.2840000000e+003	-1.86437e+001	-8.62940e+001
1266	 1.2850000000e+003	-1.81145e+001	-8.49910e+001
1267	 1.2860000000e+003	-1.75603e+001	-8.36959e+001
1268	 1.2870000000e+003	-1.69823e+001	-8.24288e+001
1269	 1.2880000000e+003	-1.63750e+001	-8.11820e+001
1270	 1.2890000000e+003	-1.57465e+001	-7.99443e+001
1271	 1.2900000000e+003	-1.50923e+001	-7.87267e+001
1272	 1.2910000000e+003	-1.44206e+001	-7.75362e+001
1273	 1.2920000000e+003	-1.37271e+001	-7.63577e+001
1274	 1.2930000000e+003	-1.30050e+001	-7.51932e+001
1275	 1.2940000000e+003	-1.22544e+001	-7.40361e+001
1276	 1.2950000000e+003	-1.14753e+001	-7.29075e+001
1277	 1.2960000000e+003	-1.06755e+001	-7.17957e+001
1278	 1.2970000000e+003	-9.85411e+000	-7.06958e+001
1279	 1.2980000000e+003	-8.99460e+000	-6.96170e+001
1280	 1.2990000000e+003	-8.10021e+000	-6.85522e+001
1281	 1.3000000000e+003	-7.17969e+000	-6.75058e+001
1282	 1.3010000000e+003	-6.23828e+000	-6.64823e+001
1283	 1.3020000000e+003	-5.25789e+000	-6.54733e+001
1284	 1.3030000000e+003	-4.24726e+000	-6.44812e+001
1285	 1.3040000000e+003	-3.21020e+000	-6.35174e+001
1286	 1.3050000000e+003	-2.13762e+000	-6.25712e+001
1287	 1.3060000000e+003	-1.02936e+000	-6.16492e+001
1288	 1.3070000000e+003	 1.10900e-001	-6.07560e+001
1289	 1.3080000000e+003	 1.28672e+000	-5.98815e+001
1290	 1.3090000000e+003	 2.50359e+000	-5.90372e+001
1291	 1.3100000000e+003	 3.74433e+000	-5.82140e+001
1292	 1.3110000000e+003	 5.03784e+000	-5.74255e+001
1293	 1.3120000000e+003	 6.36943e+000	-5.66713e+001
1294	 1.3130000000e+003	 7.73519e+000	-5.59488e+001
1295	 1.3140000000e+003	 9.13583e+000	-5.52630e+001
1296	 1.3150000000e+003	 1.05764e+001	-5.46122e+001
1297	 1.3160000000e+003	 1.20553e+001	-5.39985e+001
1298	 1.3170000000e+003	 1.35694e+001	-5.34254e+001
1299	 1.3180000000e+003	 1.51344e+001	-5.28997e+001
1300	 1.3190000000e+003	 1.67432e+001	-5.24176e+001
1301	 1.3200000000e+003	 1.83883e+001	-5.19814e+001
1302	 1.3210000000e+003	 2.00743e+001	-5.15924e+001
1303	 1.3220000000e+003	 2.18141e+001	-5.12627e+001
1304	 1.3230000000e+003	 2.36036e+001	-5.09868e+001
1305	 1.3240000000e+003	 2.54460e+001	-5.07750e+001
1306	 1.3250000000e+003	 2.73289e+001	-5.06450e+001
1307	 1.3260000000e+003	 2.92610e+001	-5.05805e+001
1308	 1.3270000000e+003	 3.12403e+001	-5.05965e+001
1309	 1.3280000000e+003	 3.32613e+001	-5.07016e+001
1310	 1.3290000000e+003	 3.53212e+001	-5.09075e+001
1311	 1.3300000000e+003	 3.74260e+001	-5.12133e+001
1312	 1.3310000000e+003	 3.95754e+001	-5.16242e+001
1313	 1.3320000000e+003	 4.17538e+001	-5.21423e+001
1314	 1.3330000000e+003	 4.39573e+001	-5.27961e+001
1315	 1.3340000000e+003	 4.61929e+001	-5.35763e+001
1316	 1.3350000000e+003	 4.84533e+001	-5.44920e+001
1317	 1.3360000000e+003	 5.07267e+001	-5.55506e+001
1318	 1.3370000000e+003	 5.30096e+001	-5.67865e+001
1319	 1.3380000000e+003	 5.52875e+001	-5.81928e+001
1320	 1.3390000000e+003	 5.75460e+001	-5.97842e+001
1321	 1.3400000000e+003	 5.97848e+001	-6.15613e+001
1322	 1.3410000000e+003	 6.19593e+001	-6.35364e+001
1323	 1.3420000000e+003	 6.40669e+001	-6.57291e+001
1324	 1.3430000000e+003	 6.60743e+001	-6.81391e+001
1325	 1.3440000000e+003	 6.79637e+001	-7.07765e+001
1326	 1.3450000000e+003	 6.97075e+001	-7.36218e+001
1327	 1.3460000000e+003	 7.12541e+001	-7.66803e+001
1328	 1.3470000000e+003	 7.25982e+001	-7.99592e+001
1329	 1.3480000000e+003	 7.37118e+001	-8.34414e+001
1330	 1.3490000000e+003	 7.46090e+001	-8.71566e+001
1331	 1.3500000000e+003	 7.50349e+001	-9.08515e+001
1332	 1.3510000000e+003	 7.51390e+001	-9.46698e+001
1333	 1.3520000000e+003	 7.49267e+001	-9.85800e+001
1334	 1.3530000000e+003	 7.43648e+001	-1.02487e+002
1335	 1.3540000000e+003	 7.34343e+001	-1.06375e+002
1336	 1.3550000000e+003	 7.21261e+001	-1.10190e+002
1337	 1.3560000000e+003	 7.04545e+001	-1.13867e+002
1338	 1.3570000000e+003	 6.84352e+001	-1.17356e+002
1339	 1.3580000000e+003	 6.61194e+001	-1.20602e+002
1340	 1.3590000000e+003	 6.35200e+001	-1.23613e+002
1341	 1.3600000000e+003	 6.06773e+001	-1.26328e+002
1342	 1.3610000000e+003	 5.76428e+001	-1.28732e+002
1343	 1.3620000000e+003	 5.44685e+001	-1.30825e+002
1344	 1.3630000000e+003	 5.11863e+001	-1.32569e+002
1345	 1.3640000000e+003	 4.78258e+001	-1.33977e+002
1346	 1.3650000000e+003	 4.44554e+001	-1.35066e+002
1347	 1.3660000000e+003	 4.11049e+001	-1.35847e+002
1348	 1.3670000000e+003	 3.78276e+001	-1.36351e+002
1349	 1.3680000000e+003	 3.46094e+001	-1.36585e+002
1350	 1.3690000000e+003	 3.14918e+001	-1.36571e+002
1351	 1.3700000000e+003	 2.84848e+001	-1.36333e+002
1352	 1.3710000000e+003	 2.56273e+001	-1.35895e+002
1353	 1.3720000000e+003	 2.29218e+001	-1.35301e+002
1354	 1.3730000000e+003	 2.03707e+001	-1.34545e+002
1355	 1.3740000000e+003	 1.79609e+001	-1.33670e+002
1356	 1.3750000000e+003	 1.56935e+001	-1.32708e+002
1357	 1.3760000000e+003	 1.35863e+001	-1.31651e+002
1358	 1.3770000000e+003	 1.16294e+001	-1.30531e+002
1359	 1.3780000000e+003	 9.81121e+000	-1.29355e+002
1360	 1.3790000000e+003	 8.12450e+000	-1.28154e+002
1361	 1.3800000000e+003	 6.56291e+000	-1.26939e+002
1362	 1.3810000000e+003	 5.11726e+000	-1.25703e+002
1363	 1.3820000000e+003	 3.77216e+000	-1.24463e+002
1364	 1.3830000000e+003	 2.51975e+000	-1.23223e+002
1365	 1.3840000000e+003	 1.37029e+000	-1.21983e+002
1366	 1.3850000000e+003	 3.06730e-001	-1.20764e+002
1367	 1.3860000000e+003	-6.96669e-001	-1.19565e+002
1368	 1.3870000000e+003	-1.62443e+000	-1.18376e+002
1369	 1.3880000000e+003	-2.48507e+000	-1.17198e+002
1370	 1.3890000000e+003	-3.29418e+000	-1.16031e+002
1371	 1.3900000000e+003	-4.06301e+000	-1.14871e+002
1372	 1.3910000000e+003	-4.77001e+000	-1.13740e+002
1373	 1.3920000000e+003	-5.43958e+000	-1.12614e+002
1374	 1.3930000000e+003	-6.06827e+000	-1.11508e+002
1375	 1.3940000000e+003	-6.66352e+000	-1.10417e+002
1376	 1.3950000000e+003	-7.23231e+000	-1.09330e+002
1377	 1.3960000000e+003	-7.76127e+000	-1.08248e+002
1378	 1.3970000000e+003	-8.24765e+000	-1.07189e+002
1379	 1.3980000000e+003	-8.71041e+000	-1.06131e+002
1380	 1.3990000000e+003	-9.15098e+000	-1.05073e+002
1381	 1.4000000000e+003	-9.56133e+000	-1.04022e+002
1382	 1.4010000000e+003	-9.94404e+000	-1.02975e+002
1383	 1.4020000000e+003	-1.02983e+001	-1.01932e+002
1384	 1.4030000000e+003	-1.06174e+001	-1.00891e+002
1385	 1.4040000000e+003	-1.09155e+001	-9.98616e+001
1386	 1.4050000000e+003	-1.11818e+001	-9.88272e+001
1387	 1.4060000000e+003	-1.14266e+001	-9.77997e+001
1388	 1.4070000000e+003	-1.16414e+001	-9.67813e+001
1389	 1.4080000000e+003	-1.18295e+001	-9.57517e+001
1390	 1.4090000000e+003	-1.19933e+001	-9.47342e+001
1391	 1.4100000000e+003	-1.21210e+001	-9.37287e+001
1392	 1.4110000000e+003	-1.22273e+001	-9.27358e+001
1393	 1.4120000000e+003	-1.23098e+001	-9.17404e+001
1394	 1.4130000000e+003	-1.23736e+001	-9.07492e+001
1395	 1.4140000000e+003	-1.24034e+001	-8.97654e+001
1396	 1.4150000000e+003	-1.24047e+001	-8.87927e+001
1397	 1.4160000000e+003	-1.23826e+001	-8.78312e+001
1398	 1.4170000000e+003	-1.23313e+001	-8.68752e+001
1399	 1.4180000000e+003	-1.22598e+001	-8.59276e+001
1400	 1.4190000000e+003	-1.21678e+001	-8.49908e+001
1401	 1.4200000000e+003	-1.20600e+001	-8.40557e+001
1402	 1.4210000000e+003	-1.19372e+001	-8.31327e+001
1403	 1.4220000000e+003	-1.17918e+001	-8.22233e+001
1404	 1.4230000000e+003	-1.16241e+001	-8.13208e+001
1405	 1.4240000000e+003	-1.14334e+001	-8.04384e+001
1406	 1.4250000000e+003	-1.12213e+001	-7.95558e+001
1407	 1.4260000000e+003	-1.09943e+001	-7.86838e+001
1408	 1.4270000000e+003	-1.07453e+001	-7.78172e+001
1409	 1.4280000000e+003	-1.04652e+001	-7.69673e+001
1410	 1.4290000000e+003	-1.01692e+001	-7.61284e+001
1411	 1.4300000000e+003	-9.85068e+000	-7.52951e+001
1412	 1.4310000000e+003	-9.52482e+000	-7.44668e+001
1413	 1.4320000000e+003	-9.17966e+000	-7.36549e+001
1414	 1.4330000000e+003	-8.82309e+000	-7.28504e+001
1415	 1.4340000000e+003	-8.44861e+000	-7.20602e+001
1416	 1.4350000000e+003	-8.05702e+000	-7.12804e+001
1417	 1.4360000000e+003	-7.64414e+000	-7.05075e+001
1418	 1.4370000000e+003	-7.21326e+000	-6.97468e+001
1419	 1.4380000000e+003	-6.77145e+000	-6.89976e+001
1420	 1.4390000000e+003	-6.30820e+000	-6.82477e+001
1421	 1.4400000000e+003	-5.82017e+000	-6.75085e+001
1422	 1.4410000000e+003	-5.32131e+000	-6.67808e+001
1423	 1.4420000000e+003	-4.79767e+000	-6.60587e+001
1424	 1.4430000000e+003	-4.26293e+000	-6.53469e+001
1425	 1.4440000000e+003	-3.70021e+000	-6.46490e+001
1426	 1.4450000000e+003	-3.12084e+000	-6.39543e+001
1427	 1.4460000000e+003	-2.52620e+000	-6.32627e+001
1428	 1.4470000000e+003	-1.91553e+000	-6.25791e+001
1429	 1.4480000000e+003	-1.27584e+000	-6.19140e+001
1430	 1.4490000000e+003	-5.96665e-001	-6.12473e+001
1431	 1.4500000000e+003	 7.54032e-002	-6.06025e+001
1432	 1.4510000000e+003	 7.81147e-001	-5.99690e+001
1433	 1.4520000000e+003	 1.51228e+000	-5.93382e+001
1434	 1.4530000000e+003	 2.27423e+000	-5.87222e+001
1435	 1.4540000000e+003	 3.06923e+000	-5.81161e+001
1436	 1.4550000000e+003	 3.89468e+000	-5.75229e+001
1437	 1.4560000000e+003	 4.74478e+000	-5.69463e+001
1438	 1.4570000000e+003	 5.63093e+000	-5.63864e+001
1439	 1.4580000000e+003	 6.55067e+000	-5.58499e+001
1440	 1.4590000000e+003	 7.50077e+000	-5.53290e+001
1441	 1.4600000000e+003	 8.48492e+000	-5.48250e+001
1442	 1.4610000000e+003	 9.50079e+000	-5.43450e+001
1443	 1.4620000000e+003	 1.05550e+001	-5.38988e+001
1444	 1.4630000000e+003	 1.16538e+001	-5.34851e+001
1445	 1.4640000000e+003	 1.27919e+001	-5.30932e+001
1446	 1.4650000000e+003	 1.39550e+001	-5.27337e+001
1447	 1.4660000000e+003	 1.51605e+001	-5.24301e+001
1448	 1.4670000000e+003	 1.64198e+001	-5.21654e+001
1449	 1.4680000000e+003	 1.77203e+001	-5.19364e+001
1450	 1.4690000000e+003	 1.90388e+001	-5.17672e+001
1451	 1.4700000000e+003	 2.04022e+001	-5.16630e+001
1452	 1.4710000000e+003	 2.18277e+001	-5.16001e+001
1453	 1.4720000000e+003	 2.32682e+001	-5.15866e+001
1454	 1.4730000000e+003	 2.46980e+001	-5.16629e+001
1455	 1.4740000000e+003	 2.62016e+001	-5.18360e+001
1456	 1.4750000000e+003	 2.77604e+001	-5.20447e+001
1457	 1.4760000000e+003	 2.92664e+001	-5.23250e+001
1458	 1.4770000000e+003	 3.08089e+001	-5.27622e+001
1459	 1.4780000000e+003	 3.24540e+001	-5.32635e+001
1460	 1.4790000000e+003	 3.40166e+001	-5.37814e+001
1461	 1.4800000000e+003	 3.55416e+001	-5.44949e+001
1462	 1.4810000000e+003	 3.72137e+001	-5.53157e+001
1463	 1.4820000000e+003	 3.87976e+001	-5.61069e+001
1464	 1.4830000000e+003	 4.02616e+001	-5.71519e+001
1465	 1.4840000000e+003	 4.18989e+001	-5.83433e+001
1466	 1.4850000000e+003	 4.34058e+001	-5.94286e+001
1467	 1.4860000000e+003	 4.47196e+001	-6.08361e+001
1468	 1.4870000000e+003	 4.63036e+001	-6.23737e+001
1469	 1.4880000000e+003	 4.75781e+001	-6.37674e+001
1470	 1.4890000000e+003	 4.87403e+001	-6.56070e+001
1471	 1.4900000000e+003	 5.01727e+001	-6.74405e+001
1472	 1.4910000000e+003	 5.10354e+001	-6.91589e+001
1473	 1.4920000000e+003	 5.21060e+001	-7.14666e+001
1474	 1.4930000000e+003	 5.30912e+001	-7.34038e+001
1475	 1.4940000000e+003	 5.35714e+001	-7.56427e+001
1476	 1.4950000000e+003	 5.44455e+001	-7.82390e+001
1477	 1.4960000000e+003	 5.46735e+001	-8.02182e+001
1478	 1.4970000000e+003	 5.49513e+001	-8.31791e+001
1479	 1.4980000000e+003	 5.51505e+001	-8.53122e+001
1480	 1.4990000000e+003	 5.47723e+001	-8.80838e+001
1481	 1.5000000000e+003	 5.46978e+001	-9.07419e+001
1482	 1.5010000000e+003	 5.39326e+001	-9.29822e+001
1483	 1.5020000000e+003	 5.32440e+001	-9.61019e+001
1484	 1.5030000000e+003	 5.23609e+001	-9.78907e+001
1485	 1.5040000000e+003	 5.09230e+001	-1.01084e+002
1486	 1.5050000000e+003	 4.99778e+001	-1.02619e+002
1487	 1.5060000000e+003	 4.78735e+001	-1.05525e+002
1488	 1.5070000000e+003	 4.68065e+001	-1.06923e+002
1489	 1.5080000000e+003	 4.42165e+001	-1.09402e+002
1490	 1.5090000000e+003	 4.29965e+001	-1.10636e+002
1491	 1.5100000000e+003	 4.00354e+001	-1.12616e+002
1492	 1.5110000000e+003	 3.87131e+001	-1.13597e+002
1493	 1.5120000000e+003	 3.55141e+001	-1.15071e+002
1494	 1.5130000000e+003	 3.41887e+001	-1.15737e+002
1495	 1.5140000000e+003	 3.07779e+001	-1.16742e+002
1496	 1.5150000000e+003	 2.95563e+001	-1.17105e+002
1497	 1.5160000000e+003	 2.60200e+001	-1.17682e+002
1498	 1.5170000000e+003	 2.49030e+001	-1.17774e+002
1499	 1.5180000000e+003	 2.15013e+001	-1.17904e+002
1500	 1.5190000000e+003	 2.03220e+001	-1.17765e+002
1501	 1.5200000000e+003	 1.74612e+001	-1.17586e+002
1502	 1.5210000000e+003	 1.59062e+001	-1.17165e+002
1503	 1.5220000000e+003	 1.40400e+001	-1.16897e+002
1504	 1.5230000000e+003	 1.17695e+001	-1.16093e+002
1505	 1.5240000000e+003	 1.08160e+001	-1.15851e+002
1506	 1.5250000000e+003	 8.10800e+000	-1.14684e+002
1507	 1.5260000000e+003	 7.41124e+000	-1.14308e+002
1508	 1.5270000000e+003	 5.27553e+000	-1.13257e+002
1509	 1.5280000000e+003	 4.09905e+000	-1.12399e+002
1510	 1.5290000000e+003	 3.24179e+000	-1.11926e+002
1511	 1.5300000000e+003	 1.17359e+000	-1.10366e+002
1512	 1.5310000000e+003	 6.79502e-001	-1.09941e+002
1513	 1.5320000000e+003	-7.90383e-001	-1.08759e+002
1514	 1.5330000000e+003	-1.85970e+000	-1.07608e+002
1515	 1.5340000000e+003	-2.31493e+000	-1.07187e+002
1516	 1.5350000000e+003	-3.87733e+000	-1.05497e+002
1517	 1.5360000000e+003	-4.39007e+000	-1.04787e+002
1518	 1.5370000000e+003	-4.87453e+000	-1.04263e+002
1519	 1.5380000000e+003	-6.18252e+000	-1.02440e+002
1520	 1.5390000000e+003	-6.51470e+000	-1.01868e+002
1521	 1.5400000000e+003	-6.93722e+000	-1.01276e+002
1522	 1.5410000000e+003	-7.99188e+000	-9.94438e+001
1523	 1.5420000000e+003	-8.26279e+000	-9.88696e+001
1524	 1.5430000000e+003	-8.57768e+000	-9.83252e+001
1525	 1.5440000000e+003	-9.44362e+000	-9.65158e+001
1526	 1.5450000000e+003	-9.67626e+000	-9.58845e+001
1527	 1.5460000000e+003	-9.89178e+000	-9.53860e+001
1528	 1.5470000000e+003	-1.04848e+001	-9.38779e+001
1529	 1.5480000000e+003	-1.07866e+001	-9.28922e+001
1530	 1.5490000000e+003	-1.09825e+001	-9.24025e+001
1531	 1.5500000000e+003	-1.11980e+001	-9.17222e+001
1532	 1.5510000000e+003	-1.15758e+001	-8.99500e+001
1533	 1.5520000000e+003	-1.16789e+001	-8.93844e+001
1534	 1.5530000000e+003	-1.17904e+001	-8.88408e+001
1535	 1.5540000000e+003	-1.19702e+001	-8.79447e+001
1536	 1.5550000000e+003	-1.21538e+001	-8.64435e+001
1537	 1.5560000000e+003	-1.22025e+001	-8.58898e+001
1538	 1.5570000000e+003	-1.22574e+001	-8.53255e+001
1539	 1.5580000000e+003	-1.23266e+001	-8.46423e+001
1540	 1.5590000000e+003	-1.23701e+001	-8.30102e+001
1541	 1.5600000000e+003	-1.23516e+001	-8.24599e+001
1542	 1.5610000000e+003	-1.23342e+001	-8.18845e+001
1543	 1.5620000000e+003	-1.23272e+001	-8.13342e+001
1544	 1.5630000000e+003	-1.22665e+001	-8.01527e+001
1545	 1.5640000000e+003	-1.21441e+001	-7.91174e+001
1546	 1.5650000000e+003	-1.20667e+001	-7.85783e+001
1547	 1.5660000000e+003	-1.19905e+001	-7.79863e+001
1548	 1.5670000000e+003	-1.19070e+001	-7.74244e+001
1549	 1.5680000000e+003	-1.17903e+001	-7.67258e+001
1550	 1.5690000000e+003	-1.14841e+001	-7.53216e+001
1551	 1.5700000000e+003	-1.13503e+001	-7.48082e+001
1552	 1.5710000000e+003	-1.11957e+001	-7.42392e+001
1553	 1.5720000000e+003	-1.10196e+001	-7.36520e+001
1554	 1.5730000000e+003	-1.08435e+001	-7.30933e+001
1555	 1.5740000000e+003	-1.06737e+001	-7.25869e+001
1556	 1.5750000000e+003	-1.01712e+001	-7.12273e+001
1557	 1.5760000000e+003	-9.94854e+000	-7.06805e+001
1558	 1.5770000000e+003	-9.73052e+000	-7.01683e+001
1559	 1.5780000000e+003	-9.47776e+000	-6.96141e+001
1560	 1.5790000000e+003	-9.20448e+000	-6.90510e+001
1561	 1.5800000000e+003	-8.92032e+000	-6.84869e+001
1562	 1.5810000000e+003	-8.63099e+000	-6.79521e+001
1563	 1.5820000000e+003	-8.35334e+000	-6.74528e+001
1564	 1.5830000000e+003	-8.08493e+000	-6.69562e+001
1565	 1.5840000000e+003	-7.35644e+000	-6.57534e+001
1566	 1.5850000000e+003	-7.04968e+000	-6.53168e+001
1567	 1.5860000000e+003	-6.72669e+000	-6.48591e+001
1568	 1.5870000000e+003	-6.36704e+000	-6.43679e+001
1569	 1.5880000000e+003	-5.98197e+000	-6.38664e+001
1570	 1.5890000000e+003	-5.59089e+000	-6.33628e+001
1571	 1.5900000000e+003	-5.18082e+000	-6.28591e+001
1572	 1.5910000000e+003	-4.75358e+000	-6.23634e+001
1573	 1.5920000000e+003	-4.31806e+000	-6.18754e+001
1574	 1.5930000000e+003	-3.86208e+000	-6.13918e+001
1575	 1.5940000000e+003	-3.39392e+000	-6.09116e+001
1576	 1.5950000000e+003	-2.91503e+000	-6.04458e+001
1577	 1.5960000000e+003	-2.42340e+000	-5.99834e+001
1578	 1.5970000000e+003	-1.91326e+000	-5.95261e+001
1579	 1.5980000000e+003	-1.38818e+000	-5.90724e+001
1580	 1.5990000000e+003	-8.45293e-001	-5.86317e+001
1581	 1.6000000000e+003	-2.82376e-001	-5.82189e+001
1582	 1.6010000000e+003	 2.90006e-001	-5.78175e+001
1583	 1.6020000000e+003	 8.90804e-001	-5.74105e+001
1584	 1.6030000000e+003	 1.48694e+000	-5.69983e+001
1585	 1.6040000000e+003	 2.10875e+000	-5.66187e+001
1586	 1.6050000000e+003	 2.76913e+000	-5.62453e+001
1587	 1.6060000000e+003	 3.41299e+000	-5.58941e+001
1588	 1.6070000000e+003	 4.10222e+000	-5.55694e+001
1589	 1.6080000000e+003	 4.84117e+000	-5.52235e+001
1590	 1.6090000000e+003	 5.58713e+000	-5.48682e+001
1591	 1.6100000000e+003	 6.27900e+000	-5.45923e+001
1592	 1.6110000000e+003	 7.04398e+000	-5.43049e+001
1593	 1.6120000000e+003	 7.84131e+000	-5.40362e+001
1594	 1.6130000000e+003	 8.59815e+000	-5.36837e+001
1595	 1.6140000000e+003	 9.38432e+000	-5.34350e+001
1596	 1.6150000000e+003	 1.02209e+001	-5.31145e+001
1597	 1.6160000000e+003	 1.10790e+001	-5.26816e+001
1598	 1.6170000000e+003	 1.19061e+001	-5.24280e+001
1599	 1.6180000000e+003	 1.27809e+001	-5.20952e+001
1600	 1.6190000000e+003	 1.37361e+001	-5.17882e+001
1601	 1.6200000000e+003	 1.45881e+001	-5.13752e+001
TagsBegin:	 	 	 
OverLoad:	 	False	 
AverageNumber: []	 	 8.80000e+001	 
OverLoadRatio: []	 	 1.19209e-007	 
TagsEnd:	 	 	 
TagScalesBegin:	 	 	 
TagScalesEnd:	 	 	 
