Header Size:	 79	 	 
Pulse Version:	 80	 	 
Running Pulse Version:	PULSE LabShop Fast Track Version 18.1.1.9 - 2014-01-16	 	 
Decimal Symbol:	.	 	 
Date Format:	M/d/yyyy	 	 
Time Format:	HH:mm:ss:mmm	 	 
Data Type:	Complex	 	 
Slice:	False	 	 
Z-Axis type:	Linear	 	 
Z-Axis size:	1	 	 
Z-Axis unit:	 	 	 
Z-Axis first value:	 0.0000000000e+000	 	 
Z-Axis delta:	 1.0000000000e+000	 	 
X-Axis type:	Linear	 	 
X-Axis size:	1601	 	 
X-Axis unit:	Hz	 	 
X-Axis first value:	 2.0000000000e+001	 	 
X-Axis delta:	 1.0000000000e+000	 	 
	 	 	 
AmplitudeUnit:	Pa/(m/s)	 	 
Analyzer:	FFT_Spectrum_Averaging	 	 
AnalyzerName:	FFT Analyzer	 	 
	 	 	 
	 	 	 
Bipolar:	True	 	 
CenterFrequency:	 8.2000000000e+002	 	 
	 	 	 
	 	 	 
	 	 	 
	 	 	 
	 	 	 
	 	 	 
	 	 	 
	 	 	 
Domain:	1	 	 
Function:	Frequency Response	 	 
	 	 	 
InputRange:	-1.0000000000e-001	 	 
	 	 	 
	 	 	 
MultiBufferName:	Input	 	 
NBW:	 1.5000000000e+000	 	 
	 	 	 
OverlapFailed:	False	 	 
Overrun:	False	 	 
Power:	False	 	 
	 	 	 
Ratio:	True	 	 
RecordLength:	 1.0000000000e+000	 	 
ReducedSize:	True	 	 
Ref_Signal:	v	 	 
	 	 	 
	 	 	 
RefSignalUnit:	m/s	 	 
	 	 	 
	 	 	 
Signal:	p	 	 
	 	 	 
SignalUnit:	Pa	 	 
	 	 	 
	 	 	 
	 	 	 
Title:	Input Impedance	 	 
Title1:	Working : Input : Input : FFT Analyzer	 	 
	 	 	 
	 	 	 
	 	 	 
ZoomOn:	True	 	 
	 	 	 
TemplateName:	Working	 	 
MeasurementName:	Input	 	 
MeasurementSlice:	False	 	 
	 	 	 
	 	 	 
	 	 	 
EnvelopeOn:	False	 	 
	 	 	 
	 	 	 
	 	 	 
Z-index:	 	1	 
Date:	 	5/24/2022	 
Time:	 	11:54:23:875	 
Relative time:	 	 0.00000e+000	 
Z-axis:	 	 0.0000000000e+000	 
1	 2.0000000000e+001	 1.60748e+000	 5.97473e+001
2	 2.1000000000e+001	 1.77400e+000	 6.24387e+001
3	 2.2000000000e+001	 2.04660e+000	 6.50929e+001
4	 2.3000000000e+001	 2.15229e+000	 6.85887e+001
5	 2.4000000000e+001	 2.80611e+000	 7.21571e+001
6	 2.5000000000e+001	 2.65461e+000	 7.59176e+001
7	 2.6000000000e+001	 3.60409e+000	 7.96586e+001
8	 2.7000000000e+001	 3.49381e+000	 8.35580e+001
9	 2.8000000000e+001	 4.45946e+000	 8.74562e+001
10	 2.9000000000e+001	 4.34979e+000	 9.14815e+001
11	 3.0000000000e+001	 5.10672e+000	 9.58466e+001
12	 3.1000000000e+001	 5.59563e+000	 1.00271e+002
13	 3.2000000000e+001	 5.84159e+000	 1.04763e+002
14	 3.3000000000e+001	 7.00220e+000	 1.09697e+002
15	 3.4000000000e+001	 7.05713e+000	 1.14365e+002
16	 3.5000000000e+001	 8.13147e+000	 1.19742e+002
17	 3.6000000000e+001	 8.92125e+000	 1.25106e+002
18	 3.7000000000e+001	 9.33870e+000	 1.30464e+002
19	 3.8000000000e+001	 1.07674e+001	 1.36731e+002
20	 3.9000000000e+001	 1.16417e+001	 1.42708e+002
21	 4.0000000000e+001	 1.24863e+001	 1.48965e+002
22	 4.1000000000e+001	 1.41028e+001	 1.56118e+002
23	 4.2000000000e+001	 1.54159e+001	 1.63100e+002
24	 4.3000000000e+001	 1.63507e+001	 1.70555e+002
25	 4.4000000000e+001	 1.83198e+001	 1.78923e+002
26	 4.5000000000e+001	 2.04556e+001	 1.87760e+002
27	 4.6000000000e+001	 2.18108e+001	 1.96542e+002
28	 4.7000000000e+001	 2.43875e+001	 2.06513e+002
29	 4.8000000000e+001	 2.72626e+001	 2.17459e+002
30	 4.9000000000e+001	 3.03949e+001	 2.28889e+002
31	 5.0000000000e+001	 3.30858e+001	 2.40696e+002
32	 5.1000000000e+001	 3.74446e+001	 2.54420e+002
33	 5.2000000000e+001	 4.22836e+001	 2.69392e+002
34	 5.3000000000e+001	 4.75003e+001	 2.85439e+002
35	 5.4000000000e+001	 5.30527e+001	 3.02358e+002
36	 5.5000000000e+001	 6.09782e+001	 3.22536e+002
37	 5.6000000000e+001	 7.01852e+001	 3.44352e+002
38	 5.7000000000e+001	 8.08261e+001	 3.68854e+002
39	 5.8000000000e+001	 9.35783e+001	 3.94889e+002
40	 5.9000000000e+001	 1.09235e+002	 4.26870e+002
41	 6.0000000000e+001	 1.31211e+002	 4.61315e+002
42	 6.1000000000e+001	 1.57483e+002	 5.02598e+002
43	 6.2000000000e+001	 1.91208e+002	 5.47014e+002
44	 6.3000000000e+001	 2.34673e+002	 5.99045e+002
45	 6.4000000000e+001	 2.97306e+002	 6.61082e+002
46	 6.5000000000e+001	 3.85988e+002	 7.25310e+002
47	 6.6000000000e+001	 5.05580e+002	 7.94141e+002
48	 6.7000000000e+001	 6.74983e+002	 8.48922e+002
49	 6.8000000000e+001	 9.16087e+002	 8.69155e+002
50	 6.9000000000e+001	 1.23333e+003	 7.83955e+002
51	 7.0000000000e+001	 1.55124e+003	 4.93533e+002
52	 7.1000000000e+001	 1.69986e+003	 2.89379e+001
53	 7.2000000000e+001	 1.57070e+003	-4.54280e+002
54	 7.3000000000e+001	 1.25986e+003	-7.51257e+002
55	 7.4000000000e+001	 9.49937e+002	-8.54488e+002
56	 7.5000000000e+001	 6.98342e+002	-8.42466e+002
57	 7.6000000000e+001	 5.21913e+002	-7.88922e+002
58	 7.7000000000e+001	 4.00094e+002	-7.25436e+002
59	 7.8000000000e+001	 3.13782e+002	-6.61184e+002
60	 7.9000000000e+001	 2.49815e+002	-6.03588e+002
61	 8.0000000000e+001	 2.04040e+002	-5.52959e+002
62	 8.1000000000e+001	 1.68456e+002	-5.06524e+002
63	 8.2000000000e+001	 1.41207e+002	-4.67157e+002
64	 8.3000000000e+001	 1.20021e+002	-4.32862e+002
65	 8.4000000000e+001	 1.03490e+002	-4.02488e+002
66	 8.5000000000e+001	 8.93709e+001	-3.75306e+002
67	 8.6000000000e+001	 7.83720e+001	-3.51726e+002
68	 8.7000000000e+001	 6.91875e+001	-3.29717e+002
69	 8.8000000000e+001	 6.12365e+001	-3.10376e+002
70	 8.9000000000e+001	 5.46361e+001	-2.92611e+002
71	 9.0000000000e+001	 4.92336e+001	-2.76968e+002
72	 9.1000000000e+001	 4.42730e+001	-2.62208e+002
73	 9.2000000000e+001	 4.00203e+001	-2.48847e+002
74	 9.3000000000e+001	 3.66147e+001	-2.36652e+002
75	 9.4000000000e+001	 3.33037e+001	-2.25109e+002
76	 9.5000000000e+001	 3.05559e+001	-2.14513e+002
77	 9.6000000000e+001	 2.79741e+001	-2.04604e+002
78	 9.7000000000e+001	 2.59451e+001	-1.95461e+002
79	 9.8000000000e+001	 2.39431e+001	-1.86851e+002
80	 9.9000000000e+001	 2.20864e+001	-1.78717e+002
81	 1.0000000000e+002	 2.06208e+001	-1.71152e+002
82	 1.0100000000e+002	 1.92179e+001	-1.63905e+002
83	 1.0200000000e+002	 1.78874e+001	-1.57088e+002
84	 1.0300000000e+002	 1.67121e+001	-1.50559e+002
85	 1.0400000000e+002	 1.56488e+001	-1.44464e+002
86	 1.0500000000e+002	 1.47450e+001	-1.38575e+002
87	 1.0600000000e+002	 1.38324e+001	-1.32985e+002
88	 1.0700000000e+002	 1.29480e+001	-1.27674e+002
89	 1.0800000000e+002	 1.22848e+001	-1.22525e+002
90	 1.0900000000e+002	 1.15924e+001	-1.17585e+002
91	 1.1000000000e+002	 1.09753e+001	-1.12875e+002
92	 1.1100000000e+002	 1.03441e+001	-1.08274e+002
93	 1.1200000000e+002	 9.82917e+000	-1.03914e+002
94	 1.1300000000e+002	 9.33437e+000	-9.96486e+001
95	 1.1400000000e+002	 8.89023e+000	-9.55130e+001
96	 1.1500000000e+002	 8.39684e+000	-9.15710e+001
97	 1.1600000000e+002	 7.99901e+000	-8.76901e+001
98	 1.1700000000e+002	 7.64759e+000	-8.38826e+001
99	 1.1800000000e+002	 7.29993e+000	-8.02204e+001
100	 1.1900000000e+002	 6.95862e+000	-7.66028e+001
101	 1.2000000000e+002	 6.62186e+000	-7.30932e+001
102	 1.2100000000e+002	 6.36750e+000	-6.96507e+001
103	 1.2200000000e+002	 6.13895e+000	-6.62753e+001
104	 1.2300000000e+002	 5.90239e+000	-6.29444e+001
105	 1.2400000000e+002	 5.68763e+000	-5.97455e+001
106	 1.2500000000e+002	 5.51394e+000	-5.65683e+001
107	 1.2600000000e+002	 5.34621e+000	-5.34281e+001
108	 1.2700000000e+002	 5.22924e+000	-5.03737e+001
109	 1.2800000000e+002	 5.07877e+000	-4.73412e+001
110	 1.2900000000e+002	 4.94166e+000	-4.43856e+001
111	 1.3000000000e+002	 4.81192e+000	-4.14386e+001
112	 1.3100000000e+002	 4.74106e+000	-3.85429e+001
113	 1.3200000000e+002	 4.63568e+000	-3.56591e+001
114	 1.3300000000e+002	 4.54130e+000	-3.28067e+001
115	 1.3400000000e+002	 4.46185e+000	-3.00136e+001
116	 1.3500000000e+002	 4.37655e+000	-2.72029e+001
117	 1.3600000000e+002	 4.31534e+000	-2.44045e+001
118	 1.3700000000e+002	 4.28769e+000	-2.16217e+001
119	 1.3800000000e+002	 4.23412e+000	-1.88579e+001
120	 1.3900000000e+002	 4.17881e+000	-1.60988e+001
121	 1.4000000000e+002	 4.13329e+000	-1.33463e+001
122	 1.4100000000e+002	 4.12055e+000	-1.05849e+001
123	 1.4200000000e+002	 4.11840e+000	-7.81680e+000
124	 1.4300000000e+002	 4.08780e+000	-5.04750e+000
125	 1.4400000000e+002	 4.08495e+000	-2.27920e+000
126	 1.4500000000e+002	 4.09899e+000	 4.94773e-001
127	 1.4600000000e+002	 4.09098e+000	 3.29242e+000
128	 1.4700000000e+002	 4.11252e+000	 6.11837e+000
129	 1.4800000000e+002	 4.15202e+000	 8.97678e+000
130	 1.4900000000e+002	 4.18369e+000	 1.18491e+001
131	 1.5000000000e+002	 4.21718e+000	 1.47415e+001
132	 1.5100000000e+002	 4.22819e+000	 1.76639e+001
133	 1.5200000000e+002	 4.28529e+000	 2.06435e+001
134	 1.5300000000e+002	 4.35561e+000	 2.36801e+001
135	 1.5400000000e+002	 4.42869e+000	 2.67479e+001
136	 1.5500000000e+002	 4.50639e+000	 2.98440e+001
137	 1.5600000000e+002	 4.63577e+000	 3.30186e+001
138	 1.5700000000e+002	 4.79115e+000	 3.62429e+001
139	 1.5800000000e+002	 4.98231e+000	 3.95191e+001
140	 1.5900000000e+002	 5.22547e+000	 4.28899e+001
141	 1.6000000000e+002	 5.47317e+000	 4.63252e+001
142	 1.6100000000e+002	 5.69385e+000	 4.98447e+001
143	 1.6200000000e+002	 5.89369e+000	 5.34690e+001
144	 1.6300000000e+002	 6.07945e+000	 5.71830e+001
145	 1.6400000000e+002	 6.24193e+000	 6.10181e+001
146	 1.6500000000e+002	 6.36183e+000	 6.50037e+001
147	 1.6600000000e+002	 6.47165e+000	 6.91226e+001
148	 1.6700000000e+002	 6.55393e+000	 7.33542e+001
149	 1.6800000000e+002	 6.60779e+000	 7.77890e+001
150	 1.6900000000e+002	 6.68246e+000	 8.23811e+001
151	 1.7000000000e+002	 6.75900e+000	 8.71759e+001
152	 1.7100000000e+002	 6.86076e+000	 9.21796e+001
153	 1.7200000000e+002	 6.95845e+000	 9.74314e+001
154	 1.7300000000e+002	 7.11103e+000	 1.02957e+002
155	 1.7400000000e+002	 7.23652e+000	 1.08778e+002
156	 1.7500000000e+002	 7.39127e+000	 1.14910e+002
157	 1.7600000000e+002	 7.58164e+000	 1.21430e+002
158	 1.7700000000e+002	 7.75371e+000	 1.28380e+002
159	 1.7800000000e+002	 7.98615e+000	 1.35845e+002
160	 1.7900000000e+002	 8.15668e+000	 1.43886e+002
161	 1.8000000000e+002	 8.35348e+000	 1.52555e+002
162	 1.8100000000e+002	 8.58310e+000	 1.61928e+002
163	 1.8200000000e+002	 8.78420e+000	 1.72245e+002
164	 1.8300000000e+002	 9.00866e+000	 1.83637e+002
165	 1.8400000000e+002	 9.33247e+000	 1.96170e+002
166	 1.8500000000e+002	 9.57537e+000	 2.10299e+002
167	 1.8600000000e+002	 1.00783e+001	 2.26326e+002
168	 1.8700000000e+002	 1.07225e+001	 2.44606e+002
169	 1.8800000000e+002	 1.17286e+001	 2.65720e+002
170	 1.8900000000e+002	 1.31891e+001	 2.90770e+002
171	 1.9000000000e+002	 1.56085e+001	 3.20580e+002
172	 1.9100000000e+002	 1.96909e+001	 3.57177e+002
173	 1.9200000000e+002	 2.69575e+001	 4.02562e+002
174	 1.9300000000e+002	 3.98441e+001	 4.59580e+002
175	 1.9400000000e+002	 6.37904e+001	 5.33093e+002
176	 1.9500000000e+002	 1.09033e+002	 6.27922e+002
177	 1.9600000000e+002	 1.96274e+002	 7.46593e+002
178	 1.9700000000e+002	 3.66416e+002	 8.77311e+002
179	 1.9800000000e+002	 6.74617e+002	 9.53425e+002
180	 1.9900000000e+002	 1.09386e+003	 8.04407e+002
181	 2.0000000000e+002	 1.35267e+003	 3.50917e+002
182	 2.0100000000e+002	 1.26353e+003	-1.00364e+002
183	 2.0200000000e+002	 1.02802e+003	-3.34657e+002
184	 2.0300000000e+002	 8.16746e+002	-4.14220e+002
185	 2.0400000000e+002	 6.60588e+002	-4.25149e+002
186	 2.0500000000e+002	 5.49780e+002	-4.11480e+002
187	 2.0600000000e+002	 4.70265e+002	-3.90218e+002
188	 2.0700000000e+002	 4.11436e+002	-3.67959e+002
189	 2.0800000000e+002	 3.66345e+002	-3.46914e+002
190	 2.0900000000e+002	 3.30607e+002	-3.28008e+002
191	 2.1000000000e+002	 3.01375e+002	-3.11217e+002
192	 2.1100000000e+002	 2.77210e+002	-2.96039e+002
193	 2.1200000000e+002	 2.56977e+002	-2.82066e+002
194	 2.1300000000e+002	 2.40342e+002	-2.69229e+002
195	 2.1400000000e+002	 2.26505e+002	-2.58110e+002
196	 2.1500000000e+002	 2.14700e+002	-2.48373e+002
197	 2.1600000000e+002	 2.04673e+002	-2.40100e+002
198	 2.1700000000e+002	 1.95703e+002	-2.33279e+002
199	 2.1800000000e+002	 1.87203e+002	-2.27542e+002
200	 2.1900000000e+002	 1.79279e+002	-2.22561e+002
201	 2.2000000000e+002	 1.71426e+002	-2.18217e+002
202	 2.2100000000e+002	 1.63753e+002	-2.14230e+002
203	 2.2200000000e+002	 1.56085e+002	-2.10367e+002
204	 2.2300000000e+002	 1.48676e+002	-2.06623e+002
205	 2.2400000000e+002	 1.41365e+002	-2.02844e+002
206	 2.2500000000e+002	 1.34221e+002	-1.99037e+002
207	 2.2600000000e+002	 1.27402e+002	-1.95188e+002
208	 2.2700000000e+002	 1.20825e+002	-1.91272e+002
209	 2.2800000000e+002	 1.14550e+002	-1.87213e+002
210	 2.2900000000e+002	 1.08669e+002	-1.83102e+002
211	 2.3000000000e+002	 1.03024e+002	-1.78858e+002
212	 2.3100000000e+002	 9.77526e+001	-1.74579e+002
213	 2.3200000000e+002	 9.27686e+001	-1.70227e+002
214	 2.3300000000e+002	 8.80883e+001	-1.65797e+002
215	 2.3400000000e+002	 8.37146e+001	-1.61366e+002
216	 2.3500000000e+002	 7.95772e+001	-1.56913e+002
217	 2.3600000000e+002	 7.57974e+001	-1.52472e+002
218	 2.3700000000e+002	 7.22802e+001	-1.48126e+002
219	 2.3800000000e+002	 6.90285e+001	-1.43853e+002
220	 2.3900000000e+002	 6.60328e+001	-1.39598e+002
221	 2.4000000000e+002	 6.32885e+001	-1.35497e+002
222	 2.4100000000e+002	 6.07289e+001	-1.31462e+002
223	 2.4200000000e+002	 5.83615e+001	-1.27451e+002
224	 2.4300000000e+002	 5.61609e+001	-1.23592e+002
225	 2.4400000000e+002	 5.41320e+001	-1.19796e+002
226	 2.4500000000e+002	 5.22358e+001	-1.16079e+002
227	 2.4600000000e+002	 5.04779e+001	-1.12423e+002
228	 2.4700000000e+002	 4.88051e+001	-1.08845e+002
229	 2.4800000000e+002	 4.72553e+001	-1.05321e+002
230	 2.4900000000e+002	 4.58400e+001	-1.01880e+002
231	 2.5000000000e+002	 4.45058e+001	-9.84849e+001
232	 2.5100000000e+002	 4.32826e+001	-9.51509e+001
233	 2.5200000000e+002	 4.21501e+001	-9.18731e+001
234	 2.5300000000e+002	 4.11066e+001	-8.86699e+001
235	 2.5400000000e+002	 4.01363e+001	-8.55115e+001
236	 2.5500000000e+002	 3.92549e+001	-8.24055e+001
237	 2.5600000000e+002	 3.84720e+001	-7.93472e+001
238	 2.5700000000e+002	 3.77386e+001	-7.63254e+001
239	 2.5800000000e+002	 3.70722e+001	-7.33338e+001
240	 2.5900000000e+002	 3.64508e+001	-7.04063e+001
241	 2.6000000000e+002	 3.58947e+001	-6.75126e+001
242	 2.6100000000e+002	 3.54210e+001	-6.46549e+001
243	 2.6200000000e+002	 3.49978e+001	-6.18082e+001
244	 2.6300000000e+002	 3.46131e+001	-5.90082e+001
245	 2.6400000000e+002	 3.42827e+001	-5.62510e+001
246	 2.6500000000e+002	 3.39974e+001	-5.34989e+001
247	 2.6600000000e+002	 3.37636e+001	-5.07736e+001
248	 2.6700000000e+002	 3.35765e+001	-4.80961e+001
249	 2.6800000000e+002	 3.34339e+001	-4.54231e+001
250	 2.6900000000e+002	 3.33516e+001	-4.27659e+001
251	 2.7000000000e+002	 3.32795e+001	-4.01297e+001
252	 2.7100000000e+002	 3.32951e+001	-3.75165e+001
253	 2.7200000000e+002	 3.33380e+001	-3.48900e+001
254	 2.7300000000e+002	 3.34290e+001	-3.23131e+001
255	 2.7400000000e+002	 3.35508e+001	-2.97334e+001
256	 2.7500000000e+002	 3.37193e+001	-2.71350e+001
257	 2.7600000000e+002	 3.39217e+001	-2.45552e+001
258	 2.7700000000e+002	 3.41847e+001	-2.20035e+001
259	 2.7800000000e+002	 3.45049e+001	-1.94116e+001
260	 2.7900000000e+002	 3.48511e+001	-1.68299e+001
261	 2.8000000000e+002	 3.52740e+001	-1.42562e+001
262	 2.8100000000e+002	 3.57360e+001	-1.17078e+001
263	 2.8200000000e+002	 3.62596e+001	-9.12216e+000
264	 2.8300000000e+002	 3.68364e+001	-6.54020e+000
265	 2.8400000000e+002	 3.74483e+001	-3.93783e+000
266	 2.8500000000e+002	 3.81374e+001	-1.32346e+000
267	 2.8600000000e+002	 3.88756e+001	 1.28146e+000
268	 2.8700000000e+002	 3.96911e+001	 3.89157e+000
269	 2.8800000000e+002	 4.05617e+001	 6.53349e+000
270	 2.8900000000e+002	 4.15057e+001	 9.19618e+000
271	 2.9000000000e+002	 4.25217e+001	 1.18633e+001
272	 2.9100000000e+002	 4.36141e+001	 1.45640e+001
273	 2.9200000000e+002	 4.48283e+001	 1.72756e+001
274	 2.9300000000e+002	 4.60837e+001	 1.99905e+001
275	 2.9400000000e+002	 4.74849e+001	 2.27465e+001
276	 2.9500000000e+002	 4.89805e+001	 2.55372e+001
277	 2.9600000000e+002	 5.05403e+001	 2.83058e+001
278	 2.9700000000e+002	 5.22305e+001	 3.11113e+001
279	 2.9800000000e+002	 5.40512e+001	 3.39124e+001
280	 2.9900000000e+002	 5.60509e+001	 3.67319e+001
281	 3.0000000000e+002	 5.81608e+001	 3.95803e+001
282	 3.0100000000e+002	 6.04086e+001	 4.23872e+001
283	 3.0200000000e+002	 6.28498e+001	 4.51867e+001
284	 3.0300000000e+002	 6.54674e+001	 4.80273e+001
285	 3.0400000000e+002	 6.82940e+001	 5.08382e+001
286	 3.0500000000e+002	 7.13358e+001	 5.36259e+001
287	 3.0600000000e+002	 7.45841e+001	 5.63647e+001
288	 3.0700000000e+002	 7.80164e+001	 5.90411e+001
289	 3.0800000000e+002	 8.16645e+001	 6.16700e+001
290	 3.0900000000e+002	 8.55918e+001	 6.41668e+001
291	 3.1000000000e+002	 8.97672e+001	 6.65405e+001
292	 3.1100000000e+002	 9.42663e+001	 6.87951e+001
293	 3.1200000000e+002	 9.90436e+001	 7.09520e+001
294	 3.1300000000e+002	 1.04098e+002	 7.29346e+001
295	 3.1400000000e+002	 1.09474e+002	 7.45553e+001
296	 3.1500000000e+002	 1.15185e+002	 7.59426e+001
297	 3.1600000000e+002	 1.21261e+002	 7.70359e+001
298	 3.1700000000e+002	 1.27618e+002	 7.77640e+001
299	 3.1800000000e+002	 1.34272e+002	 7.79708e+001
300	 3.1900000000e+002	 1.41150e+002	 7.76307e+001
301	 3.2000000000e+002	 1.48240e+002	 7.67901e+001
302	 3.2100000000e+002	 1.55503e+002	 7.53295e+001
303	 3.2200000000e+002	 1.62914e+002	 7.31599e+001
304	 3.2300000000e+002	 1.70297e+002	 7.01916e+001
305	 3.2400000000e+002	 1.77561e+002	 6.65210e+001
306	 3.2500000000e+002	 1.84699e+002	 6.19760e+001
307	 3.2600000000e+002	 1.91536e+002	 5.66479e+001
308	 3.2700000000e+002	 1.97969e+002	 5.05418e+001
309	 3.2800000000e+002	 2.03929e+002	 4.35029e+001
310	 3.2900000000e+002	 2.09139e+002	 3.57247e+001
311	 3.3000000000e+002	 2.13391e+002	 2.74388e+001
312	 3.3100000000e+002	 2.16690e+002	 1.84555e+001
313	 3.3200000000e+002	 2.18949e+002	 9.11592e+000
314	 3.3300000000e+002	 2.20014e+002	-3.69644e-001
315	 3.3400000000e+002	 2.19974e+002	-9.79076e+000
316	 3.3500000000e+002	 2.18963e+002	-1.89573e+001
317	 3.3600000000e+002	 2.16855e+002	-2.79267e+001
318	 3.3700000000e+002	 2.13725e+002	-3.62967e+001
319	 3.3800000000e+002	 2.09835e+002	-4.40197e+001
320	 3.3900000000e+002	 2.05185e+002	-5.11133e+001
321	 3.4000000000e+002	 1.99922e+002	-5.73477e+001
322	 3.4100000000e+002	 1.94271e+002	-6.28646e+001
323	 3.4200000000e+002	 1.88407e+002	-6.75740e+001
324	 3.4300000000e+002	 1.82368e+002	-7.13934e+001
325	 3.4400000000e+002	 1.76129e+002	-7.44417e+001
326	 3.4500000000e+002	 1.69963e+002	-7.68440e+001
327	 3.4600000000e+002	 1.63921e+002	-7.85980e+001
328	 3.4700000000e+002	 1.57998e+002	-7.97635e+001
329	 3.4800000000e+002	 1.52333e+002	-8.03285e+001
330	 3.4900000000e+002	 1.46868e+002	-8.03538e+001
331	 3.5000000000e+002	 1.41567e+002	-8.00236e+001
332	 3.5100000000e+002	 1.36624e+002	-7.92638e+001
333	 3.5200000000e+002	 1.32004e+002	-7.82308e+001
334	 3.5300000000e+002	 1.27615e+002	-7.68896e+001
335	 3.5400000000e+002	 1.23523e+002	-7.52969e+001
336	 3.5500000000e+002	 1.19656e+002	-7.34451e+001
337	 3.5600000000e+002	 1.16093e+002	-7.14366e+001
338	 3.5700000000e+002	 1.12800e+002	-6.92623e+001
339	 3.5800000000e+002	 1.09784e+002	-6.69433e+001
340	 3.5900000000e+002	 1.07012e+002	-6.45367e+001
341	 3.6000000000e+002	 1.04450e+002	-6.20220e+001
342	 3.6100000000e+002	 1.02186e+002	-5.94302e+001
343	 3.6200000000e+002	 1.00103e+002	-5.66692e+001
344	 3.6300000000e+002	 9.82648e+001	-5.39020e+001
345	 3.6400000000e+002	 9.66124e+001	-5.10505e+001
346	 3.6500000000e+002	 9.52214e+001	-4.81538e+001
347	 3.6600000000e+002	 9.40310e+001	-4.51508e+001
348	 3.6700000000e+002	 9.30082e+001	-4.21217e+001
349	 3.6800000000e+002	 9.21978e+001	-3.90612e+001
350	 3.6900000000e+002	 9.15697e+001	-3.59665e+001
351	 3.7000000000e+002	 9.10862e+001	-3.27910e+001
352	 3.7100000000e+002	 9.07808e+001	-2.97121e+001
353	 3.7200000000e+002	 9.07577e+001	-2.65124e+001
354	 3.7300000000e+002	 9.08392e+001	-2.32952e+001
355	 3.7400000000e+002	 9.11140e+001	-2.01269e+001
356	 3.7500000000e+002	 9.16356e+001	-1.69174e+001
357	 3.7600000000e+002	 9.23313e+001	-1.35665e+001
358	 3.7700000000e+002	 9.31865e+001	-1.02104e+001
359	 3.7800000000e+002	 9.42041e+001	-6.88515e+000
360	 3.7900000000e+002	 9.55013e+001	-3.48395e+000
361	 3.8000000000e+002	 9.71064e+001	-6.39328e-002
362	 3.8100000000e+002	 9.89709e+001	 3.30594e+000
363	 3.8200000000e+002	 1.00985e+002	 6.70727e+000
364	 3.8300000000e+002	 1.03397e+002	 1.01553e+001
365	 3.8400000000e+002	 1.06067e+002	 1.36015e+001
366	 3.8500000000e+002	 1.09025e+002	 1.70107e+001
367	 3.8600000000e+002	 1.12316e+002	 2.04857e+001
368	 3.8700000000e+002	 1.16144e+002	 2.38534e+001
369	 3.8800000000e+002	 1.20252e+002	 2.71859e+001
370	 3.8900000000e+002	 1.24743e+002	 3.05182e+001
371	 3.9000000000e+002	 1.29782e+002	 3.37289e+001
372	 3.9100000000e+002	 1.35475e+002	 3.67923e+001
373	 3.9200000000e+002	 1.41717e+002	 3.96032e+001
374	 3.9300000000e+002	 1.48504e+002	 4.21680e+001
375	 3.9400000000e+002	 1.56014e+002	 4.43964e+001
376	 3.9500000000e+002	 1.64385e+002	 4.61842e+001
377	 3.9600000000e+002	 1.73424e+002	 4.73801e+001
378	 3.9700000000e+002	 1.83214e+002	 4.77856e+001
379	 3.9800000000e+002	 1.93741e+002	 4.71416e+001
380	 3.9900000000e+002	 2.05277e+002	 4.56254e+001
381	 4.0000000000e+002	 2.17478e+002	 4.26784e+001
382	 4.0100000000e+002	 2.30288e+002	 3.80086e+001
383	 4.0200000000e+002	 2.43529e+002	 3.14111e+001
384	 4.0300000000e+002	 2.56663e+002	 2.25812e+001
385	 4.0400000000e+002	 2.69611e+002	 1.13034e+001
386	 4.0500000000e+002	 2.81670e+002	-2.60593e+000
387	 4.0600000000e+002	 2.92149e+002	-1.91910e+001
388	 4.0700000000e+002	 3.00530e+002	-3.82840e+001
389	 4.0800000000e+002	 3.05976e+002	-5.94340e+001
390	 4.0900000000e+002	 3.07777e+002	-8.20195e+001
391	 4.1000000000e+002	 3.05710e+002	-1.05172e+002
392	 4.1100000000e+002	 2.99581e+002	-1.27831e+002
393	 4.1200000000e+002	 2.89709e+002	-1.49099e+002
394	 4.1300000000e+002	 2.76472e+002	-1.68123e+002
395	 4.1400000000e+002	 2.60708e+002	-1.84317e+002
396	 4.1500000000e+002	 2.43166e+002	-1.97123e+002
397	 4.1600000000e+002	 2.24782e+002	-2.06807e+002
398	 4.1700000000e+002	 2.06287e+002	-2.13396e+002
399	 4.1800000000e+002	 1.88194e+002	-2.17131e+002
400	 4.1900000000e+002	 1.70961e+002	-2.18498e+002
401	 4.2000000000e+002	 1.54799e+002	-2.17901e+002
402	 4.2100000000e+002	 1.39922e+002	-2.15663e+002
403	 4.2200000000e+002	 1.26345e+002	-2.12222e+002
404	 4.2300000000e+002	 1.14066e+002	-2.07881e+002
405	 4.2400000000e+002	 1.03026e+002	-2.02852e+002
406	 4.2500000000e+002	 9.32194e+001	-1.97440e+002
407	 4.2600000000e+002	 8.43904e+001	-1.91808e+002
408	 4.2700000000e+002	 7.64942e+001	-1.85934e+002
409	 4.2800000000e+002	 6.95470e+001	-1.80003e+002
410	 4.2900000000e+002	 6.33160e+001	-1.74103e+002
411	 4.3000000000e+002	 5.77329e+001	-1.68223e+002
412	 4.3100000000e+002	 5.27935e+001	-1.62472e+002
413	 4.3200000000e+002	 4.83536e+001	-1.56875e+002
414	 4.3300000000e+002	 4.44283e+001	-1.51400e+002
415	 4.3400000000e+002	 4.09123e+001	-1.46066e+002
416	 4.3500000000e+002	 3.76795e+001	-1.40843e+002
417	 4.3600000000e+002	 3.48195e+001	-1.35738e+002
418	 4.3700000000e+002	 3.22988e+001	-1.30839e+002
419	 4.3800000000e+002	 2.99267e+001	-1.26087e+002
420	 4.3900000000e+002	 2.78337e+001	-1.21378e+002
421	 4.4000000000e+002	 2.59831e+001	-1.16881e+002
422	 4.4100000000e+002	 2.41971e+001	-1.12567e+002
423	 4.4200000000e+002	 2.26349e+001	-1.08250e+002
424	 4.4300000000e+002	 2.12878e+001	-1.04051e+002
425	 4.4400000000e+002	 1.99586e+001	-1.00028e+002
426	 4.4500000000e+002	 1.87855e+001	-9.60586e+001
427	 4.4600000000e+002	 1.78177e+001	-9.22293e+001
428	 4.4700000000e+002	 1.67816e+001	-8.84401e+001
429	 4.4800000000e+002	 1.59020e+001	-8.46796e+001
430	 4.4900000000e+002	 1.51233e+001	-8.11707e+001
431	 4.5000000000e+002	 1.41781e+001	-7.74958e+001
432	 4.5100000000e+002	 1.37791e+001	-7.38989e+001
433	 4.5200000000e+002	 1.31668e+001	-7.05834e+001
434	 4.5300000000e+002	 1.26473e+001	-6.70075e+001
435	 4.5400000000e+002	 1.23181e+001	-6.36593e+001
436	 4.5500000000e+002	 1.16120e+001	-6.04708e+001
437	 4.5600000000e+002	 1.15194e+001	-5.67957e+001
438	 4.5700000000e+002	 1.10944e+001	-5.41163e+001
439	 4.5800000000e+002	 1.06337e+001	-5.00783e+001
440	 4.5900000000e+002	 1.09153e+001	-4.79052e+001
441	 4.6000000000e+002	 9.86673e+000	-4.33606e+001
442	 4.6100000000e+002	 1.07102e+001	-4.17860e+001
443	 4.6200000000e+002	 9.71236e+000	-3.66176e+001
444	 4.6300000000e+002	 9.90377e+000	-3.57002e+001
445	 4.6400000000e+002	 1.06115e+001	-3.02609e+001
446	 4.6500000000e+002	 8.39880e+000	-2.87141e+001
447	 4.6600000000e+002	 1.19186e+001	-2.54261e+001
448	 4.6700000000e+002	 7.87008e+000	-1.98628e+001
449	 4.6800000000e+002	 1.07963e+001	-2.21119e+001
450	 4.6900000000e+002	 1.14693e+001	-1.13808e+001
451	 4.7000000000e+002	 5.62293e+000	-1.50660e+001
452	 4.7100000000e+002	 1.64832e+001	-1.00838e+001
453	 4.7200000000e+002	 4.97945e+000	 3.33819e-001
454	 4.7300000000e+002	 1.13927e+001	-1.21990e+001
455	 4.7400000000e+002	 1.58145e+001	 1.09430e+001
456	 4.7500000000e+002	 2.56275e+000	-1.09219e+000
457	 4.7600000000e+002	 1.86607e+001	 8.73278e+000
458	 4.7700000000e+002	 9.16478e+000	 1.42195e+001
459	 4.7800000000e+002	 9.22314e+000	 1.22330e+001
460	 4.7900000000e+002	 2.08496e+001	 2.27651e+001
461	 4.8000000000e+002	-2.89509e-001	 2.14595e+001
462	 4.8100000000e+002	 2.46646e+001	 2.26324e+001
463	 4.8200000000e+002	 1.67309e+001	 3.59135e+001
464	 4.8300000000e+002	-1.90137e+000	 4.18030e+001
465	 4.8400000000e+002	 2.47011e+001	 2.21264e+001
466	 4.8500000000e+002	 2.05616e+001	 4.42289e+001
467	 4.8600000000e+002	 1.69300e+001	 6.89669e+001
468	 4.8700000000e+002	 1.20429e+001	 4.43037e+001
469	 4.8800000000e+002	 1.77894e-001	 4.90182e+001
470	 4.8900000000e+002	 3.30304e+001	 5.83152e+001
471	 4.9000000000e+002	 4.82802e+001	 5.66905e+001
472	 4.9100000000e+002	 1.10185e+001	 1.03891e+002
473	 4.9200000000e+002	-1.04217e+001	 1.11829e+002
474	 4.9300000000e+002	-6.54896e-001	 3.58118e+001
475	 4.9400000000e+002	 3.08121e+001	 2.53994e+001
476	 4.9500000000e+002	 8.49217e+001	 1.17017e+002
477	 4.9600000000e+002	 7.64117e+001	 1.74230e+002
478	 4.9700000000e+002	-2.14697e+001	 1.36817e+002
479	 4.9800000000e+002	-6.47180e+001	 1.00465e+002
480	 4.9900000000e+002	 1.22989e+001	 9.25517e+001
481	 5.0000000000e+002	 1.03496e+002	 9.33185e+001
482	 5.0100000000e+002	 8.92555e+001	 1.20493e+002
483	 5.0200000000e+002	 1.35787e+001	 1.83809e+002
484	 5.0300000000e+002	-7.03669e+000	 2.26560e+002
485	 5.0400000000e+002	 4.75445e+001	 1.91257e+002
486	 5.0500000000e+002	 9.43220e+001	 1.24006e+002
487	 5.0600000000e+002	 9.16769e+001	 1.13405e+002
488	 5.0700000000e+002	 7.52100e+001	 1.89021e+002
489	 5.0800000000e+002	 9.59342e+001	 3.09794e+002
490	 5.0900000000e+002	 1.61899e+002	 3.85630e+002
491	 5.1000000000e+002	 2.18790e+002	 3.61968e+002
492	 5.1100000000e+002	 2.21160e+002	 2.90922e+002
493	 5.1200000000e+002	 1.87182e+002	 2.51908e+002
494	 5.1300000000e+002	 1.65667e+002	 2.77835e+002
495	 5.1400000000e+002	 2.05724e+002	 3.60245e+002
496	 5.1500000000e+002	 3.48769e+002	 4.59714e+002
497	 5.1600000000e+002	 6.06496e+002	 5.05079e+002
498	 5.1700000000e+002	 9.18820e+002	 4.17604e+002
499	 5.1800000000e+002	 1.16124e+003	 1.82924e+002
500	 5.1900000000e+002	 1.24425e+003	-1.19233e+002
501	 5.2000000000e+002	 1.17650e+003	-3.90172e+002
502	 5.2100000000e+002	 1.01854e+003	-5.76314e+002
503	 5.2200000000e+002	 8.28797e+002	-6.64592e+002
504	 5.2300000000e+002	 6.55188e+002	-6.57025e+002
505	 5.2400000000e+002	 5.48588e+002	-5.74242e+002
506	 5.2500000000e+002	 5.37167e+002	-4.98454e+002
507	 5.2600000000e+002	 5.33274e+002	-5.22280e+002
508	 5.2700000000e+002	 4.47784e+002	-5.77237e+002
509	 5.2800000000e+002	 3.28901e+002	-5.76158e+002
510	 5.2900000000e+002	 2.35224e+002	-5.25980e+002
511	 5.3000000000e+002	 1.85340e+002	-4.69749e+002
512	 5.3100000000e+002	 1.61004e+002	-4.46473e+002
513	 5.3200000000e+002	 1.26186e+002	-4.56884e+002
514	 5.3300000000e+002	 6.77936e+001	-4.66543e+002
515	 5.3400000000e+002	 8.34616e+000	-4.51171e+002
516	 5.3500000000e+002	-2.15244e+001	-4.23698e+002
517	 5.3600000000e+002	-1.98953e+001	-4.17201e+002
518	 5.3700000000e+002	-2.11234e+001	-4.32451e+002
519	 5.3800000000e+002	-4.02099e+001	-4.24061e+002
520	 5.3900000000e+002	-3.34498e+001	-3.63381e+002
521	 5.4000000000e+002	 4.81127e+001	-2.94768e+002
522	 5.4100000000e+002	 1.39123e+002	-3.01769e+002
523	 5.4200000000e+002	 1.09047e+002	-3.46820e+002
524	 5.4300000000e+002	-8.42935e+000	-3.12906e+002
525	 5.4400000000e+002	-7.12609e+001	-1.98772e+002
526	 5.4500000000e+002	-1.16405e+001	-1.58210e+002
527	 5.4600000000e+002	 3.52854e+001	-2.52718e+002
528	 5.4700000000e+002	-9.74792e-002	-3.07210e+002
529	 5.4800000000e+002	-1.66136e+001	-2.51999e+002
530	 5.4900000000e+002	 2.59439e+001	-1.78947e+002
531	 5.5000000000e+002	 3.67005e+001	-1.70362e+002
532	 5.5100000000e+002	-5.22478e+000	-1.88875e+002
533	 5.5200000000e+002	-2.61809e+001	-2.01430e+002
534	 5.5300000000e+002	-6.64343e+000	-1.97518e+002
535	 5.5400000000e+002	 2.40537e+001	-1.72562e+002
536	 5.5500000000e+002	 2.07656e+001	-1.57053e+002
537	 5.5600000000e+002	-1.56563e+001	-1.58653e+002
538	 5.5700000000e+002	-1.80623e+001	-1.62108e+002
539	 5.5800000000e+002	 1.26230e+001	-1.60800e+002
540	 5.5900000000e+002	 1.66466e+001	-1.45614e+002
541	 5.6000000000e+002	-1.09757e+001	-1.35836e+002
542	 5.6100000000e+002	-1.37444e+001	-1.36461e+002
543	 5.6200000000e+002	 1.63581e+001	-1.43884e+002
544	 5.6300000000e+002	-5.47523e-001	-1.33077e+002
545	 5.6400000000e+002	-1.11863e+001	-1.07539e+002
546	 5.6500000000e+002	 7.92279e+000	-1.37385e+002
547	 5.6600000000e+002	-6.49856e+000	-1.22815e+002
548	 5.6700000000e+002	 5.95879e+000	-9.71623e+001
549	 5.6800000000e+002	-6.39882e+000	-1.27061e+002
550	 5.6900000000e+002	-1.63974e+000	-1.02150e+002
551	 5.7000000000e+002	 8.13787e+000	-1.02024e+002
552	 5.7100000000e+002	-1.25781e+001	-1.03792e+002
553	 5.7200000000e+002	 7.73258e+000	-9.63697e+001
554	 5.7300000000e+002	-2.29356e+000	-9.34246e+001
555	 5.7400000000e+002	-4.12263e+000	-9.03918e+001
556	 5.7500000000e+002	 4.70261e+000	-8.97154e+001
557	 5.7600000000e+002	-4.05637e+000	-8.15240e+001
558	 5.7700000000e+002	 7.34458e-001	-8.38339e+001
559	 5.7800000000e+002	 7.53242e-001	-7.80363e+001
560	 5.7900000000e+002	-1.77278e+000	-7.42872e+001
561	 5.8000000000e+002	 1.33626e+000	-7.52205e+001
562	 5.8100000000e+002	-3.16842e-001	-6.70919e+001
563	 5.8200000000e+002	-2.43637e-002	-6.93465e+001
564	 5.8300000000e+002	 1.23160e+000	-6.26638e+001
565	 5.8400000000e+002	-1.46611e-001	-6.22135e+001
566	 5.8500000000e+002	 1.37982e+000	-5.83982e+001
567	 5.8600000000e+002	 7.15671e-001	-5.59629e+001
568	 5.8700000000e+002	 1.34557e+000	-5.31198e+001
569	 5.8800000000e+002	 1.32243e+000	-5.04985e+001
570	 5.8900000000e+002	 1.91370e+000	-4.75362e+001
571	 5.9000000000e+002	 1.44569e+000	-4.48446e+001
572	 5.9100000000e+002	 2.62101e+000	-4.25083e+001
573	 5.9200000000e+002	 2.15177e+000	-3.87876e+001
574	 5.9300000000e+002	 2.64713e+000	-3.74022e+001
575	 5.9400000000e+002	 3.45494e+000	-3.32216e+001
576	 5.9500000000e+002	 2.78182e+000	-3.13976e+001
577	 5.9600000000e+002	 4.14044e+000	-2.81526e+001
578	 5.9700000000e+002	 3.80058e+000	-2.53777e+001
579	 5.9800000000e+002	 4.50921e+000	-2.24089e+001
580	 5.9900000000e+002	 4.78145e+000	-1.98812e+001
581	 6.0000000000e+002	 5.29042e+000	-1.63810e+001
582	 6.0100000000e+002	 5.59119e+000	-1.40448e+001
583	 6.0200000000e+002	 6.14726e+000	-1.05186e+001
584	 6.0300000000e+002	 6.73878e+000	-7.88646e+000
585	 6.0400000000e+002	 6.94562e+000	-4.55819e+000
586	 6.0500000000e+002	 7.89384e+000	-1.54970e+000
587	 6.0600000000e+002	 8.02476e+000	 1.66740e+000
588	 6.0700000000e+002	 8.95085e+000	 5.08393e+000
589	 6.0800000000e+002	 9.39979e+000	 8.13726e+000
590	 6.0900000000e+002	 1.00065e+001	 1.17831e+001
591	 6.1000000000e+002	 1.09670e+001	 1.51111e+001
592	 6.1100000000e+002	 1.14902e+001	 1.86457e+001
593	 6.1200000000e+002	 1.23950e+001	 2.24372e+001
594	 6.1300000000e+002	 1.32303e+001	 2.60056e+001
595	 6.1400000000e+002	 1.40693e+001	 2.99518e+001
596	 6.1500000000e+002	 1.50942e+001	 3.39911e+001
597	 6.1600000000e+002	 1.60121e+001	 3.79832e+001
598	 6.1700000000e+002	 1.70980e+001	 4.22839e+001
599	 6.1800000000e+002	 1.83963e+001	 4.67100e+001
600	 6.1900000000e+002	 1.95829e+001	 5.12807e+001
601	 6.2000000000e+002	 2.08317e+001	 5.60764e+001
602	 6.2100000000e+002	 2.24154e+001	 6.10213e+001
603	 6.2200000000e+002	 2.40337e+001	 6.61979e+001
604	 6.2300000000e+002	 2.56005e+001	 7.15303e+001
605	 6.2400000000e+002	 2.73376e+001	 7.71976e+001
606	 6.2500000000e+002	 2.93871e+001	 8.31659e+001
607	 6.2600000000e+002	 3.15955e+001	 8.92154e+001
608	 6.2700000000e+002	 3.39875e+001	 9.55864e+001
609	 6.2800000000e+002	 3.65064e+001	 1.02500e+002
610	 6.2900000000e+002	 3.93321e+001	 1.09955e+002
611	 6.3000000000e+002	 4.24630e+001	 1.17874e+002
612	 6.3100000000e+002	 4.59126e+001	 1.26169e+002
613	 6.3200000000e+002	 4.97208e+001	 1.34961e+002
614	 6.3300000000e+002	 5.39493e+001	 1.44396e+002
615	 6.3400000000e+002	 5.86909e+001	 1.54578e+002
616	 6.3500000000e+002	 6.41455e+001	 1.65675e+002
617	 6.3600000000e+002	 7.04850e+001	 1.77633e+002
618	 6.3700000000e+002	 7.77782e+001	 1.90542e+002
619	 6.3800000000e+002	 8.60866e+001	 2.04506e+002
620	 6.3900000000e+002	 9.58047e+001	 2.19787e+002
621	 6.4000000000e+002	 1.07277e+002	 2.36501e+002
622	 6.4100000000e+002	 1.20712e+002	 2.54762e+002
623	 6.4200000000e+002	 1.36796e+002	 2.74820e+002
624	 6.4300000000e+002	 1.56356e+002	 2.96994e+002
625	 6.4400000000e+002	 1.80322e+002	 3.21562e+002
626	 6.4500000000e+002	 2.09921e+002	 3.48473e+002
627	 6.4600000000e+002	 2.47161e+002	 3.77901e+002
628	 6.4700000000e+002	 2.94633e+002	 4.09256e+002
629	 6.4800000000e+002	 3.55799e+002	 4.40730e+002
630	 6.4900000000e+002	 4.35569e+002	 4.69353e+002
631	 6.5000000000e+002	 5.39544e+002	 4.88225e+002
632	 6.5100000000e+002	 6.73591e+002	 4.86424e+002
633	 6.5200000000e+002	 8.37537e+002	 4.41243e+002
634	 6.5300000000e+002	 1.01408e+003	 3.22189e+002
635	 6.5400000000e+002	 1.15546e+003	 1.11024e+002
636	 6.5500000000e+002	 1.19679e+003	-1.65858e+002
637	 6.5600000000e+002	 1.11164e+003	-4.30652e+002
638	 6.5700000000e+002	 9.40257e+002	-6.13877e+002
639	 6.5800000000e+002	 7.47301e+002	-7.02657e+002
640	 6.5900000000e+002	 5.75427e+002	-7.21535e+002
641	 6.6000000000e+002	 4.38674e+002	-7.00550e+002
642	 6.6100000000e+002	 3.35660e+002	-6.61757e+002
643	 6.6200000000e+002	 2.59333e+002	-6.17568e+002
644	 6.6300000000e+002	 2.02711e+002	-5.73806e+002
645	 6.6400000000e+002	 1.60365e+002	-5.32982e+002
646	 6.6500000000e+002	 1.28440e+002	-4.95924e+002
647	 6.6600000000e+002	 1.03881e+002	-4.62481e+002
648	 6.6700000000e+002	 8.47040e+001	-4.32682e+002
649	 6.6800000000e+002	 6.95779e+001	-4.06083e+002
650	 6.6900000000e+002	 5.75797e+001	-3.82331e+002
651	 6.7000000000e+002	 4.78884e+001	-3.61080e+002
652	 6.7100000000e+002	 3.99430e+001	-3.42025e+002
653	 6.7200000000e+002	 3.33662e+001	-3.24750e+002
654	 6.7300000000e+002	 2.79628e+001	-3.09105e+002
655	 6.7400000000e+002	 2.35676e+001	-2.94799e+002
656	 6.7500000000e+002	 1.97993e+001	-2.81597e+002
657	 6.7600000000e+002	 1.64604e+001	-2.69479e+002
658	 6.7700000000e+002	 1.36226e+001	-2.58296e+002
659	 6.7800000000e+002	 1.12672e+001	-2.47906e+002
660	 6.7900000000e+002	 9.35528e+000	-2.38337e+002
661	 6.8000000000e+002	 7.80189e+000	-2.29427e+002
662	 6.8100000000e+002	 6.39901e+000	-2.21108e+002
663	 6.8200000000e+002	 5.12432e+000	-2.13288e+002
664	 6.8300000000e+002	 3.96519e+000	-2.05850e+002
665	 6.8400000000e+002	 2.97205e+000	-1.98881e+002
666	 6.8500000000e+002	 2.19438e+000	-1.92338e+002
667	 6.8600000000e+002	 1.63770e+000	-1.86223e+002
668	 6.8700000000e+002	 1.15003e+000	-1.80400e+002
669	 6.8800000000e+002	 7.12434e-001	-1.74803e+002
670	 6.8900000000e+002	 2.09604e-001	-1.69396e+002
671	 6.9000000000e+002	-3.24200e-001	-1.64246e+002
672	 6.9100000000e+002	-6.44562e-001	-1.59435e+002
673	 6.9200000000e+002	-6.95470e-001	-1.54910e+002
674	 6.9300000000e+002	-7.81160e-001	-1.50437e+002
675	 6.9400000000e+002	-1.01213e+000	-1.45985e+002
676	 6.9500000000e+002	-1.20503e+000	-1.41855e+002
677	 6.9600000000e+002	-1.32593e+000	-1.38026e+002
678	 6.9700000000e+002	-1.31568e+000	-1.34246e+002
679	 6.9800000000e+002	-1.24997e+000	-1.30422e+002
680	 6.9900000000e+002	-1.26815e+000	-1.26800e+002
681	 7.0000000000e+002	-1.30687e+000	-1.23394e+002
682	 7.0100000000e+002	-1.26657e+000	-1.20072e+002
683	 7.0200000000e+002	-1.16606e+000	-1.16669e+002
684	 7.0300000000e+002	-1.09731e+000	-1.13388e+002
685	 7.0400000000e+002	-1.03011e+000	-1.10372e+002
686	 7.0500000000e+002	-9.84096e-001	-1.07222e+002
687	 7.0600000000e+002	-7.33369e-001	-1.04099e+002
688	 7.0700000000e+002	-6.41092e-001	-1.01188e+002
689	 7.0800000000e+002	-6.34289e-001	-9.83101e+001
690	 7.0900000000e+002	-3.12502e-001	-9.54477e+001
691	 7.1000000000e+002	-2.05752e-001	-9.26870e+001
692	 7.1100000000e+002	-3.45740e-002	-8.98975e+001
693	 7.1200000000e+002	 2.30070e-001	-8.71389e+001
694	 7.1300000000e+002	 4.24002e-001	-8.45052e+001
695	 7.1400000000e+002	 7.03969e-001	-8.18045e+001
696	 7.1500000000e+002	 8.77282e-001	-7.92240e+001
697	 7.1600000000e+002	 1.19479e+000	-7.66474e+001
698	 7.1700000000e+002	 1.47538e+000	-7.40121e+001
699	 7.1800000000e+002	 1.69647e+000	-7.14665e+001
700	 7.1900000000e+002	 2.03521e+000	-6.89318e+001
701	 7.2000000000e+002	 2.32263e+000	-6.63513e+001
702	 7.2100000000e+002	 2.65410e+000	-6.38860e+001
703	 7.2200000000e+002	 2.99067e+000	-6.14072e+001
704	 7.2300000000e+002	 3.37496e+000	-5.88830e+001
705	 7.2400000000e+002	 3.66552e+000	-5.64029e+001
706	 7.2500000000e+002	 4.20488e+000	-5.38765e+001
707	 7.2600000000e+002	 4.54854e+000	-5.13787e+001
708	 7.2700000000e+002	 4.96570e+000	-4.88761e+001
709	 7.2800000000e+002	 5.43482e+000	-4.63594e+001
710	 7.2900000000e+002	 5.81021e+000	-4.38502e+001
711	 7.3000000000e+002	 6.39879e+000	-4.13245e+001
712	 7.3100000000e+002	 6.87196e+000	-3.87929e+001
713	 7.3200000000e+002	 7.36025e+000	-3.62519e+001
714	 7.3300000000e+002	 7.97014e+000	-3.36840e+001
715	 7.3400000000e+002	 8.53949e+000	-3.10419e+001
716	 7.3500000000e+002	 9.14410e+000	-2.84054e+001
717	 7.3600000000e+002	 9.77657e+000	-2.57471e+001
718	 7.3700000000e+002	 1.04019e+001	-2.30774e+001
719	 7.3800000000e+002	 1.11426e+001	-2.02854e+001
720	 7.3900000000e+002	 1.18371e+001	-1.75609e+001
721	 7.4000000000e+002	 1.26636e+001	-1.47704e+001
722	 7.4100000000e+002	 1.34135e+001	-1.19077e+001
723	 7.4200000000e+002	 1.43434e+001	-9.03895e+000
724	 7.4300000000e+002	 1.52481e+001	-6.06461e+000
725	 7.4400000000e+002	 1.62073e+001	-2.99724e+000
726	 7.4500000000e+002	 1.71460e+001	 5.42253e-002
727	 7.4600000000e+002	 1.81816e+001	 3.14528e+000
728	 7.4700000000e+002	 1.93502e+001	 6.36691e+000
729	 7.4800000000e+002	 2.05562e+001	 9.66485e+000
730	 7.4900000000e+002	 2.17354e+001	 1.28973e+001
731	 7.5000000000e+002	 2.30648e+001	 1.63506e+001
732	 7.5100000000e+002	 2.44343e+001	 2.00049e+001
733	 7.5200000000e+002	 2.59088e+001	 2.36442e+001
734	 7.5300000000e+002	 2.75040e+001	 2.73871e+001
735	 7.5400000000e+002	 2.91126e+001	 3.13254e+001
736	 7.5500000000e+002	 3.08962e+001	 3.53318e+001
737	 7.5600000000e+002	 3.28567e+001	 3.94834e+001
738	 7.5700000000e+002	 3.49002e+001	 4.38153e+001
739	 7.5800000000e+002	 3.70273e+001	 4.82997e+001
740	 7.5900000000e+002	 3.94090e+001	 5.29861e+001
741	 7.6000000000e+002	 4.20047e+001	 5.78317e+001
742	 7.6100000000e+002	 4.47729e+001	 6.29663e+001
743	 7.6200000000e+002	 4.77269e+001	 6.83852e+001
744	 7.6300000000e+002	 5.09409e+001	 7.40492e+001
745	 7.6400000000e+002	 5.45731e+001	 7.98522e+001
746	 7.6500000000e+002	 5.85822e+001	 8.60204e+001
747	 7.6600000000e+002	 6.29055e+001	 9.25674e+001
748	 7.6700000000e+002	 6.77027e+001	 9.94311e+001
749	 7.6800000000e+002	 7.30697e+001	 1.06684e+002
750	 7.6900000000e+002	 7.89600e+001	 1.14349e+002
751	 7.7000000000e+002	 8.57476e+001	 1.22439e+002
752	 7.7100000000e+002	 9.33808e+001	 1.30950e+002
753	 7.7200000000e+002	 1.01855e+002	 1.39876e+002
754	 7.7300000000e+002	 1.11541e+002	 1.49385e+002
755	 7.7400000000e+002	 1.22628e+002	 1.59393e+002
756	 7.7500000000e+002	 1.35305e+002	 1.69765e+002
757	 7.7600000000e+002	 1.49857e+002	 1.80591e+002
758	 7.7700000000e+002	 1.66904e+002	 1.91734e+002
759	 7.7800000000e+002	 1.86655e+002	 2.03072e+002
760	 7.7900000000e+002	 2.09792e+002	 2.14106e+002
761	 7.8000000000e+002	 2.36823e+002	 2.24551e+002
762	 7.8100000000e+002	 2.68712e+002	 2.33751e+002
763	 7.8200000000e+002	 3.05913e+002	 2.40387e+002
764	 7.8300000000e+002	 3.49551e+002	 2.42656e+002
765	 7.8400000000e+002	 3.99426e+002	 2.38563e+002
766	 7.8500000000e+002	 4.55362e+002	 2.24959e+002
767	 7.8600000000e+002	 5.15924e+002	 1.98339e+002
768	 7.8700000000e+002	 5.76919e+002	 1.55023e+002
769	 7.8800000000e+002	 6.32754e+002	 9.15236e+001
770	 7.8900000000e+002	 6.74513e+002	 9.28455e+000
771	 7.9000000000e+002	 6.93354e+002	-8.70066e+001
772	 7.9100000000e+002	 6.83760e+002	-1.86833e+002
773	 7.9200000000e+002	 6.47543e+002	-2.78126e+002
774	 7.9300000000e+002	 5.91175e+002	-3.52115e+002
775	 7.9400000000e+002	 5.23899e+002	-4.04578e+002
776	 7.9500000000e+002	 4.54606e+002	-4.36130e+002
777	 7.9600000000e+002	 3.88709e+002	-4.50755e+002
778	 7.9700000000e+002	 3.29608e+002	-4.52978e+002
779	 7.9800000000e+002	 2.78777e+002	-4.46683e+002
780	 7.9900000000e+002	 2.35741e+002	-4.35193e+002
781	 8.0000000000e+002	 1.99688e+002	-4.20828e+002
782	 8.0100000000e+002	 1.69869e+002	-4.05093e+002
783	 8.0200000000e+002	 1.45057e+002	-3.88711e+002
784	 8.0300000000e+002	 1.24208e+002	-3.72523e+002
785	 8.0400000000e+002	 1.06650e+002	-3.57015e+002
786	 8.0500000000e+002	 9.19448e+001	-3.42211e+002
787	 8.0600000000e+002	 7.96731e+001	-3.28010e+002
788	 8.0700000000e+002	 6.92771e+001	-3.14705e+002
789	 8.0800000000e+002	 6.02367e+001	-3.02287e+002
790	 8.0900000000e+002	 5.26091e+001	-2.90573e+002
791	 8.1000000000e+002	 4.61067e+001	-2.79634e+002
792	 8.1100000000e+002	 4.05122e+001	-2.69399e+002
793	 8.1200000000e+002	 3.56489e+001	-2.59874e+002
794	 8.1300000000e+002	 3.14323e+001	-2.50965e+002
795	 8.1400000000e+002	 2.77221e+001	-2.42524e+002
796	 8.1500000000e+002	 2.44084e+001	-2.34551e+002
797	 8.1600000000e+002	 2.15838e+001	-2.26969e+002
798	 8.1700000000e+002	 1.90170e+001	-2.19850e+002
799	 8.1800000000e+002	 1.67764e+001	-2.13103e+002
800	 8.1900000000e+002	 1.48649e+001	-2.06800e+002
801	 8.2000000000e+002	 1.31705e+001	-2.00755e+002
802	 8.2100000000e+002	 1.17566e+001	-1.95017e+002
803	 8.2200000000e+002	 1.03572e+001	-1.89461e+002
804	 8.2300000000e+002	 9.12668e+000	-1.84233e+002
805	 8.2400000000e+002	 8.00795e+000	-1.79204e+002
806	 8.2500000000e+002	 7.09130e+000	-1.74447e+002
807	 8.2600000000e+002	 6.30736e+000	-1.69852e+002
808	 8.2700000000e+002	 5.63463e+000	-1.65524e+002
809	 8.2800000000e+002	 4.99823e+000	-1.61366e+002
810	 8.2900000000e+002	 4.40149e+000	-1.57211e+002
811	 8.3000000000e+002	 3.86549e+000	-1.53213e+002
812	 8.3100000000e+002	 3.32701e+000	-1.49424e+002
813	 8.3200000000e+002	 3.01498e+000	-1.45819e+002
814	 8.3300000000e+002	 2.69420e+000	-1.42289e+002
815	 8.3400000000e+002	 2.42584e+000	-1.38885e+002
816	 8.3500000000e+002	 2.33068e+000	-1.35511e+002
817	 8.3600000000e+002	 2.17301e+000	-1.32266e+002
818	 8.3700000000e+002	 2.06830e+000	-1.29134e+002
819	 8.3800000000e+002	 1.94498e+000	-1.26042e+002
820	 8.3900000000e+002	 1.74598e+000	-1.23035e+002
821	 8.4000000000e+002	 1.69069e+000	-1.20116e+002
822	 8.4100000000e+002	 1.67267e+000	-1.17204e+002
823	 8.4200000000e+002	 1.76777e+000	-1.14379e+002
824	 8.4300000000e+002	 1.80666e+000	-1.11730e+002
825	 8.4400000000e+002	 1.87422e+000	-1.08992e+002
826	 8.4500000000e+002	 1.90457e+000	-1.06260e+002
827	 8.4600000000e+002	 1.91200e+000	-1.03716e+002
828	 8.4700000000e+002	 2.10608e+000	-1.01134e+002
829	 8.4800000000e+002	 2.46464e+000	-9.86227e+001
830	 8.4900000000e+002	 2.55823e+000	-9.60992e+001
831	 8.5000000000e+002	 2.59335e+000	-9.35887e+001
832	 8.5100000000e+002	 2.92388e+000	-9.12457e+001
833	 8.5200000000e+002	 3.27440e+000	-8.88852e+001
834	 8.5300000000e+002	 3.40761e+000	-8.63867e+001
835	 8.5400000000e+002	 3.64011e+000	-8.40386e+001
836	 8.5500000000e+002	 4.03359e+000	-8.18446e+001
837	 8.5600000000e+002	 4.36100e+000	-7.94687e+001
838	 8.5700000000e+002	 4.66986e+000	-7.70318e+001
839	 8.5800000000e+002	 5.09047e+000	-7.48765e+001
840	 8.5900000000e+002	 5.47258e+000	-7.26298e+001
841	 8.6000000000e+002	 5.80714e+000	-7.02222e+001
842	 8.6100000000e+002	 6.26420e+000	-6.80767e+001
843	 8.6200000000e+002	 6.75435e+000	-6.57693e+001
844	 8.6300000000e+002	 7.11477e+000	-6.34742e+001
845	 8.6400000000e+002	 7.66552e+000	-6.12905e+001
846	 8.6500000000e+002	 8.22426e+000	-5.89426e+001
847	 8.6600000000e+002	 8.64541e+000	-5.66972e+001
848	 8.6700000000e+002	 9.31987e+000	-5.43564e+001
849	 8.6800000000e+002	 9.86725e+000	-5.21106e+001
850	 8.6900000000e+002	 1.05167e+001	-4.98290e+001
851	 8.7000000000e+002	 1.11417e+001	-4.74359e+001
852	 8.7100000000e+002	 1.17817e+001	-4.51378e+001
853	 8.7200000000e+002	 1.24983e+001	-4.27594e+001
854	 8.7300000000e+002	 1.32669e+001	-4.04243e+001
855	 8.7400000000e+002	 1.40459e+001	-3.79887e+001
856	 8.7500000000e+002	 1.48443e+001	-3.55174e+001
857	 8.7600000000e+002	 1.57122e+001	-3.30809e+001
858	 8.7700000000e+002	 1.66435e+001	-3.05960e+001
859	 8.7800000000e+002	 1.75730e+001	-2.80830e+001
860	 8.7900000000e+002	 1.85784e+001	-2.54721e+001
861	 8.8000000000e+002	 1.96908e+001	-2.29139e+001
862	 8.8100000000e+002	 2.08353e+001	-2.02613e+001
863	 8.8200000000e+002	 2.20222e+001	-1.74815e+001
864	 8.8300000000e+002	 2.32711e+001	-1.47505e+001
865	 8.8400000000e+002	 2.46039e+001	-1.20153e+001
866	 8.8500000000e+002	 2.60371e+001	-9.12278e+000
867	 8.8600000000e+002	 2.75868e+001	-6.10703e+000
868	 8.8700000000e+002	 2.92552e+001	-3.13759e+000
869	 8.8800000000e+002	 3.09450e+001	-4.78555e-002
870	 8.8900000000e+002	 3.28142e+001	 3.12212e+000
871	 8.9000000000e+002	 3.47528e+001	 6.40757e+000
872	 8.9100000000e+002	 3.68079e+001	 9.70191e+000
873	 8.9200000000e+002	 3.90279e+001	 1.30775e+001
874	 8.9300000000e+002	 4.13624e+001	 1.64209e+001
875	 8.9400000000e+002	 4.39822e+001	 1.99464e+001
876	 8.9500000000e+002	 4.67301e+001	 2.35631e+001
877	 8.9600000000e+002	 4.96644e+001	 2.72575e+001
878	 8.9700000000e+002	 5.28664e+001	 3.10579e+001
879	 8.9800000000e+002	 5.62806e+001	 3.49676e+001
880	 8.9900000000e+002	 5.99552e+001	 3.88623e+001
881	 9.0000000000e+002	 6.38826e+001	 4.29612e+001
882	 9.0100000000e+002	 6.81408e+001	 4.71089e+001
883	 9.0200000000e+002	 7.28370e+001	 5.14282e+001
884	 9.0300000000e+002	 7.78585e+001	 5.58072e+001
885	 9.0400000000e+002	 8.33758e+001	 6.02565e+001
886	 9.0500000000e+002	 8.93758e+001	 6.48937e+001
887	 9.0600000000e+002	 9.58901e+001	 6.95420e+001
888	 9.0700000000e+002	 1.03117e+002	 7.42127e+001
889	 9.0800000000e+002	 1.10973e+002	 7.89997e+001
890	 9.0900000000e+002	 1.19548e+002	 8.38159e+001
891	 9.1000000000e+002	 1.29107e+002	 8.85345e+001
892	 9.1100000000e+002	 1.39639e+002	 9.31320e+001
893	 9.1200000000e+002	 1.51395e+002	 9.75691e+001
894	 9.1300000000e+002	 1.64383e+002	 1.01656e+002
895	 9.1400000000e+002	 1.78768e+002	 1.05242e+002
896	 9.1500000000e+002	 1.94674e+002	 1.07956e+002
897	 9.1600000000e+002	 2.12207e+002	 1.09577e+002
898	 9.1700000000e+002	 2.31632e+002	 1.09778e+002
899	 9.1800000000e+002	 2.52868e+002	 1.08035e+002
900	 9.1900000000e+002	 2.76132e+002	 1.03809e+002
901	 9.2000000000e+002	 3.00981e+002	 9.64177e+001
902	 9.2100000000e+002	 3.27197e+002	 8.50037e+001
903	 9.2200000000e+002	 3.53913e+002	 6.88202e+001
904	 9.2300000000e+002	 3.80184e+002	 4.70774e+001
905	 9.2400000000e+002	 4.04609e+002	 1.91737e+001
906	 9.2500000000e+002	 4.25219e+002	-1.48065e+001
907	 9.2600000000e+002	 4.40111e+002	-5.42083e+001
908	 9.2700000000e+002	 4.47425e+002	-9.73648e+001
909	 9.2800000000e+002	 4.46055e+002	-1.41942e+002
910	 9.2900000000e+002	 4.36040e+002	-1.85484e+002
911	 9.3000000000e+002	 4.17783e+002	-2.25541e+002
912	 9.3100000000e+002	 3.93147e+002	-2.60110e+002
913	 9.3200000000e+002	 3.64100e+002	-2.87877e+002
914	 9.3300000000e+002	 3.32596e+002	-3.08903e+002
915	 9.3400000000e+002	 3.00589e+002	-3.23270e+002
916	 9.3500000000e+002	 2.69464e+002	-3.31963e+002
917	 9.3600000000e+002	 2.40172e+002	-3.36007e+002
918	 9.3700000000e+002	 2.13168e+002	-3.36165e+002
919	 9.3800000000e+002	 1.88875e+002	-3.33493e+002
920	 9.3900000000e+002	 1.67250e+002	-3.28840e+002
921	 9.4000000000e+002	 1.47950e+002	-3.22921e+002
922	 9.4100000000e+002	 1.30934e+002	-3.16092e+002
923	 9.4200000000e+002	 1.16042e+002	-3.08609e+002
924	 9.4300000000e+002	 1.02854e+002	-3.00897e+002
925	 9.4400000000e+002	 9.13456e+001	-2.92966e+002
926	 9.4500000000e+002	 8.11311e+001	-2.84948e+002
927	 9.4600000000e+002	 7.20627e+001	-2.77164e+002
928	 9.4700000000e+002	 6.41387e+001	-2.69626e+002
929	 9.4800000000e+002	 5.71115e+001	-2.62364e+002
930	 9.4900000000e+002	 5.08642e+001	-2.55358e+002
931	 9.5000000000e+002	 4.52864e+001	-2.48616e+002
932	 9.5100000000e+002	 4.03984e+001	-2.42073e+002
933	 9.5200000000e+002	 3.59449e+001	-2.35699e+002
934	 9.5300000000e+002	 3.18684e+001	-2.29729e+002
935	 9.5400000000e+002	 2.85011e+001	-2.24026e+002
936	 9.5500000000e+002	 2.52465e+001	-2.18255e+002
937	 9.5600000000e+002	 2.23293e+001	-2.12911e+002
938	 9.5700000000e+002	 1.98964e+001	-2.07668e+002
939	 9.5800000000e+002	 1.76316e+001	-2.02504e+002
940	 9.5900000000e+002	 1.54850e+001	-1.97683e+002
941	 9.6000000000e+002	 1.36529e+001	-1.92991e+002
942	 9.6100000000e+002	 1.19255e+001	-1.88495e+002
943	 9.6200000000e+002	 1.03243e+001	-1.84175e+002
944	 9.6300000000e+002	 8.99673e+000	-1.80089e+002
945	 9.6400000000e+002	 7.67961e+000	-1.76241e+002
946	 9.6500000000e+002	 6.62638e+000	-1.72436e+002
947	 9.6600000000e+002	 5.50875e+000	-1.68731e+002
948	 9.6700000000e+002	 4.48046e+000	-1.65200e+002
949	 9.6800000000e+002	 3.90785e+000	-1.61763e+002
950	 9.6900000000e+002	 3.18560e+000	-1.58238e+002
951	 9.7000000000e+002	 2.40932e+000	-1.54764e+002
952	 9.7100000000e+002	 1.89371e+000	-1.51590e+002
953	 9.7200000000e+002	 1.43259e+000	-1.48362e+002
954	 9.7300000000e+002	 1.01248e+000	-1.45190e+002
955	 9.7400000000e+002	 7.28185e-001	-1.42444e+002
956	 9.7500000000e+002	 4.60820e-001	-1.39628e+002
957	 9.7600000000e+002	 1.87371e-001	-1.36795e+002
958	 9.7700000000e+002	-1.79747e-001	-1.34388e+002
959	 9.7800000000e+002	-2.84551e-001	-1.31852e+002
960	 9.7900000000e+002	-1.15089e-001	-1.29183e+002
961	 9.8000000000e+002	-2.61115e-001	-1.26493e+002
962	 9.8100000000e+002	-4.87220e-001	-1.23775e+002
963	 9.8200000000e+002	-3.36857e-001	-1.21276e+002
964	 9.8300000000e+002	-1.90504e-001	-1.18902e+002
965	 9.8400000000e+002	-1.37164e-001	-1.16348e+002
966	 9.8500000000e+002	 8.57626e-002	-1.13884e+002
967	 9.8600000000e+002	 1.81859e-001	-1.11747e+002
968	 9.8700000000e+002	 4.20875e-002	-1.09733e+002
969	 9.8800000000e+002	 1.39757e-001	-1.07877e+002
970	 9.8900000000e+002	 6.25086e-001	-1.06164e+002
971	 9.9000000000e+002	 9.79604e-001	-1.04225e+002
972	 9.9100000000e+002	 1.12426e+000	-1.01811e+002
973	 9.9200000000e+002	 1.35238e+000	-9.95545e+001
974	 9.9300000000e+002	 1.51728e+000	-9.75507e+001
975	 9.9400000000e+002	 1.82002e+000	-9.54311e+001
976	 9.9500000000e+002	 2.33609e+000	-9.29823e+001
977	 9.9600000000e+002	 2.90000e+000	-9.06227e+001
978	 9.9700000000e+002	 3.14937e+000	-8.85243e+001
979	 9.9800000000e+002	 3.33521e+000	-8.66936e+001
980	 9.9900000000e+002	 3.81900e+000	-8.49318e+001
981	 1.0000000000e+003	 4.58930e+000	-8.32378e+001
982	 1.0010000000e+003	 5.19120e+000	-8.14887e+001
983	 1.0020000000e+003	 5.50967e+000	-7.95470e+001
984	 1.0030000000e+003	 5.85397e+000	-7.74535e+001
985	 1.0040000000e+003	 6.41122e+000	-7.53630e+001
986	 1.0050000000e+003	 7.09026e+000	-7.34275e+001
987	 1.0060000000e+003	 7.67276e+000	-7.13681e+001
988	 1.0070000000e+003	 8.39287e+000	-6.91923e+001
989	 1.0080000000e+003	 9.14705e+000	-6.69708e+001
990	 1.0090000000e+003	 1.00288e+001	-6.50728e+001
991	 1.0100000000e+003	 1.09367e+001	-6.36133e+001
992	 1.0110000000e+003	 1.16573e+001	-6.22210e+001
993	 1.0120000000e+003	 1.25022e+001	-6.07711e+001
994	 1.0130000000e+003	 1.34815e+001	-5.90787e+001
995	 1.0140000000e+003	 1.44726e+001	-5.72012e+001
996	 1.0150000000e+003	 1.54775e+001	-5.53960e+001
997	 1.0160000000e+003	 1.63182e+001	-5.33210e+001
998	 1.0170000000e+003	 1.71012e+001	-5.08691e+001
999	 1.0180000000e+003	 1.81308e+001	-4.83314e+001
1000	 1.0190000000e+003	 1.94426e+001	-4.56755e+001
1001	 1.0200000000e+003	 2.08914e+001	-4.29717e+001
1002	 1.0210000000e+003	 2.24568e+001	-4.06095e+001
1003	 1.0220000000e+003	 2.40165e+001	-3.86335e+001
1004	 1.0230000000e+003	 2.55144e+001	-3.66112e+001
1005	 1.0240000000e+003	 2.69649e+001	-3.45483e+001
1006	 1.0250000000e+003	 2.85467e+001	-3.26849e+001
1007	 1.0260000000e+003	 3.03141e+001	-3.08598e+001
1008	 1.0270000000e+003	 3.21815e+001	-2.86378e+001
1009	 1.0280000000e+003	 3.42093e+001	-2.62176e+001
1010	 1.0290000000e+003	 3.64000e+001	-2.39049e+001
1011	 1.0300000000e+003	 3.85977e+001	-2.16751e+001
1012	 1.0310000000e+003	 4.08309e+001	-1.92818e+001
1013	 1.0320000000e+003	 4.31731e+001	-1.67712e+001
1014	 1.0330000000e+003	 4.56739e+001	-1.44953e+001
1015	 1.0340000000e+003	 4.83436e+001	-1.26729e+001
1016	 1.0350000000e+003	 5.11042e+001	-1.13302e+001
1017	 1.0360000000e+003	 5.40296e+001	-1.01134e+001
1018	 1.0370000000e+003	 5.71834e+001	-8.63626e+000
1019	 1.0380000000e+003	 6.06817e+001	-6.93421e+000
1020	 1.0390000000e+003	 6.44290e+001	-4.81981e+000
1021	 1.0400000000e+003	 6.83736e+001	-2.51407e+000
1022	 1.0410000000e+003	 7.24851e+001	 1.25445e-001
1023	 1.0420000000e+003	 7.68143e+001	 3.05452e+000
1024	 1.0430000000e+003	 8.15080e+001	 6.17538e+000
1025	 1.0440000000e+003	 8.65774e+001	 9.35130e+000
1026	 1.0450000000e+003	 9.21589e+001	 1.22132e+001
1027	 1.0460000000e+003	 9.81730e+001	 1.46875e+001
1028	 1.0470000000e+003	 1.04617e+002	 1.67061e+001
1029	 1.0480000000e+003	 1.11425e+002	 1.81793e+001
1030	 1.0490000000e+003	 1.18648e+002	 1.91541e+001
1031	 1.0500000000e+003	 1.26227e+002	 1.97548e+001
1032	 1.0510000000e+003	 1.34536e+002	 2.02409e+001
1033	 1.0520000000e+003	 1.43296e+002	 2.02801e+001
1034	 1.0530000000e+003	 1.52715e+002	 1.98256e+001
1035	 1.0540000000e+003	 1.62546e+002	 1.87429e+001
1036	 1.0550000000e+003	 1.72848e+002	 1.67482e+001
1037	 1.0560000000e+003	 1.83560e+002	 1.37894e+001
1038	 1.0570000000e+003	 1.94608e+002	 9.54160e+000
1039	 1.0580000000e+003	 2.06073e+002	 3.96840e+000
1040	 1.0590000000e+003	 2.17785e+002	-3.17535e+000
1041	 1.0600000000e+003	 2.29612e+002	-1.20055e+001
1042	 1.0610000000e+003	 2.41046e+002	-2.27152e+001
1043	 1.0620000000e+003	 2.51843e+002	-3.52172e+001
1044	 1.0630000000e+003	 2.61443e+002	-4.94171e+001
1045	 1.0640000000e+003	 2.69626e+002	-6.49802e+001
1046	 1.0650000000e+003	 2.76228e+002	-8.20043e+001
1047	 1.0660000000e+003	 2.80971e+002	-1.00297e+002
1048	 1.0670000000e+003	 2.83193e+002	-1.19819e+002
1049	 1.0680000000e+003	 2.82480e+002	-1.40206e+002
1050	 1.0690000000e+003	 2.78757e+002	-1.60625e+002
1051	 1.0700000000e+003	 2.72190e+002	-1.80320e+002
1052	 1.0710000000e+003	 2.62922e+002	-1.98814e+002
1053	 1.0720000000e+003	 2.51335e+002	-2.15443e+002
1054	 1.0730000000e+003	 2.37906e+002	-2.29861e+002
1055	 1.0740000000e+003	 2.23261e+002	-2.41883e+002
1056	 1.0750000000e+003	 2.07861e+002	-2.51637e+002
1057	 1.0760000000e+003	 1.91865e+002	-2.59367e+002
1058	 1.0770000000e+003	 1.75931e+002	-2.64787e+002
1059	 1.0780000000e+003	 1.60495e+002	-2.68110e+002
1060	 1.0790000000e+003	 1.45898e+002	-2.69544e+002
1061	 1.0800000000e+003	 1.32042e+002	-2.69710e+002
1062	 1.0810000000e+003	 1.18886e+002	-2.68792e+002
1063	 1.0820000000e+003	 1.06589e+002	-2.66895e+002
1064	 1.0830000000e+003	 9.54222e+001	-2.64080e+002
1065	 1.0840000000e+003	 8.53346e+001	-2.60665e+002
1066	 1.0850000000e+003	 7.58600e+001	-2.56846e+002
1067	 1.0860000000e+003	 6.71302e+001	-2.52731e+002
1068	 1.0870000000e+003	 5.93711e+001	-2.48314e+002
1069	 1.0880000000e+003	 5.24081e+001	-2.43821e+002
1070	 1.0890000000e+003	 4.59268e+001	-2.39178e+002
1071	 1.0900000000e+003	 4.00044e+001	-2.34460e+002
1072	 1.0910000000e+003	 3.48470e+001	-2.29725e+002
1073	 1.0920000000e+003	 3.01013e+001	-2.25094e+002
1074	 1.0930000000e+003	 2.55319e+001	-2.20526e+002
1075	 1.0940000000e+003	 2.15994e+001	-2.15921e+002
1076	 1.0950000000e+003	 1.81343e+001	-2.11479e+002
1077	 1.0960000000e+003	 1.48366e+001	-2.07092e+002
1078	 1.0970000000e+003	 1.19106e+001	-2.02751e+002
1079	 1.0980000000e+003	 9.31211e+000	-1.98567e+002
1080	 1.0990000000e+003	 6.79558e+000	-1.94540e+002
1081	 1.1000000000e+003	 4.62331e+000	-1.90610e+002
1082	 1.1010000000e+003	 2.79586e+000	-1.86753e+002
1083	 1.1020000000e+003	 1.04516e+000	-1.82980e+002
1084	 1.1030000000e+003	-4.75503e-001	-1.79264e+002
1085	 1.1040000000e+003	-1.98022e+000	-1.75672e+002
1086	 1.1050000000e+003	-3.31285e+000	-1.72214e+002
1087	 1.1060000000e+003	-4.38517e+000	-1.68944e+002
1088	 1.1070000000e+003	-5.39637e+000	-1.65738e+002
1089	 1.1080000000e+003	-6.28774e+000	-1.62494e+002
1090	 1.1090000000e+003	-7.05890e+000	-1.59412e+002
1091	 1.1100000000e+003	-7.72945e+000	-1.56551e+002
1092	 1.1110000000e+003	-8.44403e+000	-1.53684e+002
1093	 1.1120000000e+003	-8.89224e+000	-1.50823e+002
1094	 1.1130000000e+003	-9.29558e+000	-1.48118e+002
1095	 1.1140000000e+003	-9.79735e+000	-1.45389e+002
1096	 1.1150000000e+003	-1.00713e+001	-1.42660e+002
1097	 1.1160000000e+003	-1.02630e+001	-1.40160e+002
1098	 1.1170000000e+003	-1.05008e+001	-1.37670e+002
1099	 1.1180000000e+003	-1.06842e+001	-1.35178e+002
1100	 1.1190000000e+003	-1.07829e+001	-1.32857e+002
1101	 1.1200000000e+003	-1.08189e+001	-1.30575e+002
1102	 1.1210000000e+003	-1.07990e+001	-1.28302e+002
1103	 1.1220000000e+003	-1.08629e+001	-1.26101e+002
1104	 1.1230000000e+003	-1.08428e+001	-1.24001e+002
1105	 1.1240000000e+003	-1.07310e+001	-1.21939e+002
1106	 1.1250000000e+003	-1.05950e+001	-1.19859e+002
1107	 1.1260000000e+003	-1.04623e+001	-1.17867e+002
1108	 1.1270000000e+003	-1.03606e+001	-1.15927e+002
1109	 1.1280000000e+003	-1.01928e+001	-1.13987e+002
1110	 1.1290000000e+003	-9.98616e+000	-1.12075e+002
1111	 1.1300000000e+003	-9.82307e+000	-1.10198e+002
1112	 1.1310000000e+003	-9.58792e+000	-1.08372e+002
1113	 1.1320000000e+003	-9.31331e+000	-1.06548e+002
1114	 1.1330000000e+003	-9.09583e+000	-1.04702e+002
1115	 1.1340000000e+003	-8.77498e+000	-1.02894e+002
1116	 1.1350000000e+003	-8.47308e+000	-1.01103e+002
1117	 1.1360000000e+003	-8.16710e+000	-9.93058e+001
1118	 1.1370000000e+003	-7.78934e+000	-9.75678e+001
1119	 1.1380000000e+003	-7.33087e+000	-9.57646e+001
1120	 1.1390000000e+003	-6.86743e+000	-9.40004e+001
1121	 1.1400000000e+003	-6.46673e+000	-9.22845e+001
1122	 1.1410000000e+003	-5.94324e+000	-9.05514e+001
1123	 1.1420000000e+003	-5.38280e+000	-8.88201e+001
1124	 1.1430000000e+003	-4.82218e+000	-8.71408e+001
1125	 1.1440000000e+003	-4.21650e+000	-8.54830e+001
1126	 1.1450000000e+003	-3.56631e+000	-8.37876e+001
1127	 1.1460000000e+003	-2.92352e+000	-8.21548e+001
1128	 1.1470000000e+003	-2.20493e+000	-8.05299e+001
1129	 1.1480000000e+003	-1.46596e+000	-7.88784e+001
1130	 1.1490000000e+003	-6.72279e-001	-7.72755e+001
1131	 1.1500000000e+003	 1.71724e-001	-7.56925e+001
1132	 1.1510000000e+003	 9.64267e-001	-7.41083e+001
1133	 1.1520000000e+003	 1.83457e+000	-7.25548e+001
1134	 1.1530000000e+003	 2.74457e+000	-7.09452e+001
1135	 1.1540000000e+003	 3.68417e+000	-6.94031e+001
1136	 1.1550000000e+003	 4.68102e+000	-6.78676e+001
1137	 1.1560000000e+003	 5.69635e+000	-6.62896e+001
1138	 1.1570000000e+003	 6.71632e+000	-6.47498e+001
1139	 1.1580000000e+003	 7.88187e+000	-6.32420e+001
1140	 1.1590000000e+003	 9.02820e+000	-6.17169e+001
1141	 1.1600000000e+003	 1.02355e+001	-6.01964e+001
1142	 1.1610000000e+003	 1.14817e+001	-5.86783e+001
1143	 1.1620000000e+003	 1.27986e+001	-5.71788e+001
1144	 1.1630000000e+003	 1.41817e+001	-5.56804e+001
1145	 1.1640000000e+003	 1.55816e+001	-5.41821e+001
1146	 1.1650000000e+003	 1.70594e+001	-5.27113e+001
1147	 1.1660000000e+003	 1.86168e+001	-5.12328e+001
1148	 1.1670000000e+003	 2.02462e+001	-4.98088e+001
1149	 1.1680000000e+003	 2.19402e+001	-4.83822e+001
1150	 1.1690000000e+003	 2.37011e+001	-4.69434e+001
1151	 1.1700000000e+003	 2.55352e+001	-4.55184e+001
1152	 1.1710000000e+003	 2.74417e+001	-4.41629e+001
1153	 1.1720000000e+003	 2.94709e+001	-4.28105e+001
1154	 1.1730000000e+003	 3.15598e+001	-4.14786e+001
1155	 1.1740000000e+003	 3.37428e+001	-4.01501e+001
1156	 1.1750000000e+003	 3.60364e+001	-3.88510e+001
1157	 1.1760000000e+003	 3.84252e+001	-3.76619e+001
1158	 1.1770000000e+003	 4.09244e+001	-3.64713e+001
1159	 1.1780000000e+003	 4.35179e+001	-3.53490e+001
1160	 1.1790000000e+003	 4.62750e+001	-3.42493e+001
1161	 1.1800000000e+003	 4.91168e+001	-3.32305e+001
1162	 1.1810000000e+003	 5.21293e+001	-3.22587e+001
1163	 1.1820000000e+003	 5.52739e+001	-3.13553e+001
1164	 1.1830000000e+003	 5.85590e+001	-3.05688e+001
1165	 1.1840000000e+003	 6.19741e+001	-2.98796e+001
1166	 1.1850000000e+003	 6.55711e+001	-2.92893e+001
1167	 1.1860000000e+003	 6.93339e+001	-2.88537e+001
1168	 1.1870000000e+003	 7.32766e+001	-2.85851e+001
1169	 1.1880000000e+003	 7.73956e+001	-2.84676e+001
1170	 1.1890000000e+003	 8.16986e+001	-2.85526e+001
1171	 1.1900000000e+003	 8.61722e+001	-2.88241e+001
1172	 1.1910000000e+003	 9.08372e+001	-2.93789e+001
1173	 1.1920000000e+003	 9.56906e+001	-3.02027e+001
1174	 1.1930000000e+003	 1.00739e+002	-3.13089e+001
1175	 1.1940000000e+003	 1.05874e+002	-3.28068e+001
1176	 1.1950000000e+003	 1.11268e+002	-3.47313e+001
1177	 1.1960000000e+003	 1.16699e+002	-3.70733e+001
1178	 1.1970000000e+003	 1.22285e+002	-3.99327e+001
1179	 1.1980000000e+003	 1.27892e+002	-4.32726e+001
1180	 1.1990000000e+003	 1.33536e+002	-4.72383e+001
1181	 1.2000000000e+003	 1.39044e+002	-5.18205e+001
1182	 1.2010000000e+003	 1.44482e+002	-5.70740e+001
1183	 1.2020000000e+003	 1.49724e+002	-6.30781e+001
1184	 1.2030000000e+003	 1.54554e+002	-6.97852e+001
1185	 1.2040000000e+003	 1.58945e+002	-7.71976e+001
1186	 1.2050000000e+003	 1.62693e+002	-8.52959e+001
1187	 1.2060000000e+003	 1.65771e+002	-9.40184e+001
1188	 1.2070000000e+003	 1.68015e+002	-1.03295e+002
1189	 1.2080000000e+003	 1.69265e+002	-1.12982e+002
1190	 1.2090000000e+003	 1.69463e+002	-1.22995e+002
1191	 1.2100000000e+003	 1.68569e+002	-1.33065e+002
1192	 1.2110000000e+003	 1.66553e+002	-1.43102e+002
1193	 1.2120000000e+003	 1.63447e+002	-1.52939e+002
1194	 1.2130000000e+003	 1.59293e+002	-1.62317e+002
1195	 1.2140000000e+003	 1.54165e+002	-1.71202e+002
1196	 1.2150000000e+003	 1.48162e+002	-1.79401e+002
1197	 1.2160000000e+003	 1.41418e+002	-1.86833e+002
1198	 1.2170000000e+003	 1.34087e+002	-1.93364e+002
1199	 1.2180000000e+003	 1.26340e+002	-1.98993e+002
1200	 1.2190000000e+003	 1.18254e+002	-2.03731e+002
1201	 1.2200000000e+003	 1.10014e+002	-2.07565e+002
1202	 1.2210000000e+003	 1.01715e+002	-2.10485e+002
1203	 1.2220000000e+003	 9.34849e+001	-2.12593e+002
1204	 1.2230000000e+003	 8.53820e+001	-2.13951e+002
1205	 1.2240000000e+003	 7.75370e+001	-2.14598e+002
1206	 1.2250000000e+003	 6.99933e+001	-2.14636e+002
1207	 1.2260000000e+003	 6.27679e+001	-2.14074e+002
1208	 1.2270000000e+003	 5.59368e+001	-2.13059e+002
1209	 1.2280000000e+003	 4.94598e+001	-2.11639e+002
1210	 1.2290000000e+003	 4.33127e+001	-2.09845e+002
1211	 1.2300000000e+003	 3.75559e+001	-2.07810e+002
1212	 1.2310000000e+003	 3.22048e+001	-2.05509e+002
1213	 1.2320000000e+003	 2.71855e+001	-2.03028e+002
1214	 1.2330000000e+003	 2.25196e+001	-2.00379e+002
1215	 1.2340000000e+003	 1.82257e+001	-1.97569e+002
1216	 1.2350000000e+003	 1.42215e+001	-1.94718e+002
1217	 1.2360000000e+003	 1.05571e+001	-1.91771e+002
1218	 1.2370000000e+003	 7.18827e+000	-1.88767e+002
1219	 1.2380000000e+003	 4.11343e+000	-1.85763e+002
1220	 1.2390000000e+003	 1.30070e+000	-1.82777e+002
1221	 1.2400000000e+003	-1.32242e+000	-1.79788e+002
1222	 1.2410000000e+003	-3.72099e+000	-1.76819e+002
1223	 1.2420000000e+003	-5.90096e+000	-1.73877e+002
1224	 1.2430000000e+003	-7.91042e+000	-1.70976e+002
1225	 1.2440000000e+003	-9.74017e+000	-1.68122e+002
1226	 1.2450000000e+003	-1.13932e+001	-1.65302e+002
1227	 1.2460000000e+003	-1.29250e+001	-1.62532e+002
1228	 1.2470000000e+003	-1.43013e+001	-1.59827e+002
1229	 1.2480000000e+003	-1.55378e+001	-1.57192e+002
1230	 1.2490000000e+003	-1.66710e+001	-1.54575e+002
1231	 1.2500000000e+003	-1.76779e+001	-1.51953e+002
1232	 1.2510000000e+003	-1.86361e+001	-1.49490e+002
1233	 1.2520000000e+003	-1.94688e+001	-1.47088e+002
1234	 1.2530000000e+003	-2.02224e+001	-1.44702e+002
1235	 1.2540000000e+003	-2.09325e+001	-1.42366e+002
1236	 1.2550000000e+003	-2.15425e+001	-1.40070e+002
1237	 1.2560000000e+003	-2.21029e+001	-1.37817e+002
1238	 1.2570000000e+003	-2.25674e+001	-1.35632e+002
1239	 1.2580000000e+003	-2.29816e+001	-1.33500e+002
1240	 1.2590000000e+003	-2.33417e+001	-1.31390e+002
1241	 1.2600000000e+003	-2.36285e+001	-1.29326e+002
1242	 1.2610000000e+003	-2.38915e+001	-1.27302e+002
1243	 1.2620000000e+003	-2.40991e+001	-1.25326e+002
1244	 1.2630000000e+003	-2.42575e+001	-1.23400e+002
1245	 1.2640000000e+003	-2.43601e+001	-1.21503e+002
1246	 1.2650000000e+003	-2.44491e+001	-1.19631e+002
1247	 1.2660000000e+003	-2.45003e+001	-1.17778e+002
1248	 1.2670000000e+003	-2.45273e+001	-1.15979e+002
1249	 1.2680000000e+003	-2.45077e+001	-1.14201e+002
1250	 1.2690000000e+003	-2.44356e+001	-1.12459e+002
1251	 1.2700000000e+003	-2.43575e+001	-1.10756e+002
1252	 1.2710000000e+003	-2.42469e+001	-1.09062e+002
1253	 1.2720000000e+003	-2.40992e+001	-1.07394e+002
1254	 1.2730000000e+003	-2.39287e+001	-1.05766e+002
1255	 1.2740000000e+003	-2.37297e+001	-1.04176e+002
1256	 1.2750000000e+003	-2.34931e+001	-1.02588e+002
1257	 1.2760000000e+003	-2.32272e+001	-1.01019e+002
1258	 1.2770000000e+003	-2.29276e+001	-9.94891e+001
1259	 1.2780000000e+003	-2.26242e+001	-9.79767e+001
1260	 1.2790000000e+003	-2.22885e+001	-9.64732e+001
1261	 1.2800000000e+003	-2.19265e+001	-9.49966e+001
1262	 1.2810000000e+003	-2.15360e+001	-9.35642e+001
1263	 1.2820000000e+003	-2.11295e+001	-9.21235e+001
1264	 1.2830000000e+003	-2.07049e+001	-9.06981e+001
1265	 1.2840000000e+003	-2.02704e+001	-8.93021e+001
1266	 1.2850000000e+003	-1.97989e+001	-8.79384e+001
1267	 1.2860000000e+003	-1.92684e+001	-8.65739e+001
1268	 1.2870000000e+003	-1.87238e+001	-8.52363e+001
1269	 1.2880000000e+003	-1.81854e+001	-8.39184e+001
1270	 1.2890000000e+003	-1.76242e+001	-8.26266e+001
1271	 1.2900000000e+003	-1.70094e+001	-8.13490e+001
1272	 1.2910000000e+003	-1.63815e+001	-8.00595e+001
1273	 1.2920000000e+003	-1.57359e+001	-7.87978e+001
1274	 1.2930000000e+003	-1.50765e+001	-7.75502e+001
1275	 1.2940000000e+003	-1.43789e+001	-7.63277e+001
1276	 1.2950000000e+003	-1.36439e+001	-7.51109e+001
1277	 1.2960000000e+003	-1.29031e+001	-7.39154e+001
1278	 1.2970000000e+003	-1.21399e+001	-7.27372e+001
1279	 1.2980000000e+003	-1.13263e+001	-7.15764e+001
1280	 1.2990000000e+003	-1.04772e+001	-7.04289e+001
1281	 1.3000000000e+003	-9.62367e+000	-6.92923e+001
1282	 1.3010000000e+003	-8.71941e+000	-6.81704e+001
1283	 1.3020000000e+003	-7.78994e+000	-6.70780e+001
1284	 1.3030000000e+003	-6.82639e+000	-6.59852e+001
1285	 1.3040000000e+003	-5.82744e+000	-6.49275e+001
1286	 1.3050000000e+003	-4.79785e+000	-6.38834e+001
1287	 1.3060000000e+003	-3.73849e+000	-6.28434e+001
1288	 1.3070000000e+003	-2.66795e+000	-6.18490e+001
1289	 1.3080000000e+003	-1.55922e+000	-6.08762e+001
1290	 1.3090000000e+003	-3.89732e-001	-5.99131e+001
1291	 1.3100000000e+003	 8.02584e-001	-5.89866e+001
1292	 1.3110000000e+003	 2.04550e+000	-5.80764e+001
1293	 1.3120000000e+003	 3.32099e+000	-5.71951e+001
1294	 1.3130000000e+003	 4.64162e+000	-5.63515e+001
1295	 1.3140000000e+003	 6.01124e+000	-5.55378e+001
1296	 1.3150000000e+003	 7.42012e+000	-5.47490e+001
1297	 1.3160000000e+003	 8.86088e+000	-5.39729e+001
1298	 1.3170000000e+003	 1.03495e+001	-5.32804e+001
1299	 1.3180000000e+003	 1.18784e+001	-5.26059e+001
1300	 1.3190000000e+003	 1.34268e+001	-5.19886e+001
1301	 1.3200000000e+003	 1.50329e+001	-5.13957e+001
1302	 1.3210000000e+003	 1.67015e+001	-5.08401e+001
1303	 1.3220000000e+003	 1.84182e+001	-5.03610e+001
1304	 1.3230000000e+003	 2.01785e+001	-4.99110e+001
1305	 1.3240000000e+003	 2.19781e+001	-4.95208e+001
1306	 1.3250000000e+003	 2.38275e+001	-4.92131e+001
1307	 1.3260000000e+003	 2.57164e+001	-4.89336e+001
1308	 1.3270000000e+003	 2.76626e+001	-4.87401e+001
1309	 1.3280000000e+003	 2.96621e+001	-4.86286e+001
1310	 1.3290000000e+003	 3.17292e+001	-4.85628e+001
1311	 1.3300000000e+003	 3.38137e+001	-4.86107e+001
1312	 1.3310000000e+003	 3.59598e+001	-4.87556e+001
1313	 1.3320000000e+003	 3.81585e+001	-4.89740e+001
1314	 1.3330000000e+003	 4.03953e+001	-4.93313e+001
1315	 1.3340000000e+003	 4.26916e+001	-4.97754e+001
1316	 1.3350000000e+003	 4.50420e+001	-5.03568e+001
1317	 1.3360000000e+003	 4.73975e+001	-5.10691e+001
1318	 1.3370000000e+003	 4.98160e+001	-5.19351e+001
1319	 1.3380000000e+003	 5.22811e+001	-5.29430e+001
1320	 1.3390000000e+003	 5.47486e+001	-5.41261e+001
1321	 1.3400000000e+003	 5.72259e+001	-5.54995e+001
1322	 1.3410000000e+003	 5.96912e+001	-5.70747e+001
1323	 1.3420000000e+003	 6.21184e+001	-5.88772e+001
1324	 1.3430000000e+003	 6.45306e+001	-6.08859e+001
1325	 1.3440000000e+003	 6.68887e+001	-6.31300e+001
1326	 1.3450000000e+003	 6.91393e+001	-6.56197e+001
1327	 1.3460000000e+003	 7.12966e+001	-6.83898e+001
1328	 1.3470000000e+003	 7.32740e+001	-7.13766e+001
1329	 1.3480000000e+003	 7.50586e+001	-7.46187e+001
1330	 1.3490000000e+003	 7.66226e+001	-7.80938e+001
1331	 1.3500000000e+003	 7.79171e+001	-8.17628e+001
1332	 1.3510000000e+003	 7.89233e+001	-8.56885e+001
1333	 1.3520000000e+003	 7.95754e+001	-8.97639e+001
1334	 1.3530000000e+003	 7.98400e+001	-9.39418e+001
1335	 1.3540000000e+003	 7.97237e+001	-9.81788e+001
1336	 1.3550000000e+003	 7.91760e+001	-1.02441e+002
1337	 1.3560000000e+003	 7.81931e+001	-1.06685e+002
1338	 1.3570000000e+003	 7.68123e+001	-1.10825e+002
1339	 1.3580000000e+003	 7.50393e+001	-1.14822e+002
1340	 1.3590000000e+003	 7.28769e+001	-1.18598e+002
1341	 1.3600000000e+003	 7.03623e+001	-1.22154e+002
1342	 1.3610000000e+003	 6.75470e+001	-1.25390e+002
1343	 1.3620000000e+003	 6.44636e+001	-1.28301e+002
1344	 1.3630000000e+003	 6.11923e+001	-1.30883e+002
1345	 1.3640000000e+003	 5.77757e+001	-1.33102e+002
1346	 1.3650000000e+003	 5.42517e+001	-1.34955e+002
1347	 1.3660000000e+003	 5.06660e+001	-1.36424e+002
1348	 1.3670000000e+003	 4.70638e+001	-1.37552e+002
1349	 1.3680000000e+003	 4.34817e+001	-1.38330e+002
1350	 1.3690000000e+003	 3.99596e+001	-1.38819e+002
1351	 1.3700000000e+003	 3.65498e+001	-1.39004e+002
1352	 1.3710000000e+003	 3.32536e+001	-1.38951e+002
1353	 1.3720000000e+003	 3.00811e+001	-1.38680e+002
1354	 1.3730000000e+003	 2.70663e+001	-1.38166e+002
1355	 1.3740000000e+003	 2.42103e+001	-1.37482e+002
1356	 1.3750000000e+003	 2.15221e+001	-1.36654e+002
1357	 1.3760000000e+003	 1.90042e+001	-1.35691e+002
1358	 1.3770000000e+003	 1.66715e+001	-1.34619e+002
1359	 1.3780000000e+003	 1.44944e+001	-1.33500e+002
1360	 1.3790000000e+003	 1.24712e+001	-1.32279e+002
1361	 1.3800000000e+003	 1.05896e+001	-1.31018e+002
1362	 1.3810000000e+003	 8.85220e+000	-1.29725e+002
1363	 1.3820000000e+003	 7.26979e+000	-1.28403e+002
1364	 1.3830000000e+003	 5.77616e+000	-1.27086e+002
1365	 1.3840000000e+003	 4.40530e+000	-1.25782e+002
1366	 1.3850000000e+003	 3.12918e+000	-1.24477e+002
1367	 1.3860000000e+003	 1.96318e+000	-1.23176e+002
1368	 1.3870000000e+003	 8.89961e-001	-1.21886e+002
1369	 1.3880000000e+003	-1.04552e-001	-1.20612e+002
1370	 1.3890000000e+003	-1.02797e+000	-1.19372e+002
1371	 1.3900000000e+003	-1.87636e+000	-1.18147e+002
1372	 1.3910000000e+003	-2.66820e+000	-1.16945e+002
1373	 1.3920000000e+003	-3.41211e+000	-1.15753e+002
1374	 1.3930000000e+003	-4.11259e+000	-1.14576e+002
1375	 1.3940000000e+003	-4.77777e+000	-1.13423e+002
1376	 1.3950000000e+003	-5.39988e+000	-1.12280e+002
1377	 1.3960000000e+003	-5.98709e+000	-1.11151e+002
1378	 1.3970000000e+003	-6.53940e+000	-1.10039e+002
1379	 1.3980000000e+003	-7.06741e+000	-1.08952e+002
1380	 1.3990000000e+003	-7.56585e+000	-1.07863e+002
1381	 1.4000000000e+003	-8.02244e+000	-1.06781e+002
1382	 1.4010000000e+003	-8.44054e+000	-1.05713e+002
1383	 1.4020000000e+003	-8.83435e+000	-1.04645e+002
1384	 1.4030000000e+003	-9.19458e+000	-1.03589e+002
1385	 1.4040000000e+003	-9.53003e+000	-1.02521e+002
1386	 1.4050000000e+003	-9.84955e+000	-1.01449e+002
1387	 1.4060000000e+003	-1.01413e+001	-1.00395e+002
1388	 1.4070000000e+003	-1.03966e+001	-9.93514e+001
1389	 1.4080000000e+003	-1.06183e+001	-9.83014e+001
1390	 1.4090000000e+003	-1.08114e+001	-9.72602e+001
1391	 1.4100000000e+003	-1.09948e+001	-9.62330e+001
1392	 1.4110000000e+003	-1.11483e+001	-9.52163e+001
1393	 1.4120000000e+003	-1.12755e+001	-9.42007e+001
1394	 1.4130000000e+003	-1.13740e+001	-9.31911e+001
1395	 1.4140000000e+003	-1.14414e+001	-9.21871e+001
1396	 1.4150000000e+003	-1.14717e+001	-9.11932e+001
1397	 1.4160000000e+003	-1.14877e+001	-9.02053e+001
1398	 1.4170000000e+003	-1.14670e+001	-8.92295e+001
1399	 1.4180000000e+003	-1.14330e+001	-8.82741e+001
1400	 1.4190000000e+003	-1.13852e+001	-8.73032e+001
1401	 1.4200000000e+003	-1.12991e+001	-8.63469e+001
1402	 1.4210000000e+003	-1.11912e+001	-8.54177e+001
1403	 1.4220000000e+003	-1.10748e+001	-8.44800e+001
1404	 1.4230000000e+003	-1.09327e+001	-8.35582e+001
1405	 1.4240000000e+003	-1.07700e+001	-8.26597e+001
1406	 1.4250000000e+003	-1.05867e+001	-8.17630e+001
1407	 1.4260000000e+003	-1.03771e+001	-8.08807e+001
1408	 1.4270000000e+003	-1.01446e+001	-8.00014e+001
1409	 1.4280000000e+003	-9.90709e+000	-7.91362e+001
1410	 1.4290000000e+003	-9.64430e+000	-7.82848e+001
1411	 1.4300000000e+003	-9.37000e+000	-7.74283e+001
1412	 1.4310000000e+003	-9.06034e+000	-7.65961e+001
1413	 1.4320000000e+003	-8.72326e+000	-7.57855e+001
1414	 1.4330000000e+003	-8.38111e+000	-7.49720e+001
1415	 1.4340000000e+003	-8.03075e+000	-7.41739e+001
1416	 1.4350000000e+003	-7.65287e+000	-7.33875e+001
1417	 1.4360000000e+003	-7.26211e+000	-7.26117e+001
1418	 1.4370000000e+003	-6.87191e+000	-7.18455e+001
1419	 1.4380000000e+003	-6.45776e+000	-7.10861e+001
1420	 1.4390000000e+003	-6.01761e+000	-7.03343e+001
1421	 1.4400000000e+003	-5.56369e+000	-6.95945e+001
1422	 1.4410000000e+003	-5.09631e+000	-6.88743e+001
1423	 1.4420000000e+003	-4.61539e+000	-6.81697e+001
1424	 1.4430000000e+003	-4.11383e+000	-6.74545e+001
1425	 1.4440000000e+003	-3.59926e+000	-6.67588e+001
1426	 1.4450000000e+003	-3.06355e+000	-6.60600e+001
1427	 1.4460000000e+003	-2.50186e+000	-6.53702e+001
1428	 1.4470000000e+003	-1.92181e+000	-6.46955e+001
1429	 1.4480000000e+003	-1.32809e+000	-6.40262e+001
1430	 1.4490000000e+003	-7.13625e-001	-6.33675e+001
1431	 1.4500000000e+003	-7.67374e-002	-6.27148e+001
1432	 1.4510000000e+003	 5.74402e-001	-6.20698e+001
1433	 1.4520000000e+003	 1.26436e+000	-6.14376e+001
1434	 1.4530000000e+003	 1.98443e+000	-6.08160e+001
1435	 1.4540000000e+003	 2.72023e+000	-6.02064e+001
1436	 1.4550000000e+003	 3.47295e+000	-5.96060e+001
1437	 1.4560000000e+003	 4.26158e+000	-5.90192e+001
1438	 1.4570000000e+003	 5.09091e+000	-5.84511e+001
1439	 1.4580000000e+003	 5.95843e+000	-5.78914e+001
1440	 1.4590000000e+003	 6.85498e+000	-5.73714e+001
1441	 1.4600000000e+003	 7.75528e+000	-5.68790e+001
1442	 1.4610000000e+003	 8.68912e+000	-5.63926e+001
1443	 1.4620000000e+003	 9.70157e+000	-5.59058e+001
1444	 1.4630000000e+003	 1.07674e+001	-5.54590e+001
1445	 1.4640000000e+003	 1.17991e+001	-5.50866e+001
1446	 1.4650000000e+003	 1.28279e+001	-5.47340e+001
1447	 1.4660000000e+003	 1.39505e+001	-5.43715e+001
1448	 1.4670000000e+003	 1.51700e+001	-5.40772e+001
1449	 1.4680000000e+003	 1.63648e+001	-5.38561e+001
1450	 1.4690000000e+003	 1.75091e+001	-5.36651e+001
1451	 1.4700000000e+003	 1.87687e+001	-5.34806e+001
1452	 1.4710000000e+003	 2.01396e+001	-5.34061e+001
1453	 1.4720000000e+003	 2.14233e+001	-5.34266e+001
1454	 1.4730000000e+003	 2.26670e+001	-5.34168e+001
1455	 1.4740000000e+003	 2.41092e+001	-5.34362e+001
1456	 1.4750000000e+003	 2.55641e+001	-5.36303e+001
1457	 1.4760000000e+003	 2.68180e+001	-5.38601e+001
1458	 1.4770000000e+003	 2.82414e+001	-5.40867e+001
1459	 1.4780000000e+003	 2.98341e+001	-5.44863e+001
1460	 1.4790000000e+003	 3.11331e+001	-5.49299e+001
1461	 1.4800000000e+003	 3.24908e+001	-5.53464e+001
1462	 1.4810000000e+003	 3.41174e+001	-5.60406e+001
1463	 1.4820000000e+003	 3.54108e+001	-5.67560e+001
1464	 1.4830000000e+003	 3.67426e+001	-5.74028e+001
1465	 1.4840000000e+003	 3.83570e+001	-5.84358e+001
1466	 1.4850000000e+003	 3.95464e+001	-5.93899e+001
1467	 1.4860000000e+003	 4.09089e+001	-6.03106e+001
1468	 1.4870000000e+003	 4.24180e+001	-6.16793e+001
1469	 1.4880000000e+003	 4.33951e+001	-6.27055e+001
1470	 1.4890000000e+003	 4.48048e+001	-6.40221e+001
1471	 1.4900000000e+003	 4.60186e+001	-6.56946e+001
1472	 1.4910000000e+003	 4.69199e+001	-6.67942e+001
1473	 1.4920000000e+003	 4.82600e+001	-6.87256e+001
1474	 1.4930000000e+003	 4.89632e+001	-7.03602e+001
1475	 1.4940000000e+003	 4.99804e+001	-7.21068e+001
1476	 1.4950000000e+003	 5.07943e+001	-7.45175e+001
1477	 1.4960000000e+003	 5.13584e+001	-7.59893e+001
1478	 1.4970000000e+003	 5.21189e+001	-7.86805e+001
1479	 1.4980000000e+003	 5.22565e+001	-8.04688e+001
1480	 1.4990000000e+003	 5.27528e+001	-8.28537e+001
1481	 1.5000000000e+003	 5.26210e+001	-8.52875e+001
1482	 1.5010000000e+003	 5.28831e+001	-8.71136e+001
1483	 1.5020000000e+003	 5.24452e+001	-8.99959e+001
1484	 1.5030000000e+003	 5.23403e+001	-9.14355e+001
1485	 1.5040000000e+003	 5.15159e+001	-9.44763e+001
1486	 1.5050000000e+003	 5.10971e+001	-9.58587e+001
1487	 1.5060000000e+003	 4.98321e+001	-9.89718e+001
1488	 1.5070000000e+003	 4.90382e+001	-1.00336e+002
1489	 1.5080000000e+003	 4.73907e+001	-1.03208e+002
1490	 1.5090000000e+003	 4.63327e+001	-1.04515e+002
1491	 1.5100000000e+003	 4.43008e+001	-1.07111e+002
1492	 1.5110000000e+003	 4.30441e+001	-1.08208e+002
1493	 1.5120000000e+003	 4.06510e+001	-1.10263e+002
1494	 1.5130000000e+003	 3.94023e+001	-1.11001e+002
1495	 1.5140000000e+003	 3.66961e+001	-1.12671e+002
1496	 1.5150000000e+003	 3.55165e+001	-1.13171e+002
1497	 1.5160000000e+003	 3.24513e+001	-1.14402e+002
1498	 1.5170000000e+003	 3.12777e+001	-1.14817e+002
1499	 1.5180000000e+003	 2.81235e+001	-1.15621e+002
1500	 1.5190000000e+003	 2.69374e+001	-1.16055e+002
1501	 1.5200000000e+003	 2.41175e+001	-1.16515e+002
1502	 1.5210000000e+003	 2.25802e+001	-1.16619e+002
1503	 1.5220000000e+003	 2.06193e+001	-1.16838e+002
1504	 1.5230000000e+003	 1.83828e+001	-1.16387e+002
1505	 1.5240000000e+003	 1.73018e+001	-1.16292e+002
1506	 1.5250000000e+003	 1.45561e+001	-1.15562e+002
1507	 1.5260000000e+003	 1.36399e+001	-1.15222e+002
1508	 1.5270000000e+003	 1.14395e+001	-1.14443e+002
1509	 1.5280000000e+003	 1.00002e+001	-1.13887e+002
1510	 1.5290000000e+003	 9.03941e+000	-1.13439e+002
1511	 1.5300000000e+003	 6.81079e+000	-1.12391e+002
1512	 1.5310000000e+003	 6.07319e+000	-1.12063e+002
1513	 1.5320000000e+003	 4.56090e+000	-1.11358e+002
1514	 1.5330000000e+003	 3.15834e+000	-1.10315e+002
1515	 1.5340000000e+003	 2.54565e+000	-1.09985e+002
1516	 1.5350000000e+003	 7.90247e-001	-1.08701e+002
1517	 1.5360000000e+003	 5.00784e-002	-1.07770e+002
1518	 1.5370000000e+003	-4.81088e-001	-1.07317e+002
1519	 1.5380000000e+003	-2.05003e+000	-1.05611e+002
1520	 1.5390000000e+003	-2.60609e+000	-1.04905e+002
1521	 1.5400000000e+003	-3.08555e+000	-1.04318e+002
1522	 1.5410000000e+003	-4.43089e+000	-1.02671e+002
1523	 1.5420000000e+003	-4.88832e+000	-1.02078e+002
1524	 1.5430000000e+003	-5.28456e+000	-1.01604e+002
1525	 1.5440000000e+003	-6.36904e+000	-1.00043e+002
1526	 1.5450000000e+003	-6.75492e+000	-9.92706e+001
1527	 1.5460000000e+003	-7.06488e+000	-9.88168e+001
1528	 1.5470000000e+003	-7.80425e+000	-9.77355e+001
1529	 1.5480000000e+003	-8.27905e+000	-9.63626e+001
1530	 1.5490000000e+003	-8.52563e+000	-9.57376e+001
1531	 1.5500000000e+003	-8.82328e+000	-9.52279e+001
1532	 1.5510000000e+003	-9.47304e+000	-9.34040e+001
1533	 1.5520000000e+003	-9.66477e+000	-9.26759e+001
1534	 1.5530000000e+003	-9.84952e+000	-9.20844e+001
1535	 1.5540000000e+003	-1.01340e+001	-9.13434e+001
1536	 1.5550000000e+003	-1.05101e+001	-8.97641e+001
1537	 1.5560000000e+003	-1.06155e+001	-8.91261e+001
1538	 1.5570000000e+003	-1.07222e+001	-8.85446e+001
1539	 1.5580000000e+003	-1.08367e+001	-8.80537e+001
1540	 1.5590000000e+003	-1.10591e+001	-8.63241e+001
1541	 1.5600000000e+003	-1.11133e+001	-8.55948e+001
1542	 1.5610000000e+003	-1.11540e+001	-8.49567e+001
1543	 1.5620000000e+003	-1.11754e+001	-8.43940e+001
1544	 1.5630000000e+003	-1.12020e+001	-8.32769e+001
1545	 1.5640000000e+003	-1.12157e+001	-8.20779e+001
1546	 1.5650000000e+003	-1.12022e+001	-8.14569e+001
1547	 1.5660000000e+003	-1.11625e+001	-8.08285e+001
1548	 1.5670000000e+003	-1.11140e+001	-8.02453e+001
1549	 1.5680000000e+003	-1.10767e+001	-7.95492e+001
1550	 1.5690000000e+003	-1.08943e+001	-7.80898e+001
1551	 1.5700000000e+003	-1.07970e+001	-7.75435e+001
1552	 1.5710000000e+003	-1.06702e+001	-7.69543e+001
1553	 1.5720000000e+003	-1.05399e+001	-7.63297e+001
1554	 1.5730000000e+003	-1.04136e+001	-7.57381e+001
1555	 1.5740000000e+003	-1.02596e+001	-7.52260e+001
1556	 1.5750000000e+003	-9.84449e+000	-7.38082e+001
1557	 1.5760000000e+003	-9.68536e+000	-7.32173e+001
1558	 1.5770000000e+003	-9.51831e+000	-7.26780e+001
1559	 1.5780000000e+003	-9.31180e+000	-7.20861e+001
1560	 1.5790000000e+003	-9.08666e+000	-7.14886e+001
1561	 1.5800000000e+003	-8.84146e+000	-7.09060e+001
1562	 1.5810000000e+003	-8.58767e+000	-7.03384e+001
1563	 1.5820000000e+003	-8.33713e+000	-6.97999e+001
1564	 1.5830000000e+003	-8.11333e+000	-6.92722e+001
1565	 1.5840000000e+003	-7.46208e+000	-6.79726e+001
1566	 1.5850000000e+003	-7.18220e+000	-6.75708e+001
1567	 1.5860000000e+003	-6.89117e+000	-6.70902e+001
1568	 1.5870000000e+003	-6.56493e+000	-6.65713e+001
1569	 1.5880000000e+003	-6.22795e+000	-6.60305e+001
1570	 1.5890000000e+003	-5.87605e+000	-6.54842e+001
1571	 1.5900000000e+003	-5.50652e+000	-6.49502e+001
1572	 1.5910000000e+003	-5.12383e+000	-6.44226e+001
1573	 1.5920000000e+003	-4.71923e+000	-6.38981e+001
1574	 1.5930000000e+003	-4.29822e+000	-6.33760e+001
1575	 1.5940000000e+003	-3.86687e+000	-6.28708e+001
1576	 1.5950000000e+003	-3.41764e+000	-6.23614e+001
1577	 1.5960000000e+003	-2.94627e+000	-6.18759e+001
1578	 1.5970000000e+003	-2.46341e+000	-6.13945e+001
1579	 1.5980000000e+003	-1.96390e+000	-6.09340e+001
1580	 1.5990000000e+003	-1.46472e+000	-6.04912e+001
1581	 1.6000000000e+003	-9.59870e-001	-6.00167e+001
1582	 1.6010000000e+003	-4.00133e-001	-5.95771e+001
1583	 1.6020000000e+003	 1.67829e-001	-5.91725e+001
1584	 1.6030000000e+003	 7.54818e-001	-5.87832e+001
1585	 1.6040000000e+003	 1.34904e+000	-5.84444e+001
1586	 1.6050000000e+003	 1.92663e+000	-5.81435e+001
1587	 1.6060000000e+003	 2.50034e+000	-5.77513e+001
1588	 1.6070000000e+003	 3.27582e+000	-5.74963e+001
1589	 1.6080000000e+003	 4.24441e+000	-5.75708e+001
1590	 1.6090000000e+003	 5.01640e+000	-5.79617e+001
1591	 1.6100000000e+003	 5.12030e+000	-5.87571e+001
1592	 1.6110000000e+003	 4.76037e+000	-5.90414e+001
1593	 1.6120000000e+003	 4.56008e+000	-5.84550e+001
1594	 1.6130000000e+003	 5.59973e+000	-5.76302e+001
1595	 1.6140000000e+003	 7.59217e+000	-5.80756e+001
1596	 1.6150000000e+003	 9.76032e+000	-5.93870e+001
1597	 1.6160000000e+003	 1.19062e+001	-6.09481e+001
1598	 1.6170000000e+003	 1.36022e+001	-6.26970e+001
1599	 1.6180000000e+003	 1.44638e+001	-6.39587e+001
1600	 1.6190000000e+003	 1.46375e+001	-6.16877e+001
1601	 1.6200000000e+003	 1.53075e+001	-5.56968e+001
TagsBegin:	 	 	 
OverLoad:	 	False	 
AverageNumber: []	 	 8.80000e+001	 
OverLoadRatio: []	 	 1.19209e-007	 
TagsEnd:	 	 	 
TagScalesBegin:	 	 	 
TagScalesEnd:	 	 	 
