Header Size:	 79	 	 
Pulse Version:	 80	 	 
Running Pulse Version:	PULSE LabShop Fast Track Version 18.1.1.9 - 2014-01-16	 	 
Decimal Symbol:	.	 	 
Date Format:	M/d/yyyy	 	 
Time Format:	HH:mm:ss:mmm	 	 
Data Type:	Complex	 	 
Slice:	False	 	 
Z-Axis type:	Linear	 	 
Z-Axis size:	1	 	 
Z-Axis unit:	 	 	 
Z-Axis first value:	 0.0000000000e+000	 	 
Z-Axis delta:	 1.0000000000e+000	 	 
X-Axis type:	Linear	 	 
X-Axis size:	1601	 	 
X-Axis unit:	Hz	 	 
X-Axis first value:	 2.0000000000e+001	 	 
X-Axis delta:	 1.0000000000e+000	 	 
	 	 	 
AmplitudeUnit:	Pa/Pa	 	 
Analyzer:	FFT_Spectrum_Averaging	 	 
AnalyzerName:	FFT Analyzer	 	 
	 	 	 
	 	 	 
Bipolar:	True	 	 
CenterFrequency:	 8.2000000000e+002	 	 
	 	 	 
	 	 	 
	 	 	 
	 	 	 
dBReference:	 1.0000000000e+000	 	 
	 	 	 
	 	 	 
	 	 	 
Domain:	1	 	 
Function:	Frequency Response	 	 
	 	 	 
InputRange:	-2.0000000000e+002	 	 
	 	 	 
	 	 	 
MultiBufferName:	Input	 	 
NBW:	 1.5000000000e+000	 	 
	 	 	 
OverlapFailed:	False	 	 
Overrun:	False	 	 
Power:	False	 	 
	 	 	 
Ratio:	True	 	 
RecordLength:	 1.0000000000e+000	 	 
ReducedSize:	True	 	 
Ref_Signal:	p	 	 
	 	 	 
	 	 	 
RefSignalUnit:	Pa	 	 
	 	 	 
	 	 	 
Signal:	p_rad	 	 
	 	 	 
SignalUnit:	Pa	 	 
	 	 	 
	 	 	 
	 	 	 
Title:	Transfunction(p_rad,p)	 	 
Title1:	Working : Input : Input : FFT Analyzer	 	 
	 	 	 
	 	 	 
	 	 	 
ZoomOn:	True	 	 
	 	 	 
TemplateName:	Working	 	 
MeasurementName:	Input	 	 
MeasurementSlice:	False	 	 
	 	 	 
	 	 	 
	 	 	 
EnvelopeOn:	False	 	 
	 	 	 
	 	 	 
	 	 	 
Z-index:	 	1	 
Date:	 	5/25/2022	 
Time:	 	10:34:26:875	 
Relative time:	 	 0.00000e+000	 
Z-axis:	 	 0.0000000000e+000	 
1	 2.0000000000e+001	 6.29553e-004	 7.12611e-005
2	 2.1000000000e+001	 8.21709e-004	 2.92796e-004
3	 2.2000000000e+001	 3.72564e-004	 1.48142e-004
4	 2.3000000000e+001	 3.54974e-004	 3.02743e-005
5	 2.4000000000e+001	 6.55268e-004	-2.07199e-004
6	 2.5000000000e+001	 8.38296e-004	-3.20682e-004
7	 2.6000000000e+001	 7.80617e-004	-3.65694e-004
8	 2.7000000000e+001	 5.34556e-004	-2.81385e-004
9	 2.8000000000e+001	 6.78801e-004	-1.96257e-004
10	 2.9000000000e+001	 5.53483e-004	 1.90258e-004
11	 3.0000000000e+001	 4.48766e-004	-6.86214e-005
12	 3.1000000000e+001	 5.78773e-004	-1.49243e-004
13	 3.2000000000e+001	 6.55909e-004	-1.04519e-004
14	 3.3000000000e+001	 6.00942e-004	-2.04967e-004
15	 3.4000000000e+001	 6.04638e-004	-2.24027e-004
16	 3.5000000000e+001	 6.47637e-004	-2.21439e-004
17	 3.6000000000e+001	 6.84354e-004	-2.29577e-004
18	 3.7000000000e+001	 6.84243e-004	-2.49449e-004
19	 3.8000000000e+001	 6.91877e-004	-2.72841e-004
20	 3.9000000000e+001	 6.57661e-004	-2.94999e-004
21	 4.0000000000e+001	 6.50795e-004	-3.04491e-004
22	 4.1000000000e+001	 6.34644e-004	-3.23573e-004
23	 4.2000000000e+001	 6.26802e-004	-3.13639e-004
24	 4.3000000000e+001	 6.32599e-004	-3.01161e-004
25	 4.4000000000e+001	 6.36010e-004	-2.90338e-004
26	 4.5000000000e+001	 6.46643e-004	-2.96510e-004
27	 4.6000000000e+001	 6.61181e-004	-3.12338e-004
28	 4.7000000000e+001	 6.87287e-004	-3.24902e-004
29	 4.8000000000e+001	 7.15185e-004	-3.32235e-004
30	 4.9000000000e+001	 6.74767e-004	-3.73256e-004
31	 5.0000000000e+001	 4.97118e-004	-5.33261e-004
32	 5.1000000000e+001	 7.38805e-004	-4.51707e-004
33	 5.2000000000e+001	 8.31675e-004	-4.54747e-004
34	 5.3000000000e+001	 8.52376e-004	-5.23155e-004
35	 5.4000000000e+001	 8.60022e-004	-5.85621e-004
36	 5.5000000000e+001	 8.53060e-004	-6.41286e-004
37	 5.6000000000e+001	 8.36709e-004	-7.02979e-004
38	 5.7000000000e+001	 8.27326e-004	-7.52255e-004
39	 5.8000000000e+001	 7.98433e-004	-8.07813e-004
40	 5.9000000000e+001	 7.70632e-004	-8.56686e-004
41	 6.0000000000e+001	 7.29101e-004	-9.07138e-004
42	 6.1000000000e+001	 6.84871e-004	-9.43979e-004
43	 6.2000000000e+001	 6.25164e-004	-9.72872e-004
44	 6.3000000000e+001	 5.88634e-004	-9.77523e-004
45	 6.4000000000e+001	 5.57692e-004	-9.85658e-004
46	 6.5000000000e+001	 5.35867e-004	-9.94305e-004
47	 6.6000000000e+001	 5.17872e-004	-1.01172e-003
48	 6.7000000000e+001	 4.99577e-004	-1.02860e-003
49	 6.8000000000e+001	 4.81053e-004	-1.05077e-003
50	 6.9000000000e+001	 4.59107e-004	-1.07012e-003
51	 7.0000000000e+001	 4.32502e-004	-1.09010e-003
52	 7.1000000000e+001	 4.14474e-004	-1.10633e-003
53	 7.2000000000e+001	 3.97533e-004	-1.12679e-003
54	 7.3000000000e+001	 3.76819e-004	-1.15673e-003
55	 7.4000000000e+001	 3.50084e-004	-1.18717e-003
56	 7.5000000000e+001	 3.12436e-004	-1.21654e-003
57	 7.6000000000e+001	 2.64493e-004	-1.23795e-003
58	 7.7000000000e+001	 2.26017e-004	-1.25284e-003
59	 7.8000000000e+001	 1.85280e-004	-1.26889e-003
60	 7.9000000000e+001	 1.43415e-004	-1.27433e-003
61	 8.0000000000e+001	 9.74603e-005	-1.27728e-003
62	 8.1000000000e+001	 6.18458e-005	-1.27552e-003
63	 8.2000000000e+001	 3.67920e-005	-1.27085e-003
64	 8.3000000000e+001	 1.18106e-005	-1.26162e-003
65	 8.4000000000e+001	-4.20158e-006	-1.26695e-003
66	 8.5000000000e+001	-3.41626e-005	-1.27734e-003
67	 8.6000000000e+001	-7.74940e-005	-1.27333e-003
68	 8.7000000000e+001	-1.06187e-004	-1.26298e-003
69	 8.8000000000e+001	-1.23099e-004	-1.24675e-003
70	 8.9000000000e+001	-1.30429e-004	-1.23993e-003
71	 9.0000000000e+001	-1.38283e-004	-1.24036e-003
72	 9.1000000000e+001	-1.48632e-004	-1.24498e-003
73	 9.2000000000e+001	-1.67670e-004	-1.24971e-003
74	 9.3000000000e+001	-1.75751e-004	-1.25229e-003
75	 9.4000000000e+001	-1.84021e-004	-1.25972e-003
76	 9.5000000000e+001	-1.93319e-004	-1.26315e-003
77	 9.6000000000e+001	-1.90449e-004	-1.27932e-003
78	 9.7000000000e+001	-1.83247e-004	-1.29709e-003
79	 9.8000000000e+001	-1.78099e-004	-1.31651e-003
80	 9.9000000000e+001	-1.76460e-004	-1.34306e-003
81	 1.0000000000e+002	-1.67808e-004	-1.38070e-003
82	 1.0100000000e+002	-1.81569e-004	-1.40996e-003
83	 1.0200000000e+002	-1.90328e-004	-1.44183e-003
84	 1.0300000000e+002	-1.93757e-004	-1.49439e-003
85	 1.0400000000e+002	-1.97641e-004	-1.54709e-003
86	 1.0500000000e+002	-2.13268e-004	-1.60119e-003
87	 1.0600000000e+002	-2.34890e-004	-1.66952e-003
88	 1.0700000000e+002	-2.66136e-004	-1.72437e-003
89	 1.0800000000e+002	-3.15675e-004	-1.78988e-003
90	 1.0900000000e+002	-3.35001e-004	-1.84610e-003
91	 1.1000000000e+002	-3.69700e-004	-1.91337e-003
92	 1.1100000000e+002	-4.12418e-004	-1.96768e-003
93	 1.1200000000e+002	-4.62313e-004	-2.05600e-003
94	 1.1300000000e+002	-4.99899e-004	-2.13669e-003
95	 1.1400000000e+002	-5.52488e-004	-2.19707e-003
96	 1.1500000000e+002	-6.28869e-004	-2.27990e-003
97	 1.1600000000e+002	-6.91233e-004	-2.38179e-003
98	 1.1700000000e+002	-7.48140e-004	-2.45889e-003
99	 1.1800000000e+002	-8.34100e-004	-2.54088e-003
100	 1.1900000000e+002	-9.05358e-004	-2.61798e-003
101	 1.2000000000e+002	-9.53109e-004	-2.71626e-003
102	 1.2100000000e+002	-1.02469e-003	-2.82895e-003
103	 1.2200000000e+002	-1.11507e-003	-2.98391e-003
104	 1.2300000000e+002	-1.18834e-003	-3.16405e-003
105	 1.2400000000e+002	-1.28991e-003	-3.33721e-003
106	 1.2500000000e+002	-1.44549e-003	-3.55776e-003
107	 1.2600000000e+002	-1.59022e-003	-3.70686e-003
108	 1.2700000000e+002	-1.74809e-003	-3.93033e-003
109	 1.2800000000e+002	-1.94957e-003	-4.18212e-003
110	 1.2900000000e+002	-2.16173e-003	-4.46121e-003
111	 1.3000000000e+002	-2.41579e-003	-4.78117e-003
112	 1.3100000000e+002	-2.72005e-003	-5.19997e-003
113	 1.3200000000e+002	-3.08279e-003	-5.60143e-003
114	 1.3300000000e+002	-3.48440e-003	-6.02835e-003
115	 1.3400000000e+002	-4.09807e-003	-6.68411e-003
116	 1.3500000000e+002	-4.61721e-003	-7.21383e-003
117	 1.3600000000e+002	-5.51285e-003	-8.00727e-003
118	 1.3700000000e+002	-6.63728e-003	-8.87797e-003
119	 1.3800000000e+002	-7.97664e-003	-9.84010e-003
120	 1.3900000000e+002	-1.00777e-002	-1.11837e-002
121	 1.4000000000e+002	-1.31264e-002	-1.27584e-002
122	 1.4100000000e+002	-1.74963e-002	-1.42017e-002
123	 1.4200000000e+002	-2.39809e-002	-1.51554e-002
124	 1.4300000000e+002	-3.60399e-002	-1.30526e-002
125	 1.4400000000e+002	-5.24795e-002	 4.30581e-003
126	 1.4500000000e+002	-4.53965e-002	 3.67402e-002
127	 1.4600000000e+002	-1.31024e-002	 4.61099e-002
128	 1.4700000000e+002	 1.00643e-003	 3.70449e-002
129	 1.4800000000e+002	 5.84023e-003	 2.84697e-002
130	 1.4900000000e+002	 8.09266e-003	 2.18093e-002
131	 1.5000000000e+002	 9.84879e-003	 1.58982e-002
132	 1.5100000000e+002	 7.96279e-003	 1.49734e-002
133	 1.5200000000e+002	 7.35193e-003	 1.31843e-002
134	 1.5300000000e+002	 7.01176e-003	 1.14375e-002
135	 1.5400000000e+002	 6.76614e-003	 1.02288e-002
136	 1.5500000000e+002	 6.39487e-003	 9.03791e-003
137	 1.5600000000e+002	 6.12259e-003	 8.17241e-003
138	 1.5700000000e+002	 5.91410e-003	 7.44434e-003
139	 1.5800000000e+002	 5.74724e-003	 6.88262e-003
140	 1.5900000000e+002	 5.54638e-003	 6.40159e-003
141	 1.6000000000e+002	 5.37895e-003	 5.94321e-003
142	 1.6100000000e+002	 5.23661e-003	 5.58861e-003
143	 1.6200000000e+002	 5.09275e-003	 5.23365e-003
144	 1.6300000000e+002	 4.98579e-003	 4.96661e-003
145	 1.6400000000e+002	 4.89991e-003	 4.75152e-003
146	 1.6500000000e+002	 4.85392e-003	 4.53301e-003
147	 1.6600000000e+002	 4.83180e-003	 4.30278e-003
148	 1.6700000000e+002	 4.80990e-003	 4.11291e-003
149	 1.6800000000e+002	 4.77875e-003	 3.94436e-003
150	 1.6900000000e+002	 4.76381e-003	 3.78177e-003
151	 1.7000000000e+002	 4.77648e-003	 3.59086e-003
152	 1.7100000000e+002	 4.78658e-003	 3.43371e-003
153	 1.7200000000e+002	 4.79637e-003	 3.27051e-003
154	 1.7300000000e+002	 4.81484e-003	 3.12914e-003
155	 1.7400000000e+002	 4.82970e-003	 2.97810e-003
156	 1.7500000000e+002	 4.83783e-003	 2.81409e-003
157	 1.7600000000e+002	 4.85526e-003	 2.67218e-003
158	 1.7700000000e+002	 4.87458e-003	 2.52601e-003
159	 1.7800000000e+002	 4.89815e-003	 2.36293e-003
160	 1.7900000000e+002	 4.92444e-003	 2.24277e-003
161	 1.8000000000e+002	 4.94366e-003	 2.11648e-003
162	 1.8100000000e+002	 4.97217e-003	 1.94987e-003
163	 1.8200000000e+002	 4.99576e-003	 1.82555e-003
164	 1.8300000000e+002	 5.03018e-003	 1.66031e-003
165	 1.8400000000e+002	 5.04866e-003	 1.50860e-003
166	 1.8500000000e+002	 5.06373e-003	 1.37330e-003
167	 1.8600000000e+002	 5.08017e-003	 1.21787e-003
168	 1.8700000000e+002	 5.09421e-003	 1.06976e-003
169	 1.8800000000e+002	 5.10148e-003	 9.31644e-004
170	 1.8900000000e+002	 5.10325e-003	 7.51289e-004
171	 1.9000000000e+002	 5.10104e-003	 6.17514e-004
172	 1.9100000000e+002	 5.09488e-003	 4.92028e-004
173	 1.9200000000e+002	 5.10675e-003	 3.60979e-004
174	 1.9300000000e+002	 5.10199e-003	 2.13244e-004
175	 1.9400000000e+002	 5.11041e-003	 8.86595e-005
176	 1.9500000000e+002	 5.12333e-003	-5.66542e-005
177	 1.9600000000e+002	 5.13627e-003	-1.90418e-004
178	 1.9700000000e+002	 5.14361e-003	-3.40032e-004
179	 1.9800000000e+002	 5.15044e-003	-5.07561e-004
180	 1.9900000000e+002	 5.14854e-003	-6.60269e-004
181	 2.0000000000e+002	 5.14825e-003	-8.15160e-004
182	 2.0100000000e+002	 5.13996e-003	-9.86918e-004
183	 2.0200000000e+002	 5.11869e-003	-1.16872e-003
184	 2.0300000000e+002	 5.09452e-003	-1.34150e-003
185	 2.0400000000e+002	 5.05713e-003	-1.51130e-003
186	 2.0500000000e+002	 5.01533e-003	-1.70378e-003
187	 2.0600000000e+002	 4.95929e-003	-1.88111e-003
188	 2.0700000000e+002	 4.89843e-003	-2.05662e-003
189	 2.0800000000e+002	 4.81897e-003	-2.23001e-003
190	 2.0900000000e+002	 4.72816e-003	-2.39399e-003
191	 2.1000000000e+002	 4.61739e-003	-2.56665e-003
192	 2.1100000000e+002	 4.51959e-003	-2.71889e-003
193	 2.1200000000e+002	 4.41690e-003	-2.84732e-003
194	 2.1300000000e+002	 4.30277e-003	-2.98844e-003
195	 2.1400000000e+002	 4.20036e-003	-3.10559e-003
196	 2.1500000000e+002	 4.09389e-003	-3.22996e-003
197	 2.1600000000e+002	 3.97829e-003	-3.36051e-003
198	 2.1700000000e+002	 3.85721e-003	-3.47474e-003
199	 2.1800000000e+002	 3.73666e-003	-3.57482e-003
200	 2.1900000000e+002	 3.59858e-003	-3.69174e-003
201	 2.2000000000e+002	 3.48011e-003	-3.78171e-003
202	 2.2100000000e+002	 3.37463e-003	-3.85709e-003
203	 2.2200000000e+002	 3.22959e-003	-3.95155e-003
204	 2.2300000000e+002	 3.11326e-003	-4.01262e-003
205	 2.2400000000e+002	 2.99164e-003	-4.07894e-003
206	 2.2500000000e+002	 2.86967e-003	-4.13267e-003
207	 2.2600000000e+002	 2.75804e-003	-4.19147e-003
208	 2.2700000000e+002	 2.64917e-003	-4.23482e-003
209	 2.2800000000e+002	 2.54507e-003	-4.28192e-003
210	 2.2900000000e+002	 2.45062e-003	-4.32801e-003
211	 2.3000000000e+002	 2.36999e-003	-4.36567e-003
212	 2.3100000000e+002	 2.29192e-003	-4.40754e-003
213	 2.3200000000e+002	 2.20504e-003	-4.46999e-003
214	 2.3300000000e+002	 2.14124e-003	-4.52055e-003
215	 2.3400000000e+002	 2.07054e-003	-4.56915e-003
216	 2.3500000000e+002	 2.00493e-003	-4.63260e-003
217	 2.3600000000e+002	 1.95289e-003	-4.69368e-003
218	 2.3700000000e+002	 1.86992e-003	-4.77515e-003
219	 2.3800000000e+002	 1.80554e-003	-4.85980e-003
220	 2.3900000000e+002	 1.75304e-003	-4.91692e-003
221	 2.4000000000e+002	 1.68909e-003	-5.01950e-003
222	 2.4100000000e+002	 1.63391e-003	-5.11786e-003
223	 2.4200000000e+002	 1.56238e-003	-5.21174e-003
224	 2.4300000000e+002	 1.47580e-003	-5.32752e-003
225	 2.4400000000e+002	 1.40455e-003	-5.44641e-003
226	 2.4500000000e+002	 1.34226e-003	-5.56038e-003
227	 2.4600000000e+002	 1.27177e-003	-5.67843e-003
228	 2.4700000000e+002	 1.20041e-003	-5.80478e-003
229	 2.4800000000e+002	 1.10682e-003	-5.96925e-003
230	 2.4900000000e+002	 1.07654e-003	-6.14172e-003
231	 2.5000000000e+002	 1.17321e-003	-6.44147e-003
232	 2.5100000000e+002	 9.07735e-004	-6.53327e-003
233	 2.5200000000e+002	 7.27042e-004	-6.66084e-003
234	 2.5300000000e+002	 6.04771e-004	-6.87284e-003
235	 2.5400000000e+002	 4.72251e-004	-7.10759e-003
236	 2.5500000000e+002	 2.99780e-004	-7.35957e-003
237	 2.5600000000e+002	 1.28320e-004	-7.62224e-003
238	 2.5700000000e+002	-5.14192e-005	-7.86075e-003
239	 2.5800000000e+002	-2.73193e-004	-8.15544e-003
240	 2.5900000000e+002	-5.26813e-004	-8.47755e-003
241	 2.6000000000e+002	-7.92469e-004	-8.76353e-003
242	 2.6100000000e+002	-1.07678e-003	-9.06819e-003
243	 2.6200000000e+002	-1.42263e-003	-9.44040e-003
244	 2.6300000000e+002	-1.83387e-003	-9.78505e-003
245	 2.6400000000e+002	-2.32917e-003	-1.01911e-002
246	 2.6500000000e+002	-2.81490e-003	-1.06040e-002
247	 2.6600000000e+002	-3.39020e-003	-1.09364e-002
248	 2.6700000000e+002	-4.06324e-003	-1.12921e-002
249	 2.6800000000e+002	-4.88072e-003	-1.16839e-002
250	 2.6900000000e+002	-5.80155e-003	-1.20264e-002
251	 2.7000000000e+002	-6.64166e-003	-1.22092e-002
252	 2.7100000000e+002	-7.87535e-003	-1.24844e-002
253	 2.7200000000e+002	-8.96743e-003	-1.26147e-002
254	 2.7300000000e+002	-1.03152e-002	-1.25823e-002
255	 2.7400000000e+002	-1.17896e-002	-1.24284e-002
256	 2.7500000000e+002	-1.31500e-002	-1.21182e-002
257	 2.7600000000e+002	-1.48320e-002	-1.14749e-002
258	 2.7700000000e+002	-1.65133e-002	-1.05652e-002
259	 2.7800000000e+002	-1.79760e-002	-9.53178e-003
260	 2.7900000000e+002	-1.94398e-002	-8.15590e-003
261	 2.8000000000e+002	-2.08564e-002	-6.33030e-003
262	 2.8100000000e+002	-2.19463e-002	-4.35580e-003
263	 2.8200000000e+002	-2.26959e-002	-2.18109e-003
264	 2.8300000000e+002	-2.30820e-002	 1.13267e-004
265	 2.8400000000e+002	-2.30894e-002	 2.37695e-003
266	 2.8500000000e+002	-2.25786e-002	 5.04170e-003
267	 2.8600000000e+002	-2.18884e-002	 7.16683e-003
268	 2.8700000000e+002	-2.08903e-002	 9.09014e-003
269	 2.8800000000e+002	-1.95958e-002	 1.07748e-002
270	 2.8900000000e+002	-1.81945e-002	 1.21939e-002
271	 2.9000000000e+002	-1.67068e-002	 1.33910e-002
272	 2.9100000000e+002	-1.49898e-002	 1.44218e-002
273	 2.9200000000e+002	-1.34987e-002	 1.50578e-002
274	 2.9300000000e+002	-1.19192e-002	 1.56358e-002
275	 2.9400000000e+002	-1.04859e-002	 1.59085e-002
276	 2.9500000000e+002	-9.15401e-003	 1.60400e-002
277	 2.9600000000e+002	-7.80356e-003	 1.60361e-002
278	 2.9700000000e+002	-6.61849e-003	 1.59443e-002
279	 2.9800000000e+002	-5.57037e-003	 1.58240e-002
280	 2.9900000000e+002	-4.57714e-003	 1.56170e-002
281	 3.0000000000e+002	-3.69647e-003	 1.53394e-002
282	 3.0100000000e+002	-2.70517e-003	 1.50323e-002
283	 3.0200000000e+002	-1.90391e-003	 1.47159e-002
284	 3.0300000000e+002	-1.28523e-003	 1.44191e-002
285	 3.0400000000e+002	-7.04701e-004	 1.40921e-002
286	 3.0500000000e+002	 5.10436e-005	 1.36451e-002
287	 3.0600000000e+002	 5.52415e-004	 1.33227e-002
288	 3.0700000000e+002	 1.02818e-003	 1.29895e-002
289	 3.0800000000e+002	 1.43125e-003	 1.26871e-002
290	 3.0900000000e+002	 1.90659e-003	 1.22906e-002
291	 3.1000000000e+002	 2.27829e-003	 1.19731e-002
292	 3.1100000000e+002	 2.60496e-003	 1.16695e-002
293	 3.1200000000e+002	 2.95739e-003	 1.13665e-002
294	 3.1300000000e+002	 3.27572e-003	 1.10637e-002
295	 3.1400000000e+002	 3.55482e-003	 1.08089e-002
296	 3.1500000000e+002	 3.84818e-003	 1.05275e-002
297	 3.1600000000e+002	 4.15007e-003	 1.02201e-002
298	 3.1700000000e+002	 4.38144e-003	 9.97588e-003
299	 3.1800000000e+002	 4.64666e-003	 9.73156e-003
300	 3.1900000000e+002	 4.91193e-003	 9.47522e-003
301	 3.2000000000e+002	 5.14782e-003	 9.23871e-003
302	 3.2100000000e+002	 5.37775e-003	 9.01068e-003
303	 3.2200000000e+002	 5.63361e-003	 8.72648e-003
304	 3.2300000000e+002	 5.81538e-003	 8.52646e-003
305	 3.2400000000e+002	 6.05415e-003	 8.24181e-003
306	 3.2500000000e+002	 6.23049e-003	 8.01194e-003
307	 3.2600000000e+002	 6.45470e-003	 7.72558e-003
308	 3.2700000000e+002	 6.66901e-003	 7.49669e-003
309	 3.2800000000e+002	 6.85241e-003	 7.26331e-003
310	 3.2900000000e+002	 7.03122e-003	 7.00848e-003
311	 3.3000000000e+002	 7.19960e-003	 6.78779e-003
312	 3.3100000000e+002	 7.38514e-003	 6.53492e-003
313	 3.3200000000e+002	 7.53231e-003	 6.30459e-003
314	 3.3300000000e+002	 7.73186e-003	 6.02816e-003
315	 3.3400000000e+002	 7.88035e-003	 5.79130e-003
316	 3.3500000000e+002	 8.04278e-003	 5.55754e-003
317	 3.3600000000e+002	 8.17977e-003	 5.34009e-003
318	 3.3700000000e+002	 8.35100e-003	 5.09306e-003
319	 3.3800000000e+002	 8.52484e-003	 4.81388e-003
320	 3.3900000000e+002	 8.66126e-003	 4.61398e-003
321	 3.4000000000e+002	 8.83005e-003	 4.35460e-003
322	 3.4100000000e+002	 9.00855e-003	 4.07654e-003
323	 3.4200000000e+002	 9.13700e-003	 3.85197e-003
324	 3.4300000000e+002	 9.34582e-003	 3.51702e-003
325	 3.4400000000e+002	 9.49548e-003	 3.27228e-003
326	 3.4500000000e+002	 9.63467e-003	 2.98730e-003
327	 3.4600000000e+002	 9.78027e-003	 2.68040e-003
328	 3.4700000000e+002	 9.94241e-003	 2.33887e-003
329	 3.4800000000e+002	 1.00842e-002	 2.02272e-003
330	 3.4900000000e+002	 1.02531e-002	 1.78550e-003
331	 3.5000000000e+002	 1.06732e-002	 1.80492e-003
332	 3.5100000000e+002	 1.06061e-002	 1.18717e-003
333	 3.5200000000e+002	 1.06546e-002	 7.42810e-004
334	 3.5300000000e+002	 1.08163e-002	 3.45245e-004
335	 3.5400000000e+002	 1.09469e-002	-1.48857e-005
336	 3.5500000000e+002	 1.10859e-002	-4.29634e-004
337	 3.5600000000e+002	 1.12333e-002	-9.02189e-004
338	 3.5700000000e+002	 1.13343e-002	-1.36552e-003
339	 3.5800000000e+002	 1.14396e-002	-1.82925e-003
340	 3.5900000000e+002	 1.15283e-002	-2.38325e-003
341	 3.6000000000e+002	 1.15873e-002	-2.91852e-003
342	 3.6100000000e+002	 1.16338e-002	-3.55931e-003
343	 3.6200000000e+002	 1.16532e-002	-4.07372e-003
344	 3.6300000000e+002	 1.16047e-002	-4.82404e-003
345	 3.6400000000e+002	 1.15393e-002	-5.38417e-003
346	 3.6500000000e+002	 1.14151e-002	-6.07313e-003
347	 3.6600000000e+002	 1.12532e-002	-6.82460e-003
348	 3.6700000000e+002	 1.10074e-002	-7.46681e-003
349	 3.6800000000e+002	 1.06050e-002	-8.30849e-003
350	 3.6900000000e+002	 1.02636e-002	-8.88695e-003
351	 3.7000000000e+002	 9.74544e-003	-9.67632e-003
352	 3.7100000000e+002	 9.27177e-003	-1.03593e-002
353	 3.7200000000e+002	 8.71081e-003	-1.09746e-002
354	 3.7300000000e+002	 8.03278e-003	-1.16436e-002
355	 3.7400000000e+002	 7.22321e-003	-1.22209e-002
356	 3.7500000000e+002	 6.35251e-003	-1.26904e-002
357	 3.7600000000e+002	 5.52873e-003	-1.30520e-002
358	 3.7700000000e+002	 4.69161e-003	-1.33413e-002
359	 3.7800000000e+002	 3.61351e-003	-1.35374e-002
360	 3.7900000000e+002	 2.52171e-003	-1.36735e-002
361	 3.8000000000e+002	 1.68885e-003	-1.36673e-002
362	 3.8100000000e+002	 7.18025e-004	-1.35282e-002
363	 3.8200000000e+002	-2.46300e-004	-1.33325e-002
364	 3.8300000000e+002	-1.04401e-003	-1.30864e-002
365	 3.8400000000e+002	-1.90850e-003	-1.26713e-002
366	 3.8500000000e+002	-2.59996e-003	-1.22925e-002
367	 3.8600000000e+002	-3.37884e-003	-1.17203e-002
368	 3.8700000000e+002	-3.92883e-003	-1.12130e-002
369	 3.8800000000e+002	-4.42701e-003	-1.07000e-002
370	 3.8900000000e+002	-4.94529e-003	-1.00524e-002
371	 3.9000000000e+002	-5.30063e-003	-9.51168e-003
372	 3.9100000000e+002	-5.63141e-003	-8.96891e-003
373	 3.9200000000e+002	-5.90189e-003	-8.32090e-003
374	 3.9300000000e+002	-6.08901e-003	-7.78727e-003
375	 3.9400000000e+002	-6.25649e-003	-7.21254e-003
376	 3.9500000000e+002	-6.34933e-003	-6.71255e-003
377	 3.9600000000e+002	-6.42733e-003	-6.21774e-003
378	 3.9700000000e+002	-6.47186e-003	-5.72308e-003
379	 3.9800000000e+002	-6.47298e-003	-5.28391e-003
380	 3.9900000000e+002	-6.46372e-003	-4.82947e-003
381	 4.0000000000e+002	-6.39180e-003	-4.42771e-003
382	 4.0100000000e+002	-6.35257e-003	-4.02931e-003
383	 4.0200000000e+002	-6.27341e-003	-3.63296e-003
384	 4.0300000000e+002	-6.16814e-003	-3.30241e-003
385	 4.0400000000e+002	-6.07694e-003	-3.00870e-003
386	 4.0500000000e+002	-5.96826e-003	-2.70417e-003
387	 4.0600000000e+002	-5.85053e-003	-2.42877e-003
388	 4.0700000000e+002	-5.71689e-003	-2.18600e-003
389	 4.0800000000e+002	-5.55123e-003	-1.91599e-003
390	 4.0900000000e+002	-5.41412e-003	-1.69814e-003
391	 4.1000000000e+002	-5.26908e-003	-1.51788e-003
392	 4.1100000000e+002	-5.09762e-003	-1.31912e-003
393	 4.1200000000e+002	-4.93895e-003	-1.15301e-003
394	 4.1300000000e+002	-4.78924e-003	-1.01126e-003
395	 4.1400000000e+002	-4.63849e-003	-8.91891e-004
396	 4.1500000000e+002	-4.47512e-003	-7.71198e-004
397	 4.1600000000e+002	-4.30134e-003	-6.65042e-004
398	 4.1700000000e+002	-4.16132e-003	-5.82809e-004
399	 4.1800000000e+002	-4.01825e-003	-4.96047e-004
400	 4.1900000000e+002	-3.87145e-003	-4.28360e-004
401	 4.2000000000e+002	-3.72030e-003	-3.89621e-004
402	 4.2100000000e+002	-3.57332e-003	-3.51715e-004
403	 4.2200000000e+002	-3.43761e-003	-3.29848e-004
404	 4.2300000000e+002	-3.30641e-003	-3.11595e-004
405	 4.2400000000e+002	-3.18694e-003	-3.07441e-004
406	 4.2500000000e+002	-3.03769e-003	-3.07561e-004
407	 4.2600000000e+002	-2.92930e-003	-3.30983e-004
408	 4.2700000000e+002	-2.80565e-003	-3.51561e-004
409	 4.2800000000e+002	-2.70255e-003	-3.86732e-004
410	 4.2900000000e+002	-2.61913e-003	-4.36614e-004
411	 4.3000000000e+002	-2.50323e-003	-4.79903e-004
412	 4.3100000000e+002	-2.43360e-003	-5.64500e-004
413	 4.3200000000e+002	-2.36031e-003	-6.45859e-004
414	 4.3300000000e+002	-2.28186e-003	-7.40318e-004
415	 4.3400000000e+002	-2.22969e-003	-8.38006e-004
416	 4.3500000000e+002	-2.16988e-003	-9.41306e-004
417	 4.3600000000e+002	-2.12439e-003	-1.05219e-003
418	 4.3700000000e+002	-2.08588e-003	-1.21132e-003
419	 4.3800000000e+002	-2.06390e-003	-1.31669e-003
420	 4.3900000000e+002	-2.05888e-003	-1.45578e-003
421	 4.4000000000e+002	-2.06399e-003	-1.59788e-003
422	 4.4100000000e+002	-2.06552e-003	-1.76988e-003
423	 4.4200000000e+002	-2.09282e-003	-1.91527e-003
424	 4.4300000000e+002	-2.15901e-003	-2.12014e-003
425	 4.4400000000e+002	-2.21003e-003	-2.34516e-003
426	 4.4500000000e+002	-2.29132e-003	-2.52733e-003
427	 4.4600000000e+002	-2.39730e-003	-2.69249e-003
428	 4.4700000000e+002	-2.50019e-003	-2.90893e-003
429	 4.4800000000e+002	-2.62280e-003	-3.15480e-003
430	 4.4900000000e+002	-2.58969e-003	-3.26724e-003
431	 4.5000000000e+002	-1.97808e-003	-2.65065e-003
432	 4.5100000000e+002	-2.96331e-003	-3.46648e-003
433	 4.5200000000e+002	-3.51204e-003	-4.22099e-003
434	 4.5300000000e+002	-3.81539e-003	-4.54402e-003
435	 4.5400000000e+002	-4.13327e-003	-4.82116e-003
436	 4.5500000000e+002	-4.46301e-003	-5.11384e-003
437	 4.5600000000e+002	-4.94495e-003	-5.50286e-003
438	 4.5700000000e+002	-5.39556e-003	-5.80421e-003
439	 4.5800000000e+002	-5.95617e-003	-6.24129e-003
440	 4.5900000000e+002	-6.77571e-003	-6.67646e-003
441	 4.6000000000e+002	-7.57996e-003	-7.11134e-003
442	 4.6100000000e+002	-8.41473e-003	-7.58871e-003
443	 4.6200000000e+002	-9.43328e-003	-8.02456e-003
444	 4.6300000000e+002	-1.09897e-002	-8.66958e-003
445	 4.6400000000e+002	-1.23093e-002	-9.04045e-003
446	 4.6500000000e+002	-1.44499e-002	-9.53122e-003
447	 4.6600000000e+002	-1.71084e-002	-9.95312e-003
448	 4.6700000000e+002	-2.06599e-002	-1.01485e-002
449	 4.6800000000e+002	-2.38778e-002	-9.65381e-003
450	 4.6900000000e+002	-2.94007e-002	-8.11020e-003
451	 4.7000000000e+002	-3.57066e-002	-4.77326e-003
452	 4.7100000000e+002	-4.23916e-002	 1.49609e-003
453	 4.7200000000e+002	-4.73941e-002	 1.48983e-002
454	 4.7300000000e+002	-4.28746e-002	 3.37913e-002
455	 4.7400000000e+002	-3.17122e-002	 4.60980e-002
456	 4.7500000000e+002	-1.74886e-002	 4.92477e-002
457	 4.7600000000e+002	-1.77509e-003	 4.36642e-002
458	 4.7700000000e+002	 4.20374e-003	 3.88461e-002
459	 4.7800000000e+002	 8.24960e-003	 3.30177e-002
460	 4.7900000000e+002	 1.00449e-002	 2.86217e-002
461	 4.8000000000e+002	 1.12006e-002	 2.42185e-002
462	 4.8100000000e+002	 1.15343e-002	 2.10338e-002
463	 4.8200000000e+002	 1.14748e-002	 1.81142e-002
464	 4.8300000000e+002	 1.13223e-002	 1.60746e-002
465	 4.8400000000e+002	 1.10321e-002	 1.43725e-002
466	 4.8500000000e+002	 1.07049e-002	 1.29802e-002
467	 4.8600000000e+002	 1.03333e-002	 1.15142e-002
468	 4.8700000000e+002	 1.00360e-002	 1.05629e-002
469	 4.8800000000e+002	 9.65971e-003	 9.59501e-003
470	 4.8900000000e+002	 9.38806e-003	 8.88089e-003
471	 4.9000000000e+002	 9.01331e-003	 8.05698e-003
472	 4.9100000000e+002	 8.72837e-003	 7.60050e-003
473	 4.9200000000e+002	 8.41278e-003	 7.11991e-003
474	 4.9300000000e+002	 8.04307e-003	 6.62923e-003
475	 4.9400000000e+002	 7.77630e-003	 6.29111e-003
476	 4.9500000000e+002	 7.52291e-003	 5.96967e-003
477	 4.9600000000e+002	 7.36766e-003	 5.76225e-003
478	 4.9700000000e+002	 7.25993e-003	 5.59483e-003
479	 4.9800000000e+002	 7.17268e-003	 5.36114e-003
480	 4.9900000000e+002	 7.08437e-003	 5.09371e-003
481	 5.0000000000e+002	 6.98900e-003	 4.93927e-003
482	 5.0100000000e+002	 6.96617e-003	 4.66157e-003
483	 5.0200000000e+002	 6.89914e-003	 4.39177e-003
484	 5.0300000000e+002	 6.81122e-003	 4.22637e-003
485	 5.0400000000e+002	 6.72751e-003	 4.03239e-003
486	 5.0500000000e+002	 6.65015e-003	 3.88455e-003
487	 5.0600000000e+002	 6.53469e-003	 3.73878e-003
488	 5.0700000000e+002	 6.43128e-003	 3.55627e-003
489	 5.0800000000e+002	 6.38876e-003	 3.46648e-003
490	 5.0900000000e+002	 6.30745e-003	 3.33177e-003
491	 5.1000000000e+002	 6.23552e-003	 3.23759e-003
492	 5.1100000000e+002	 6.18313e-003	 3.14046e-003
493	 5.1200000000e+002	 6.11927e-003	 3.05029e-003
494	 5.1300000000e+002	 6.07830e-003	 2.98478e-003
495	 5.1400000000e+002	 6.04657e-003	 2.93284e-003
496	 5.1500000000e+002	 6.01678e-003	 2.87219e-003
497	 5.1600000000e+002	 5.98889e-003	 2.82114e-003
498	 5.1700000000e+002	 5.97405e-003	 2.78942e-003
499	 5.1800000000e+002	 5.96815e-003	 2.76072e-003
500	 5.1900000000e+002	 5.96607e-003	 2.74077e-003
501	 5.2000000000e+002	 5.98275e-003	 2.73179e-003
502	 5.2100000000e+002	 6.01024e-003	 2.72051e-003
503	 5.2200000000e+002	 6.05222e-003	 2.72104e-003
504	 5.2300000000e+002	 6.11209e-003	 2.72733e-003
505	 5.2400000000e+002	 6.18179e-003	 2.73527e-003
506	 5.2500000000e+002	 6.28576e-003	 2.74342e-003
507	 5.2600000000e+002	 6.39727e-003	 2.74112e-003
508	 5.2700000000e+002	 6.51721e-003	 2.72644e-003
509	 5.2800000000e+002	 6.67789e-003	 2.69266e-003
510	 5.2900000000e+002	 6.82744e-003	 2.65035e-003
511	 5.3000000000e+002	 7.00486e-003	 2.58170e-003
512	 5.3100000000e+002	 7.17040e-003	 2.50304e-003
513	 5.3200000000e+002	 7.32791e-003	 2.41020e-003
514	 5.3300000000e+002	 7.50183e-003	 2.29161e-003
515	 5.3400000000e+002	 7.64432e-003	 2.18450e-003
516	 5.3500000000e+002	 7.80012e-003	 2.07092e-003
517	 5.3600000000e+002	 7.96417e-003	 1.94702e-003
518	 5.3700000000e+002	 8.12684e-003	 1.83507e-003
519	 5.3800000000e+002	 8.29938e-003	 1.69765e-003
520	 5.3900000000e+002	 8.44788e-003	 1.57414e-003
521	 5.4000000000e+002	 8.63911e-003	 1.42963e-003
522	 5.4100000000e+002	 8.81771e-003	 1.27112e-003
523	 5.4200000000e+002	 8.99039e-003	 1.13118e-003
524	 5.4300000000e+002	 9.17607e-003	 9.64586e-004
525	 5.4400000000e+002	 9.39281e-003	 7.59358e-004
526	 5.4500000000e+002	 9.57933e-003	 5.90003e-004
527	 5.4600000000e+002	 9.81891e-003	 3.63424e-004
528	 5.4700000000e+002	 9.98554e-003	 1.66834e-004
529	 5.4800000000e+002	 1.01887e-002	-3.93250e-005
530	 5.4900000000e+002	 1.05010e-002	-3.54158e-004
531	 5.5000000000e+002	 1.12226e-002	-8.28762e-004
532	 5.5100000000e+002	 1.10524e-002	-9.35385e-004
533	 5.5200000000e+002	 1.09979e-002	-1.11229e-003
534	 5.5300000000e+002	 1.12342e-002	-1.42337e-003
535	 5.5400000000e+002	 1.14401e-002	-1.75054e-003
536	 5.5500000000e+002	 1.15994e-002	-2.06004e-003
537	 5.5600000000e+002	 1.18293e-002	-2.45922e-003
538	 5.5700000000e+002	 1.20177e-002	-2.77511e-003
539	 5.5800000000e+002	 1.22226e-002	-3.15691e-003
540	 5.5900000000e+002	 1.24103e-002	-3.59512e-003
541	 5.6000000000e+002	 1.26088e-002	-4.00614e-003
542	 5.6100000000e+002	 1.27717e-002	-4.43926e-003
543	 5.6200000000e+002	 1.29387e-002	-4.93045e-003
544	 5.6300000000e+002	 1.31138e-002	-5.38135e-003
545	 5.6400000000e+002	 1.32222e-002	-5.79252e-003
546	 5.6500000000e+002	 1.34387e-002	-6.38685e-003
547	 5.6600000000e+002	 1.36175e-002	-6.91468e-003
548	 5.6700000000e+002	 1.37453e-002	-7.42398e-003
549	 5.6800000000e+002	 1.38815e-002	-7.99836e-003
550	 5.6900000000e+002	 1.40310e-002	-8.55790e-003
551	 5.7000000000e+002	 1.41069e-002	-9.37170e-003
552	 5.7100000000e+002	 1.41938e-002	-9.87886e-003
553	 5.7200000000e+002	 1.43770e-002	-1.05135e-002
554	 5.7300000000e+002	 1.45016e-002	-1.11998e-002
555	 5.7400000000e+002	 1.45786e-002	-1.18725e-002
556	 5.7500000000e+002	 1.47636e-002	-1.26400e-002
557	 5.7600000000e+002	 1.49103e-002	-1.35472e-002
558	 5.7700000000e+002	 1.49626e-002	-1.42432e-002
559	 5.7800000000e+002	 1.50619e-002	-1.51457e-002
560	 5.7900000000e+002	 1.52791e-002	-1.60540e-002
561	 5.8000000000e+002	 1.54222e-002	-1.70544e-002
562	 5.8100000000e+002	 1.55482e-002	-1.82676e-002
563	 5.8200000000e+002	 1.56897e-002	-1.92711e-002
564	 5.8300000000e+002	 1.59157e-002	-2.05604e-002
565	 5.8400000000e+002	 1.60989e-002	-2.19714e-002
566	 5.8500000000e+002	 1.61116e-002	-2.34677e-002
567	 5.8600000000e+002	 1.63426e-002	-2.50570e-002
568	 5.8700000000e+002	 1.64940e-002	-2.69086e-002
569	 5.8800000000e+002	 1.67008e-002	-2.90554e-002
570	 5.8900000000e+002	 1.66805e-002	-3.10591e-002
571	 5.9000000000e+002	 1.69818e-002	-3.37355e-002
572	 5.9100000000e+002	 1.68510e-002	-3.65063e-002
573	 5.9200000000e+002	 1.68588e-002	-3.99592e-002
574	 5.9300000000e+002	 1.66498e-002	-4.37174e-002
575	 5.9400000000e+002	 1.62021e-002	-4.85046e-002
576	 5.9500000000e+002	 1.53965e-002	-5.40850e-002
577	 5.9600000000e+002	 1.44763e-002	-5.92757e-002
578	 5.9700000000e+002	 1.31009e-002	-6.60307e-002
579	 5.9800000000e+002	 1.02028e-002	-7.66896e-002
580	 5.9900000000e+002	 5.41906e-003	-8.86429e-002
581	 6.0000000000e+002	-3.10861e-003	-1.03409e-001
582	 6.0100000000e+002	-1.71926e-002	-1.20017e-001
583	 6.0200000000e+002	-3.91746e-002	-1.41336e-001
584	 6.0300000000e+002	-8.57195e-002	-1.57695e-001
585	 6.0400000000e+002	-1.55534e-001	-1.48809e-001
586	 6.0500000000e+002	-2.15854e-001	-8.32524e-002
587	 6.0600000000e+002	-2.18936e-001	 1.61464e-002
588	 6.0700000000e+002	-1.71110e-001	 7.95808e-002
589	 6.0800000000e+002	-1.27493e-001	 9.31457e-002
590	 6.0900000000e+002	-9.00232e-002	 9.39795e-002
591	 6.1000000000e+002	-6.35762e-002	 8.70968e-002
592	 6.1100000000e+002	-4.98176e-002	 8.06447e-002
593	 6.1200000000e+002	-3.81880e-002	 7.30425e-002
594	 6.1300000000e+002	-3.00524e-002	 6.66612e-002
595	 6.1400000000e+002	-2.32667e-002	 6.06708e-002
596	 6.1500000000e+002	-1.85789e-002	 5.60288e-002
597	 6.1600000000e+002	-1.49065e-002	 5.18350e-002
598	 6.1700000000e+002	-1.20163e-002	 4.84128e-002
599	 6.1800000000e+002	-9.38681e-003	 4.49914e-002
600	 6.1900000000e+002	-7.31040e-003	 4.19788e-002
601	 6.2000000000e+002	-5.97219e-003	 3.99809e-002
602	 6.2100000000e+002	-4.53852e-003	 3.75733e-002
603	 6.2200000000e+002	-3.33340e-003	 3.56538e-002
604	 6.2300000000e+002	-2.25290e-003	 3.38903e-002
605	 6.2400000000e+002	-1.12970e-003	 3.20631e-002
606	 6.2500000000e+002	-6.05152e-004	 3.07248e-002
607	 6.2600000000e+002	-2.21624e-006	 2.94211e-002
608	 6.2700000000e+002	 8.10746e-004	 2.78788e-002
609	 6.2800000000e+002	 1.40343e-003	 2.68474e-002
610	 6.2900000000e+002	 1.83538e-003	 2.58895e-002
611	 6.3000000000e+002	 2.28627e-003	 2.49009e-002
612	 6.3100000000e+002	 2.70663e-003	 2.40221e-002
613	 6.3200000000e+002	 3.09881e-003	 2.31383e-002
614	 6.3300000000e+002	 3.41012e-003	 2.24235e-002
615	 6.3400000000e+002	 3.74518e-003	 2.16059e-002
616	 6.3500000000e+002	 4.02302e-003	 2.09466e-002
617	 6.3600000000e+002	 4.26149e-003	 2.03573e-002
618	 6.3700000000e+002	 4.59426e-003	 1.96539e-002
619	 6.3800000000e+002	 4.76915e-003	 1.91400e-002
620	 6.3900000000e+002	 4.96887e-003	 1.86780e-002
621	 6.4000000000e+002	 5.17522e-003	 1.81464e-002
622	 6.4100000000e+002	 5.35831e-003	 1.76348e-002
623	 6.4200000000e+002	 5.49683e-003	 1.72346e-002
624	 6.4300000000e+002	 5.64765e-003	 1.67961e-002
625	 6.4400000000e+002	 5.78012e-003	 1.64301e-002
626	 6.4500000000e+002	 5.91243e-003	 1.60873e-002
627	 6.4600000000e+002	 6.06762e-003	 1.57102e-002
628	 6.4700000000e+002	 6.17498e-003	 1.54619e-002
629	 6.4800000000e+002	 6.31381e-003	 1.51434e-002
630	 6.4900000000e+002	 6.41524e-003	 1.48904e-002
631	 6.5000000000e+002	 6.43562e-003	 1.46054e-002
632	 6.5100000000e+002	 6.67712e-003	 1.44067e-002
633	 6.5200000000e+002	 6.84588e-003	 1.42398e-002
634	 6.5300000000e+002	 6.99064e-003	 1.40563e-002
635	 6.5400000000e+002	 7.11719e-003	 1.39177e-002
636	 6.5500000000e+002	 7.26807e-003	 1.37689e-002
637	 6.5600000000e+002	 7.44493e-003	 1.36314e-002
638	 6.5700000000e+002	 7.61881e-003	 1.35022e-002
639	 6.5800000000e+002	 7.78532e-003	 1.34013e-002
640	 6.5900000000e+002	 7.99573e-003	 1.32833e-002
641	 6.6000000000e+002	 8.18504e-003	 1.31941e-002
642	 6.6100000000e+002	 8.40578e-003	 1.31043e-002
643	 6.6200000000e+002	 8.68184e-003	 1.29903e-002
644	 6.6300000000e+002	 8.92099e-003	 1.29126e-002
645	 6.6400000000e+002	 9.14626e-003	 1.28315e-002
646	 6.6500000000e+002	 9.45068e-003	 1.27311e-002
647	 6.6600000000e+002	 9.76936e-003	 1.26293e-002
648	 6.6700000000e+002	 1.00828e-002	 1.25236e-002
649	 6.6800000000e+002	 1.03881e-002	 1.24237e-002
650	 6.6900000000e+002	 1.06956e-002	 1.23282e-002
651	 6.7000000000e+002	 1.10659e-002	 1.21977e-002
652	 6.7100000000e+002	 1.14540e-002	 1.20624e-002
653	 6.7200000000e+002	 1.18368e-002	 1.19034e-002
654	 6.7300000000e+002	 1.22111e-002	 1.17454e-002
655	 6.7400000000e+002	 1.25623e-002	 1.15785e-002
656	 6.7500000000e+002	 1.29813e-002	 1.14142e-002
657	 6.7600000000e+002	 1.33542e-002	 1.12087e-002
658	 6.7700000000e+002	 1.37484e-002	 1.09842e-002
659	 6.7800000000e+002	 1.42162e-002	 1.07556e-002
660	 6.7900000000e+002	 1.46306e-002	 1.04893e-002
661	 6.8000000000e+002	 1.50281e-002	 1.02522e-002
662	 6.8100000000e+002	 1.54648e-002	 9.97308e-003
663	 6.8200000000e+002	 1.59344e-002	 9.64203e-003
664	 6.8300000000e+002	 1.63127e-002	 9.36698e-003
665	 6.8400000000e+002	 1.67287e-002	 9.01477e-003
666	 6.8500000000e+002	 1.71745e-002	 8.65983e-003
667	 6.8600000000e+002	 1.75817e-002	 8.32642e-003
668	 6.8700000000e+002	 1.79879e-002	 7.96634e-003
669	 6.8800000000e+002	 1.83734e-002	 7.62724e-003
670	 6.8900000000e+002	 1.88519e-002	 7.15523e-003
671	 6.9000000000e+002	 1.92349e-002	 6.72744e-003
672	 6.9100000000e+002	 1.96269e-002	 6.29691e-003
673	 6.9200000000e+002	 1.99999e-002	 5.86501e-003
674	 6.9300000000e+002	 2.04695e-002	 5.37528e-003
675	 6.9400000000e+002	 2.09013e-002	 4.87745e-003
676	 6.9500000000e+002	 2.12749e-002	 4.41167e-003
677	 6.9600000000e+002	 2.16903e-002	 3.94382e-003
678	 6.9700000000e+002	 2.20998e-002	 3.42595e-003
679	 6.9800000000e+002	 2.25231e-002	 2.93498e-003
680	 6.9900000000e+002	 2.28830e-002	 2.45036e-003
681	 7.0000000000e+002	 2.34112e-002	 1.91678e-003
682	 7.0100000000e+002	 2.37278e-002	 1.41567e-003
683	 7.0200000000e+002	 2.41985e-002	 7.38325e-004
684	 7.0300000000e+002	 2.46850e-002	 1.28482e-004
685	 7.0400000000e+002	 2.52591e-002	-4.83190e-004
686	 7.0500000000e+002	 2.57995e-002	-1.19112e-003
687	 7.0600000000e+002	 2.63204e-002	-1.85781e-003
688	 7.0700000000e+002	 2.67926e-002	-2.50889e-003
689	 7.0800000000e+002	 2.74265e-002	-3.41288e-003
690	 7.0900000000e+002	 2.79101e-002	-4.13576e-003
691	 7.1000000000e+002	 2.85257e-002	-5.15880e-003
692	 7.1100000000e+002	 2.91946e-002	-6.08660e-003
693	 7.1200000000e+002	 2.96784e-002	-6.90017e-003
694	 7.1300000000e+002	 3.02747e-002	-8.08794e-003
695	 7.1400000000e+002	 3.09794e-002	-9.29805e-003
696	 7.1500000000e+002	 3.15728e-002	-1.03301e-002
697	 7.1600000000e+002	 3.22261e-002	-1.15940e-002
698	 7.1700000000e+002	 3.29674e-002	-1.30981e-002
699	 7.1800000000e+002	 3.37278e-002	-1.46365e-002
700	 7.1900000000e+002	 3.43770e-002	-1.61700e-002
701	 7.2000000000e+002	 3.50161e-002	-1.78193e-002
702	 7.2100000000e+002	 3.57890e-002	-1.94885e-002
703	 7.2200000000e+002	 3.64550e-002	-2.14189e-002
704	 7.2300000000e+002	 3.71671e-002	-2.35313e-002
705	 7.2400000000e+002	 3.77459e-002	-2.59143e-002
706	 7.2500000000e+002	 3.86459e-002	-2.87775e-002
707	 7.2600000000e+002	 3.95275e-002	-3.14522e-002
708	 7.2700000000e+002	 4.00608e-002	-3.38852e-002
709	 7.2800000000e+002	 4.09571e-002	-3.82201e-002
710	 7.2900000000e+002	 4.16741e-002	-4.22055e-002
711	 7.3000000000e+002	 4.20300e-002	-4.57915e-002
712	 7.3100000000e+002	 4.26350e-002	-5.15910e-002
713	 7.3200000000e+002	 4.28171e-002	-5.70105e-002
714	 7.3300000000e+002	 4.25456e-002	-6.32817e-002
715	 7.3400000000e+002	 4.16424e-002	-7.04039e-002
716	 7.3500000000e+002	 4.01293e-002	-7.95733e-002
717	 7.3600000000e+002	 3.74202e-002	-8.96544e-002
718	 7.3700000000e+002	 3.22658e-002	-1.01339e-001
719	 7.3800000000e+002	 2.41764e-002	-1.15912e-001
720	 7.3900000000e+002	 1.24381e-002	-1.28651e-001
721	 7.4000000000e+002	-5.31867e-003	-1.41017e-001
722	 7.4100000000e+002	-2.84014e-002	-1.51065e-001
723	 7.4200000000e+002	-5.99683e-002	-1.55013e-001
724	 7.4300000000e+002	-9.76170e-002	-1.43764e-001
725	 7.4400000000e+002	-1.27802e-001	-1.21574e-001
726	 7.4500000000e+002	-1.46495e-001	-9.04359e-002
727	 7.4600000000e+002	-1.51723e-001	-5.90367e-002
728	 7.4700000000e+002	-1.46073e-001	-2.53542e-002
729	 7.4800000000e+002	-1.36337e-001	-5.08442e-003
730	 7.4900000000e+002	-1.22699e-001	 9.98056e-003
731	 7.5000000000e+002	-1.09210e-001	 2.03083e-002
732	 7.5100000000e+002	-9.78163e-002	 2.85370e-002
733	 7.5200000000e+002	-8.64240e-002	 3.39034e-002
734	 7.5300000000e+002	-7.76354e-002	 3.65577e-002
735	 7.5400000000e+002	-6.97463e-002	 3.79411e-002
736	 7.5500000000e+002	-6.31148e-002	 3.87952e-002
737	 7.5600000000e+002	-5.67212e-002	 3.91146e-002
738	 7.5700000000e+002	-5.10855e-002	 3.89411e-002
739	 7.5800000000e+002	-4.61251e-002	 3.87004e-002
740	 7.5900000000e+002	-4.27555e-002	 3.83540e-002
741	 7.6000000000e+002	-3.89282e-002	 3.77157e-002
742	 7.6100000000e+002	-3.55441e-002	 3.70639e-002
743	 7.6200000000e+002	-3.26904e-002	 3.63132e-002
744	 7.6300000000e+002	-2.98118e-002	 3.54819e-002
745	 7.6400000000e+002	-2.76109e-002	 3.48670e-002
746	 7.6500000000e+002	-2.53982e-002	 3.41719e-002
747	 7.6600000000e+002	-2.36271e-002	 3.35856e-002
748	 7.6700000000e+002	-2.16041e-002	 3.28201e-002
749	 7.6800000000e+002	-2.00375e-002	 3.21199e-002
750	 7.6900000000e+002	-1.86365e-002	 3.16012e-002
751	 7.7000000000e+002	-1.73503e-002	 3.10211e-002
752	 7.7100000000e+002	-1.61181e-002	 3.05130e-002
753	 7.7200000000e+002	-1.49160e-002	 2.99218e-002
754	 7.7300000000e+002	-1.37843e-002	 2.94520e-002
755	 7.7400000000e+002	-1.28719e-002	 2.89869e-002
756	 7.7500000000e+002	-1.17963e-002	 2.85207e-002
757	 7.7600000000e+002	-1.09665e-002	 2.81212e-002
758	 7.7700000000e+002	-1.01190e-002	 2.77175e-002
759	 7.7800000000e+002	-9.34330e-003	 2.73469e-002
760	 7.7900000000e+002	-8.53839e-003	 2.69546e-002
761	 7.8000000000e+002	-7.80709e-003	 2.66401e-002
762	 7.8100000000e+002	-7.10800e-003	 2.63067e-002
763	 7.8200000000e+002	-6.42093e-003	 2.60008e-002
764	 7.8300000000e+002	-5.79395e-003	 2.57169e-002
765	 7.8400000000e+002	-5.18131e-003	 2.54383e-002
766	 7.8500000000e+002	-4.51569e-003	 2.51529e-002
767	 7.8600000000e+002	-3.97800e-003	 2.49163e-002
768	 7.8700000000e+002	-3.49699e-003	 2.47044e-002
769	 7.8800000000e+002	-2.87199e-003	 2.44181e-002
770	 7.8900000000e+002	-2.32721e-003	 2.41829e-002
771	 7.9000000000e+002	-1.78421e-003	 2.39516e-002
772	 7.9100000000e+002	-1.26406e-003	 2.37086e-002
773	 7.9200000000e+002	-8.62621e-004	 2.35308e-002
774	 7.9300000000e+002	-3.93223e-004	 2.33355e-002
775	 7.9400000000e+002	 1.59563e-004	 2.31152e-002
776	 7.9500000000e+002	 5.90169e-004	 2.29198e-002
777	 7.9600000000e+002	 9.50081e-004	 2.27690e-002
778	 7.9700000000e+002	 1.50666e-003	 2.25550e-002
779	 7.9800000000e+002	 1.86937e-003	 2.24218e-002
780	 7.9900000000e+002	 2.33774e-003	 2.22570e-002
781	 8.0000000000e+002	 2.73533e-003	 2.20838e-002
782	 8.0100000000e+002	 3.11512e-003	 2.19589e-002
783	 8.0200000000e+002	 3.60422e-003	 2.17964e-002
784	 8.0300000000e+002	 4.00905e-003	 2.16673e-002
785	 8.0400000000e+002	 4.38169e-003	 2.15412e-002
786	 8.0500000000e+002	 4.79580e-003	 2.14143e-002
787	 8.0600000000e+002	 5.24419e-003	 2.12869e-002
788	 8.0700000000e+002	 5.65861e-003	 2.11956e-002
789	 8.0800000000e+002	 6.03888e-003	 2.11097e-002
790	 8.0900000000e+002	 6.47253e-003	 2.10105e-002
791	 8.1000000000e+002	 6.86212e-003	 2.09122e-002
792	 8.1100000000e+002	 7.33810e-003	 2.08356e-002
793	 8.1200000000e+002	 7.73635e-003	 2.07740e-002
794	 8.1300000000e+002	 8.21278e-003	 2.07095e-002
795	 8.1400000000e+002	 8.67594e-003	 2.06237e-002
796	 8.1500000000e+002	 9.14738e-003	 2.05637e-002
797	 8.1600000000e+002	 9.63650e-003	 2.05107e-002
798	 8.1700000000e+002	 1.00733e-002	 2.04754e-002
799	 8.1800000000e+002	 1.07222e-002	 2.04096e-002
800	 8.1900000000e+002	 1.12018e-002	 2.03552e-002
801	 8.2000000000e+002	 1.17261e-002	 2.02559e-002
802	 8.2100000000e+002	 1.23588e-002	 2.01906e-002
803	 8.2200000000e+002	 1.29189e-002	 2.01102e-002
804	 8.2300000000e+002	 1.34415e-002	 2.00323e-002
805	 8.2400000000e+002	 1.42138e-002	 1.98853e-002
806	 8.2500000000e+002	 1.48654e-002	 1.97566e-002
807	 8.2600000000e+002	 1.53919e-002	 1.96640e-002
808	 8.2700000000e+002	 1.62521e-002	 1.94407e-002
809	 8.2800000000e+002	 1.68907e-002	 1.92504e-002
810	 8.2900000000e+002	 1.76939e-002	 1.90061e-002
811	 8.3000000000e+002	 1.83762e-002	 1.87391e-002
812	 8.3100000000e+002	 1.91422e-002	 1.84836e-002
813	 8.3200000000e+002	 1.98525e-002	 1.81840e-002
814	 8.3300000000e+002	 2.07143e-002	 1.78472e-002
815	 8.3400000000e+002	 2.14779e-002	 1.74794e-002
816	 8.3500000000e+002	 2.22786e-002	 1.70615e-002
817	 8.3600000000e+002	 2.31048e-002	 1.65734e-002
818	 8.3700000000e+002	 2.39470e-002	 1.60836e-002
819	 8.3800000000e+002	 2.46885e-002	 1.56054e-002
820	 8.3900000000e+002	 2.55047e-002	 1.52031e-002
821	 8.4000000000e+002	 2.64542e-002	 1.44788e-002
822	 8.4100000000e+002	 2.71007e-002	 1.39247e-002
823	 8.4200000000e+002	 2.79156e-002	 1.32626e-002
824	 8.4300000000e+002	 2.86940e-002	 1.25459e-002
825	 8.4400000000e+002	 2.93925e-002	 1.19008e-002
826	 8.4500000000e+002	 3.02817e-002	 1.11082e-002
827	 8.4600000000e+002	 3.10891e-002	 1.03184e-002
828	 8.4700000000e+002	 3.17694e-002	 9.68501e-003
829	 8.4800000000e+002	 3.24874e-002	 8.93533e-003
830	 8.4900000000e+002	 3.31788e-002	 7.97860e-003
831	 8.5000000000e+002	 3.26977e-002	 6.96583e-003
832	 8.5100000000e+002	 3.40945e-002	 6.08370e-003
833	 8.5200000000e+002	 3.56663e-002	 5.40039e-003
834	 8.5300000000e+002	 3.64740e-002	 4.43799e-003
835	 8.5400000000e+002	 3.73018e-002	 3.30916e-003
836	 8.5500000000e+002	 3.80235e-002	 2.32246e-003
837	 8.5600000000e+002	 3.89282e-002	 1.40279e-003
838	 8.5700000000e+002	 3.98769e-002	 3.34773e-004
839	 8.5800000000e+002	 4.08228e-002	-8.66155e-004
840	 8.5900000000e+002	 4.18665e-002	-1.75957e-003
841	 8.6000000000e+002	 4.29692e-002	-3.00508e-003
842	 8.6100000000e+002	 4.40382e-002	-4.39255e-003
843	 8.6200000000e+002	 4.52959e-002	-6.07092e-003
844	 8.6300000000e+002	 4.65052e-002	-7.54452e-003
845	 8.6400000000e+002	 4.82391e-002	-9.38322e-003
846	 8.6500000000e+002	 4.96217e-002	-1.12578e-002
847	 8.6600000000e+002	 5.10333e-002	-1.34036e-002
848	 8.6700000000e+002	 5.25893e-002	-1.54573e-002
849	 8.6800000000e+002	 5.46121e-002	-1.83784e-002
850	 8.6900000000e+002	 5.65757e-002	-2.14396e-002
851	 8.7000000000e+002	 5.83089e-002	-2.48315e-002
852	 8.7100000000e+002	 5.99762e-002	-2.87075e-002
853	 8.7200000000e+002	 6.18896e-002	-3.33362e-002
854	 8.7300000000e+002	 6.36561e-002	-3.92511e-002
855	 8.7400000000e+002	 6.52989e-002	-4.57610e-002
856	 8.7500000000e+002	 6.61841e-002	-5.23910e-002
857	 8.7600000000e+002	 6.65158e-002	-6.00998e-002
858	 8.7700000000e+002	 6.57562e-002	-6.98487e-002
859	 8.7800000000e+002	 6.35180e-002	-7.97491e-002
860	 8.7900000000e+002	 5.88087e-002	-9.17055e-002
861	 8.8000000000e+002	 5.30581e-002	-1.02148e-001
862	 8.8100000000e+002	 4.37370e-002	-1.13593e-001
863	 8.8200000000e+002	 2.99157e-002	-1.24316e-001
864	 8.8300000000e+002	 1.26164e-002	-1.33375e-001
865	 8.8400000000e+002	-4.12735e-003	-1.36372e-001
866	 8.8500000000e+002	-2.29761e-002	-1.35341e-001
867	 8.8600000000e+002	-4.22859e-002	-1.29873e-001
868	 8.8700000000e+002	-6.07572e-002	-1.19183e-001
869	 8.8800000000e+002	-7.19387e-002	-1.07742e-001
870	 8.8900000000e+002	-8.19507e-002	-9.31549e-002
871	 8.9000000000e+002	-8.72141e-002	-8.02678e-002
872	 8.9100000000e+002	-9.01780e-002	-6.65501e-002
873	 8.9200000000e+002	-9.07642e-002	-5.44656e-002
874	 8.9300000000e+002	-8.96234e-002	-4.30397e-002
875	 8.9400000000e+002	-8.77596e-002	-3.40802e-002
876	 8.9500000000e+002	-8.53218e-002	-2.73769e-002
877	 8.9600000000e+002	-8.12998e-002	-1.87865e-002
878	 8.9700000000e+002	-7.85556e-002	-1.34911e-002
879	 8.9800000000e+002	-7.51112e-002	-8.89427e-003
880	 8.9900000000e+002	-7.17771e-002	-4.85706e-003
881	 9.0000000000e+002	-6.83446e-002	-8.42095e-004
882	 9.0100000000e+002	-6.50069e-002	 2.63220e-003
883	 9.0200000000e+002	-6.24328e-002	 4.89886e-003
884	 9.0300000000e+002	-5.93817e-002	 7.22799e-003
885	 9.0400000000e+002	-5.68462e-002	 9.08406e-003
886	 9.0500000000e+002	-5.40599e-002	 1.09870e-002
887	 9.0600000000e+002	-5.11274e-002	 1.27016e-002
888	 9.0700000000e+002	-4.90865e-002	 1.38264e-002
889	 9.0800000000e+002	-4.69739e-002	 1.49218e-002
890	 9.0900000000e+002	-4.47658e-002	 1.59310e-002
891	 9.1000000000e+002	-4.28498e-002	 1.67669e-002
892	 9.1100000000e+002	-4.08859e-002	 1.75200e-002
893	 9.1200000000e+002	-3.91990e-002	 1.81613e-002
894	 9.1300000000e+002	-3.73888e-002	 1.87527e-002
895	 9.1400000000e+002	-3.56953e-002	 1.92171e-002
896	 9.1500000000e+002	-3.43175e-002	 1.96094e-002
897	 9.1600000000e+002	-3.27209e-002	 1.99582e-002
898	 9.1700000000e+002	-3.15821e-002	 2.02703e-002
899	 9.1800000000e+002	-3.01634e-002	 2.05595e-002
900	 9.1900000000e+002	-2.90679e-002	 2.07457e-002
901	 9.2000000000e+002	-2.79485e-002	 2.09179e-002
902	 9.2100000000e+002	-2.68877e-002	 2.10995e-002
903	 9.2200000000e+002	-2.58473e-002	 2.12382e-002
904	 9.2300000000e+002	-2.49968e-002	 2.13825e-002
905	 9.2400000000e+002	-2.40340e-002	 2.15152e-002
906	 9.2500000000e+002	-2.31956e-002	 2.16163e-002
907	 9.2600000000e+002	-2.24712e-002	 2.17526e-002
908	 9.2700000000e+002	-2.17026e-002	 2.18669e-002
909	 9.2800000000e+002	-2.10232e-002	 2.20239e-002
910	 9.2900000000e+002	-2.02499e-002	 2.21657e-002
911	 9.3000000000e+002	-1.96542e-002	 2.23096e-002
912	 9.3100000000e+002	-1.90046e-002	 2.24639e-002
913	 9.3200000000e+002	-1.84956e-002	 2.25987e-002
914	 9.3300000000e+002	-1.78409e-002	 2.27700e-002
915	 9.3400000000e+002	-1.72688e-002	 2.29724e-002
916	 9.3500000000e+002	-1.67348e-002	 2.31681e-002
917	 9.3600000000e+002	-1.62377e-002	 2.33798e-002
918	 9.3700000000e+002	-1.56046e-002	 2.36345e-002
919	 9.3800000000e+002	-1.50653e-002	 2.38681e-002
920	 9.3900000000e+002	-1.46057e-002	 2.41197e-002
921	 9.4000000000e+002	-1.40429e-002	 2.43776e-002
922	 9.4100000000e+002	-1.35157e-002	 2.46738e-002
923	 9.4200000000e+002	-1.30053e-002	 2.49663e-002
924	 9.4300000000e+002	-1.23817e-002	 2.53134e-002
925	 9.4400000000e+002	-1.18639e-002	 2.55614e-002
926	 9.4500000000e+002	-1.12846e-002	 2.58954e-002
927	 9.4600000000e+002	-1.07212e-002	 2.62100e-002
928	 9.4700000000e+002	-1.01016e-002	 2.65088e-002
929	 9.4800000000e+002	-9.35737e-003	 2.69207e-002
930	 9.4900000000e+002	-8.74653e-003	 2.72411e-002
931	 9.5000000000e+002	-7.76881e-003	 2.77502e-002
932	 9.5100000000e+002	-7.26259e-003	 2.79779e-002
933	 9.5200000000e+002	-6.66514e-003	 2.82018e-002
934	 9.5300000000e+002	-6.00112e-003	 2.84910e-002
935	 9.5400000000e+002	-5.19632e-003	 2.87915e-002
936	 9.5500000000e+002	-4.26117e-003	 2.90731e-002
937	 9.5600000000e+002	-3.52476e-003	 2.93051e-002
938	 9.5700000000e+002	-2.71852e-003	 2.95092e-002
939	 9.5800000000e+002	-1.81409e-003	 2.97216e-002
940	 9.5900000000e+002	-9.89921e-004	 2.98628e-002
941	 9.6000000000e+002	-1.19035e-004	 3.00540e-002
942	 9.6100000000e+002	 9.06168e-004	 3.00939e-002
943	 9.6200000000e+002	 1.78087e-003	 3.01354e-002
944	 9.6300000000e+002	 2.69472e-003	 3.02035e-002
945	 9.6400000000e+002	 3.52984e-003	 3.02417e-002
946	 9.6500000000e+002	 4.55726e-003	 3.01952e-002
947	 9.6600000000e+002	 5.38930e-003	 3.01276e-002
948	 9.6700000000e+002	 6.34483e-003	 3.00776e-002
949	 9.6800000000e+002	 7.21142e-003	 2.99699e-002
950	 9.6900000000e+002	 8.03266e-003	 2.98361e-002
951	 9.7000000000e+002	 8.98505e-003	 2.97706e-002
952	 9.7100000000e+002	 9.87337e-003	 2.96187e-002
953	 9.7200000000e+002	 1.06532e-002	 2.94362e-002
954	 9.7300000000e+002	 1.15599e-002	 2.92489e-002
955	 9.7400000000e+002	 1.24672e-002	 2.91103e-002
956	 9.7500000000e+002	 1.32741e-002	 2.89675e-002
957	 9.7600000000e+002	 1.41409e-002	 2.87604e-002
958	 9.7700000000e+002	 1.50276e-002	 2.85789e-002
959	 9.7800000000e+002	 1.57039e-002	 2.84349e-002
960	 9.7900000000e+002	 1.66339e-002	 2.82425e-002
961	 9.8000000000e+002	 1.76988e-002	 2.79533e-002
962	 9.8100000000e+002	 1.85991e-002	 2.77192e-002
963	 9.8200000000e+002	 1.95249e-002	 2.74409e-002
964	 9.8300000000e+002	 2.04418e-002	 2.72904e-002
965	 9.8400000000e+002	 2.13514e-002	 2.70196e-002
966	 9.8500000000e+002	 2.23530e-002	 2.67204e-002
967	 9.8600000000e+002	 2.33310e-002	 2.64392e-002
968	 9.8700000000e+002	 2.43618e-002	 2.60975e-002
969	 9.8800000000e+002	 2.53399e-002	 2.57319e-002
970	 9.8900000000e+002	 2.65347e-002	 2.54278e-002
971	 9.9000000000e+002	 2.76592e-002	 2.51213e-002
972	 9.9100000000e+002	 2.85807e-002	 2.47327e-002
973	 9.9200000000e+002	 2.98490e-002	 2.42338e-002
974	 9.9300000000e+002	 3.11741e-002	 2.37820e-002
975	 9.9400000000e+002	 3.23444e-002	 2.32776e-002
976	 9.9500000000e+002	 3.34627e-002	 2.27496e-002
977	 9.9600000000e+002	 3.48698e-002	 2.20484e-002
978	 9.9700000000e+002	 3.64204e-002	 2.14310e-002
979	 9.9800000000e+002	 3.77135e-002	 2.09303e-002
980	 9.9900000000e+002	 3.90804e-002	 2.02474e-002
981	 1.0000000000e+003	 4.06939e-002	 1.93841e-002
982	 1.0010000000e+003	 4.21824e-002	 1.85382e-002
983	 1.0020000000e+003	 4.37630e-002	 1.76973e-002
984	 1.0030000000e+003	 4.57698e-002	 1.65739e-002
985	 1.0040000000e+003	 4.73480e-002	 1.55500e-002
986	 1.0050000000e+003	 4.90792e-002	 1.43874e-002
987	 1.0060000000e+003	 5.13833e-002	 1.27975e-002
988	 1.0070000000e+003	 5.33021e-002	 1.12479e-002
989	 1.0080000000e+003	 5.54536e-002	 9.49319e-003
990	 1.0090000000e+003	 5.75336e-002	 7.69990e-003
991	 1.0100000000e+003	 6.02697e-002	 5.23733e-003
992	 1.0110000000e+003	 6.19888e-002	 3.05715e-003
993	 1.0120000000e+003	 6.43896e-002	 1.17609e-004
994	 1.0130000000e+003	 6.66516e-002	-3.08325e-003
995	 1.0140000000e+003	 6.91597e-002	-6.62478e-003
996	 1.0150000000e+003	 7.16989e-002	-1.12261e-002
997	 1.0160000000e+003	 7.36378e-002	-1.51768e-002
998	 1.0170000000e+003	 7.53778e-002	-1.99186e-002
999	 1.0180000000e+003	 7.75521e-002	-2.69628e-002
1000	 1.0190000000e+003	 7.86392e-002	-3.19151e-002
1001	 1.0200000000e+003	 7.91467e-002	-3.91489e-002
1002	 1.0210000000e+003	 7.87014e-002	-4.65263e-002
1003	 1.0220000000e+003	 7.76493e-002	-5.41549e-002
1004	 1.0230000000e+003	 7.54886e-002	-6.31019e-002
1005	 1.0240000000e+003	 7.21359e-002	-7.15192e-002
1006	 1.0250000000e+003	 6.74080e-002	-7.97996e-002
1007	 1.0260000000e+003	 6.09208e-002	-8.77390e-002
1008	 1.0270000000e+003	 5.17253e-002	-9.62002e-002
1009	 1.0280000000e+003	 4.37832e-002	-1.01643e-001
1010	 1.0290000000e+003	 3.35088e-002	-1.05890e-001
1011	 1.0300000000e+003	 2.20324e-002	-1.09006e-001
1012	 1.0310000000e+003	 1.16239e-002	-1.10204e-001
1013	 1.0320000000e+003	 3.59011e-005	-1.08956e-001
1014	 1.0330000000e+003	-1.01718e-002	-1.06241e-001
1015	 1.0340000000e+003	-1.95717e-002	-1.02502e-001
1016	 1.0350000000e+003	-2.77583e-002	-9.78710e-002
1017	 1.0360000000e+003	-3.41651e-002	-9.25028e-002
1018	 1.0370000000e+003	-4.06924e-002	-8.59779e-002
1019	 1.0380000000e+003	-4.61940e-002	-7.94494e-002
1020	 1.0390000000e+003	-4.95825e-002	-7.41769e-002
1021	 1.0400000000e+003	-5.26345e-002	-6.81038e-002
1022	 1.0410000000e+003	-5.51092e-002	-6.14484e-002
1023	 1.0420000000e+003	-5.66843e-002	-5.61261e-002
1024	 1.0430000000e+003	-5.77261e-002	-5.07311e-002
1025	 1.0440000000e+003	-5.83234e-002	-4.55764e-002
1026	 1.0450000000e+003	-5.83927e-002	-4.09796e-002
1027	 1.0460000000e+003	-5.82756e-002	-3.60593e-002
1028	 1.0470000000e+003	-5.79875e-002	-3.26203e-002
1029	 1.0480000000e+003	-5.73922e-002	-2.84847e-002
1030	 1.0490000000e+003	-5.68168e-002	-2.50032e-002
1031	 1.0500000000e+003	-5.62517e-002	-2.05837e-002
1032	 1.0510000000e+003	-5.51418e-002	-1.85999e-002
1033	 1.0520000000e+003	-5.37653e-002	-1.59994e-002
1034	 1.0530000000e+003	-5.26726e-002	-1.32664e-002
1035	 1.0540000000e+003	-5.17034e-002	-1.11270e-002
1036	 1.0550000000e+003	-5.04966e-002	-8.78638e-003
1037	 1.0560000000e+003	-4.94619e-002	-7.04688e-003
1038	 1.0570000000e+003	-4.82617e-002	-5.04441e-003
1039	 1.0580000000e+003	-4.69152e-002	-3.21829e-003
1040	 1.0590000000e+003	-4.59013e-002	-1.86076e-003
1041	 1.0600000000e+003	-4.47418e-002	-3.83462e-004
1042	 1.0610000000e+003	-4.37483e-002	 7.89357e-004
1043	 1.0620000000e+003	-4.27035e-002	 2.09250e-003
1044	 1.0630000000e+003	-4.17363e-002	 3.14022e-003
1045	 1.0640000000e+003	-4.05951e-002	 4.34673e-003
1046	 1.0650000000e+003	-3.97634e-002	 5.17645e-003
1047	 1.0660000000e+003	-3.88396e-002	 6.18913e-003
1048	 1.0670000000e+003	-3.80820e-002	 6.92218e-003
1049	 1.0680000000e+003	-3.71280e-002	 7.90187e-003
1050	 1.0690000000e+003	-3.63415e-002	 8.64597e-003
1051	 1.0700000000e+003	-3.56836e-002	 9.32100e-003
1052	 1.0710000000e+003	-3.49024e-002	 1.01297e-002
1053	 1.0720000000e+003	-3.43467e-002	 1.08013e-002
1054	 1.0730000000e+003	-3.36138e-002	 1.15251e-002
1055	 1.0740000000e+003	-3.29429e-002	 1.22243e-002
1056	 1.0750000000e+003	-3.23795e-002	 1.28302e-002
1057	 1.0760000000e+003	-3.17342e-002	 1.35722e-002
1058	 1.0770000000e+003	-3.12326e-002	 1.41307e-002
1059	 1.0780000000e+003	-3.05913e-002	 1.48377e-002
1060	 1.0790000000e+003	-2.99905e-002	 1.56083e-002
1061	 1.0800000000e+003	-2.94215e-002	 1.62161e-002
1062	 1.0810000000e+003	-2.88564e-002	 1.69114e-002
1063	 1.0820000000e+003	-2.82490e-002	 1.75827e-002
1064	 1.0830000000e+003	-2.76717e-002	 1.83144e-002
1065	 1.0840000000e+003	-2.70052e-002	 1.89587e-002
1066	 1.0850000000e+003	-2.65545e-002	 1.94677e-002
1067	 1.0860000000e+003	-2.58405e-002	 2.01998e-002
1068	 1.0870000000e+003	-2.51370e-002	 2.09032e-002
1069	 1.0880000000e+003	-2.45263e-002	 2.14947e-002
1070	 1.0890000000e+003	-2.37395e-002	 2.21796e-002
1071	 1.0900000000e+003	-2.30342e-002	 2.28102e-002
1072	 1.0910000000e+003	-2.23749e-002	 2.33225e-002
1073	 1.0920000000e+003	-2.17246e-002	 2.38490e-002
1074	 1.0930000000e+003	-2.07437e-002	 2.45630e-002
1075	 1.0940000000e+003	-2.01562e-002	 2.50026e-002
1076	 1.0950000000e+003	-1.92038e-002	 2.56145e-002
1077	 1.0960000000e+003	-1.84566e-002	 2.60526e-002
1078	 1.0970000000e+003	-1.77136e-002	 2.64891e-002
1079	 1.0980000000e+003	-1.68862e-002	 2.69106e-002
1080	 1.0990000000e+003	-1.61150e-002	 2.73306e-002
1081	 1.1000000000e+003	-1.52511e-002	 2.76862e-002
1082	 1.1010000000e+003	-1.44679e-002	 2.80136e-002
1083	 1.1020000000e+003	-1.35528e-002	 2.84145e-002
1084	 1.1030000000e+003	-1.28626e-002	 2.87254e-002
1085	 1.1040000000e+003	-1.18933e-002	 2.90883e-002
1086	 1.1050000000e+003	-1.10748e-002	 2.94399e-002
1087	 1.1060000000e+003	-1.03547e-002	 2.96496e-002
1088	 1.1070000000e+003	-9.51247e-003	 2.99072e-002
1089	 1.1080000000e+003	-8.56509e-003	 3.02294e-002
1090	 1.1090000000e+003	-7.93938e-003	 3.03879e-002
1091	 1.1100000000e+003	-6.99720e-003	 3.07589e-002
1092	 1.1110000000e+003	-6.17591e-003	 3.09313e-002
1093	 1.1120000000e+003	-5.34292e-003	 3.10172e-002
1094	 1.1130000000e+003	-4.42199e-003	 3.12049e-002
1095	 1.1140000000e+003	-3.61584e-003	 3.13814e-002
1096	 1.1150000000e+003	-2.83366e-003	 3.15828e-002
1097	 1.1160000000e+003	-2.02325e-003	 3.16613e-002
1098	 1.1170000000e+003	-1.09849e-003	 3.18055e-002
1099	 1.1180000000e+003	-1.93074e-004	 3.19522e-002
1100	 1.1190000000e+003	 6.77833e-004	 3.20520e-002
1101	 1.1200000000e+003	 1.57460e-003	 3.21520e-002
1102	 1.1210000000e+003	 2.30558e-003	 3.22030e-002
1103	 1.1220000000e+003	 3.34725e-003	 3.23033e-002
1104	 1.1230000000e+003	 4.24868e-003	 3.22893e-002
1105	 1.1240000000e+003	 4.97235e-003	 3.23023e-002
1106	 1.1250000000e+003	 5.78035e-003	 3.22006e-002
1107	 1.1260000000e+003	 6.52825e-003	 3.22319e-002
1108	 1.1270000000e+003	 7.82747e-003	 3.24151e-002
1109	 1.1280000000e+003	 8.70780e-003	 3.23761e-002
1110	 1.1290000000e+003	 9.71272e-003	 3.23864e-002
1111	 1.1300000000e+003	 1.06378e-002	 3.24096e-002
1112	 1.1310000000e+003	 1.14276e-002	 3.24296e-002
1113	 1.1320000000e+003	 1.25260e-002	 3.23696e-002
1114	 1.1330000000e+003	 1.33794e-002	 3.23443e-002
1115	 1.1340000000e+003	 1.43522e-002	 3.24031e-002
1116	 1.1350000000e+003	 1.52532e-002	 3.23068e-002
1117	 1.1360000000e+003	 1.61899e-002	 3.21704e-002
1118	 1.1370000000e+003	 1.71624e-002	 3.21720e-002
1119	 1.1380000000e+003	 1.84584e-002	 3.22246e-002
1120	 1.1390000000e+003	 1.94536e-002	 3.21570e-002
1121	 1.1400000000e+003	 2.05706e-002	 3.21507e-002
1122	 1.1410000000e+003	 2.18668e-002	 3.20993e-002
1123	 1.1420000000e+003	 2.31992e-002	 3.21715e-002
1124	 1.1430000000e+003	 2.43792e-002	 3.21714e-002
1125	 1.1440000000e+003	 2.58591e-002	 3.22075e-002
1126	 1.1450000000e+003	 2.71713e-002	 3.21820e-002
1127	 1.1460000000e+003	 2.87703e-002	 3.19476e-002
1128	 1.1470000000e+003	 3.03188e-002	 3.17344e-002
1129	 1.1480000000e+003	 3.21350e-002	 3.15613e-002
1130	 1.1490000000e+003	 3.37645e-002	 3.13799e-002
1131	 1.1500000000e+003	 3.39242e-002	 3.02407e-002
1132	 1.1510000000e+003	 3.71023e-002	 3.00502e-002
1133	 1.1520000000e+003	 4.03443e-002	 2.97933e-002
1134	 1.1530000000e+003	 4.25793e-002	 2.91704e-002
1135	 1.1540000000e+003	 4.48759e-002	 2.86684e-002
1136	 1.1550000000e+003	 4.74591e-002	 2.74989e-002
1137	 1.1560000000e+003	 5.06120e-002	 2.60835e-002
1138	 1.1570000000e+003	 5.31246e-002	 2.45434e-002
1139	 1.1580000000e+003	 5.61705e-002	 2.27415e-002
1140	 1.1590000000e+003	 5.88850e-002	 2.09393e-002
1141	 1.1600000000e+003	 6.18400e-002	 1.83659e-002
1142	 1.1610000000e+003	 6.49422e-002	 1.54612e-002
1143	 1.1620000000e+003	 6.78255e-002	 1.20870e-002
1144	 1.1630000000e+003	 7.10365e-002	 8.04367e-003
1145	 1.1640000000e+003	 7.37944e-002	 3.61106e-003
1146	 1.1650000000e+003	 7.54797e-002	 3.72149e-004
1147	 1.1660000000e+003	 7.79010e-002	-5.77616e-003
1148	 1.1670000000e+003	 7.93466e-002	-1.15608e-002
1149	 1.1680000000e+003	 8.04225e-002	-1.74489e-002
1150	 1.1690000000e+003	 8.07584e-002	-2.40473e-002
1151	 1.1700000000e+003	 7.98941e-002	-3.13940e-002
1152	 1.1710000000e+003	 7.87346e-002	-3.74889e-002
1153	 1.1720000000e+003	 7.66606e-002	-4.51227e-002
1154	 1.1730000000e+003	 7.38570e-002	-5.12712e-002
1155	 1.1740000000e+003	 7.01432e-002	-5.72379e-002
1156	 1.1750000000e+003	 6.50888e-002	-6.30541e-002
1157	 1.1760000000e+003	 5.87830e-002	-6.90537e-002
1158	 1.1770000000e+003	 5.25177e-002	-7.37749e-002
1159	 1.1780000000e+003	 4.69909e-002	-7.67500e-002
1160	 1.1790000000e+003	 3.96011e-002	-7.93813e-002
1161	 1.1800000000e+003	 3.26121e-002	-8.11318e-002
1162	 1.1810000000e+003	 2.62098e-002	-8.20910e-002
1163	 1.1820000000e+003	 1.94505e-002	-8.21539e-002
1164	 1.1830000000e+003	 1.34081e-002	-8.16344e-002
1165	 1.1840000000e+003	 6.87935e-003	-8.03953e-002
1166	 1.1850000000e+003	 2.12901e-003	-7.89783e-002
1167	 1.1860000000e+003	-3.45637e-003	-7.66171e-002
1168	 1.1870000000e+003	-8.16707e-003	-7.41058e-002
1169	 1.1880000000e+003	-1.21987e-002	-7.16031e-002
1170	 1.1890000000e+003	-1.56203e-002	-6.89483e-002
1171	 1.1900000000e+003	-1.92351e-002	-6.56445e-002
1172	 1.1910000000e+003	-2.13836e-002	-6.30919e-002
1173	 1.1920000000e+003	-2.47093e-002	-5.92480e-002
1174	 1.1930000000e+003	-2.62266e-002	-5.70711e-002
1175	 1.1940000000e+003	-2.79978e-002	-5.43953e-002
1176	 1.1950000000e+003	-2.98376e-002	-5.14821e-002
1177	 1.1960000000e+003	-3.11022e-002	-4.89810e-002
1178	 1.1970000000e+003	-3.22972e-002	-4.61682e-002
1179	 1.1980000000e+003	-3.32562e-002	-4.38650e-002
1180	 1.1990000000e+003	-3.42179e-002	-4.11095e-002
1181	 1.2000000000e+003	-3.48553e-002	-3.90448e-002
1182	 1.2010000000e+003	-3.55435e-002	-3.66231e-002
1183	 1.2020000000e+003	-3.60306e-002	-3.48273e-002
1184	 1.2030000000e+003	-3.64997e-002	-3.29384e-002
1185	 1.2040000000e+003	-3.68777e-002	-3.11082e-002
1186	 1.2050000000e+003	-3.72258e-002	-2.91901e-002
1187	 1.2060000000e+003	-3.74811e-002	-2.74871e-002
1188	 1.2070000000e+003	-3.76891e-002	-2.55855e-002
1189	 1.2080000000e+003	-3.78474e-002	-2.40664e-002
1190	 1.2090000000e+003	-3.81234e-002	-2.25150e-002
1191	 1.2100000000e+003	-3.82254e-002	-2.10197e-002
1192	 1.2110000000e+003	-3.83350e-002	-1.95019e-002
1193	 1.2120000000e+003	-3.84850e-002	-1.80151e-002
1194	 1.2130000000e+003	-3.85039e-002	-1.65136e-002
1195	 1.2140000000e+003	-3.85549e-002	-1.51857e-002
1196	 1.2150000000e+003	-3.86197e-002	-1.36245e-002
1197	 1.2160000000e+003	-3.86129e-002	-1.22270e-002
1198	 1.2170000000e+003	-3.85778e-002	-1.08985e-002
1199	 1.2180000000e+003	-3.85053e-002	-9.63757e-003
1200	 1.2190000000e+003	-3.83487e-002	-8.24013e-003
1201	 1.2200000000e+003	-3.81691e-002	-6.72533e-003
1202	 1.2210000000e+003	-3.80848e-002	-5.48569e-003
1203	 1.2220000000e+003	-3.78725e-002	-4.14404e-003
1204	 1.2230000000e+003	-3.76863e-002	-3.10362e-003
1205	 1.2240000000e+003	-3.73876e-002	-1.68866e-003
1206	 1.2250000000e+003	-3.69799e-002	-4.63944e-004
1207	 1.2260000000e+003	-3.66669e-002	 7.20740e-004
1208	 1.2270000000e+003	-3.63218e-002	 1.98440e-003
1209	 1.2280000000e+003	-3.59503e-002	 3.08913e-003
1210	 1.2290000000e+003	-3.54982e-002	 4.26260e-003
1211	 1.2300000000e+003	-3.50425e-002	 5.20086e-003
1212	 1.2310000000e+003	-3.44584e-002	 6.40165e-003
1213	 1.2320000000e+003	-3.39428e-002	 7.48331e-003
1214	 1.2330000000e+003	-3.34104e-002	 8.39920e-003
1215	 1.2340000000e+003	-3.28117e-002	 9.38161e-003
1216	 1.2350000000e+003	-3.22902e-002	 1.02518e-002
1217	 1.2360000000e+003	-3.17693e-002	 1.11151e-002
1218	 1.2370000000e+003	-3.09763e-002	 1.22209e-002
1219	 1.2380000000e+003	-3.03806e-002	 1.29499e-002
1220	 1.2390000000e+003	-2.97453e-002	 1.37392e-002
1221	 1.2400000000e+003	-2.90124e-002	 1.45859e-002
1222	 1.2410000000e+003	-2.83094e-002	 1.53398e-002
1223	 1.2420000000e+003	-2.76162e-002	 1.60698e-002
1224	 1.2430000000e+003	-2.70274e-002	 1.67490e-002
1225	 1.2440000000e+003	-2.63658e-002	 1.73511e-002
1226	 1.2450000000e+003	-2.54719e-002	 1.80526e-002
1227	 1.2460000000e+003	-2.47641e-002	 1.85413e-002
1228	 1.2470000000e+003	-2.39428e-002	 1.91959e-002
1229	 1.2480000000e+003	-2.33649e-002	 1.97165e-002
1230	 1.2490000000e+003	-2.26342e-002	 2.01606e-002
1231	 1.2500000000e+003	-2.22397e-002	 2.08359e-002
1232	 1.2510000000e+003	-2.13093e-002	 2.11114e-002
1233	 1.2520000000e+003	-2.03838e-002	 2.13906e-002
1234	 1.2530000000e+003	-1.97644e-002	 2.17017e-002
1235	 1.2540000000e+003	-1.90957e-002	 2.20232e-002
1236	 1.2550000000e+003	-1.85055e-002	 2.23506e-002
1237	 1.2560000000e+003	-1.78033e-002	 2.26904e-002
1238	 1.2570000000e+003	-1.71040e-002	 2.29553e-002
1239	 1.2580000000e+003	-1.65548e-002	 2.32109e-002
1240	 1.2590000000e+003	-1.59997e-002	 2.34229e-002
1241	 1.2600000000e+003	-1.54264e-002	 2.37707e-002
1242	 1.2610000000e+003	-1.49611e-002	 2.39714e-002
1243	 1.2620000000e+003	-1.44859e-002	 2.43214e-002
1244	 1.2630000000e+003	-1.39191e-002	 2.46193e-002
1245	 1.2640000000e+003	-1.34433e-002	 2.49115e-002
1246	 1.2650000000e+003	-1.29468e-002	 2.52488e-002
1247	 1.2660000000e+003	-1.24394e-002	 2.56043e-002
1248	 1.2670000000e+003	-1.20520e-002	 2.59077e-002
1249	 1.2680000000e+003	-1.14083e-002	 2.64004e-002
1250	 1.2690000000e+003	-1.08762e-002	 2.66745e-002
1251	 1.2700000000e+003	-1.05943e-002	 2.69611e-002
1252	 1.2710000000e+003	-1.01232e-002	 2.75189e-002
1253	 1.2720000000e+003	-9.63146e-003	 2.80019e-002
1254	 1.2730000000e+003	-9.21381e-003	 2.84182e-002
1255	 1.2740000000e+003	-8.45823e-003	 2.89573e-002
1256	 1.2750000000e+003	-7.95071e-003	 2.94550e-002
1257	 1.2760000000e+003	-7.41475e-003	 2.99202e-002
1258	 1.2770000000e+003	-6.79279e-003	 3.05540e-002
1259	 1.2780000000e+003	-6.04293e-003	 3.10437e-002
1260	 1.2790000000e+003	-5.34736e-003	 3.15956e-002
1261	 1.2800000000e+003	-4.70878e-003	 3.23570e-002
1262	 1.2810000000e+003	-3.83371e-003	 3.30047e-002
1263	 1.2820000000e+003	-2.94292e-003	 3.37055e-002
1264	 1.2830000000e+003	-2.05612e-003	 3.41268e-002
1265	 1.2840000000e+003	-1.04418e-003	 3.46857e-002
1266	 1.2850000000e+003	 6.21398e-005	 3.53894e-002
1267	 1.2860000000e+003	 1.14765e-003	 3.60024e-002
1268	 1.2870000000e+003	 2.23301e-003	 3.64906e-002
1269	 1.2880000000e+003	 3.55504e-003	 3.71591e-002
1270	 1.2890000000e+003	 5.09313e-003	 3.79649e-002
1271	 1.2900000000e+003	 6.45155e-003	 3.83005e-002
1272	 1.2910000000e+003	 7.76141e-003	 3.85584e-002
1273	 1.2920000000e+003	 9.13256e-003	 3.91288e-002
1274	 1.2930000000e+003	 1.07870e-002	 3.95612e-002
1275	 1.2940000000e+003	 1.25623e-002	 3.97954e-002
1276	 1.2950000000e+003	 1.41904e-002	 3.99048e-002
1277	 1.2960000000e+003	 1.59071e-002	 4.02193e-002
1278	 1.2970000000e+003	 1.77360e-002	 4.04840e-002
1279	 1.2980000000e+003	 2.01012e-002	 4.01908e-002
1280	 1.2990000000e+003	 2.19610e-002	 4.00574e-002
1281	 1.3000000000e+003	 2.39306e-002	 3.99050e-002
1282	 1.3010000000e+003	 2.64377e-002	 3.95216e-002
1283	 1.3020000000e+003	 2.81716e-002	 3.94456e-002
1284	 1.3030000000e+003	 3.03612e-002	 3.91176e-002
1285	 1.3040000000e+003	 3.26705e-002	 3.83664e-002
1286	 1.3050000000e+003	 3.53316e-002	 3.72179e-002
1287	 1.3060000000e+003	 3.80535e-002	 3.61803e-002
1288	 1.3070000000e+003	 4.02752e-002	 3.50718e-002
1289	 1.3080000000e+003	 4.28237e-002	 3.37258e-002
1290	 1.3090000000e+003	 4.52861e-002	 3.24211e-002
1291	 1.3100000000e+003	 4.73600e-002	 3.10792e-002
1292	 1.3110000000e+003	 4.99679e-002	 2.87927e-002
1293	 1.3120000000e+003	 5.24155e-002	 2.61358e-002
1294	 1.3130000000e+003	 5.43157e-002	 2.41543e-002
1295	 1.3140000000e+003	 5.65913e-002	 2.15389e-002
1296	 1.3150000000e+003	 5.86507e-002	 1.85946e-002
1297	 1.3160000000e+003	 6.05897e-002	 1.54358e-002
1298	 1.3170000000e+003	 6.19148e-002	 1.23909e-002
1299	 1.3180000000e+003	 6.37882e-002	 8.67775e-003
1300	 1.3190000000e+003	 6.48292e-002	 4.87988e-003
1301	 1.3200000000e+003	 6.59700e-002	 1.08806e-003
1302	 1.3210000000e+003	 6.65145e-002	-3.18575e-003
1303	 1.3220000000e+003	 6.66701e-002	-6.77922e-003
1304	 1.3230000000e+003	 6.66695e-002	-1.14785e-002
1305	 1.3240000000e+003	 6.62308e-002	-1.57539e-002
1306	 1.3250000000e+003	 6.60394e-002	-1.98277e-002
1307	 1.3260000000e+003	 6.49743e-002	-2.45578e-002
1308	 1.3270000000e+003	 6.21267e-002	-2.83450e-002
1309	 1.3280000000e+003	 5.99856e-002	-3.21947e-002
1310	 1.3290000000e+003	 5.81428e-002	-3.55619e-002
1311	 1.3300000000e+003	 5.54117e-002	-3.87836e-002
1312	 1.3310000000e+003	 5.22621e-002	-4.24045e-002
1313	 1.3320000000e+003	 4.93254e-002	-4.51053e-002
1314	 1.3330000000e+003	 4.64619e-002	-4.72884e-002
1315	 1.3340000000e+003	 4.32641e-002	-4.95647e-002
1316	 1.3350000000e+003	 3.95974e-002	-5.13840e-002
1317	 1.3360000000e+003	 3.57557e-002	-5.28607e-002
1318	 1.3370000000e+003	 3.28803e-002	-5.40679e-002
1319	 1.3380000000e+003	 2.90355e-002	-5.50362e-002
1320	 1.3390000000e+003	 2.57100e-002	-5.56600e-002
1321	 1.3400000000e+003	 2.22062e-002	-5.63449e-002
1322	 1.3410000000e+003	 1.90885e-002	-5.67767e-002
1323	 1.3420000000e+003	 1.63532e-002	-5.67009e-002
1324	 1.3430000000e+003	 1.31000e-002	-5.65362e-002
1325	 1.3440000000e+003	 9.65039e-003	-5.62847e-002
1326	 1.3450000000e+003	 7.27764e-003	-5.58806e-002
1327	 1.3460000000e+003	 4.57416e-003	-5.52240e-002
1328	 1.3470000000e+003	 1.96967e-003	-5.46613e-002
1329	 1.3480000000e+003	-7.53785e-004	-5.38182e-002
1330	 1.3490000000e+003	-3.10812e-003	-5.30486e-002
1331	 1.3500000000e+003	-5.68377e-003	-5.24179e-002
1332	 1.3510000000e+003	-7.57230e-003	-5.10423e-002
1333	 1.3520000000e+003	-9.54064e-003	-4.98696e-002
1334	 1.3530000000e+003	-1.15038e-002	-4.86138e-002
1335	 1.3540000000e+003	-1.36120e-002	-4.72278e-002
1336	 1.3550000000e+003	-1.52569e-002	-4.60288e-002
1337	 1.3560000000e+003	-1.68507e-002	-4.47909e-002
1338	 1.3570000000e+003	-1.84147e-002	-4.34588e-002
1339	 1.3580000000e+003	-2.00194e-002	-4.18904e-002
1340	 1.3590000000e+003	-2.15407e-002	-4.03472e-002
1341	 1.3600000000e+003	-2.25858e-002	-3.91070e-002
1342	 1.3610000000e+003	-2.37641e-002	-3.75543e-002
1343	 1.3620000000e+003	-2.48873e-002	-3.60154e-002
1344	 1.3630000000e+003	-2.58557e-002	-3.43782e-002
1345	 1.3640000000e+003	-2.67158e-002	-3.27724e-002
1346	 1.3650000000e+003	-2.75447e-002	-3.11497e-002
1347	 1.3660000000e+003	-2.82347e-002	-2.96557e-002
1348	 1.3670000000e+003	-2.88383e-002	-2.81828e-002
1349	 1.3680000000e+003	-2.94041e-002	-2.67502e-002
1350	 1.3690000000e+003	-2.97759e-002	-2.52493e-002
1351	 1.3700000000e+003	-3.01045e-002	-2.38174e-002
1352	 1.3710000000e+003	-3.04655e-002	-2.25239e-002
1353	 1.3720000000e+003	-3.07827e-002	-2.09375e-002
1354	 1.3730000000e+003	-3.08911e-002	-1.97166e-002
1355	 1.3740000000e+003	-3.09721e-002	-1.83568e-002
1356	 1.3750000000e+003	-3.10007e-002	-1.71421e-002
1357	 1.3760000000e+003	-3.10321e-002	-1.59723e-002
1358	 1.3770000000e+003	-3.10564e-002	-1.44765e-002
1359	 1.3780000000e+003	-3.09575e-002	-1.35665e-002
1360	 1.3790000000e+003	-3.08129e-002	-1.24160e-002
1361	 1.3800000000e+003	-3.06371e-002	-1.12975e-002
1362	 1.3810000000e+003	-3.05285e-002	-1.05047e-002
1363	 1.3820000000e+003	-3.04487e-002	-9.50040e-003
1364	 1.3830000000e+003	-3.01171e-002	-8.53460e-003
1365	 1.3840000000e+003	-2.99482e-002	-7.72187e-003
1366	 1.3850000000e+003	-2.97401e-002	-7.01151e-003
1367	 1.3860000000e+003	-2.94418e-002	-6.23656e-003
1368	 1.3870000000e+003	-2.93017e-002	-5.43491e-003
1369	 1.3880000000e+003	-2.91521e-002	-4.86475e-003
1370	 1.3890000000e+003	-2.89737e-002	-4.20337e-003
1371	 1.3900000000e+003	-2.88780e-002	-3.69398e-003
1372	 1.3910000000e+003	-2.85401e-002	-3.07955e-003
1373	 1.3920000000e+003	-2.83118e-002	-2.58051e-003
1374	 1.3930000000e+003	-2.82098e-002	-2.00299e-003
1375	 1.3940000000e+003	-2.81346e-002	-1.62634e-003
1376	 1.3950000000e+003	-2.80649e-002	-1.07696e-003
1377	 1.3960000000e+003	-2.79761e-002	-6.86137e-004
1378	 1.3970000000e+003	-2.80118e-002	-3.22930e-004
1379	 1.3980000000e+003	-2.80701e-002	 1.97932e-004
1380	 1.3990000000e+003	-2.81202e-002	 7.21240e-004
1381	 1.4000000000e+003	-2.80864e-002	 1.16847e-003
1382	 1.4010000000e+003	-2.81830e-002	 1.64681e-003
1383	 1.4020000000e+003	-2.83160e-002	 2.20907e-003
1384	 1.4030000000e+003	-2.85422e-002	 2.75452e-003
1385	 1.4040000000e+003	-2.87121e-002	 3.19383e-003
1386	 1.4050000000e+003	-2.88418e-002	 3.72216e-003
1387	 1.4060000000e+003	-2.90042e-002	 4.39687e-003
1388	 1.4070000000e+003	-2.91706e-002	 4.97499e-003
1389	 1.4080000000e+003	-2.93753e-002	 5.73800e-003
1390	 1.4090000000e+003	-2.95394e-002	 6.33566e-003
1391	 1.4100000000e+003	-2.97235e-002	 6.96957e-003
1392	 1.4110000000e+003	-2.99756e-002	 7.64893e-003
1393	 1.4120000000e+003	-3.02521e-002	 8.68343e-003
1394	 1.4130000000e+003	-3.04480e-002	 9.59388e-003
1395	 1.4140000000e+003	-3.06528e-002	 1.03778e-002
1396	 1.4150000000e+003	-3.08496e-002	 1.12588e-002
1397	 1.4160000000e+003	-3.09444e-002	 1.23374e-002
1398	 1.4170000000e+003	-3.10116e-002	 1.33758e-002
1399	 1.4180000000e+003	-3.12097e-002	 1.41770e-002
1400	 1.4190000000e+003	-3.13970e-002	 1.54068e-002
1401	 1.4200000000e+003	-3.14343e-002	 1.64277e-002
1402	 1.4210000000e+003	-3.14854e-002	 1.77797e-002
1403	 1.4220000000e+003	-3.15115e-002	 1.86642e-002
1404	 1.4230000000e+003	-3.13657e-002	 2.01235e-002
1405	 1.4240000000e+003	-3.13401e-002	 2.18129e-002
1406	 1.4250000000e+003	-3.12508e-002	 2.32713e-002
1407	 1.4260000000e+003	-3.10961e-002	 2.47405e-002
1408	 1.4270000000e+003	-3.08007e-002	 2.60038e-002
1409	 1.4280000000e+003	-3.03693e-002	 2.74661e-002
1410	 1.4290000000e+003	-3.00204e-002	 2.90183e-002
1411	 1.4300000000e+003	-2.96615e-002	 3.06227e-002
1412	 1.4310000000e+003	-2.90977e-002	 3.23805e-002
1413	 1.4320000000e+003	-2.82552e-002	 3.38111e-002
1414	 1.4330000000e+003	-2.74357e-002	 3.56702e-002
1415	 1.4340000000e+003	-2.66307e-002	 3.73322e-002
1416	 1.4350000000e+003	-2.55478e-002	 3.92624e-002
1417	 1.4360000000e+003	-2.45007e-002	 4.09422e-002
1418	 1.4370000000e+003	-2.33434e-002	 4.24273e-002
1419	 1.4380000000e+003	-2.18880e-002	 4.40491e-002
1420	 1.4390000000e+003	-2.03082e-002	 4.58104e-002
1421	 1.4400000000e+003	-1.88180e-002	 4.73488e-002
1422	 1.4410000000e+003	-1.71619e-002	 4.90125e-002
1423	 1.4420000000e+003	-1.52018e-002	 5.08181e-002
1424	 1.4430000000e+003	-1.33905e-002	 5.22562e-002
1425	 1.4440000000e+003	-1.14936e-002	 5.34869e-002
1426	 1.4450000000e+003	-9.10307e-003	 5.49549e-002
1427	 1.4460000000e+003	-6.62431e-003	 5.61487e-002
1428	 1.4470000000e+003	-4.37958e-003	 5.70584e-002
1429	 1.4480000000e+003	-1.77621e-003	 5.81296e-002
1430	 1.4490000000e+003	 9.70142e-004	 5.89575e-002
1431	 1.4500000000e+003	 5.72796e-003	 5.89503e-002
1432	 1.4510000000e+003	 7.29208e-003	 6.01765e-002
1433	 1.4520000000e+003	 9.41184e-003	 6.14686e-002
1434	 1.4530000000e+003	 1.22563e-002	 6.18020e-002
1435	 1.4540000000e+003	 1.51120e-002	 6.20659e-002
1436	 1.4550000000e+003	 1.88597e-002	 6.22100e-002
1437	 1.4560000000e+003	 2.15745e-002	 6.22591e-002
1438	 1.4570000000e+003	 2.53710e-002	 6.23156e-002
1439	 1.4580000000e+003	 2.88199e-002	 6.17852e-002
1440	 1.4590000000e+003	 3.23905e-002	 6.11617e-002
1441	 1.4600000000e+003	 3.59276e-002	 6.03705e-002
1442	 1.4610000000e+003	 3.91603e-002	 5.95850e-002
1443	 1.4620000000e+003	 4.31736e-002	 5.79963e-002
1444	 1.4630000000e+003	 4.70039e-002	 5.64826e-002
1445	 1.4640000000e+003	 5.03534e-002	 5.47189e-002
1446	 1.4650000000e+003	 5.43551e-002	 5.23293e-002
1447	 1.4660000000e+003	 5.82748e-002	 5.01394e-002
1448	 1.4670000000e+003	 6.14658e-002	 4.74831e-002
1449	 1.4680000000e+003	 6.47760e-002	 4.44955e-002
1450	 1.4690000000e+003	 6.81597e-002	 4.07754e-002
1451	 1.4700000000e+003	 7.10496e-002	 3.68474e-002
1452	 1.4710000000e+003	 7.36243e-002	 3.30202e-002
1453	 1.4720000000e+003	 7.60952e-002	 2.82023e-002
1454	 1.4730000000e+003	 7.81360e-002	 2.41647e-002
1455	 1.4740000000e+003	 7.96807e-002	 1.97068e-002
1456	 1.4750000000e+003	 8.09517e-002	 1.44255e-002
1457	 1.4760000000e+003	 8.20916e-002	 9.69684e-003
1458	 1.4770000000e+003	 8.25948e-002	 4.00751e-003
1459	 1.4780000000e+003	 8.25856e-002	-4.13693e-004
1460	 1.4790000000e+003	 8.23587e-002	-5.48241e-003
1461	 1.4800000000e+003	 8.15101e-002	-1.06704e-002
1462	 1.4810000000e+003	 8.02580e-002	-1.53130e-002
1463	 1.4820000000e+003	 7.89979e-002	-1.98745e-002
1464	 1.4830000000e+003	 7.70702e-002	-2.41927e-002
1465	 1.4840000000e+003	 7.50489e-002	-2.84323e-002
1466	 1.4850000000e+003	 7.26975e-002	-3.26561e-002
1467	 1.4860000000e+003	 7.03787e-002	-3.62255e-002
1468	 1.4870000000e+003	 6.74163e-002	-3.96141e-002
1469	 1.4880000000e+003	 6.46085e-002	-4.29764e-002
1470	 1.4890000000e+003	 6.15530e-002	-4.58579e-002
1471	 1.4900000000e+003	 5.81907e-002	-4.84519e-002
1472	 1.4910000000e+003	 5.48467e-002	-5.10771e-002
1473	 1.4920000000e+003	 5.15438e-002	-5.29693e-002
1474	 1.4930000000e+003	 4.81228e-002	-5.49762e-002
1475	 1.4940000000e+003	 4.44377e-002	-5.66355e-002
1476	 1.4950000000e+003	 4.06879e-002	-5.79606e-002
1477	 1.4960000000e+003	 3.76580e-002	-5.89400e-002
1478	 1.4970000000e+003	 3.49334e-002	-5.96474e-002
1479	 1.4980000000e+003	 3.04985e-002	-6.05650e-002
1480	 1.4990000000e+003	 2.79377e-002	-6.09284e-002
1481	 1.5000000000e+003	 2.49567e-002	-6.11150e-002
1482	 1.5010000000e+003	 2.20480e-002	-6.12973e-002
1483	 1.5020000000e+003	 1.87905e-002	-6.12872e-002
1484	 1.5030000000e+003	 1.58984e-002	-6.11903e-002
1485	 1.5040000000e+003	 1.33161e-002	-6.09069e-002
1486	 1.5050000000e+003	 1.02912e-002	-6.06308e-002
1487	 1.5060000000e+003	 7.97504e-003	-6.00654e-002
1488	 1.5070000000e+003	 5.67336e-003	-5.95941e-002
1489	 1.5080000000e+003	 3.23256e-003	-5.90541e-002
1490	 1.5090000000e+003	 9.18074e-004	-5.81048e-002
1491	 1.5100000000e+003	-1.69266e-003	-5.71881e-002
1492	 1.5110000000e+003	-3.63940e-003	-5.64967e-002
1493	 1.5120000000e+003	-5.32119e-003	-5.58564e-002
1494	 1.5130000000e+003	-7.11764e-003	-5.49054e-002
1495	 1.5140000000e+003	-9.11843e-003	-5.38652e-002
1496	 1.5150000000e+003	-1.08780e-002	-5.29983e-002
1497	 1.5160000000e+003	-1.28215e-002	-5.18919e-002
1498	 1.5170000000e+003	-1.42083e-002	-5.08711e-002
1499	 1.5180000000e+003	-1.56358e-002	-4.99849e-002
1500	 1.5190000000e+003	-1.72511e-002	-4.89271e-002
1501	 1.5200000000e+003	-1.87994e-002	-4.77185e-002
1502	 1.5210000000e+003	-1.99713e-002	-4.68945e-002
1503	 1.5220000000e+003	-2.14495e-002	-4.57673e-002
1504	 1.5230000000e+003	-2.26993e-002	-4.46819e-002
1505	 1.5240000000e+003	-2.38365e-002	-4.35454e-002
1506	 1.5250000000e+003	-2.49878e-002	-4.23660e-002
1507	 1.5260000000e+003	-2.60154e-002	-4.15156e-002
1508	 1.5270000000e+003	-2.73377e-002	-4.04477e-002
1509	 1.5280000000e+003	-2.83368e-002	-3.94143e-002
1510	 1.5290000000e+003	-2.95055e-002	-3.82654e-002
1511	 1.5300000000e+003	-3.05182e-002	-3.71641e-002
1512	 1.5310000000e+003	-3.12652e-002	-3.59618e-002
1513	 1.5320000000e+003	-3.23116e-002	-3.48854e-002
1514	 1.5330000000e+003	-3.33570e-002	-3.38260e-002
1515	 1.5340000000e+003	-3.44291e-002	-3.24846e-002
1516	 1.5350000000e+003	-3.51218e-002	-3.16271e-002
1517	 1.5360000000e+003	-3.58991e-002	-3.04357e-002
1518	 1.5370000000e+003	-3.67722e-002	-2.92648e-002
1519	 1.5380000000e+003	-3.76207e-002	-2.80392e-002
1520	 1.5390000000e+003	-3.85606e-002	-2.67862e-002
1521	 1.5400000000e+003	-3.92121e-002	-2.56423e-002
1522	 1.5410000000e+003	-3.98456e-002	-2.43126e-002
1523	 1.5420000000e+003	-4.07059e-002	-2.30455e-002
1524	 1.5430000000e+003	-4.14291e-002	-2.17536e-002
1525	 1.5440000000e+003	-4.20421e-002	-2.07089e-002
1526	 1.5450000000e+003	-4.28357e-002	-1.94243e-002
1527	 1.5460000000e+003	-4.34415e-002	-1.80727e-002
1528	 1.5470000000e+003	-4.40033e-002	-1.66868e-002
1529	 1.5480000000e+003	-4.46625e-002	-1.54101e-002
1530	 1.5490000000e+003	-4.51713e-002	-1.34708e-002
1531	 1.5500000000e+003	-4.53886e-002	-1.16430e-002
1532	 1.5510000000e+003	-4.58845e-002	-1.09029e-002
1533	 1.5520000000e+003	-4.67031e-002	-9.55656e-003
1534	 1.5530000000e+003	-4.70595e-002	-8.16322e-003
1535	 1.5540000000e+003	-4.74618e-002	-6.44034e-003
1536	 1.5550000000e+003	-4.79126e-002	-4.70749e-003
1537	 1.5560000000e+003	-4.82025e-002	-3.17263e-003
1538	 1.5570000000e+003	-4.83847e-002	-1.72862e-003
1539	 1.5580000000e+003	-4.85837e-002	-3.79856e-004
1540	 1.5590000000e+003	-4.86591e-002	 1.30975e-003
1541	 1.5600000000e+003	-4.86672e-002	 2.93128e-003
1542	 1.5610000000e+003	-4.87506e-002	 4.68043e-003
1543	 1.5620000000e+003	-4.88455e-002	 6.54773e-003
1544	 1.5630000000e+003	-4.88260e-002	 7.78436e-003
1545	 1.5640000000e+003	-4.86704e-002	 9.69085e-003
1546	 1.5650000000e+003	-4.86268e-002	 1.09655e-002
1547	 1.5660000000e+003	-4.84131e-002	 1.28362e-002
1548	 1.5670000000e+003	-4.82623e-002	 1.46334e-002
1549	 1.5680000000e+003	-4.81707e-002	 1.60542e-002
1550	 1.5690000000e+003	-4.77313e-002	 1.79333e-002
1551	 1.5700000000e+003	-4.74391e-002	 1.96555e-002
1552	 1.5710000000e+003	-4.71593e-002	 2.12111e-002
1553	 1.5720000000e+003	-4.67197e-002	 2.27384e-002
1554	 1.5730000000e+003	-4.62969e-002	 2.46948e-002
1555	 1.5740000000e+003	-4.58763e-002	 2.64667e-002
1556	 1.5750000000e+003	-4.52659e-002	 2.82197e-002
1557	 1.5760000000e+003	-4.44868e-002	 3.04623e-002
1558	 1.5770000000e+003	-4.38757e-002	 3.24098e-002
1559	 1.5780000000e+003	-4.30238e-002	 3.39745e-002
1560	 1.5790000000e+003	-4.21001e-002	 3.56850e-002
1561	 1.5800000000e+003	-4.11972e-002	 3.77905e-002
1562	 1.5810000000e+003	-4.00280e-002	 3.96902e-002
1563	 1.5820000000e+003	-3.90312e-002	 4.11145e-002
1564	 1.5830000000e+003	-3.77435e-002	 4.31937e-002
1565	 1.5840000000e+003	-3.60779e-002	 4.52697e-002
1566	 1.5850000000e+003	-3.47318e-002	 4.67763e-002
1567	 1.5860000000e+003	-3.33097e-002	 4.85855e-002
1568	 1.5870000000e+003	-3.16521e-002	 5.03531e-002
1569	 1.5880000000e+003	-2.97881e-002	 5.20392e-002
1570	 1.5890000000e+003	-2.79264e-002	 5.36856e-002
1571	 1.5900000000e+003	-2.57149e-002	 5.54989e-002
1572	 1.5910000000e+003	-2.39163e-002	 5.67307e-002
1573	 1.5920000000e+003	-2.14004e-002	 5.80548e-002
1574	 1.5930000000e+003	-1.93668e-002	 5.93290e-002
1575	 1.5940000000e+003	-1.69314e-002	 6.04184e-002
1576	 1.5950000000e+003	-1.47548e-002	 6.13862e-002
1577	 1.5960000000e+003	-1.21400e-002	 6.23193e-002
1578	 1.5970000000e+003	-9.42637e-003	 6.33705e-002
1579	 1.5980000000e+003	-7.25198e-003	 6.40460e-002
1580	 1.5990000000e+003	-4.54956e-003	 6.48823e-002
1581	 1.6000000000e+003	-1.80739e-003	 6.55637e-002
1582	 1.6010000000e+003	 2.59248e-004	 6.61012e-002
1583	 1.6020000000e+003	 3.13804e-003	 6.63452e-002
1584	 1.6030000000e+003	 6.29942e-003	 6.67129e-002
1585	 1.6040000000e+003	 8.82946e-003	 6.68063e-002
1586	 1.6050000000e+003	 1.14423e-002	 6.71147e-002
1587	 1.6060000000e+003	 1.45187e-002	 6.70405e-002
1588	 1.6070000000e+003	 1.79967e-002	 6.71002e-002
1589	 1.6080000000e+003	 2.05899e-002	 6.69715e-002
1590	 1.6090000000e+003	 2.37386e-002	 6.67235e-002
1591	 1.6100000000e+003	 2.72828e-002	 6.65095e-002
1592	 1.6110000000e+003	 3.02712e-002	 6.58835e-002
1593	 1.6120000000e+003	 3.31168e-002	 6.49859e-002
1594	 1.6130000000e+003	 3.64342e-002	 6.41109e-002
1595	 1.6140000000e+003	 4.00080e-002	 6.29997e-002
1596	 1.6150000000e+003	 4.34610e-002	 6.15736e-002
1597	 1.6160000000e+003	 4.65946e-002	 5.99942e-002
1598	 1.6170000000e+003	 5.01876e-002	 5.79871e-002
1599	 1.6180000000e+003	 5.32631e-002	 5.62291e-002
1600	 1.6190000000e+003	 5.63788e-002	 5.43108e-002
1601	 1.6200000000e+003	 5.99471e-002	 5.13701e-002
TagsBegin:	 	 	 
OverLoad:	 	False	 
AverageNumber: []	 	 8.80000e+001	 
OverLoadRatio: []	 	 1.19209e-007	 
TagsEnd:	 	 	 
TagScalesBegin:	 	 	 
TagScalesEnd:	 	 	 
