Header Size:	 79	 	 
Pulse Version:	 80	 	 
Running Pulse Version:	PULSE LabShop Fast Track Version 18.1.1.9 - 2014-01-16	 	 
Decimal Symbol:	.	 	 
Date Format:	M/d/yyyy	 	 
Time Format:	HH:mm:ss:mmm	 	 
Data Type:	Complex	 	 
Slice:	False	 	 
Z-Axis type:	Linear	 	 
Z-Axis size:	1	 	 
Z-Axis unit:	 	 	 
Z-Axis first value:	 0.0000000000e+000	 	 
Z-Axis delta:	 1.0000000000e+000	 	 
X-Axis type:	Linear	 	 
X-Axis size:	1601	 	 
X-Axis unit:	Hz	 	 
X-Axis first value:	 2.0000000000e+001	 	 
X-Axis delta:	 1.0000000000e+000	 	 
	 	 	 
AmplitudeUnit:	Pa/Pa	 	 
Analyzer:	FFT_Spectrum_Averaging	 	 
AnalyzerName:	FFT Analyzer	 	 
	 	 	 
	 	 	 
Bipolar:	True	 	 
CenterFrequency:	 8.2000000000e+002	 	 
	 	 	 
	 	 	 
	 	 	 
	 	 	 
dBReference:	 1.0000000000e+000	 	 
	 	 	 
	 	 	 
	 	 	 
Domain:	1	 	 
Function:	Frequency Response	 	 
	 	 	 
InputRange:	-2.0000000000e+002	 	 
	 	 	 
	 	 	 
MultiBufferName:	Input	 	 
NBW:	 1.5000000000e+000	 	 
	 	 	 
OverlapFailed:	False	 	 
Overrun:	False	 	 
Power:	False	 	 
	 	 	 
Ratio:	True	 	 
RecordLength:	 1.0000000000e+000	 	 
ReducedSize:	True	 	 
Ref_Signal:	p	 	 
	 	 	 
	 	 	 
RefSignalUnit:	Pa	 	 
	 	 	 
	 	 	 
Signal:	p_rad	 	 
	 	 	 
SignalUnit:	Pa	 	 
	 	 	 
	 	 	 
	 	 	 
Title:	Transfunction(p_rad,p)	 	 
Title1:	Working : Input : Input : FFT Analyzer	 	 
	 	 	 
	 	 	 
	 	 	 
ZoomOn:	True	 	 
	 	 	 
TemplateName:	Working	 	 
MeasurementName:	Input	 	 
MeasurementSlice:	False	 	 
	 	 	 
	 	 	 
	 	 	 
EnvelopeOn:	False	 	 
	 	 	 
	 	 	 
	 	 	 
Z-index:	 	1	 
Date:	 	5/25/2022	 
Time:	 	10:21:00:374	 
Relative time:	 	 0.00000e+000	 
Z-axis:	 	 0.0000000000e+000	 
1	 2.0000000000e+001	 3.43351e-003	 2.50560e-003
2	 2.1000000000e+001	 2.44394e-003	-2.73588e-004
3	 2.2000000000e+001	 1.00353e-003	-5.89543e-004
4	 2.3000000000e+001	 1.04914e-004	-2.04616e-003
5	 2.4000000000e+001	 7.60351e-004	-9.89126e-004
6	 2.5000000000e+001	 5.30244e-004	-7.55648e-004
7	 2.6000000000e+001	 1.95944e-004	-7.57916e-004
8	 2.7000000000e+001	 5.16025e-004	-7.21552e-004
9	 2.8000000000e+001	 9.93926e-004	-6.51594e-004
10	 2.9000000000e+001	 9.47127e-005	-3.00312e-004
11	 3.0000000000e+001	 4.23127e-004	-2.47196e-004
12	 3.1000000000e+001	 1.08830e-004	-2.36928e-004
13	 3.2000000000e+001	 1.91007e-004	-2.50718e-004
14	 3.3000000000e+001	 4.81864e-004	-2.11845e-004
15	 3.4000000000e+001	 2.31011e-004	-3.36131e-004
16	 3.5000000000e+001	 6.21039e-004	-1.39905e-004
17	 3.6000000000e+001	 8.24140e-004	-1.57036e-004
18	 3.7000000000e+001	 6.31316e-004	-2.82015e-004
19	 3.8000000000e+001	 6.68696e-004	-3.38314e-004
20	 3.9000000000e+001	 6.36840e-004	-4.06267e-004
21	 4.0000000000e+001	 6.16455e-004	-3.23154e-004
22	 4.1000000000e+001	 6.14541e-004	-2.47399e-004
23	 4.2000000000e+001	 5.97383e-004	-3.57289e-004
24	 4.3000000000e+001	 5.72439e-004	-2.56835e-004
25	 4.4000000000e+001	 7.85390e-004	-1.99141e-004
26	 4.5000000000e+001	 5.79337e-004	-2.90920e-004
27	 4.6000000000e+001	 6.61656e-004	-5.08022e-004
28	 4.7000000000e+001	 6.69869e-004	-3.81078e-004
29	 4.8000000000e+001	 7.32868e-004	-3.10261e-004
30	 4.9000000000e+001	 6.78641e-004	-3.52507e-004
31	 5.0000000000e+001	 5.57758e-004	-5.03135e-004
32	 5.1000000000e+001	 7.58588e-004	-3.40622e-004
33	 5.2000000000e+001	 8.51708e-004	-3.94370e-004
34	 5.3000000000e+001	 8.17708e-004	-5.28487e-004
35	 5.4000000000e+001	 8.39683e-004	-5.91312e-004
36	 5.5000000000e+001	 7.94651e-004	-6.99139e-004
37	 5.6000000000e+001	 8.26981e-004	-7.47337e-004
38	 5.7000000000e+001	 9.56922e-004	-7.92161e-004
39	 5.8000000000e+001	 9.50612e-004	-8.83855e-004
40	 5.9000000000e+001	 8.78714e-004	-8.76178e-004
41	 6.0000000000e+001	 8.62269e-004	-8.80595e-004
42	 6.1000000000e+001	 7.73615e-004	-9.12026e-004
43	 6.2000000000e+001	 6.35382e-004	-9.89468e-004
44	 6.3000000000e+001	 5.87200e-004	-9.89008e-004
45	 6.4000000000e+001	 5.63990e-004	-1.03215e-003
46	 6.5000000000e+001	 5.54905e-004	-1.04218e-003
47	 6.6000000000e+001	 5.26905e-004	-1.01515e-003
48	 6.7000000000e+001	 4.96693e-004	-1.04775e-003
49	 6.8000000000e+001	 4.82997e-004	-1.07086e-003
50	 6.9000000000e+001	 4.32315e-004	-1.09524e-003
51	 7.0000000000e+001	 4.10173e-004	-1.11039e-003
52	 7.1000000000e+001	 4.05977e-004	-1.13282e-003
53	 7.2000000000e+001	 3.87137e-004	-1.14166e-003
54	 7.3000000000e+001	 3.70907e-004	-1.16976e-003
55	 7.4000000000e+001	 3.65749e-004	-1.18315e-003
56	 7.5000000000e+001	 3.28988e-004	-1.23513e-003
57	 7.6000000000e+001	 2.77896e-004	-1.25297e-003
58	 7.7000000000e+001	 2.65330e-004	-1.28395e-003
59	 7.8000000000e+001	 1.80877e-004	-1.31820e-003
60	 7.9000000000e+001	 1.50708e-004	-1.27193e-003
61	 8.0000000000e+001	 9.11709e-005	-1.28317e-003
62	 8.1000000000e+001	 2.81892e-005	-1.30836e-003
63	 8.2000000000e+001	-3.55561e-006	-1.33453e-003
64	 8.3000000000e+001	-2.50867e-005	-1.31986e-003
65	 8.4000000000e+001	-1.05444e-004	-1.24352e-003
66	 8.5000000000e+001	-5.36809e-005	-1.24067e-003
67	 8.6000000000e+001	-1.37204e-004	-1.26074e-003
68	 8.7000000000e+001	-1.94117e-004	-1.26555e-003
69	 8.8000000000e+001	-1.72167e-004	-1.29025e-003
70	 8.9000000000e+001	-2.34829e-004	-1.28078e-003
71	 9.0000000000e+001	-2.27970e-004	-1.26175e-003
72	 9.1000000000e+001	-1.05458e-004	-1.23996e-003
73	 9.2000000000e+001	-8.66152e-005	-1.26427e-003
74	 9.3000000000e+001	-1.68044e-004	-1.30185e-003
75	 9.4000000000e+001	-2.31774e-004	-1.28456e-003
76	 9.5000000000e+001	-2.50008e-004	-1.28107e-003
77	 9.6000000000e+001	-1.61645e-004	-1.27877e-003
78	 9.7000000000e+001	-1.26145e-004	-1.33967e-003
79	 9.8000000000e+001	-1.56742e-004	-1.38294e-003
80	 9.9000000000e+001	-1.63794e-004	-1.46260e-003
81	 1.0000000000e+002	-2.08874e-004	-1.44340e-003
82	 1.0100000000e+002	-3.49948e-004	-1.49350e-003
83	 1.0200000000e+002	-3.58813e-004	-1.50901e-003
84	 1.0300000000e+002	-2.32324e-004	-1.59683e-003
85	 1.0400000000e+002	-2.27645e-004	-1.71805e-003
86	 1.0500000000e+002	-2.55774e-004	-1.78896e-003
87	 1.0600000000e+002	-3.10750e-004	-1.86148e-003
88	 1.0700000000e+002	-3.19971e-004	-1.93051e-003
89	 1.0800000000e+002	-3.68970e-004	-2.01087e-003
90	 1.0900000000e+002	-4.25348e-004	-2.05257e-003
91	 1.1000000000e+002	-4.55897e-004	-2.09431e-003
92	 1.1100000000e+002	-4.30612e-004	-2.16583e-003
93	 1.1200000000e+002	-5.09789e-004	-2.35840e-003
94	 1.1300000000e+002	-6.42688e-004	-2.49293e-003
95	 1.1400000000e+002	-6.93555e-004	-2.54450e-003
96	 1.1500000000e+002	-8.40396e-004	-2.64015e-003
97	 1.1600000000e+002	-9.73270e-004	-2.64703e-003
98	 1.1700000000e+002	-9.89825e-004	-2.77632e-003
99	 1.1800000000e+002	-1.08797e-003	-2.89286e-003
100	 1.1900000000e+002	-1.15361e-003	-2.88207e-003
101	 1.2000000000e+002	-1.26507e-003	-3.00187e-003
102	 1.2100000000e+002	-1.40651e-003	-3.13055e-003
103	 1.2200000000e+002	-1.49347e-003	-3.36345e-003
104	 1.2300000000e+002	-1.68533e-003	-3.62607e-003
105	 1.2400000000e+002	-1.90620e-003	-3.78368e-003
106	 1.2500000000e+002	-2.16787e-003	-4.05886e-003
107	 1.2600000000e+002	-2.39204e-003	-4.20101e-003
108	 1.2700000000e+002	-2.76826e-003	-4.47250e-003
109	 1.2800000000e+002	-2.98529e-003	-4.83001e-003
110	 1.2900000000e+002	-3.43104e-003	-5.21312e-003
111	 1.3000000000e+002	-3.89729e-003	-5.52943e-003
112	 1.3100000000e+002	-4.46432e-003	-5.84884e-003
113	 1.3200000000e+002	-4.95260e-003	-6.54816e-003
114	 1.3300000000e+002	-5.98848e-003	-7.05348e-003
115	 1.3400000000e+002	-7.26149e-003	-7.59617e-003
116	 1.3500000000e+002	-8.63677e-003	-8.34822e-003
117	 1.3600000000e+002	-1.09727e-002	-9.15335e-003
118	 1.3700000000e+002	-1.39778e-002	-9.10159e-003
119	 1.3800000000e+002	-1.71690e-002	-9.13862e-003
120	 1.3900000000e+002	-2.20797e-002	-7.96727e-003
121	 1.4000000000e+002	-2.89620e-002	-3.28221e-003
122	 1.4100000000e+002	-3.47084e-002	 5.12243e-003
123	 1.4200000000e+002	-3.39913e-002	 1.81239e-002
124	 1.4300000000e+002	-2.23118e-002	 2.95161e-002
125	 1.4400000000e+002	-9.42240e-003	 3.09775e-002
126	 1.4500000000e+002	-1.69922e-003	 2.76214e-002
127	 1.4600000000e+002	 2.92427e-003	 2.31862e-002
128	 1.4700000000e+002	 4.72334e-003	 1.96209e-002
129	 1.4800000000e+002	 5.73215e-003	 1.67529e-002
130	 1.4900000000e+002	 6.48404e-003	 1.40911e-002
131	 1.5000000000e+002	 7.55961e-003	 1.13757e-002
132	 1.5100000000e+002	 6.61319e-003	 1.06344e-002
133	 1.5200000000e+002	 6.14605e-003	 9.77330e-003
134	 1.5300000000e+002	 6.17209e-003	 8.84161e-003
135	 1.5400000000e+002	 6.14437e-003	 8.03804e-003
136	 1.5500000000e+002	 5.96631e-003	 7.27516e-003
137	 1.5600000000e+002	 5.79763e-003	 6.64653e-003
138	 1.5700000000e+002	 5.71808e-003	 6.09899e-003
139	 1.5800000000e+002	 5.60596e-003	 5.70272e-003
140	 1.5900000000e+002	 5.54297e-003	 5.30296e-003
141	 1.6000000000e+002	 5.43240e-003	 5.03684e-003
142	 1.6100000000e+002	 5.34400e-003	 4.73027e-003
143	 1.6200000000e+002	 5.28115e-003	 4.31918e-003
144	 1.6300000000e+002	 5.25241e-003	 4.08248e-003
145	 1.6400000000e+002	 5.18849e-003	 3.89866e-003
146	 1.6500000000e+002	 5.24409e-003	 3.71389e-003
147	 1.6600000000e+002	 5.25280e-003	 3.48817e-003
148	 1.6700000000e+002	 5.30467e-003	 3.29658e-003
149	 1.6800000000e+002	 5.26371e-003	 3.05229e-003
150	 1.6900000000e+002	 5.28147e-003	 2.85080e-003
151	 1.7000000000e+002	 5.33517e-003	 2.65047e-003
152	 1.7100000000e+002	 5.39102e-003	 2.48598e-003
153	 1.7200000000e+002	 5.44089e-003	 2.27382e-003
154	 1.7300000000e+002	 5.47163e-003	 2.07086e-003
155	 1.7400000000e+002	 5.49143e-003	 1.82503e-003
156	 1.7500000000e+002	 5.52344e-003	 1.58239e-003
157	 1.7600000000e+002	 5.56773e-003	 1.37618e-003
158	 1.7700000000e+002	 5.58784e-003	 1.11993e-003
159	 1.7800000000e+002	 5.59500e-003	 8.11493e-004
160	 1.7900000000e+002	 5.59793e-003	 5.73574e-004
161	 1.8000000000e+002	 5.58143e-003	 3.06353e-004
162	 1.8100000000e+002	 5.49233e-003	-1.16456e-005
163	 1.8200000000e+002	 5.42827e-003	-2.41449e-004
164	 1.8300000000e+002	 5.33550e-003	-6.00356e-004
165	 1.8400000000e+002	 5.23036e-003	-8.69129e-004
166	 1.8500000000e+002	 5.07630e-003	-1.15402e-003
167	 1.8600000000e+002	 4.84158e-003	-1.42993e-003
168	 1.8700000000e+002	 4.61659e-003	-1.65088e-003
169	 1.8800000000e+002	 4.37345e-003	-1.82300e-003
170	 1.8900000000e+002	 4.08635e-003	-1.96979e-003
171	 1.9000000000e+002	 3.80890e-003	-2.04459e-003
172	 1.9100000000e+002	 3.54919e-003	-2.07398e-003
173	 1.9200000000e+002	 3.34590e-003	-2.04265e-003
174	 1.9300000000e+002	 3.13394e-003	-2.00317e-003
175	 1.9400000000e+002	 2.96627e-003	-1.96954e-003
176	 1.9500000000e+002	 2.83055e-003	-1.93406e-003
177	 1.9600000000e+002	 2.77493e-003	-1.92429e-003
178	 1.9700000000e+002	 2.68695e-003	-1.92274e-003
179	 1.9800000000e+002	 2.58303e-003	-1.90871e-003
180	 1.9900000000e+002	 2.52609e-003	-1.92780e-003
181	 2.0000000000e+002	 2.37449e-003	-1.93281e-003
182	 2.0100000000e+002	 2.32061e-003	-1.92131e-003
183	 2.0200000000e+002	 2.27213e-003	-1.92597e-003
184	 2.0300000000e+002	 2.23311e-003	-1.90601e-003
185	 2.0400000000e+002	 2.19372e-003	-1.92297e-003
186	 2.0500000000e+002	 2.13105e-003	-1.92419e-003
187	 2.0600000000e+002	 2.07889e-003	-1.91493e-003
188	 2.0700000000e+002	 2.02624e-003	-1.92519e-003
189	 2.0800000000e+002	 1.99416e-003	-1.93972e-003
190	 2.0900000000e+002	 1.95292e-003	-1.94600e-003
191	 2.1000000000e+002	 1.89249e-003	-1.95323e-003
192	 2.1100000000e+002	 1.84845e-003	-1.97356e-003
193	 2.1200000000e+002	 1.81567e-003	-1.99466e-003
194	 2.1300000000e+002	 1.75873e-003	-2.00818e-003
195	 2.1400000000e+002	 1.71068e-003	-2.04054e-003
196	 2.1500000000e+002	 1.65251e-003	-2.08054e-003
197	 2.1600000000e+002	 1.58695e-003	-2.08986e-003
198	 2.1700000000e+002	 1.54110e-003	-2.09152e-003
199	 2.1800000000e+002	 1.50189e-003	-2.09605e-003
200	 2.1900000000e+002	 1.43417e-003	-2.10716e-003
201	 2.2000000000e+002	 1.37867e-003	-2.10753e-003
202	 2.2100000000e+002	 1.33639e-003	-2.09391e-003
203	 2.2200000000e+002	 1.29285e-003	-2.09674e-003
204	 2.2300000000e+002	 1.24923e-003	-2.10750e-003
205	 2.2400000000e+002	 1.20185e-003	-2.10137e-003
206	 2.2500000000e+002	 1.17268e-003	-2.09615e-003
207	 2.2600000000e+002	 1.14550e-003	-2.09177e-003
208	 2.2700000000e+002	 1.11410e-003	-2.08557e-003
209	 2.2800000000e+002	 1.08864e-003	-2.09083e-003
210	 2.2900000000e+002	 1.05470e-003	-2.08119e-003
211	 2.3000000000e+002	 1.02399e-003	-2.07258e-003
212	 2.3100000000e+002	 1.00425e-003	-2.06019e-003
213	 2.3200000000e+002	 9.84747e-004	-2.07065e-003
214	 2.3300000000e+002	 9.62830e-004	-2.06120e-003
215	 2.3400000000e+002	 9.63296e-004	-2.05293e-003
216	 2.3500000000e+002	 9.57974e-004	-2.05960e-003
217	 2.3600000000e+002	 9.47432e-004	-2.05537e-003
218	 2.3700000000e+002	 9.43620e-004	-2.05197e-003
219	 2.3800000000e+002	 9.48517e-004	-2.07328e-003
220	 2.3900000000e+002	 9.54948e-004	-2.08739e-003
221	 2.4000000000e+002	 9.67189e-004	-2.09788e-003
222	 2.4100000000e+002	 9.74470e-004	-2.11955e-003
223	 2.4200000000e+002	 9.65831e-004	-2.13770e-003
224	 2.4300000000e+002	 9.68157e-004	-2.16264e-003
225	 2.4400000000e+002	 9.97688e-004	-2.19494e-003
226	 2.4500000000e+002	 1.01374e-003	-2.21525e-003
227	 2.4600000000e+002	 1.02639e-003	-2.24482e-003
228	 2.4700000000e+002	 1.06186e-003	-2.29156e-003
229	 2.4800000000e+002	 1.05849e-003	-2.33415e-003
230	 2.4900000000e+002	 1.11338e-003	-2.37888e-003
231	 2.5000000000e+002	 1.37547e-003	-2.54941e-003
232	 2.5100000000e+002	 1.24797e-003	-2.53598e-003
233	 2.5200000000e+002	 1.14822e-003	-2.57116e-003
234	 2.5300000000e+002	 1.17270e-003	-2.66512e-003
235	 2.5400000000e+002	 1.19789e-003	-2.71084e-003
236	 2.5500000000e+002	 1.23293e-003	-2.76644e-003
237	 2.5600000000e+002	 1.28539e-003	-2.86895e-003
238	 2.5700000000e+002	 1.34762e-003	-2.96593e-003
239	 2.5800000000e+002	 1.36033e-003	-3.07196e-003
240	 2.5900000000e+002	 1.39882e-003	-3.20044e-003
241	 2.6000000000e+002	 1.47592e-003	-3.34182e-003
242	 2.6100000000e+002	 1.47456e-003	-3.48344e-003
243	 2.6200000000e+002	 1.47105e-003	-3.68523e-003
244	 2.6300000000e+002	 1.50456e-003	-3.86246e-003
245	 2.6400000000e+002	 1.52359e-003	-4.06061e-003
246	 2.6500000000e+002	 1.50655e-003	-4.24844e-003
247	 2.6600000000e+002	 1.48817e-003	-4.45114e-003
248	 2.6700000000e+002	 1.55634e-003	-4.67578e-003
249	 2.6800000000e+002	 1.42697e-003	-4.87104e-003
250	 2.6900000000e+002	 1.29289e-003	-5.17001e-003
251	 2.7000000000e+002	 1.37273e-003	-5.54536e-003
252	 2.7100000000e+002	 1.28774e-003	-5.89541e-003
253	 2.7200000000e+002	 1.23914e-003	-6.18806e-003
254	 2.7300000000e+002	 1.14432e-003	-6.49323e-003
255	 2.7400000000e+002	 1.03105e-003	-6.93154e-003
256	 2.7500000000e+002	 8.50746e-004	-7.33990e-003
257	 2.7600000000e+002	 6.37463e-004	-7.75042e-003
258	 2.7700000000e+002	 5.65603e-004	-8.24145e-003
259	 2.7800000000e+002	 2.88754e-004	-8.74402e-003
260	 2.7900000000e+002	-1.65687e-004	-9.27355e-003
261	 2.8000000000e+002	-5.62588e-004	-9.86311e-003
262	 2.8100000000e+002	-9.70327e-004	-1.04632e-002
263	 2.8200000000e+002	-1.37879e-003	-1.10943e-002
264	 2.8300000000e+002	-1.99358e-003	-1.17640e-002
265	 2.8400000000e+002	-2.53956e-003	-1.24049e-002
266	 2.8500000000e+002	-3.32631e-003	-1.32511e-002
267	 2.8600000000e+002	-4.28639e-003	-1.41717e-002
268	 2.8700000000e+002	-5.37408e-003	-1.49334e-002
269	 2.8800000000e+002	-6.76908e-003	-1.59743e-002
270	 2.8900000000e+002	-8.38882e-003	-1.69372e-002
271	 2.9000000000e+002	-1.01177e-002	-1.75036e-002
272	 2.9100000000e+002	-1.26532e-002	-1.80902e-002
273	 2.9200000000e+002	-1.50851e-002	-1.87147e-002
274	 2.9300000000e+002	-1.85600e-002	-1.90398e-002
275	 2.9400000000e+002	-2.26460e-002	-1.87190e-002
276	 2.9500000000e+002	-2.75933e-002	-1.81403e-002
277	 2.9600000000e+002	-3.36667e-002	-1.49760e-002
278	 2.9700000000e+002	-3.88706e-002	-1.01583e-002
279	 2.9800000000e+002	-4.25179e-002	-3.25018e-003
280	 2.9900000000e+002	-4.39561e-002	 4.52766e-003
281	 3.0000000000e+002	-4.26088e-002	 1.31779e-002
282	 3.0100000000e+002	-3.82906e-002	 2.23400e-002
283	 3.0200000000e+002	-3.05569e-002	 2.76715e-002
284	 3.0300000000e+002	-2.44653e-002	 3.00254e-002
285	 3.0400000000e+002	-1.95101e-002	 3.06910e-002
286	 3.0500000000e+002	-1.23101e-002	 3.00482e-002
287	 3.0600000000e+002	-8.59207e-003	 2.88591e-002
288	 3.0700000000e+002	-5.58393e-003	 2.74864e-002
289	 3.0800000000e+002	-3.26694e-003	 2.60776e-002
290	 3.0900000000e+002	-9.34280e-004	 2.36923e-002
291	 3.1000000000e+002	 8.12121e-004	 2.18020e-002
292	 3.1100000000e+002	 1.80520e-003	 2.05548e-002
293	 3.1200000000e+002	 2.33653e-003	 1.92000e-002
294	 3.1300000000e+002	 3.25915e-003	 1.82060e-002
295	 3.1400000000e+002	 3.80486e-003	 1.69228e-002
296	 3.1500000000e+002	 4.00778e-003	 1.60268e-002
297	 3.1600000000e+002	 4.73813e-003	 1.51301e-002
298	 3.1700000000e+002	 5.02028e-003	 1.42483e-002
299	 3.1800000000e+002	 5.35228e-003	 1.35220e-002
300	 3.1900000000e+002	 5.61951e-003	 1.27938e-002
301	 3.2000000000e+002	 5.82434e-003	 1.21831e-002
302	 3.2100000000e+002	 5.87441e-003	 1.16484e-002
303	 3.2200000000e+002	 6.13865e-003	 1.09842e-002
304	 3.2300000000e+002	 6.35216e-003	 1.04733e-002
305	 3.2400000000e+002	 6.51842e-003	 9.83540e-003
306	 3.2500000000e+002	 6.57245e-003	 9.37210e-003
307	 3.2600000000e+002	 6.67633e-003	 8.87450e-003
308	 3.2700000000e+002	 6.79158e-003	 8.54543e-003
309	 3.2800000000e+002	 6.83293e-003	 8.13767e-003
310	 3.2900000000e+002	 6.83451e-003	 7.70855e-003
311	 3.3000000000e+002	 6.88561e-003	 7.33156e-003
312	 3.3100000000e+002	 6.94008e-003	 6.99786e-003
313	 3.3200000000e+002	 6.98770e-003	 6.71051e-003
314	 3.3300000000e+002	 7.08587e-003	 6.27359e-003
315	 3.3400000000e+002	 7.03360e-003	 5.96753e-003
316	 3.3500000000e+002	 7.10556e-003	 5.68147e-003
317	 3.3600000000e+002	 7.10561e-003	 5.38468e-003
318	 3.3700000000e+002	 7.11491e-003	 5.08252e-003
319	 3.3800000000e+002	 7.12745e-003	 4.77844e-003
320	 3.3900000000e+002	 7.14198e-003	 4.56752e-003
321	 3.4000000000e+002	 7.14342e-003	 4.34747e-003
322	 3.4100000000e+002	 7.14685e-003	 4.05053e-003
323	 3.4200000000e+002	 7.14283e-003	 3.82886e-003
324	 3.4300000000e+002	 7.12901e-003	 3.51962e-003
325	 3.4400000000e+002	 7.11456e-003	 3.32299e-003
326	 3.4500000000e+002	 7.10424e-003	 3.09323e-003
327	 3.4600000000e+002	 7.05896e-003	 2.86016e-003
328	 3.4700000000e+002	 7.01930e-003	 2.64650e-003
329	 3.4800000000e+002	 6.98761e-003	 2.44809e-003
330	 3.4900000000e+002	 6.95020e-003	 2.24723e-003
331	 3.5000000000e+002	 7.03423e-003	 2.08289e-003
332	 3.5100000000e+002	 6.86739e-003	 1.93066e-003
333	 3.5200000000e+002	 6.78359e-003	 1.76786e-003
334	 3.5300000000e+002	 6.72376e-003	 1.61848e-003
335	 3.5400000000e+002	 6.70305e-003	 1.47924e-003
336	 3.5500000000e+002	 6.67103e-003	 1.34716e-003
337	 3.5600000000e+002	 6.64455e-003	 1.20860e-003
338	 3.5700000000e+002	 6.61443e-003	 1.07329e-003
339	 3.5800000000e+002	 6.58691e-003	 9.50866e-004
340	 3.5900000000e+002	 6.55544e-003	 8.12664e-004
341	 3.6000000000e+002	 6.53975e-003	 6.93407e-004
342	 3.6100000000e+002	 6.51431e-003	 5.68441e-004
343	 3.6200000000e+002	 6.49838e-003	 4.66146e-004
344	 3.6300000000e+002	 6.48247e-003	 3.36769e-004
345	 3.6400000000e+002	 6.45906e-003	 2.39851e-004
346	 3.6500000000e+002	 6.43798e-003	 1.21023e-004
347	 3.6600000000e+002	 6.42979e-003	 9.57121e-006
348	 3.6700000000e+002	 6.42477e-003	-1.00859e-004
349	 3.6800000000e+002	 6.39489e-003	-1.93704e-004
350	 3.6900000000e+002	 6.37874e-003	-2.69245e-004
351	 3.7000000000e+002	 6.39629e-003	-3.87296e-004
352	 3.7100000000e+002	 6.41407e-003	-4.82743e-004
353	 3.7200000000e+002	 6.41788e-003	-5.76293e-004
354	 3.7300000000e+002	 6.40466e-003	-6.88836e-004
355	 3.7400000000e+002	 6.41420e-003	-7.89505e-004
356	 3.7500000000e+002	 6.43020e-003	-8.84476e-004
357	 3.7600000000e+002	 6.43782e-003	-9.86462e-004
358	 3.7700000000e+002	 6.48001e-003	-1.08032e-003
359	 3.7800000000e+002	 6.53412e-003	-1.17492e-003
360	 3.7900000000e+002	 6.57171e-003	-1.29888e-003
361	 3.8000000000e+002	 6.59856e-003	-1.39504e-003
362	 3.8100000000e+002	 6.61746e-003	-1.49376e-003
363	 3.8200000000e+002	 6.65841e-003	-1.61786e-003
364	 3.8300000000e+002	 6.71330e-003	-1.73984e-003
365	 3.8400000000e+002	 6.76254e-003	-1.89464e-003
366	 3.8500000000e+002	 6.80308e-003	-2.00040e-003
367	 3.8600000000e+002	 6.87968e-003	-2.09303e-003
368	 3.8700000000e+002	 6.95197e-003	-2.24512e-003
369	 3.8800000000e+002	 6.98967e-003	-2.39536e-003
370	 3.8900000000e+002	 7.08319e-003	-2.53971e-003
371	 3.9000000000e+002	 7.21467e-003	-2.71661e-003
372	 3.9100000000e+002	 7.31789e-003	-2.83155e-003
373	 3.9200000000e+002	 7.38706e-003	-3.01465e-003
374	 3.9300000000e+002	 7.45154e-003	-3.22312e-003
375	 3.9400000000e+002	 7.59465e-003	-3.46426e-003
376	 3.9500000000e+002	 7.68380e-003	-3.65787e-003
377	 3.9600000000e+002	 7.78295e-003	-3.86771e-003
378	 3.9700000000e+002	 7.90502e-003	-4.16570e-003
379	 3.9800000000e+002	 7.99260e-003	-4.40733e-003
380	 3.9900000000e+002	 8.09300e-003	-4.64419e-003
381	 4.0000000000e+002	 8.16412e-003	-4.88789e-003
382	 4.0100000000e+002	 8.31819e-003	-5.24773e-003
383	 4.0200000000e+002	 8.47725e-003	-5.63952e-003
384	 4.0300000000e+002	 8.59148e-003	-6.01278e-003
385	 4.0400000000e+002	 8.66653e-003	-6.39775e-003
386	 4.0500000000e+002	 8.74718e-003	-6.77534e-003
387	 4.0600000000e+002	 8.84640e-003	-7.17008e-003
388	 4.0700000000e+002	 8.92860e-003	-7.63095e-003
389	 4.0800000000e+002	 8.93069e-003	-8.12156e-003
390	 4.0900000000e+002	 8.98635e-003	-8.60784e-003
391	 4.1000000000e+002	 9.07832e-003	-9.13398e-003
392	 4.1100000000e+002	 9.10905e-003	-9.83891e-003
393	 4.1200000000e+002	 9.05029e-003	-1.03902e-002
394	 4.1300000000e+002	 9.15186e-003	-1.09536e-002
395	 4.1400000000e+002	 9.14091e-003	-1.15914e-002
396	 4.1500000000e+002	 9.19479e-003	-1.22950e-002
397	 4.1600000000e+002	 9.11098e-003	-1.30935e-002
398	 4.1700000000e+002	 9.00309e-003	-1.38698e-002
399	 4.1800000000e+002	 8.99564e-003	-1.47605e-002
400	 4.1900000000e+002	 8.87134e-003	-1.56404e-002
401	 4.2000000000e+002	 8.65518e-003	-1.67031e-002
402	 4.2100000000e+002	 8.32912e-003	-1.77437e-002
403	 4.2200000000e+002	 8.06359e-003	-1.88891e-002
404	 4.2300000000e+002	 7.69584e-003	-2.00185e-002
405	 4.2400000000e+002	 7.27474e-003	-2.11586e-002
406	 4.2500000000e+002	 6.63281e-003	-2.28665e-002
407	 4.2600000000e+002	 6.01005e-003	-2.40671e-002
408	 4.2700000000e+002	 5.01596e-003	-2.58972e-002
409	 4.2800000000e+002	 4.17729e-003	-2.75233e-002
410	 4.2900000000e+002	 3.02742e-003	-2.92957e-002
411	 4.3000000000e+002	 1.45704e-003	-3.11782e-002
412	 4.3100000000e+002	-3.94988e-004	-3.33120e-002
413	 4.3200000000e+002	-2.27631e-003	-3.52010e-002
414	 4.3300000000e+002	-5.16995e-003	-3.75928e-002
415	 4.3400000000e+002	-8.33636e-003	-3.96241e-002
416	 4.3500000000e+002	-1.22654e-002	-4.16099e-002
417	 4.3600000000e+002	-1.65505e-002	-4.30488e-002
418	 4.3700000000e+002	-2.31864e-002	-4.47773e-002
419	 4.3800000000e+002	-2.89042e-002	-4.51623e-002
420	 4.3900000000e+002	-3.59006e-002	-4.42838e-002
421	 4.4000000000e+002	-4.39572e-002	-4.15407e-002
422	 4.4100000000e+002	-5.30568e-002	-3.66916e-002
423	 4.4200000000e+002	-5.88525e-002	-3.13319e-002
424	 4.4300000000e+002	-6.45088e-002	-2.11103e-002
425	 4.4400000000e+002	-6.80852e-002	-9.13844e-003
426	 4.4500000000e+002	-6.78569e-002	 1.21519e-003
427	 4.4600000000e+002	-6.54062e-002	 9.97975e-003
428	 4.4700000000e+002	-6.06354e-002	 1.87271e-002
429	 4.4800000000e+002	-5.43613e-002	 2.54446e-002
430	 4.4900000000e+002	-4.64498e-002	 3.04719e-002
431	 4.5000000000e+002	-3.44129e-002	 3.48706e-002
432	 4.5100000000e+002	-3.28907e-002	 3.51383e-002
433	 4.5200000000e+002	-3.06078e-002	 3.48618e-002
434	 4.5300000000e+002	-2.61749e-002	 3.49234e-002
435	 4.5400000000e+002	-2.26091e-002	 3.44287e-002
436	 4.5500000000e+002	-1.89776e-002	 3.36315e-002
437	 4.5600000000e+002	-1.57136e-002	 3.24671e-002
438	 4.5700000000e+002	-1.33408e-002	 3.15016e-002
439	 4.5800000000e+002	-1.11808e-002	 3.04784e-002
440	 4.5900000000e+002	-9.01915e-003	 2.93214e-002
441	 4.6000000000e+002	-7.31694e-003	 2.82734e-002
442	 4.6100000000e+002	-5.93956e-003	 2.74100e-002
443	 4.6200000000e+002	-4.80738e-003	 2.64134e-002
444	 4.6300000000e+002	-3.32889e-003	 2.52443e-002
445	 4.6400000000e+002	-2.49879e-003	 2.45101e-002
446	 4.6500000000e+002	-1.46289e-003	 2.36624e-002
447	 4.6600000000e+002	-4.75408e-004	 2.28827e-002
448	 4.6700000000e+002	 1.88767e-004	 2.19908e-002
449	 4.6800000000e+002	 6.25993e-004	 2.13616e-002
450	 4.6900000000e+002	 1.28120e-003	 2.06952e-002
451	 4.7000000000e+002	 1.90804e-003	 2.01207e-002
452	 4.7100000000e+002	 2.33105e-003	 1.93904e-002
453	 4.7200000000e+002	 2.94020e-003	 1.87767e-002
454	 4.7300000000e+002	 3.51864e-003	 1.81986e-002
455	 4.7400000000e+002	 3.81692e-003	 1.75547e-002
456	 4.7500000000e+002	 4.13984e-003	 1.71181e-002
457	 4.7600000000e+002	 4.59041e-003	 1.65362e-002
458	 4.7700000000e+002	 4.83446e-003	 1.60945e-002
459	 4.7800000000e+002	 5.03627e-003	 1.56659e-002
460	 4.7900000000e+002	 5.34032e-003	 1.53226e-002
461	 4.8000000000e+002	 5.66148e-003	 1.48293e-002
462	 4.8100000000e+002	 5.96997e-003	 1.44051e-002
463	 4.8200000000e+002	 6.25614e-003	 1.40351e-002
464	 4.8300000000e+002	 6.44121e-003	 1.37056e-002
465	 4.8400000000e+002	 6.66258e-003	 1.32648e-002
466	 4.8500000000e+002	 6.84161e-003	 1.29215e-002
467	 4.8600000000e+002	 7.08004e-003	 1.24991e-002
468	 4.8700000000e+002	 7.28548e-003	 1.21515e-002
469	 4.8800000000e+002	 7.46131e-003	 1.18647e-002
470	 4.8900000000e+002	 7.61839e-003	 1.15120e-002
471	 4.9000000000e+002	 7.81305e-003	 1.10975e-002
472	 4.9100000000e+002	 7.97486e-003	 1.09618e-002
473	 4.9200000000e+002	 8.09759e-003	 1.06500e-002
474	 4.9300000000e+002	 8.28236e-003	 1.02898e-002
475	 4.9400000000e+002	 8.46203e-003	 1.00410e-002
476	 4.9500000000e+002	 8.57348e-003	 9.70290e-003
477	 4.9600000000e+002	 8.71029e-003	 9.43397e-003
478	 4.9700000000e+002	 8.81089e-003	 9.19610e-003
479	 4.9800000000e+002	 8.92571e-003	 8.89849e-003
480	 4.9900000000e+002	 9.05495e-003	 8.63402e-003
481	 5.0000000000e+002	 9.17330e-003	 8.43837e-003
482	 5.0100000000e+002	 9.30058e-003	 8.20198e-003
483	 5.0200000000e+002	 9.40737e-003	 7.92579e-003
484	 5.0300000000e+002	 9.49844e-003	 7.70219e-003
485	 5.0400000000e+002	 9.63167e-003	 7.46206e-003
486	 5.0500000000e+002	 9.73030e-003	 7.27537e-003
487	 5.0600000000e+002	 9.84382e-003	 7.07205e-003
488	 5.0700000000e+002	 9.99254e-003	 6.80839e-003
489	 5.0800000000e+002	 1.00721e-002	 6.63234e-003
490	 5.0900000000e+002	 1.01778e-002	 6.39054e-003
491	 5.1000000000e+002	 1.02830e-002	 6.18956e-003
492	 5.1100000000e+002	 1.03845e-002	 5.96667e-003
493	 5.1200000000e+002	 1.04952e-002	 5.74185e-003
494	 5.1300000000e+002	 1.05866e-002	 5.59324e-003
495	 5.1400000000e+002	 1.06973e-002	 5.40007e-003
496	 5.1500000000e+002	 1.08209e-002	 5.18946e-003
497	 5.1600000000e+002	 1.09726e-002	 5.01959e-003
498	 5.1700000000e+002	 1.10922e-002	 4.82796e-003
499	 5.1800000000e+002	 1.12235e-002	 4.68636e-003
500	 5.1900000000e+002	 1.13832e-002	 4.48109e-003
501	 5.2000000000e+002	 1.15377e-002	 4.22755e-003
502	 5.2100000000e+002	 1.17178e-002	 4.06295e-003
503	 5.2200000000e+002	 1.18530e-002	 3.89966e-003
504	 5.2300000000e+002	 1.21052e-002	 3.68992e-003
505	 5.2400000000e+002	 1.22158e-002	 3.50180e-003
506	 5.2500000000e+002	 1.23598e-002	 3.24182e-003
507	 5.2600000000e+002	 1.25342e-002	 3.03440e-003
508	 5.2700000000e+002	 1.26884e-002	 2.81161e-003
509	 5.2800000000e+002	 1.29184e-002	 2.58280e-003
510	 5.2900000000e+002	 1.30770e-002	 2.36569e-003
511	 5.3000000000e+002	 1.33039e-002	 2.10370e-003
512	 5.3100000000e+002	 1.35154e-002	 1.91281e-003
513	 5.3200000000e+002	 1.37271e-002	 1.63896e-003
514	 5.3300000000e+002	 1.39338e-002	 1.42745e-003
515	 5.3400000000e+002	 1.41961e-002	 1.23037e-003
516	 5.3500000000e+002	 1.44678e-002	 8.96527e-004
517	 5.3600000000e+002	 1.46962e-002	 5.44291e-004
518	 5.3700000000e+002	 1.49608e-002	 2.80627e-004
519	 5.3800000000e+002	 1.52906e-002	-2.87209e-006
520	 5.3900000000e+002	 1.55435e-002	-3.34148e-004
521	 5.4000000000e+002	 1.58772e-002	-7.49741e-004
522	 5.4100000000e+002	 1.63190e-002	-1.21508e-003
523	 5.4200000000e+002	 1.66216e-002	-1.58871e-003
524	 5.4300000000e+002	 1.69319e-002	-2.00892e-003
525	 5.4400000000e+002	 1.72648e-002	-2.51627e-003
526	 5.4500000000e+002	 1.75580e-002	-3.03949e-003
527	 5.4600000000e+002	 1.79785e-002	-3.69376e-003
528	 5.4700000000e+002	 1.83377e-002	-4.22048e-003
529	 5.4800000000e+002	 1.86272e-002	-4.85392e-003
530	 5.4900000000e+002	 1.88781e-002	-5.56385e-003
531	 5.5000000000e+002	 1.89841e-002	-6.06893e-003
532	 5.5100000000e+002	 1.95402e-002	-6.72464e-003
533	 5.5200000000e+002	 2.01096e-002	-7.98195e-003
534	 5.5300000000e+002	 2.02502e-002	-8.86853e-003
535	 5.5400000000e+002	 2.04521e-002	-1.00385e-002
536	 5.5500000000e+002	 2.06208e-002	-1.08496e-002
537	 5.5600000000e+002	 2.08582e-002	-1.20165e-002
538	 5.5700000000e+002	 2.11788e-002	-1.29434e-002
539	 5.5800000000e+002	 2.13699e-002	-1.39742e-002
540	 5.5900000000e+002	 2.16098e-002	-1.52368e-002
541	 5.6000000000e+002	 2.16731e-002	-1.64371e-002
542	 5.6100000000e+002	 2.16483e-002	-1.80353e-002
543	 5.6200000000e+002	 2.15768e-002	-1.95652e-002
544	 5.6300000000e+002	 2.15715e-002	-2.10360e-002
545	 5.6400000000e+002	 2.16208e-002	-2.23701e-002
546	 5.6500000000e+002	 2.12334e-002	-2.43884e-002
547	 5.6600000000e+002	 2.07846e-002	-2.59863e-002
548	 5.6700000000e+002	 2.03641e-002	-2.79157e-002
549	 5.6800000000e+002	 1.99333e-002	-2.99486e-002
550	 5.6900000000e+002	 1.93064e-002	-3.20285e-002
551	 5.7000000000e+002	 1.82739e-002	-3.47002e-002
552	 5.7100000000e+002	 1.73478e-002	-3.64443e-002
553	 5.7200000000e+002	 1.58356e-002	-3.91557e-002
554	 5.7300000000e+002	 1.44222e-002	-4.16045e-002
555	 5.7400000000e+002	 1.26286e-002	-4.42410e-002
556	 5.7500000000e+002	 1.02359e-002	-4.70561e-002
557	 5.7600000000e+002	 7.27741e-003	-4.98085e-002
558	 5.7700000000e+002	 4.86733e-003	-5.22072e-002
559	 5.7800000000e+002	 1.19662e-003	-5.53385e-002
560	 5.7900000000e+002	-3.48597e-003	-5.76683e-002
561	 5.8000000000e+002	-8.22136e-003	-5.98670e-002
562	 5.8100000000e+002	-1.44096e-002	-6.19008e-002
563	 5.8200000000e+002	-2.00254e-002	-6.28356e-002
564	 5.8300000000e+002	-2.75682e-002	-6.30445e-002
565	 5.8400000000e+002	-3.55282e-002	-6.17294e-002
566	 5.8500000000e+002	-4.32956e-002	-5.85787e-002
567	 5.8600000000e+002	-5.00364e-002	-5.42681e-002
568	 5.8700000000e+002	-5.66115e-002	-4.86627e-002
569	 5.8800000000e+002	-6.25859e-002	-4.14453e-002
570	 5.8900000000e+002	-6.66259e-002	-3.41491e-002
571	 5.9000000000e+002	-6.94056e-002	-2.56171e-002
572	 5.9100000000e+002	-6.99354e-002	-1.78300e-002
573	 5.9200000000e+002	-6.92395e-002	-9.81894e-003
574	 5.9300000000e+002	-6.75288e-002	-2.55913e-003
575	 5.9400000000e+002	-6.44895e-002	 3.90107e-003
576	 5.9500000000e+002	-6.09446e-002	 9.29473e-003
577	 5.9600000000e+002	-5.79137e-002	 1.29217e-002
578	 5.9700000000e+002	-5.43054e-002	 1.62062e-002
579	 5.9800000000e+002	-4.99686e-002	 1.98676e-002
580	 5.9900000000e+002	-4.64560e-002	 2.22322e-002
581	 6.0000000000e+002	-4.30900e-002	 2.37833e-002
582	 6.0100000000e+002	-4.01243e-002	 2.49762e-002
583	 6.0200000000e+002	-3.69225e-002	 2.59370e-002
584	 6.0300000000e+002	-3.38539e-002	 2.66204e-002
585	 6.0400000000e+002	-3.12064e-002	 2.70389e-002
586	 6.0500000000e+002	-2.87536e-002	 2.73741e-002
587	 6.0600000000e+002	-2.66101e-002	 2.75938e-002
588	 6.0700000000e+002	-2.43216e-002	 2.77861e-002
589	 6.0800000000e+002	-2.26153e-002	 2.76961e-002
590	 6.0900000000e+002	-2.07179e-002	 2.75235e-002
591	 6.1000000000e+002	-1.88275e-002	 2.73291e-002
592	 6.1100000000e+002	-1.75371e-002	 2.71305e-002
593	 6.1200000000e+002	-1.60455e-002	 2.68174e-002
594	 6.1300000000e+002	-1.47247e-002	 2.65647e-002
595	 6.1400000000e+002	-1.32895e-002	 2.63016e-002
596	 6.1500000000e+002	-1.22030e-002	 2.60596e-002
597	 6.1600000000e+002	-1.11072e-002	 2.57596e-002
598	 6.1700000000e+002	-1.00971e-002	 2.54094e-002
599	 6.1800000000e+002	-9.01258e-003	 2.50912e-002
600	 6.1900000000e+002	-8.11241e-003	 2.48195e-002
601	 6.2000000000e+002	-7.41711e-003	 2.46045e-002
602	 6.2100000000e+002	-6.46501e-003	 2.42256e-002
603	 6.2200000000e+002	-5.65271e-003	 2.38466e-002
604	 6.2300000000e+002	-4.91930e-003	 2.36428e-002
605	 6.2400000000e+002	-4.14540e-003	 2.33057e-002
606	 6.2500000000e+002	-3.47764e-003	 2.30148e-002
607	 6.2600000000e+002	-2.93264e-003	 2.27200e-002
608	 6.2700000000e+002	-2.17145e-003	 2.23494e-002
609	 6.2800000000e+002	-1.56830e-003	 2.20917e-002
610	 6.2900000000e+002	-1.04121e-003	 2.18087e-002
611	 6.3000000000e+002	-4.40938e-004	 2.15073e-002
612	 6.3100000000e+002	 6.10019e-005	 2.12407e-002
613	 6.3200000000e+002	 6.03428e-004	 2.09351e-002
614	 6.3300000000e+002	 1.08685e-003	 2.06678e-002
615	 6.3400000000e+002	 1.61376e-003	 2.03798e-002
616	 6.3500000000e+002	 2.09635e-003	 2.00941e-002
617	 6.3600000000e+002	 2.51266e-003	 1.98666e-002
618	 6.3700000000e+002	 3.03582e-003	 1.95610e-002
619	 6.3800000000e+002	 3.41976e-003	 1.93189e-002
620	 6.3900000000e+002	 3.78384e-003	 1.90561e-002
621	 6.4000000000e+002	 4.23422e-003	 1.88054e-002
622	 6.4100000000e+002	 4.63572e-003	 1.84978e-002
623	 6.4200000000e+002	 4.96629e-003	 1.82434e-002
624	 6.4300000000e+002	 5.31840e-003	 1.79300e-002
625	 6.4400000000e+002	 5.64900e-003	 1.76962e-002
626	 6.4500000000e+002	 5.98999e-003	 1.74848e-002
627	 6.4600000000e+002	 6.38070e-003	 1.72171e-002
628	 6.4700000000e+002	 6.63528e-003	 1.70115e-002
629	 6.4800000000e+002	 6.95806e-003	 1.67348e-002
630	 6.4900000000e+002	 7.24117e-003	 1.65171e-002
631	 6.5000000000e+002	 7.64545e-003	 1.61635e-002
632	 6.5100000000e+002	 7.89389e-003	 1.60686e-002
633	 6.5200000000e+002	 8.05401e-003	 1.60509e-002
634	 6.5300000000e+002	 8.37144e-003	 1.59134e-002
635	 6.5400000000e+002	 8.64734e-003	 1.57948e-002
636	 6.5500000000e+002	 8.94766e-003	 1.56668e-002
637	 6.5600000000e+002	 9.31140e-003	 1.56148e-002
638	 6.5700000000e+002	 9.69680e-003	 1.54404e-002
639	 6.5800000000e+002	 1.00193e-002	 1.52963e-002
640	 6.5900000000e+002	 1.04204e-002	 1.51882e-002
641	 6.6000000000e+002	 1.07167e-002	 1.51072e-002
642	 6.6100000000e+002	 1.10846e-002	 1.49425e-002
643	 6.6200000000e+002	 1.15797e-002	 1.47334e-002
644	 6.6300000000e+002	 1.19841e-002	 1.47260e-002
645	 6.6400000000e+002	 1.23850e-002	 1.46701e-002
646	 6.6500000000e+002	 1.29086e-002	 1.45155e-002
647	 6.6600000000e+002	 1.34118e-002	 1.42592e-002
648	 6.6700000000e+002	 1.39274e-002	 1.40842e-002
649	 6.6800000000e+002	 1.44165e-002	 1.39202e-002
650	 6.6900000000e+002	 1.48746e-002	 1.38215e-002
651	 6.7000000000e+002	 1.53387e-002	 1.35673e-002
652	 6.7100000000e+002	 1.58888e-002	 1.33224e-002
653	 6.7200000000e+002	 1.65391e-002	 1.30588e-002
654	 6.7300000000e+002	 1.71177e-002	 1.28295e-002
655	 6.7400000000e+002	 1.76913e-002	 1.25439e-002
656	 6.7500000000e+002	 1.82929e-002	 1.21301e-002
657	 6.7600000000e+002	 1.88627e-002	 1.18722e-002
658	 6.7700000000e+002	 1.94792e-002	 1.15411e-002
659	 6.7800000000e+002	 2.01362e-002	 1.11145e-002
660	 6.7900000000e+002	 2.07684e-002	 1.06326e-002
661	 6.8000000000e+002	 2.14089e-002	 1.00971e-002
662	 6.8100000000e+002	 2.20681e-002	 9.63808e-003
663	 6.8200000000e+002	 2.27229e-002	 9.02921e-003
664	 6.8300000000e+002	 2.32557e-002	 8.52890e-003
665	 6.8400000000e+002	 2.40140e-002	 7.95120e-003
666	 6.8500000000e+002	 2.46524e-002	 7.13853e-003
667	 6.8600000000e+002	 2.52324e-002	 6.47132e-003
668	 6.8700000000e+002	 2.57435e-002	 5.87742e-003
669	 6.8800000000e+002	 2.63064e-002	 5.20178e-003
670	 6.8900000000e+002	 2.70893e-002	 4.18826e-003
671	 6.9000000000e+002	 2.76294e-002	 3.35031e-003
672	 6.9100000000e+002	 2.81959e-002	 2.58221e-003
673	 6.9200000000e+002	 2.85966e-002	 1.66766e-003
674	 6.9300000000e+002	 2.92720e-002	 5.62361e-004
675	 6.9400000000e+002	 2.97721e-002	-3.77924e-004
676	 6.9500000000e+002	 3.02903e-002	-1.26105e-003
677	 6.9600000000e+002	 3.07167e-002	-2.16691e-003
678	 6.9700000000e+002	 3.11243e-002	-3.33298e-003
679	 6.9800000000e+002	 3.17423e-002	-4.59525e-003
680	 6.9900000000e+002	 3.22532e-002	-5.65611e-003
681	 7.0000000000e+002	 3.26746e-002	-6.83158e-003
682	 7.0100000000e+002	 3.31619e-002	-7.91184e-003
683	 7.0200000000e+002	 3.38037e-002	-9.46867e-003
684	 7.0300000000e+002	 3.42244e-002	-1.10109e-002
685	 7.0400000000e+002	 3.46993e-002	-1.24881e-002
686	 7.0500000000e+002	 3.50796e-002	-1.41645e-002
687	 7.0600000000e+002	 3.55993e-002	-1.59158e-002
688	 7.0700000000e+002	 3.60095e-002	-1.76831e-002
689	 7.0800000000e+002	 3.62345e-002	-2.00019e-002
690	 7.0900000000e+002	 3.65615e-002	-2.17699e-002
691	 7.1000000000e+002	 3.66900e-002	-2.44568e-002
692	 7.1100000000e+002	 3.66213e-002	-2.69349e-002
693	 7.1200000000e+002	 3.66673e-002	-2.91682e-002
694	 7.1300000000e+002	 3.62839e-002	-3.22193e-002
695	 7.1400000000e+002	 3.58642e-002	-3.54500e-002
696	 7.1500000000e+002	 3.53786e-002	-3.80185e-002
697	 7.1600000000e+002	 3.46259e-002	-4.14136e-002
698	 7.1700000000e+002	 3.32548e-002	-4.52125e-002
699	 7.1800000000e+002	 3.16583e-002	-4.91219e-002
700	 7.1900000000e+002	 2.95452e-002	-5.27859e-002
701	 7.2000000000e+002	 2.70214e-002	-5.66536e-002
702	 7.2100000000e+002	 2.40968e-002	-6.04319e-002
703	 7.2200000000e+002	 2.03850e-002	-6.43206e-002
704	 7.2300000000e+002	 1.57270e-002	-6.80539e-002
705	 7.2400000000e+002	 1.03996e-002	-7.11291e-002
706	 7.2500000000e+002	 4.17591e-003	-7.38825e-002
707	 7.2600000000e+002	-2.19239e-003	-7.59524e-002
708	 7.2700000000e+002	-8.23327e-003	-7.69776e-002
709	 7.2800000000e+002	-1.78609e-002	-7.70398e-002
710	 7.2900000000e+002	-2.53681e-002	-7.59158e-002
711	 7.3000000000e+002	-3.18409e-002	-7.43302e-002
712	 7.3100000000e+002	-4.00892e-002	-7.03222e-002
713	 7.3200000000e+002	-4.61679e-002	-6.58254e-002
714	 7.3300000000e+002	-5.17610e-002	-6.07304e-002
715	 7.3400000000e+002	-5.60308e-002	-5.43781e-002
716	 7.3500000000e+002	-5.99315e-002	-4.75897e-002
717	 7.3600000000e+002	-6.22810e-002	-4.09683e-002
718	 7.3700000000e+002	-6.33570e-002	-3.45418e-002
719	 7.3800000000e+002	-6.38534e-002	-2.76978e-002
720	 7.3900000000e+002	-6.36469e-002	-2.23103e-002
721	 7.4000000000e+002	-6.28934e-002	-1.69522e-002
722	 7.4100000000e+002	-6.17934e-002	-1.25518e-002
723	 7.4200000000e+002	-6.04286e-002	-8.13329e-003
724	 7.4300000000e+002	-5.84037e-002	-3.86342e-003
725	 7.4400000000e+002	-5.60692e-002	-5.28403e-004
726	 7.4500000000e+002	-5.39283e-002	 2.54173e-003
727	 7.4600000000e+002	-5.20778e-002	 4.91623e-003
728	 7.4700000000e+002	-4.97803e-002	 7.57928e-003
729	 7.4800000000e+002	-4.79627e-002	 9.69422e-003
730	 7.4900000000e+002	-4.57878e-002	 1.14800e-002
731	 7.5000000000e+002	-4.35817e-002	 1.30067e-002
732	 7.5100000000e+002	-4.16339e-002	 1.43143e-002
733	 7.5200000000e+002	-3.94012e-002	 1.58303e-002
734	 7.5300000000e+002	-3.77497e-002	 1.69323e-002
735	 7.5400000000e+002	-3.60804e-002	 1.77409e-002
736	 7.5500000000e+002	-3.46489e-002	 1.85061e-002
737	 7.5600000000e+002	-3.29362e-002	 1.92377e-002
738	 7.5700000000e+002	-3.12100e-002	 1.99299e-002
739	 7.5800000000e+002	-2.96060e-002	 2.05017e-002
740	 7.5900000000e+002	-2.84055e-002	 2.09034e-002
741	 7.6000000000e+002	-2.69703e-002	 2.12419e-002
742	 7.6100000000e+002	-2.56666e-002	 2.16530e-002
743	 7.6200000000e+002	-2.43879e-002	 2.19275e-002
744	 7.6300000000e+002	-2.30889e-002	 2.21798e-002
745	 7.6400000000e+002	-2.20026e-002	 2.23736e-002
746	 7.6500000000e+002	-2.08729e-002	 2.24596e-002
747	 7.6600000000e+002	-1.99291e-002	 2.26314e-002
748	 7.6700000000e+002	-1.88078e-002	 2.28474e-002
749	 7.6800000000e+002	-1.78432e-002	 2.29534e-002
750	 7.6900000000e+002	-1.69485e-002	 2.30206e-002
751	 7.7000000000e+002	-1.61367e-002	 2.30589e-002
752	 7.7100000000e+002	-1.53219e-002	 2.31356e-002
753	 7.7200000000e+002	-1.44108e-002	 2.32390e-002
754	 7.7300000000e+002	-1.35203e-002	 2.32939e-002
755	 7.7400000000e+002	-1.27615e-002	 2.33085e-002
756	 7.7500000000e+002	-1.18802e-002	 2.33544e-002
757	 7.7600000000e+002	-1.11671e-002	 2.33853e-002
758	 7.7700000000e+002	-1.04172e-002	 2.33387e-002
759	 7.7800000000e+002	-9.74549e-003	 2.32949e-002
760	 7.7900000000e+002	-9.04256e-003	 2.32705e-002
761	 7.8000000000e+002	-8.39953e-003	 2.32115e-002
762	 7.8100000000e+002	-7.71453e-003	 2.31698e-002
763	 7.8200000000e+002	-7.03943e-003	 2.31405e-002
764	 7.8300000000e+002	-6.45682e-003	 2.31297e-002
765	 7.8400000000e+002	-5.89587e-003	 2.31059e-002
766	 7.8500000000e+002	-5.26557e-003	 2.30169e-002
767	 7.8600000000e+002	-4.70984e-003	 2.30010e-002
768	 7.8700000000e+002	-4.18148e-003	 2.29894e-002
769	 7.8800000000e+002	-3.49805e-003	 2.28177e-002
770	 7.8900000000e+002	-2.92329e-003	 2.28393e-002
771	 7.9000000000e+002	-2.36993e-003	 2.28344e-002
772	 7.9100000000e+002	-1.82657e-003	 2.27554e-002
773	 7.9200000000e+002	-1.37948e-003	 2.27000e-002
774	 7.9300000000e+002	-8.57847e-004	 2.27036e-002
775	 7.9400000000e+002	-2.03074e-004	 2.25667e-002
776	 7.9500000000e+002	 3.31293e-004	 2.24710e-002
777	 7.9600000000e+002	 7.77217e-004	 2.24560e-002
778	 7.9700000000e+002	 1.40151e-003	 2.23419e-002
779	 7.9800000000e+002	 1.80688e-003	 2.23049e-002
780	 7.9900000000e+002	 2.37765e-003	 2.22264e-002
781	 8.0000000000e+002	 2.78266e-003	 2.21063e-002
782	 8.0100000000e+002	 3.20178e-003	 2.20467e-002
783	 8.0200000000e+002	 3.91302e-003	 2.20672e-002
784	 8.0300000000e+002	 4.36157e-003	 2.19333e-002
785	 8.0400000000e+002	 4.78584e-003	 2.18650e-002
786	 8.0500000000e+002	 5.34422e-003	 2.18211e-002
787	 8.0600000000e+002	 5.92762e-003	 2.18822e-002
788	 8.0700000000e+002	 6.44149e-003	 2.18368e-002
789	 8.0800000000e+002	 6.90530e-003	 2.17538e-002
790	 8.0900000000e+002	 7.40032e-003	 2.16891e-002
791	 8.1000000000e+002	 7.93483e-003	 2.16354e-002
792	 8.1100000000e+002	 8.51825e-003	 2.16304e-002
793	 8.1200000000e+002	 9.03143e-003	 2.15927e-002
794	 8.1300000000e+002	 9.66552e-003	 2.15438e-002
795	 8.1400000000e+002	 1.03226e-002	 2.15309e-002
796	 8.1500000000e+002	 1.08768e-002	 2.15034e-002
797	 8.1600000000e+002	 1.14887e-002	 2.14218e-002
798	 8.1700000000e+002	 1.21256e-002	 2.13418e-002
799	 8.1800000000e+002	 1.30528e-002	 2.12469e-002
800	 8.1900000000e+002	 1.36911e-002	 2.11752e-002
801	 8.2000000000e+002	 1.44708e-002	 2.09916e-002
802	 8.2100000000e+002	 1.53145e-002	 2.08976e-002
803	 8.2200000000e+002	 1.60882e-002	 2.07514e-002
804	 8.2300000000e+002	 1.67987e-002	 2.05358e-002
805	 8.2400000000e+002	 1.77333e-002	 2.02044e-002
806	 8.2500000000e+002	 1.85878e-002	 1.99409e-002
807	 8.2600000000e+002	 1.93212e-002	 1.97139e-002
808	 8.2700000000e+002	 2.03663e-002	 1.92607e-002
809	 8.2800000000e+002	 2.10759e-002	 1.89668e-002
810	 8.2900000000e+002	 2.20586e-002	 1.86246e-002
811	 8.3000000000e+002	 2.29728e-002	 1.82445e-002
812	 8.3100000000e+002	 2.38371e-002	 1.77148e-002
813	 8.3200000000e+002	 2.47307e-002	 1.72128e-002
814	 8.3300000000e+002	 2.57061e-002	 1.67288e-002
815	 8.3400000000e+002	 2.67551e-002	 1.61593e-002
816	 8.3500000000e+002	 2.78008e-002	 1.55442e-002
817	 8.3600000000e+002	 2.85827e-002	 1.46357e-002
818	 8.3700000000e+002	 2.94659e-002	 1.37425e-002
819	 8.3800000000e+002	 3.05082e-002	 1.30699e-002
820	 8.3900000000e+002	 3.14573e-002	 1.23463e-002
821	 8.4000000000e+002	 3.27232e-002	 1.12909e-002
822	 8.4100000000e+002	 3.34804e-002	 1.03657e-002
823	 8.4200000000e+002	 3.44082e-002	 9.26843e-003
824	 8.4300000000e+002	 3.53316e-002	 8.02341e-003
825	 8.4400000000e+002	 3.62549e-002	 6.74563e-003
826	 8.4500000000e+002	 3.72174e-002	 5.36632e-003
827	 8.4600000000e+002	 3.81330e-002	 4.09220e-003
828	 8.4700000000e+002	 3.86599e-002	 3.00672e-003
829	 8.4800000000e+002	 3.94994e-002	 1.52609e-003
830	 8.4900000000e+002	 4.05638e-002	 5.96458e-005
831	 8.5000000000e+002	 4.07694e-002	-4.50543e-004
832	 8.5100000000e+002	 4.17795e-002	-2.25960e-003
833	 8.5200000000e+002	 4.29594e-002	-5.17350e-003
834	 8.5300000000e+002	 4.37249e-002	-7.17080e-003
835	 8.5400000000e+002	 4.44939e-002	-9.33045e-003
836	 8.5500000000e+002	 4.50001e-002	-1.11290e-002
837	 8.5600000000e+002	 4.55537e-002	-1.34074e-002
838	 8.5700000000e+002	 4.61636e-002	-1.58300e-002
839	 8.5800000000e+002	 4.66249e-002	-1.85113e-002
840	 8.5900000000e+002	 4.68709e-002	-2.11436e-002
841	 8.6000000000e+002	 4.72496e-002	-2.41184e-002
842	 8.6100000000e+002	 4.70737e-002	-2.71338e-002
843	 8.6200000000e+002	 4.69166e-002	-3.06902e-002
844	 8.6300000000e+002	 4.64743e-002	-3.35208e-002
845	 8.6400000000e+002	 4.54869e-002	-3.80047e-002
846	 8.6500000000e+002	 4.45213e-002	-4.13887e-002
847	 8.6600000000e+002	 4.29939e-002	-4.52831e-002
848	 8.6700000000e+002	 4.10473e-002	-4.90659e-002
849	 8.6800000000e+002	 3.81991e-002	-5.35697e-002
850	 8.6900000000e+002	 3.51917e-002	-5.74994e-002
851	 8.7000000000e+002	 3.18234e-002	-6.11722e-002
852	 8.7100000000e+002	 2.81186e-002	-6.41715e-002
853	 8.7200000000e+002	 2.33282e-002	-6.70058e-002
854	 8.7300000000e+002	 1.75540e-002	-7.01328e-002
855	 8.7400000000e+002	 1.21272e-002	-7.23760e-002
856	 8.7500000000e+002	 6.49118e-003	-7.36094e-002
857	 8.7600000000e+002	 3.07682e-004	-7.41700e-002
858	 8.7700000000e+002	-5.76538e-003	-7.36847e-002
859	 8.7800000000e+002	-1.16834e-002	-7.30672e-002
860	 8.7900000000e+002	-1.79513e-002	-7.14116e-002
861	 8.8000000000e+002	-2.27038e-002	-6.93520e-002
862	 8.8100000000e+002	-2.78100e-002	-6.62088e-002
863	 8.8200000000e+002	-3.25678e-002	-6.27503e-002
864	 8.8300000000e+002	-3.67418e-002	-5.85151e-002
865	 8.8400000000e+002	-3.95282e-002	-5.45797e-002
866	 8.8500000000e+002	-4.23429e-002	-5.06568e-002
867	 8.8600000000e+002	-4.45251e-002	-4.66720e-002
868	 8.8700000000e+002	-4.62529e-002	-4.21812e-002
869	 8.8800000000e+002	-4.76107e-002	-3.84529e-002
870	 8.8900000000e+002	-4.84963e-002	-3.41285e-002
871	 8.9000000000e+002	-4.90780e-002	-3.06340e-002
872	 8.9100000000e+002	-4.90801e-002	-2.71460e-002
873	 8.9200000000e+002	-4.90182e-002	-2.36731e-002
874	 8.9300000000e+002	-4.88715e-002	-2.04459e-002
875	 8.9400000000e+002	-4.85111e-002	-1.75299e-002
876	 8.9500000000e+002	-4.81163e-002	-1.51851e-002
877	 8.9600000000e+002	-4.73245e-002	-1.19570e-002
878	 8.9700000000e+002	-4.66307e-002	-9.88165e-003
879	 8.9800000000e+002	-4.59021e-002	-7.57513e-003
880	 8.9900000000e+002	-4.50534e-002	-5.50417e-003
881	 9.0000000000e+002	-4.41407e-002	-3.29778e-003
882	 9.0100000000e+002	-4.30731e-002	-1.33240e-003
883	 9.0200000000e+002	-4.21037e-002	 1.91061e-004
884	 9.0300000000e+002	-4.10025e-002	 1.87817e-003
885	 9.0400000000e+002	-4.00457e-002	 3.23444e-003
886	 9.0500000000e+002	-3.88118e-002	 4.61276e-003
887	 9.0600000000e+002	-3.76391e-002	 6.23316e-003
888	 9.0700000000e+002	-3.67165e-002	 7.26134e-003
889	 9.0800000000e+002	-3.56616e-002	 8.20910e-003
890	 9.0900000000e+002	-3.44713e-002	 9.24780e-003
891	 9.1000000000e+002	-3.33991e-002	 1.01637e-002
892	 9.1100000000e+002	-3.24333e-002	 1.10530e-002
893	 9.1200000000e+002	-3.14904e-002	 1.17990e-002
894	 9.1300000000e+002	-3.03919e-002	 1.25002e-002
895	 9.1400000000e+002	-2.93260e-002	 1.31040e-002
896	 9.1500000000e+002	-2.84324e-002	 1.36432e-002
897	 9.1600000000e+002	-2.75250e-002	 1.42151e-002
898	 9.1700000000e+002	-2.68053e-002	 1.46512e-002
899	 9.1800000000e+002	-2.57883e-002	 1.52464e-002
900	 9.1900000000e+002	-2.49663e-002	 1.56245e-002
901	 9.2000000000e+002	-2.42945e-002	 1.59213e-002
902	 9.2100000000e+002	-2.35661e-002	 1.62259e-002
903	 9.2200000000e+002	-2.28198e-002	 1.65380e-002
904	 9.2300000000e+002	-2.22479e-002	 1.67903e-002
905	 9.2400000000e+002	-2.15174e-002	 1.71152e-002
906	 9.2500000000e+002	-2.08909e-002	 1.74109e-002
907	 9.2600000000e+002	-2.04053e-002	 1.76919e-002
908	 9.2700000000e+002	-1.98124e-002	 1.79310e-002
909	 9.2800000000e+002	-1.92930e-002	 1.82002e-002
910	 9.2900000000e+002	-1.87303e-002	 1.85125e-002
911	 9.3000000000e+002	-1.82966e-002	 1.87799e-002
912	 9.3100000000e+002	-1.77969e-002	 1.91198e-002
913	 9.3200000000e+002	-1.73537e-002	 1.93716e-002
914	 9.3300000000e+002	-1.67874e-002	 1.97324e-002
915	 9.3400000000e+002	-1.63667e-002	 2.00556e-002
916	 9.3500000000e+002	-1.59169e-002	 2.03916e-002
917	 9.3600000000e+002	-1.55662e-002	 2.06820e-002
918	 9.3700000000e+002	-1.50593e-002	 2.10750e-002
919	 9.3800000000e+002	-1.46424e-002	 2.15127e-002
920	 9.3900000000e+002	-1.42049e-002	 2.19172e-002
921	 9.4000000000e+002	-1.36702e-002	 2.22209e-002
922	 9.4100000000e+002	-1.32018e-002	 2.25747e-002
923	 9.4200000000e+002	-1.27611e-002	 2.30053e-002
924	 9.4300000000e+002	-1.20709e-002	 2.36225e-002
925	 9.4400000000e+002	-1.15478e-002	 2.40341e-002
926	 9.4500000000e+002	-1.10127e-002	 2.44166e-002
927	 9.4600000000e+002	-1.04340e-002	 2.48101e-002
928	 9.4700000000e+002	-9.77763e-003	 2.52965e-002
929	 9.4800000000e+002	-8.88701e-003	 2.56828e-002
930	 9.4900000000e+002	-8.31075e-003	 2.60753e-002
931	 9.5000000000e+002	-7.07614e-003	 2.61602e-002
932	 9.5100000000e+002	-6.53238e-003	 2.65042e-002
933	 9.5200000000e+002	-6.06777e-003	 2.71158e-002
934	 9.5300000000e+002	-5.30852e-003	 2.73486e-002
935	 9.5400000000e+002	-4.46280e-003	 2.77298e-002
936	 9.5500000000e+002	-3.51975e-003	 2.81465e-002
937	 9.5600000000e+002	-2.83704e-003	 2.83503e-002
938	 9.5700000000e+002	-1.93912e-003	 2.86579e-002
939	 9.5800000000e+002	-9.73755e-004	 2.88016e-002
940	 9.5900000000e+002	-2.95103e-004	 2.89375e-002
941	 9.6000000000e+002	 6.29678e-004	 2.90970e-002
942	 9.6100000000e+002	 1.58359e-003	 2.93191e-002
943	 9.6200000000e+002	 2.45129e-003	 2.94605e-002
944	 9.6300000000e+002	 3.47767e-003	 2.95247e-002
945	 9.6400000000e+002	 4.46754e-003	 2.95935e-002
946	 9.6500000000e+002	 5.47880e-003	 2.96566e-002
947	 9.6600000000e+002	 6.36689e-003	 2.96669e-002
948	 9.6700000000e+002	 7.54386e-003	 2.95617e-002
949	 9.6800000000e+002	 8.47678e-003	 2.94884e-002
950	 9.6900000000e+002	 9.24723e-003	 2.94531e-002
951	 9.7000000000e+002	 1.02734e-002	 2.91943e-002
952	 9.7100000000e+002	 1.13955e-002	 2.90128e-002
953	 9.7200000000e+002	 1.22539e-002	 2.89099e-002
954	 9.7300000000e+002	 1.32260e-002	 2.88007e-002
955	 9.7400000000e+002	 1.41156e-002	 2.86740e-002
956	 9.7500000000e+002	 1.50268e-002	 2.84375e-002
957	 9.7600000000e+002	 1.61392e-002	 2.81204e-002
958	 9.7700000000e+002	 1.72285e-002	 2.79213e-002
959	 9.7800000000e+002	 1.81114e-002	 2.78534e-002
960	 9.7900000000e+002	 1.91119e-002	 2.74483e-002
961	 9.8000000000e+002	 2.01929e-002	 2.71740e-002
962	 9.8100000000e+002	 2.12508e-002	 2.69729e-002
963	 9.8200000000e+002	 2.23620e-002	 2.66317e-002
964	 9.8300000000e+002	 2.35335e-002	 2.62884e-002
965	 9.8400000000e+002	 2.47068e-002	 2.58138e-002
966	 9.8500000000e+002	 2.60149e-002	 2.53897e-002
967	 9.8600000000e+002	 2.70270e-002	 2.50024e-002
968	 9.8700000000e+002	 2.81960e-002	 2.44699e-002
969	 9.8800000000e+002	 2.93694e-002	 2.38492e-002
970	 9.8900000000e+002	 3.08255e-002	 2.31569e-002
971	 9.9000000000e+002	 3.22107e-002	 2.24631e-002
972	 9.9100000000e+002	 3.33091e-002	 2.19405e-002
973	 9.9200000000e+002	 3.46425e-002	 2.11305e-002
974	 9.9300000000e+002	 3.61890e-002	 1.99945e-002
975	 9.9400000000e+002	 3.74134e-002	 1.90902e-002
976	 9.9500000000e+002	 3.88434e-002	 1.81375e-002
977	 9.9600000000e+002	 4.03006e-002	 1.69376e-002
978	 9.9700000000e+002	 4.18487e-002	 1.57656e-002
979	 9.9800000000e+002	 4.31846e-002	 1.44238e-002
980	 9.9900000000e+002	 4.45730e-002	 1.28696e-002
981	 1.0000000000e+003	 4.61030e-002	 1.14278e-002
982	 1.0010000000e+003	 4.74273e-002	 9.85495e-003
983	 1.0020000000e+003	 4.90137e-002	 8.09462e-003
984	 1.0030000000e+003	 5.08472e-002	 5.96665e-003
985	 1.0040000000e+003	 5.24989e-002	 4.01795e-003
986	 1.0050000000e+003	 5.36494e-002	 1.77687e-003
987	 1.0060000000e+003	 5.53437e-002	-1.00810e-003
988	 1.0070000000e+003	 5.66356e-002	-4.03673e-003
989	 1.0080000000e+003	 5.78092e-002	-6.95335e-003
990	 1.0090000000e+003	 5.87960e-002	-1.01084e-002
991	 1.0100000000e+003	 6.00403e-002	-1.41267e-002
992	 1.0110000000e+003	 6.04650e-002	-1.74179e-002
993	 1.0120000000e+003	 6.05466e-002	-2.14981e-002
994	 1.0130000000e+003	 6.06578e-002	-2.57834e-002
995	 1.0140000000e+003	 6.03661e-002	-3.04815e-002
996	 1.0150000000e+003	 5.95106e-002	-3.56098e-002
997	 1.0160000000e+003	 5.82449e-002	-3.96933e-002
998	 1.0170000000e+003	 5.66160e-002	-4.43139e-002
999	 1.0180000000e+003	 5.37207e-002	-5.02230e-002
1000	 1.0190000000e+003	 5.10607e-002	-5.40229e-002
1001	 1.0200000000e+003	 4.72409e-002	-5.84285e-002
1002	 1.0210000000e+003	 4.30650e-002	-6.23132e-002
1003	 1.0220000000e+003	 3.82919e-002	-6.56722e-002
1004	 1.0230000000e+003	 3.30678e-002	-6.90685e-002
1005	 1.0240000000e+003	 2.80393e-002	-7.14540e-002
1006	 1.0250000000e+003	 2.26762e-002	-7.35438e-002
1007	 1.0260000000e+003	 1.71713e-002	-7.47928e-002
1008	 1.0270000000e+003	 1.04576e-002	-7.50342e-002
1009	 1.0280000000e+003	 5.42015e-003	-7.47836e-002
1010	 1.0290000000e+003	-7.65693e-006	-7.40937e-002
1011	 1.0300000000e+003	-5.44707e-003	-7.26001e-002
1012	 1.0310000000e+003	-9.86312e-003	-7.09973e-002
1013	 1.0320000000e+003	-1.48032e-002	-6.86077e-002
1014	 1.0330000000e+003	-1.89006e-002	-6.64097e-002
1015	 1.0340000000e+003	-2.25749e-002	-6.34197e-002
1016	 1.0350000000e+003	-2.59030e-002	-6.03936e-002
1017	 1.0360000000e+003	-2.85568e-002	-5.75800e-002
1018	 1.0370000000e+003	-3.13950e-002	-5.43853e-002
1019	 1.0380000000e+003	-3.37484e-002	-5.09026e-002
1020	 1.0390000000e+003	-3.53086e-002	-4.84306e-002
1021	 1.0400000000e+003	-3.67122e-002	-4.53716e-002
1022	 1.0410000000e+003	-3.82455e-002	-4.21787e-002
1023	 1.0420000000e+003	-3.93385e-002	-3.93178e-002
1024	 1.0430000000e+003	-4.00711e-002	-3.62820e-002
1025	 1.0440000000e+003	-4.08053e-002	-3.34097e-002
1026	 1.0450000000e+003	-4.12690e-002	-3.07897e-002
1027	 1.0460000000e+003	-4.15652e-002	-2.79095e-002
1028	 1.0470000000e+003	-4.16950e-002	-2.58898e-002
1029	 1.0480000000e+003	-4.17137e-002	-2.34021e-002
1030	 1.0490000000e+003	-4.18700e-002	-2.11118e-002
1031	 1.0500000000e+003	-4.20099e-002	-1.76683e-002
1032	 1.0510000000e+003	-4.16681e-002	-1.59399e-002
1033	 1.0520000000e+003	-4.10426e-002	-1.49964e-002
1034	 1.0530000000e+003	-4.05878e-002	-1.31922e-002
1035	 1.0540000000e+003	-4.01800e-002	-1.16411e-002
1036	 1.0550000000e+003	-3.95702e-002	-9.79869e-003
1037	 1.0560000000e+003	-3.90794e-002	-8.51782e-003
1038	 1.0570000000e+003	-3.86524e-002	-7.06276e-003
1039	 1.0580000000e+003	-3.79923e-002	-5.47526e-003
1040	 1.0590000000e+003	-3.75188e-002	-4.33827e-003
1041	 1.0600000000e+003	-3.69492e-002	-3.15735e-003
1042	 1.0610000000e+003	-3.64673e-002	-2.16965e-003
1043	 1.0620000000e+003	-3.59264e-002	-1.03574e-003
1044	 1.0630000000e+003	-3.53470e-002	-4.39626e-005
1045	 1.0640000000e+003	-3.46911e-002	 1.16965e-003
1046	 1.0650000000e+003	-3.42702e-002	 1.94050e-003
1047	 1.0660000000e+003	-3.37164e-002	 2.83920e-003
1048	 1.0670000000e+003	-3.33135e-002	 3.57436e-003
1049	 1.0680000000e+003	-3.27151e-002	 4.57156e-003
1050	 1.0690000000e+003	-3.22704e-002	 5.32582e-003
1051	 1.0700000000e+003	-3.18530e-002	 6.03206e-003
1052	 1.0710000000e+003	-3.13993e-002	 6.86072e-003
1053	 1.0720000000e+003	-3.10103e-002	 7.52269e-003
1054	 1.0730000000e+003	-3.05065e-002	 8.39821e-003
1055	 1.0740000000e+003	-3.00325e-002	 9.21892e-003
1056	 1.0750000000e+003	-2.96757e-002	 9.83320e-003
1057	 1.0760000000e+003	-2.91990e-002	 1.05576e-002
1058	 1.0770000000e+003	-2.88552e-002	 1.11380e-002
1059	 1.0780000000e+003	-2.83785e-002	 1.19411e-002
1060	 1.0790000000e+003	-2.79027e-002	 1.28253e-002
1061	 1.0800000000e+003	-2.74580e-002	 1.34352e-002
1062	 1.0810000000e+003	-2.70116e-002	 1.41634e-002
1063	 1.0820000000e+003	-2.64250e-002	 1.48873e-002
1064	 1.0830000000e+003	-2.59147e-002	 1.56426e-002
1065	 1.0840000000e+003	-2.54450e-002	 1.63770e-002
1066	 1.0850000000e+003	-2.50667e-002	 1.68748e-002
1067	 1.0860000000e+003	-2.44648e-002	 1.76012e-002
1068	 1.0870000000e+003	-2.38496e-002	 1.83770e-002
1069	 1.0880000000e+003	-2.32627e-002	 1.89515e-002
1070	 1.0890000000e+003	-2.27082e-002	 1.96111e-002
1071	 1.0900000000e+003	-2.21001e-002	 2.03106e-002
1072	 1.0910000000e+003	-2.14497e-002	 2.08850e-002
1073	 1.0920000000e+003	-2.08295e-002	 2.14518e-002
1074	 1.0930000000e+003	-2.00366e-002	 2.21514e-002
1075	 1.0940000000e+003	-1.94950e-002	 2.26395e-002
1076	 1.0950000000e+003	-1.86540e-002	 2.33513e-002
1077	 1.0960000000e+003	-1.80396e-002	 2.38340e-002
1078	 1.0970000000e+003	-1.72861e-002	 2.42945e-002
1079	 1.0980000000e+003	-1.65840e-002	 2.47462e-002
1080	 1.0990000000e+003	-1.58311e-002	 2.51949e-002
1081	 1.1000000000e+003	-1.50297e-002	 2.56943e-002
1082	 1.1010000000e+003	-1.44006e-002	 2.60683e-002
1083	 1.1020000000e+003	-1.36248e-002	 2.65014e-002
1084	 1.1030000000e+003	-1.28919e-002	 2.68675e-002
1085	 1.1040000000e+003	-1.19579e-002	 2.72206e-002
1086	 1.1050000000e+003	-1.12437e-002	 2.76897e-002
1087	 1.1060000000e+003	-1.06404e-002	 2.80558e-002
1088	 1.1070000000e+003	-9.80543e-003	 2.83318e-002
1089	 1.1080000000e+003	-8.77025e-003	 2.87356e-002
1090	 1.1090000000e+003	-8.07350e-003	 2.90366e-002
1091	 1.1100000000e+003	-7.19164e-003	 2.93160e-002
1092	 1.1110000000e+003	-6.46330e-003	 2.96346e-002
1093	 1.1120000000e+003	-5.69792e-003	 2.99207e-002
1094	 1.1130000000e+003	-4.70084e-003	 3.01731e-002
1095	 1.1140000000e+003	-3.77708e-003	 3.04315e-002
1096	 1.1150000000e+003	-2.99857e-003	 3.05885e-002
1097	 1.1160000000e+003	-2.13917e-003	 3.07505e-002
1098	 1.1170000000e+003	-1.16902e-003	 3.08929e-002
1099	 1.1180000000e+003	-3.07045e-004	 3.11400e-002
1100	 1.1190000000e+003	 6.35219e-004	 3.13989e-002
1101	 1.1200000000e+003	 1.52789e-003	 3.15047e-002
1102	 1.1210000000e+003	 2.24105e-003	 3.16438e-002
1103	 1.1220000000e+003	 3.40763e-003	 3.17775e-002
1104	 1.1230000000e+003	 4.46022e-003	 3.17935e-002
1105	 1.1240000000e+003	 5.43277e-003	 3.16332e-002
1106	 1.1250000000e+003	 6.57163e-003	 3.17194e-002
1107	 1.1260000000e+003	 7.48223e-003	 3.19260e-002
1108	 1.1270000000e+003	 8.59555e-003	 3.18602e-002
1109	 1.1280000000e+003	 9.48274e-003	 3.18012e-002
1110	 1.1290000000e+003	 1.03759e-002	 3.15705e-002
1111	 1.1300000000e+003	 1.12387e-002	 3.16542e-002
1112	 1.1310000000e+003	 1.20226e-002	 3.17258e-002
1113	 1.1320000000e+003	 1.32314e-002	 3.14635e-002
1114	 1.1330000000e+003	 1.41414e-002	 3.15453e-002
1115	 1.1340000000e+003	 1.50872e-002	 3.17320e-002
1116	 1.1350000000e+003	 1.62481e-002	 3.15334e-002
1117	 1.1360000000e+003	 1.75209e-002	 3.11825e-002
1118	 1.1370000000e+003	 1.84705e-002	 3.13146e-002
1119	 1.1380000000e+003	 1.96134e-002	 3.12520e-002
1120	 1.1390000000e+003	 2.08025e-002	 3.10876e-002
1121	 1.1400000000e+003	 2.20924e-002	 3.09170e-002
1122	 1.1410000000e+003	 2.34806e-002	 3.08535e-002
1123	 1.1420000000e+003	 2.48210e-002	 3.06667e-002
1124	 1.1430000000e+003	 2.63390e-002	 3.03226e-002
1125	 1.1440000000e+003	 2.79244e-002	 3.00122e-002
1126	 1.1450000000e+003	 2.91298e-002	 3.01202e-002
1127	 1.1460000000e+003	 3.11889e-002	 2.96129e-002
1128	 1.1470000000e+003	 3.28318e-002	 2.88940e-002
1129	 1.1480000000e+003	 3.46269e-002	 2.86535e-002
1130	 1.1490000000e+003	 3.64445e-002	 2.82260e-002
1131	 1.1500000000e+003	 3.87061e-002	 2.61569e-002
1132	 1.1510000000e+003	 4.13015e-002	 2.50547e-002
1133	 1.1520000000e+003	 4.32274e-002	 2.54246e-002
1134	 1.1530000000e+003	 4.52599e-002	 2.39258e-002
1135	 1.1540000000e+003	 4.74568e-002	 2.27122e-002
1136	 1.1550000000e+003	 4.99544e-002	 2.11175e-002
1137	 1.1560000000e+003	 5.26869e-002	 1.88465e-002
1138	 1.1570000000e+003	 5.52134e-002	 1.67904e-002
1139	 1.1580000000e+003	 5.74192e-002	 1.41020e-002
1140	 1.1590000000e+003	 5.96356e-002	 1.11890e-002
1141	 1.1600000000e+003	 6.18241e-002	 7.77857e-003
1142	 1.1610000000e+003	 6.36421e-002	 4.29634e-003
1143	 1.1620000000e+003	 6.50017e-002	 3.76162e-004
1144	 1.1630000000e+003	 6.66480e-002	-4.54627e-003
1145	 1.1640000000e+003	 6.76795e-002	-9.53713e-003
1146	 1.1650000000e+003	 6.81051e-002	-1.27037e-002
1147	 1.1660000000e+003	 6.80886e-002	-1.88879e-002
1148	 1.1670000000e+003	 6.77686e-002	-2.37597e-002
1149	 1.1680000000e+003	 6.66989e-002	-2.87221e-002
1150	 1.1690000000e+003	 6.51175e-002	-3.40198e-002
1151	 1.1700000000e+003	 6.26801e-002	-3.94058e-002
1152	 1.1710000000e+003	 5.98342e-002	-4.33679e-002
1153	 1.1720000000e+003	 5.62323e-002	-4.84200e-002
1154	 1.1730000000e+003	 5.28383e-002	-5.22632e-002
1155	 1.1740000000e+003	 4.86966e-002	-5.55588e-002
1156	 1.1750000000e+003	 4.40181e-002	-5.84433e-002
1157	 1.1760000000e+003	 3.87015e-002	-6.11867e-002
1158	 1.1770000000e+003	 3.37856e-002	-6.29293e-002
1159	 1.1780000000e+003	 2.98037e-002	-6.40991e-002
1160	 1.1790000000e+003	 2.44967e-002	-6.50407e-002
1161	 1.1800000000e+003	 1.93780e-002	-6.57132e-002
1162	 1.1810000000e+003	 1.52325e-002	-6.57159e-002
1163	 1.1820000000e+003	 1.08989e-002	-6.49670e-002
1164	 1.1830000000e+003	 6.97920e-003	-6.42524e-002
1165	 1.1840000000e+003	 2.68083e-003	-6.31068e-002
1166	 1.1850000000e+003	-1.17479e-004	-6.22572e-002
1167	 1.1860000000e+003	-3.92687e-003	-6.03947e-002
1168	 1.1870000000e+003	-7.10037e-003	-5.87685e-002
1169	 1.1880000000e+003	-1.00018e-002	-5.70540e-002
1170	 1.1890000000e+003	-1.24312e-002	-5.51752e-002
1171	 1.1900000000e+003	-1.50926e-002	-5.28752e-002
1172	 1.1910000000e+003	-1.66219e-002	-5.13119e-002
1173	 1.1920000000e+003	-1.90330e-002	-4.87536e-002
1174	 1.1930000000e+003	-2.02883e-002	-4.73965e-002
1175	 1.1940000000e+003	-2.17038e-002	-4.56634e-002
1176	 1.1950000000e+003	-2.32069e-002	-4.34039e-002
1177	 1.1960000000e+003	-2.43946e-002	-4.17250e-002
1178	 1.1970000000e+003	-2.56206e-002	-3.96198e-002
1179	 1.1980000000e+003	-2.65057e-002	-3.80206e-002
1180	 1.1990000000e+003	-2.76233e-002	-3.59039e-002
1181	 1.2000000000e+003	-2.82095e-002	-3.43779e-002
1182	 1.2010000000e+003	-2.88797e-002	-3.25955e-002
1183	 1.2020000000e+003	-2.93929e-002	-3.11742e-002
1184	 1.2030000000e+003	-2.99365e-002	-2.97121e-002
1185	 1.2040000000e+003	-3.04399e-002	-2.81377e-002
1186	 1.2050000000e+003	-3.09934e-002	-2.65796e-002
1187	 1.2060000000e+003	-3.12971e-002	-2.53430e-002
1188	 1.2070000000e+003	-3.16919e-002	-2.38301e-002
1189	 1.2080000000e+003	-3.20027e-002	-2.25769e-002
1190	 1.2090000000e+003	-3.23593e-002	-2.13518e-002
1191	 1.2100000000e+003	-3.26177e-002	-2.00374e-002
1192	 1.2110000000e+003	-3.28336e-002	-1.87316e-002
1193	 1.2120000000e+003	-3.31525e-002	-1.75847e-002
1194	 1.2130000000e+003	-3.33905e-002	-1.63222e-002
1195	 1.2140000000e+003	-3.35179e-002	-1.51110e-002
1196	 1.2150000000e+003	-3.37784e-002	-1.36866e-002
1197	 1.2160000000e+003	-3.39581e-002	-1.24600e-002
1198	 1.2170000000e+003	-3.40448e-002	-1.13338e-002
1199	 1.2180000000e+003	-3.40419e-002	-1.01850e-002
1200	 1.2190000000e+003	-3.40131e-002	-8.94082e-003
1201	 1.2200000000e+003	-3.40985e-002	-7.57786e-003
1202	 1.2210000000e+003	-3.40394e-002	-6.51964e-003
1203	 1.2220000000e+003	-3.39983e-002	-5.28255e-003
1204	 1.2230000000e+003	-3.39283e-002	-4.31627e-003
1205	 1.2240000000e+003	-3.37786e-002	-3.07358e-003
1206	 1.2250000000e+003	-3.36043e-002	-1.91634e-003
1207	 1.2260000000e+003	-3.34119e-002	-7.68488e-004
1208	 1.2270000000e+003	-3.31794e-002	 4.25199e-004
1209	 1.2280000000e+003	-3.28740e-002	 1.44100e-003
1210	 1.2290000000e+003	-3.25747e-002	 2.51052e-003
1211	 1.2300000000e+003	-3.22637e-002	 3.38964e-003
1212	 1.2310000000e+003	-3.17990e-002	 4.58125e-003
1213	 1.2320000000e+003	-3.13855e-002	 5.52888e-003
1214	 1.2330000000e+003	-3.10080e-002	 6.35639e-003
1215	 1.2340000000e+003	-3.06174e-002	 7.49842e-003
1216	 1.2350000000e+003	-3.02938e-002	 8.45868e-003
1217	 1.2360000000e+003	-2.99048e-002	 9.26441e-003
1218	 1.2370000000e+003	-2.91673e-002	 1.02230e-002
1219	 1.2380000000e+003	-2.87201e-002	 1.09743e-002
1220	 1.2390000000e+003	-2.82162e-002	 1.17098e-002
1221	 1.2400000000e+003	-2.75189e-002	 1.26716e-002
1222	 1.2410000000e+003	-2.69527e-002	 1.34647e-002
1223	 1.2420000000e+003	-2.64046e-002	 1.42987e-002
1224	 1.2430000000e+003	-2.57154e-002	 1.48870e-002
1225	 1.2440000000e+003	-2.50628e-002	 1.54157e-002
1226	 1.2450000000e+003	-2.43999e-002	 1.61716e-002
1227	 1.2460000000e+003	-2.37943e-002	 1.66573e-002
1228	 1.2470000000e+003	-2.29673e-002	 1.72317e-002
1229	 1.2480000000e+003	-2.23535e-002	 1.77507e-002
1230	 1.2490000000e+003	-2.16434e-002	 1.82369e-002
1231	 1.2500000000e+003	-2.08316e-002	 1.84579e-002
1232	 1.2510000000e+003	-2.02334e-002	 1.89235e-002
1233	 1.2520000000e+003	-1.98076e-002	 1.97688e-002
1234	 1.2530000000e+003	-1.91033e-002	 1.99751e-002
1235	 1.2540000000e+003	-1.85620e-002	 2.04431e-002
1236	 1.2550000000e+003	-1.79352e-002	 2.07592e-002
1237	 1.2560000000e+003	-1.71302e-002	 2.09480e-002
1238	 1.2570000000e+003	-1.67857e-002	 2.13972e-002
1239	 1.2580000000e+003	-1.63849e-002	 2.17207e-002
1240	 1.2590000000e+003	-1.57415e-002	 2.19335e-002
1241	 1.2600000000e+003	-1.50101e-002	 2.22211e-002
1242	 1.2610000000e+003	-1.45702e-002	 2.24622e-002
1243	 1.2620000000e+003	-1.40598e-002	 2.27526e-002
1244	 1.2630000000e+003	-1.36770e-002	 2.32468e-002
1245	 1.2640000000e+003	-1.31900e-002	 2.35231e-002
1246	 1.2650000000e+003	-1.27253e-002	 2.38364e-002
1247	 1.2660000000e+003	-1.22453e-002	 2.42898e-002
1248	 1.2670000000e+003	-1.18299e-002	 2.43568e-002
1249	 1.2680000000e+003	-1.15125e-002	 2.46283e-002
1250	 1.2690000000e+003	-1.11431e-002	 2.52376e-002
1251	 1.2700000000e+003	-1.06555e-002	 2.56271e-002
1252	 1.2710000000e+003	-1.00772e-002	 2.61204e-002
1253	 1.2720000000e+003	-9.49848e-003	 2.66331e-002
1254	 1.2730000000e+003	-9.01111e-003	 2.68132e-002
1255	 1.2740000000e+003	-8.73096e-003	 2.76956e-002
1256	 1.2750000000e+003	-8.45893e-003	 2.82971e-002
1257	 1.2760000000e+003	-7.80057e-003	 2.88313e-002
1258	 1.2770000000e+003	-6.93927e-003	 2.94125e-002
1259	 1.2780000000e+003	-6.20682e-003	 2.99320e-002
1260	 1.2790000000e+003	-5.27813e-003	 3.07697e-002
1261	 1.2800000000e+003	-4.62437e-003	 3.16441e-002
1262	 1.2810000000e+003	-3.74518e-003	 3.23297e-002
1263	 1.2820000000e+003	-2.86620e-003	 3.29066e-002
1264	 1.2830000000e+003	-1.88986e-003	 3.35239e-002
1265	 1.2840000000e+003	-8.25635e-004	 3.40730e-002
1266	 1.2850000000e+003	 1.98894e-004	 3.46444e-002
1267	 1.2860000000e+003	 1.27998e-003	 3.53576e-002
1268	 1.2870000000e+003	 2.43783e-003	 3.56496e-002
1269	 1.2880000000e+003	 3.73307e-003	 3.61141e-002
1270	 1.2890000000e+003	 5.37304e-003	 3.68035e-002
1271	 1.2900000000e+003	 6.78157e-003	 3.73395e-002
1272	 1.2910000000e+003	 8.34697e-003	 3.77718e-002
1273	 1.2920000000e+003	 9.84843e-003	 3.82617e-002
1274	 1.2930000000e+003	 1.15272e-002	 3.84054e-002
1275	 1.2940000000e+003	 1.36452e-002	 3.86836e-002
1276	 1.2950000000e+003	 1.53561e-002	 3.90595e-002
1277	 1.2960000000e+003	 1.68739e-002	 3.89399e-002
1278	 1.2970000000e+003	 1.91186e-002	 3.88536e-002
1279	 1.2980000000e+003	 2.11862e-002	 3.87573e-002
1280	 1.2990000000e+003	 2.33149e-002	 3.84918e-002
1281	 1.3000000000e+003	 2.53736e-002	 3.83787e-002
1282	 1.3010000000e+003	 2.76143e-002	 3.79996e-002
1283	 1.3020000000e+003	 2.95397e-002	 3.74806e-002
1284	 1.3030000000e+003	 3.15191e-002	 3.67765e-002
1285	 1.3040000000e+003	 3.39357e-002	 3.60753e-002
1286	 1.3050000000e+003	 3.65026e-002	 3.47932e-002
1287	 1.3060000000e+003	 3.91178e-002	 3.33978e-002
1288	 1.3070000000e+003	 4.10745e-002	 3.21869e-002
1289	 1.3080000000e+003	 4.36922e-002	 3.02443e-002
1290	 1.3090000000e+003	 4.60659e-002	 2.84759e-002
1291	 1.3100000000e+003	 4.79048e-002	 2.70253e-002
1292	 1.3110000000e+003	 5.05806e-002	 2.44478e-002
1293	 1.3120000000e+003	 5.33099e-002	 2.11811e-002
1294	 1.3130000000e+003	 5.46395e-002	 1.88074e-002
1295	 1.3140000000e+003	 5.59422e-002	 1.63031e-002
1296	 1.3150000000e+003	 5.77336e-002	 1.33087e-002
1297	 1.3160000000e+003	 5.91174e-002	 9.22922e-003
1298	 1.3170000000e+003	 6.00107e-002	 6.15507e-003
1299	 1.3180000000e+003	 6.08709e-002	 2.36507e-003
1300	 1.3190000000e+003	 6.14656e-002	-1.24573e-003
1301	 1.3200000000e+003	 6.16017e-002	-4.96536e-003
1302	 1.3210000000e+003	 6.14064e-002	-9.35213e-003
1303	 1.3220000000e+003	 6.08462e-002	-1.24293e-002
1304	 1.3230000000e+003	 6.01410e-002	-1.67004e-002
1305	 1.3240000000e+003	 5.87855e-002	-2.07210e-002
1306	 1.3250000000e+003	 5.72855e-002	-2.36154e-002
1307	 1.3260000000e+003	 5.51944e-002	-2.70247e-002
1308	 1.3270000000e+003	 5.28726e-002	-3.05543e-002
1309	 1.3280000000e+003	 5.07313e-002	-3.37180e-002
1310	 1.3290000000e+003	 4.87902e-002	-3.62917e-002
1311	 1.3300000000e+003	 4.63317e-002	-3.84127e-002
1312	 1.3310000000e+003	 4.32150e-002	-4.09784e-002
1313	 1.3320000000e+003	 4.03935e-002	-4.29622e-002
1314	 1.3330000000e+003	 3.75698e-002	-4.43206e-002
1315	 1.3340000000e+003	 3.47820e-002	-4.57532e-002
1316	 1.3350000000e+003	 3.16873e-002	-4.70001e-002
1317	 1.3360000000e+003	 2.86947e-002	-4.81142e-002
1318	 1.3370000000e+003	 2.62989e-002	-4.88162e-002
1319	 1.3380000000e+003	 2.31523e-002	-4.95364e-002
1320	 1.3390000000e+003	 2.03677e-002	-4.96247e-002
1321	 1.3400000000e+003	 1.75883e-002	-4.97844e-002
1322	 1.3410000000e+003	 1.49691e-002	-4.99755e-002
1323	 1.3420000000e+003	 1.28674e-002	-4.98249e-002
1324	 1.3430000000e+003	 1.02690e-002	-4.98360e-002
1325	 1.3440000000e+003	 7.38931e-003	-4.93436e-002
1326	 1.3450000000e+003	 5.47155e-003	-4.90439e-002
1327	 1.3460000000e+003	 3.23173e-003	-4.86273e-002
1328	 1.3470000000e+003	 9.69839e-004	-4.78444e-002
1329	 1.3480000000e+003	-1.30110e-003	-4.71686e-002
1330	 1.3490000000e+003	-3.26790e-003	-4.64130e-002
1331	 1.3500000000e+003	-4.96614e-003	-4.51245e-002
1332	 1.3510000000e+003	-6.55744e-003	-4.44760e-002
1333	 1.3520000000e+003	-8.49598e-003	-4.40088e-002
1334	 1.3530000000e+003	-1.03305e-002	-4.29946e-002
1335	 1.3540000000e+003	-1.22008e-002	-4.19208e-002
1336	 1.3550000000e+003	-1.34961e-002	-4.09225e-002
1337	 1.3560000000e+003	-1.49266e-002	-3.99866e-002
1338	 1.3570000000e+003	-1.63172e-002	-3.87962e-002
1339	 1.3580000000e+003	-1.75624e-002	-3.77213e-002
1340	 1.3590000000e+003	-1.88319e-002	-3.62246e-002
1341	 1.3600000000e+003	-1.98777e-002	-3.51490e-002
1342	 1.3610000000e+003	-2.10929e-002	-3.39009e-002
1343	 1.3620000000e+003	-2.20574e-002	-3.26377e-002
1344	 1.3630000000e+003	-2.29235e-002	-3.12459e-002
1345	 1.3640000000e+003	-2.38077e-002	-2.97718e-002
1346	 1.3650000000e+003	-2.44771e-002	-2.84088e-002
1347	 1.3660000000e+003	-2.51789e-002	-2.71725e-002
1348	 1.3670000000e+003	-2.56809e-002	-2.58285e-002
1349	 1.3680000000e+003	-2.62545e-002	-2.45468e-002
1350	 1.3690000000e+003	-2.65696e-002	-2.31722e-002
1351	 1.3700000000e+003	-2.70231e-002	-2.17938e-002
1352	 1.3710000000e+003	-2.73198e-002	-2.06749e-002
1353	 1.3720000000e+003	-2.75747e-002	-1.93619e-002
1354	 1.3730000000e+003	-2.77493e-002	-1.83424e-002
1355	 1.3740000000e+003	-2.78436e-002	-1.70252e-002
1356	 1.3750000000e+003	-2.79876e-002	-1.59164e-002
1357	 1.3760000000e+003	-2.80897e-002	-1.49361e-002
1358	 1.3770000000e+003	-2.79947e-002	-1.37999e-002
1359	 1.3780000000e+003	-2.79032e-002	-1.30574e-002
1360	 1.3790000000e+003	-2.77802e-002	-1.20843e-002
1361	 1.3800000000e+003	-2.77306e-002	-1.10265e-002
1362	 1.3810000000e+003	-2.77143e-002	-1.02856e-002
1363	 1.3820000000e+003	-2.76813e-002	-9.47715e-003
1364	 1.3830000000e+003	-2.73982e-002	-8.68252e-003
1365	 1.3840000000e+003	-2.72487e-002	-7.93515e-003
1366	 1.3850000000e+003	-2.71709e-002	-7.38405e-003
1367	 1.3860000000e+003	-2.71009e-002	-6.65317e-003
1368	 1.3870000000e+003	-2.69491e-002	-5.92517e-003
1369	 1.3880000000e+003	-2.67734e-002	-5.46470e-003
1370	 1.3890000000e+003	-2.65806e-002	-4.82855e-003
1371	 1.3900000000e+003	-2.65144e-002	-4.25565e-003
1372	 1.3910000000e+003	-2.63417e-002	-3.68875e-003
1373	 1.3920000000e+003	-2.63169e-002	-3.27923e-003
1374	 1.3930000000e+003	-2.63155e-002	-2.88969e-003
1375	 1.3940000000e+003	-2.62492e-002	-2.61077e-003
1376	 1.3950000000e+003	-2.62062e-002	-2.07995e-003
1377	 1.3960000000e+003	-2.63555e-002	-1.48187e-003
1378	 1.3970000000e+003	-2.64881e-002	-9.64445e-004
1379	 1.3980000000e+003	-2.65266e-002	-6.57621e-004
1380	 1.3990000000e+003	-2.65851e-002	-2.87299e-004
1381	 1.4000000000e+003	-2.66306e-002	 1.97159e-004
1382	 1.4010000000e+003	-2.68282e-002	 6.96427e-004
1383	 1.4020000000e+003	-2.71163e-002	 1.16849e-003
1384	 1.4030000000e+003	-2.72905e-002	 1.88005e-003
1385	 1.4040000000e+003	-2.74188e-002	 2.35863e-003
1386	 1.4050000000e+003	-2.75111e-002	 2.91477e-003
1387	 1.4060000000e+003	-2.76662e-002	 3.47265e-003
1388	 1.4070000000e+003	-2.79142e-002	 4.17045e-003
1389	 1.4080000000e+003	-2.82633e-002	 4.88499e-003
1390	 1.4090000000e+003	-2.84937e-002	 5.31791e-003
1391	 1.4100000000e+003	-2.84687e-002	 6.07086e-003
1392	 1.4110000000e+003	-2.87189e-002	 6.57456e-003
1393	 1.4120000000e+003	-2.91558e-002	 7.34268e-003
1394	 1.4130000000e+003	-2.93597e-002	 8.35285e-003
1395	 1.4140000000e+003	-2.94950e-002	 9.17682e-003
1396	 1.4150000000e+003	-2.97530e-002	 1.01077e-002
1397	 1.4160000000e+003	-2.98083e-002	 1.11015e-002
1398	 1.4170000000e+003	-3.00486e-002	 1.20660e-002
1399	 1.4180000000e+003	-3.03098e-002	 1.28843e-002
1400	 1.4190000000e+003	-3.04533e-002	 1.40959e-002
1401	 1.4200000000e+003	-3.05960e-002	 1.53032e-002
1402	 1.4210000000e+003	-3.07303e-002	 1.64958e-002
1403	 1.4220000000e+003	-3.07057e-002	 1.74724e-002
1404	 1.4230000000e+003	-3.06988e-002	 1.87611e-002
1405	 1.4240000000e+003	-3.05404e-002	 2.02503e-002
1406	 1.4250000000e+003	-3.06436e-002	 2.18382e-002
1407	 1.4260000000e+003	-3.06573e-002	 2.34421e-002
1408	 1.4270000000e+003	-3.02873e-002	 2.48963e-002
1409	 1.4280000000e+003	-2.98303e-002	 2.63613e-002
1410	 1.4290000000e+003	-2.95202e-002	 2.80561e-002
1411	 1.4300000000e+003	-2.90902e-002	 2.95678e-002
1412	 1.4310000000e+003	-2.85528e-002	 3.12048e-002
1413	 1.4320000000e+003	-2.77860e-002	 3.26389e-002
1414	 1.4330000000e+003	-2.70173e-002	 3.44572e-002
1415	 1.4340000000e+003	-2.61978e-002	 3.61270e-002
1416	 1.4350000000e+003	-2.49337e-002	 3.78489e-002
1417	 1.4360000000e+003	-2.39858e-002	 3.97557e-002
1418	 1.4370000000e+003	-2.30804e-002	 4.14493e-002
1419	 1.4380000000e+003	-2.15297e-002	 4.31329e-002
1420	 1.4390000000e+003	-1.99819e-002	 4.50800e-002
1421	 1.4400000000e+003	-1.87309e-002	 4.65300e-002
1422	 1.4410000000e+003	-1.70165e-002	 4.80609e-002
1423	 1.4420000000e+003	-1.51441e-002	 4.96748e-002
1424	 1.4430000000e+003	-1.32481e-002	 5.13487e-002
1425	 1.4440000000e+003	-1.09767e-002	 5.29091e-002
1426	 1.4450000000e+003	-8.72222e-003	 5.41288e-002
1427	 1.4460000000e+003	-6.22751e-003	 5.55820e-002
1428	 1.4470000000e+003	-3.99232e-003	 5.67066e-002
1429	 1.4480000000e+003	-1.49601e-003	 5.74935e-002
1430	 1.4490000000e+003	 1.33394e-003	 5.80362e-002
1431	 1.4500000000e+003	 8.37572e-003	 5.87104e-002
1432	 1.4510000000e+003	 1.06417e-002	 6.02815e-002
1433	 1.4520000000e+003	 1.09443e-002	 6.09127e-002
1434	 1.4530000000e+003	 1.35403e-002	 6.14157e-002
1435	 1.4540000000e+003	 1.66504e-002	 6.14835e-002
1436	 1.4550000000e+003	 2.04171e-002	 6.14424e-002
1437	 1.4560000000e+003	 2.31577e-002	 6.13639e-002
1438	 1.4570000000e+003	 2.70592e-002	 6.10524e-002
1439	 1.4580000000e+003	 3.05975e-002	 6.03094e-002
1440	 1.4590000000e+003	 3.41098e-002	 5.96432e-002
1441	 1.4600000000e+003	 3.80811e-002	 5.84024e-002
1442	 1.4610000000e+003	 4.16921e-002	 5.74081e-002
1443	 1.4620000000e+003	 4.55421e-002	 5.57696e-002
1444	 1.4630000000e+003	 4.94021e-002	 5.37330e-002
1445	 1.4640000000e+003	 5.28981e-002	 5.17197e-002
1446	 1.4650000000e+003	 5.65914e-002	 4.87822e-002
1447	 1.4660000000e+003	 6.03073e-002	 4.56603e-002
1448	 1.4670000000e+003	 6.32518e-002	 4.24410e-002
1449	 1.4680000000e+003	 6.64571e-002	 3.90101e-002
1450	 1.4690000000e+003	 6.94685e-002	 3.45603e-002
1451	 1.4700000000e+003	 7.18160e-002	 3.07666e-002
1452	 1.4710000000e+003	 7.41543e-002	 2.64963e-002
1453	 1.4720000000e+003	 7.60781e-002	 2.12526e-002
1454	 1.4730000000e+003	 7.72156e-002	 1.70652e-002
1455	 1.4740000000e+003	 7.78875e-002	 1.21018e-002
1456	 1.4750000000e+003	 7.85887e-002	 7.02511e-003
1457	 1.4760000000e+003	 7.88000e-002	 2.51867e-003
1458	 1.4770000000e+003	 7.84629e-002	-3.42674e-003
1459	 1.4780000000e+003	 7.77789e-002	-7.77155e-003
1460	 1.4790000000e+003	 7.66312e-002	-1.22011e-002
1461	 1.4800000000e+003	 7.46864e-002	-1.68623e-002
1462	 1.4810000000e+003	 7.31174e-002	-2.11738e-002
1463	 1.4820000000e+003	 7.11404e-002	-2.50195e-002
1464	 1.4830000000e+003	 6.88018e-002	-2.87024e-002
1465	 1.4840000000e+003	 6.61572e-002	-3.22545e-002
1466	 1.4850000000e+003	 6.33018e-002	-3.56852e-002
1467	 1.4860000000e+003	 6.05357e-002	-3.83858e-002
1468	 1.4870000000e+003	 5.77551e-002	-4.09869e-002
1469	 1.4880000000e+003	 5.48718e-002	-4.36246e-002
1470	 1.4890000000e+003	 5.18319e-002	-4.59341e-002
1471	 1.4900000000e+003	 4.88100e-002	-4.76023e-002
1472	 1.4910000000e+003	 4.54465e-002	-4.91410e-002
1473	 1.4920000000e+003	 4.23777e-002	-5.04017e-002
1474	 1.4930000000e+003	 3.91194e-002	-5.16100e-002
1475	 1.4940000000e+003	 3.56686e-002	-5.26673e-002
1476	 1.4950000000e+003	 3.23889e-002	-5.35161e-002
1477	 1.4960000000e+003	 2.96188e-002	-5.39474e-002
1478	 1.4970000000e+003	 2.72781e-002	-5.41169e-002
1479	 1.4980000000e+003	 2.36274e-002	-5.43470e-002
1480	 1.4990000000e+003	 2.14073e-002	-5.44768e-002
1481	 1.5000000000e+003	 1.88531e-002	-5.43131e-002
1482	 1.5010000000e+003	 1.63172e-002	-5.39138e-002
1483	 1.5020000000e+003	 1.38745e-002	-5.36884e-002
1484	 1.5030000000e+003	 1.15705e-002	-5.32761e-002
1485	 1.5040000000e+003	 9.54914e-003	-5.28221e-002
1486	 1.5050000000e+003	 6.96519e-003	-5.24556e-002
1487	 1.5060000000e+003	 5.20237e-003	-5.18586e-002
1488	 1.5070000000e+003	 3.61927e-003	-5.12981e-002
1489	 1.5080000000e+003	 1.92657e-003	-5.08479e-002
1490	 1.5090000000e+003	 9.87362e-006	-5.02315e-002
1491	 1.5100000000e+003	-1.95408e-003	-4.94239e-002
1492	 1.5110000000e+003	-3.19643e-003	-4.87047e-002
1493	 1.5120000000e+003	-4.59408e-003	-4.80204e-002
1494	 1.5130000000e+003	-6.21203e-003	-4.72831e-002
1495	 1.5140000000e+003	-7.75330e-003	-4.65362e-002
1496	 1.5150000000e+003	-9.09535e-003	-4.58518e-002
1497	 1.5160000000e+003	-1.07583e-002	-4.49761e-002
1498	 1.5170000000e+003	-1.19452e-002	-4.43299e-002
1499	 1.5180000000e+003	-1.30625e-002	-4.36376e-002
1500	 1.5190000000e+003	-1.44814e-002	-4.26057e-002
1501	 1.5200000000e+003	-1.56881e-002	-4.17232e-002
1502	 1.5210000000e+003	-1.66046e-002	-4.11578e-002
1503	 1.5220000000e+003	-1.77691e-002	-4.03075e-002
1504	 1.5230000000e+003	-1.86894e-002	-3.93603e-002
1505	 1.5240000000e+003	-1.96681e-002	-3.84932e-002
1506	 1.5250000000e+003	-2.08060e-002	-3.77167e-002
1507	 1.5260000000e+003	-2.18160e-002	-3.70984e-002
1508	 1.5270000000e+003	-2.27366e-002	-3.62789e-002
1509	 1.5280000000e+003	-2.34740e-002	-3.53658e-002
1510	 1.5290000000e+003	-2.45726e-002	-3.45454e-002
1511	 1.5300000000e+003	-2.54780e-002	-3.38156e-002
1512	 1.5310000000e+003	-2.63192e-002	-3.30875e-002
1513	 1.5320000000e+003	-2.73319e-002	-3.23379e-002
1514	 1.5330000000e+003	-2.80388e-002	-3.14809e-002
1515	 1.5340000000e+003	-2.92106e-002	-3.03508e-002
1516	 1.5350000000e+003	-2.99941e-002	-2.94978e-002
1517	 1.5360000000e+003	-3.07956e-002	-2.86159e-002
1518	 1.5370000000e+003	-3.17140e-002	-2.75832e-002
1519	 1.5380000000e+003	-3.23999e-002	-2.66926e-002
1520	 1.5390000000e+003	-3.31913e-002	-2.56832e-002
1521	 1.5400000000e+003	-3.40685e-002	-2.49169e-002
1522	 1.5410000000e+003	-3.50145e-002	-2.38304e-002
1523	 1.5420000000e+003	-3.56779e-002	-2.26891e-002
1524	 1.5430000000e+003	-3.64898e-002	-2.17058e-002
1525	 1.5440000000e+003	-3.72019e-002	-2.09232e-002
1526	 1.5450000000e+003	-3.79401e-002	-1.96852e-002
1527	 1.5460000000e+003	-3.87160e-002	-1.85817e-002
1528	 1.5470000000e+003	-3.94460e-002	-1.73309e-002
1529	 1.5480000000e+003	-4.00356e-002	-1.61493e-002
1530	 1.5490000000e+003	-4.03901e-002	-1.52326e-002
1531	 1.5500000000e+003	-3.98608e-002	-1.49240e-002
1532	 1.5510000000e+003	-4.14600e-002	-1.33162e-002
1533	 1.5520000000e+003	-4.24792e-002	-1.10132e-002
1534	 1.5530000000e+003	-4.28689e-002	-9.87764e-003
1535	 1.5540000000e+003	-4.34520e-002	-8.33899e-003
1536	 1.5550000000e+003	-4.37516e-002	-7.01192e-003
1537	 1.5560000000e+003	-4.40983e-002	-5.68597e-003
1538	 1.5570000000e+003	-4.44268e-002	-4.11813e-003
1539	 1.5580000000e+003	-4.47195e-002	-2.75514e-003
1540	 1.5590000000e+003	-4.52481e-002	-1.30492e-003
1541	 1.5600000000e+003	-4.53796e-002	 1.54930e-004
1542	 1.5610000000e+003	-4.56352e-002	 1.72013e-003
1543	 1.5620000000e+003	-4.59599e-002	 3.37846e-003
1544	 1.5630000000e+003	-4.60806e-002	 4.69745e-003
1545	 1.5640000000e+003	-4.61797e-002	 6.50740e-003
1546	 1.5650000000e+003	-4.61326e-002	 7.65746e-003
1547	 1.5660000000e+003	-4.62034e-002	 9.46898e-003
1548	 1.5670000000e+003	-4.62487e-002	 1.13756e-002
1549	 1.5680000000e+003	-4.60887e-002	 1.25667e-002
1550	 1.5690000000e+003	-4.58675e-002	 1.43561e-002
1551	 1.5700000000e+003	-4.57785e-002	 1.62002e-002
1552	 1.5710000000e+003	-4.59249e-002	 1.77741e-002
1553	 1.5720000000e+003	-4.56794e-002	 1.94414e-002
1554	 1.5730000000e+003	-4.51612e-002	 2.15781e-002
1555	 1.5740000000e+003	-4.47409e-002	 2.31479e-002
1556	 1.5750000000e+003	-4.45283e-002	 2.48700e-002
1557	 1.5760000000e+003	-4.37822e-002	 2.66769e-002
1558	 1.5770000000e+003	-4.31845e-002	 2.84362e-002
1559	 1.5780000000e+003	-4.25509e-002	 3.03877e-002
1560	 1.5790000000e+003	-4.18990e-002	 3.23029e-002
1561	 1.5800000000e+003	-4.09116e-002	 3.43240e-002
1562	 1.5810000000e+003	-3.99973e-002	 3.64998e-002
1563	 1.5820000000e+003	-3.89994e-002	 3.78406e-002
1564	 1.5830000000e+003	-3.77836e-002	 3.97551e-002
1565	 1.5840000000e+003	-3.62124e-002	 4.19014e-002
1566	 1.5850000000e+003	-3.50233e-002	 4.35230e-002
1567	 1.5860000000e+003	-3.36552e-002	 4.52186e-002
1568	 1.5870000000e+003	-3.21702e-002	 4.69885e-002
1569	 1.5880000000e+003	-3.02882e-002	 4.87098e-002
1570	 1.5890000000e+003	-2.84735e-002	 5.06192e-002
1571	 1.5900000000e+003	-2.65937e-002	 5.22555e-002
1572	 1.5910000000e+003	-2.47889e-002	 5.35324e-002
1573	 1.5920000000e+003	-2.26717e-002	 5.49854e-002
1574	 1.5930000000e+003	-2.08050e-002	 5.64060e-002
1575	 1.5940000000e+003	-1.83102e-002	 5.80002e-002
1576	 1.5950000000e+003	-1.62047e-002	 5.93533e-002
1577	 1.5960000000e+003	-1.34634e-002	 6.04491e-002
1578	 1.5970000000e+003	-1.06570e-002	 6.10751e-002
1579	 1.5980000000e+003	-8.66500e-003	 6.19592e-002
1580	 1.5990000000e+003	-5.71332e-003	 6.27808e-002
1581	 1.6000000000e+003	-2.66555e-003	 6.36698e-002
1582	 1.6010000000e+003	-5.30377e-004	 6.41966e-002
1583	 1.6020000000e+003	 1.90795e-003	 6.45693e-002
1584	 1.6030000000e+003	 5.38600e-003	 6.51028e-002
1585	 1.6040000000e+003	 7.76013e-003	 6.53094e-002
1586	 1.6050000000e+003	 1.04746e-002	 6.54014e-002
1587	 1.6060000000e+003	 1.37311e-002	 6.53401e-002
1588	 1.6070000000e+003	 1.71071e-002	 6.51063e-002
1589	 1.6080000000e+003	 1.98720e-002	 6.49233e-002
1590	 1.6090000000e+003	 2.27820e-002	 6.48303e-002
1591	 1.6100000000e+003	 2.61644e-002	 6.41592e-002
1592	 1.6110000000e+003	 2.91992e-002	 6.36458e-002
1593	 1.6120000000e+003	 3.27778e-002	 6.26311e-002
1594	 1.6130000000e+003	 3.62841e-002	 6.18630e-002
1595	 1.6140000000e+003	 3.94670e-002	 6.06664e-002
1596	 1.6150000000e+003	 4.30047e-002	 5.91074e-002
1597	 1.6160000000e+003	 4.56954e-002	 5.76054e-002
1598	 1.6170000000e+003	 4.92889e-002	 5.54758e-002
1599	 1.6180000000e+003	 5.23009e-002	 5.35580e-002
1600	 1.6190000000e+003	 5.51303e-002	 5.08437e-002
1601	 1.6200000000e+003	 5.87370e-002	 4.76319e-002
TagsBegin:	 	 	 
OverLoad:	 	False	 
AverageNumber: []	 	 8.80000e+001	 
OverLoadRatio: []	 	 1.19209e-007	 
TagsEnd:	 	 	 
TagScalesBegin:	 	 	 
TagScalesEnd:	 	 	 
