Header Size:	 79	 	 
Pulse Version:	 80	 	 
Running Pulse Version:	PULSE LabShop Fast Track Version 18.1.1.9 - 2014-01-16	 	 
Decimal Symbol:	.	 	 
Date Format:	M/d/yyyy	 	 
Time Format:	HH:mm:ss:mmm	 	 
Data Type:	Complex	 	 
Slice:	False	 	 
Z-Axis type:	Linear	 	 
Z-Axis size:	1	 	 
Z-Axis unit:	 	 	 
Z-Axis first value:	 0.0000000000e+000	 	 
Z-Axis delta:	 1.0000000000e+000	 	 
X-Axis type:	Linear	 	 
X-Axis size:	1601	 	 
X-Axis unit:	Hz	 	 
X-Axis first value:	 2.0000000000e+001	 	 
X-Axis delta:	 1.0000000000e+000	 	 
	 	 	 
AmplitudeUnit:	Pa/Pa	 	 
Analyzer:	FFT_Spectrum_Averaging	 	 
AnalyzerName:	FFT Analyzer	 	 
	 	 	 
	 	 	 
Bipolar:	True	 	 
CenterFrequency:	 8.2000000000e+002	 	 
	 	 	 
	 	 	 
	 	 	 
	 	 	 
dBReference:	 1.0000000000e+000	 	 
	 	 	 
	 	 	 
	 	 	 
Domain:	1	 	 
Function:	Frequency Response	 	 
	 	 	 
InputRange:	-2.0000000000e+002	 	 
	 	 	 
	 	 	 
MultiBufferName:	Input	 	 
NBW:	 1.5000000000e+000	 	 
	 	 	 
OverlapFailed:	False	 	 
Overrun:	False	 	 
Power:	False	 	 
	 	 	 
Ratio:	True	 	 
RecordLength:	 1.0000000000e+000	 	 
ReducedSize:	True	 	 
Ref_Signal:	p	 	 
	 	 	 
	 	 	 
RefSignalUnit:	Pa	 	 
	 	 	 
	 	 	 
Signal:	p_rad	 	 
	 	 	 
SignalUnit:	Pa	 	 
	 	 	 
	 	 	 
	 	 	 
Title:	Transfunction(p_rad,p)	 	 
Title1:	Working : Input : Input : FFT Analyzer	 	 
	 	 	 
	 	 	 
	 	 	 
ZoomOn:	True	 	 
	 	 	 
TemplateName:	Working	 	 
MeasurementName:	Input	 	 
MeasurementSlice:	False	 	 
	 	 	 
	 	 	 
	 	 	 
EnvelopeOn:	False	 	 
	 	 	 
	 	 	 
	 	 	 
Z-index:	 	1	 
Date:	 	5/25/2022	 
Time:	 	10:46:57:250	 
Relative time:	 	 0.00000e+000	 
Z-axis:	 	 0.0000000000e+000	 
1	 2.0000000000e+001	 6.85378e-004	-2.28871e-004
2	 2.1000000000e+001	 6.81855e-004	-2.60236e-005
3	 2.2000000000e+001	 7.62838e-004	-4.76821e-005
4	 2.3000000000e+001	 8.28186e-004	-1.65514e-004
5	 2.4000000000e+001	 8.33842e-004	 2.72527e-004
6	 2.5000000000e+001	 8.20364e-004	 1.38341e-004
7	 2.6000000000e+001	 4.97592e-004	-1.07674e-004
8	 2.7000000000e+001	 5.89849e-004	-2.38101e-005
9	 2.8000000000e+001	 7.26802e-004	 1.90720e-004
10	 2.9000000000e+001	 7.05322e-004	 1.46472e-004
11	 3.0000000000e+001	 4.42604e-004	-1.08654e-004
12	 3.1000000000e+001	 6.18987e-004	-3.04826e-004
13	 3.2000000000e+001	 6.06934e-004	-1.31911e-004
14	 3.3000000000e+001	 6.47897e-004	-9.30612e-005
15	 3.4000000000e+001	 6.48377e-004	-1.61111e-004
16	 3.5000000000e+001	 6.40968e-004	-1.63738e-004
17	 3.6000000000e+001	 6.85332e-004	-1.34194e-004
18	 3.7000000000e+001	 7.18765e-004	-1.71330e-004
19	 3.8000000000e+001	 6.59967e-004	-2.35452e-004
20	 3.9000000000e+001	 6.54243e-004	-2.73358e-004
21	 4.0000000000e+001	 6.32347e-004	-3.00614e-004
22	 4.1000000000e+001	 6.13065e-004	-3.39835e-004
23	 4.2000000000e+001	 6.18369e-004	-3.18459e-004
24	 4.3000000000e+001	 6.25699e-004	-3.00372e-004
25	 4.4000000000e+001	 6.30437e-004	-2.99884e-004
26	 4.5000000000e+001	 6.36978e-004	-2.97849e-004
27	 4.6000000000e+001	 6.56245e-004	-2.97666e-004
28	 4.7000000000e+001	 6.89495e-004	-3.08658e-004
29	 4.8000000000e+001	 7.23639e-004	-3.22912e-004
30	 4.9000000000e+001	 7.73216e-004	-3.80028e-004
31	 5.0000000000e+001	 8.72832e-004	-4.88904e-004
32	 5.1000000000e+001	 8.26691e-004	-4.30905e-004
33	 5.2000000000e+001	 8.35245e-004	-4.55648e-004
34	 5.3000000000e+001	 8.51963e-004	-5.20739e-004
35	 5.4000000000e+001	 8.70268e-004	-5.94599e-004
36	 5.5000000000e+001	 8.70615e-004	-6.51375e-004
37	 5.6000000000e+001	 8.51103e-004	-7.12743e-004
38	 5.7000000000e+001	 8.31431e-004	-7.64393e-004
39	 5.8000000000e+001	 8.07058e-004	-8.18448e-004
40	 5.9000000000e+001	 7.84165e-004	-8.72410e-004
41	 6.0000000000e+001	 7.43453e-004	-9.24880e-004
42	 6.1000000000e+001	 6.92635e-004	-9.64622e-004
43	 6.2000000000e+001	 6.34146e-004	-9.88807e-004
44	 6.3000000000e+001	 5.99691e-004	-1.00096e-003
45	 6.4000000000e+001	 5.69196e-004	-1.00746e-003
46	 6.5000000000e+001	 5.45812e-004	-1.02082e-003
47	 6.6000000000e+001	 5.25740e-004	-1.03876e-003
48	 6.7000000000e+001	 5.08166e-004	-1.05634e-003
49	 6.8000000000e+001	 4.90568e-004	-1.07868e-003
50	 6.9000000000e+001	 4.71887e-004	-1.09934e-003
51	 7.0000000000e+001	 4.43925e-004	-1.12193e-003
52	 7.1000000000e+001	 4.24334e-004	-1.14009e-003
53	 7.2000000000e+001	 4.06148e-004	-1.16060e-003
54	 7.3000000000e+001	 3.86266e-004	-1.19809e-003
55	 7.4000000000e+001	 3.57936e-004	-1.23462e-003
56	 7.5000000000e+001	 3.18915e-004	-1.26510e-003
57	 7.6000000000e+001	 2.73122e-004	-1.28945e-003
58	 7.7000000000e+001	 2.32974e-004	-1.30518e-003
59	 7.8000000000e+001	 1.87807e-004	-1.31727e-003
60	 7.9000000000e+001	 1.46498e-004	-1.32483e-003
61	 8.0000000000e+001	 1.01151e-004	-1.32931e-003
62	 8.1000000000e+001	 6.08793e-005	-1.33089e-003
63	 8.2000000000e+001	 2.76971e-005	-1.32796e-003
64	 8.3000000000e+001	 7.87617e-006	-1.32503e-003
65	 8.4000000000e+001	-1.28413e-005	-1.33874e-003
66	 8.5000000000e+001	-4.53787e-005	-1.35427e-003
67	 8.6000000000e+001	-8.86656e-005	-1.35016e-003
68	 8.7000000000e+001	-1.18151e-004	-1.33852e-003
69	 8.8000000000e+001	-1.31685e-004	-1.33268e-003
70	 8.9000000000e+001	-1.42904e-004	-1.32565e-003
71	 9.0000000000e+001	-1.54726e-004	-1.32967e-003
72	 9.1000000000e+001	-1.67384e-004	-1.34063e-003
73	 9.2000000000e+001	-1.86090e-004	-1.35107e-003
74	 9.3000000000e+001	-1.98460e-004	-1.36040e-003
75	 9.4000000000e+001	-2.02883e-004	-1.36810e-003
76	 9.5000000000e+001	-2.13685e-004	-1.38614e-003
77	 9.6000000000e+001	-2.20593e-004	-1.39952e-003
78	 9.7000000000e+001	-2.20755e-004	-1.41406e-003
79	 9.8000000000e+001	-2.17097e-004	-1.43692e-003
80	 9.9000000000e+001	-2.22598e-004	-1.47124e-003
81	 1.0000000000e+002	-2.22089e-004	-1.51705e-003
82	 1.0100000000e+002	-2.26554e-004	-1.56837e-003
83	 1.0200000000e+002	-2.29273e-004	-1.60906e-003
84	 1.0300000000e+002	-2.47423e-004	-1.67022e-003
85	 1.0400000000e+002	-2.56836e-004	-1.72875e-003
86	 1.0500000000e+002	-2.82645e-004	-1.80840e-003
87	 1.0600000000e+002	-3.18780e-004	-1.88699e-003
88	 1.0700000000e+002	-3.43864e-004	-1.96311e-003
89	 1.0800000000e+002	-4.00076e-004	-2.04163e-003
90	 1.0900000000e+002	-4.42406e-004	-2.11378e-003
91	 1.1000000000e+002	-4.91308e-004	-2.19112e-003
92	 1.1100000000e+002	-5.39251e-004	-2.27150e-003
93	 1.1200000000e+002	-5.95718e-004	-2.38677e-003
94	 1.1300000000e+002	-6.52568e-004	-2.49153e-003
95	 1.1400000000e+002	-7.20158e-004	-2.59114e-003
96	 1.1500000000e+002	-8.25623e-004	-2.70393e-003
97	 1.1600000000e+002	-9.35594e-004	-2.81409e-003
98	 1.1700000000e+002	-1.02518e-003	-2.90820e-003
99	 1.1800000000e+002	-1.14687e-003	-3.02897e-003
100	 1.1900000000e+002	-1.26844e-003	-3.14953e-003
101	 1.2000000000e+002	-1.36432e-003	-3.28364e-003
102	 1.2100000000e+002	-1.49374e-003	-3.45252e-003
103	 1.2200000000e+002	-1.64843e-003	-3.66103e-003
104	 1.2300000000e+002	-1.77688e-003	-3.86004e-003
105	 1.2400000000e+002	-1.97492e-003	-4.09043e-003
106	 1.2500000000e+002	-2.25803e-003	-4.39540e-003
107	 1.2600000000e+002	-2.45960e-003	-4.60989e-003
108	 1.2700000000e+002	-2.83744e-003	-4.93384e-003
109	 1.2800000000e+002	-3.23217e-003	-5.30062e-003
110	 1.2900000000e+002	-3.61510e-003	-5.69438e-003
111	 1.3000000000e+002	-4.04771e-003	-6.11038e-003
112	 1.3100000000e+002	-4.73600e-003	-6.62257e-003
113	 1.3200000000e+002	-5.50645e-003	-7.23208e-003
114	 1.3300000000e+002	-6.40913e-003	-7.85120e-003
115	 1.3400000000e+002	-7.95747e-003	-8.73964e-003
116	 1.3500000000e+002	-9.31002e-003	-9.43671e-003
117	 1.3600000000e+002	-1.16126e-002	-1.02807e-002
118	 1.3700000000e+002	-1.49510e-002	-1.11475e-002
119	 1.3800000000e+002	-1.93204e-002	-1.16183e-002
120	 1.3900000000e+002	-2.63700e-002	-1.07365e-002
121	 1.4000000000e+002	-3.66775e-002	-5.35160e-003
122	 1.4100000000e+002	-4.46284e-002	 1.02026e-002
123	 1.4200000000e+002	-3.86181e-002	 3.07816e-002
124	 1.4300000000e+002	-1.69863e-002	 4.02752e-002
125	 1.4400000000e+002	-2.39740e-003	 3.57201e-002
126	 1.4500000000e+002	 3.36927e-003	 2.92418e-002
127	 1.4600000000e+002	 6.19912e-003	 2.32194e-002
128	 1.4700000000e+002	 7.13175e-003	 1.92002e-002
129	 1.4800000000e+002	 7.46371e-003	 1.63008e-002
130	 1.4900000000e+002	 7.08180e-003	 1.43971e-002
131	 1.5000000000e+002	 6.55452e-003	 1.27953e-002
132	 1.5100000000e+002	 7.11052e-003	 1.09306e-002
133	 1.5200000000e+002	 7.02137e-003	 9.72347e-003
134	 1.5300000000e+002	 6.80761e-003	 8.72151e-003
135	 1.5400000000e+002	 6.61106e-003	 7.95889e-003
136	 1.5500000000e+002	 6.42656e-003	 7.23439e-003
137	 1.5600000000e+002	 6.25184e-003	 6.67028e-003
138	 1.5700000000e+002	 6.09517e-003	 6.15627e-003
139	 1.5800000000e+002	 5.94659e-003	 5.77171e-003
140	 1.5900000000e+002	 5.82150e-003	 5.41434e-003
141	 1.6000000000e+002	 5.72001e-003	 5.08023e-003
142	 1.6100000000e+002	 5.63904e-003	 4.81870e-003
143	 1.6200000000e+002	 5.54017e-003	 4.54002e-003
144	 1.6300000000e+002	 5.48229e-003	 4.33571e-003
145	 1.6400000000e+002	 5.42871e-003	 4.15550e-003
146	 1.6500000000e+002	 5.41285e-003	 3.96516e-003
147	 1.6600000000e+002	 5.42659e-003	 3.79636e-003
148	 1.6700000000e+002	 5.44517e-003	 3.62961e-003
149	 1.6800000000e+002	 5.46216e-003	 3.47014e-003
150	 1.6900000000e+002	 5.49205e-003	 3.32755e-003
151	 1.7000000000e+002	 5.53985e-003	 3.15623e-003
152	 1.7100000000e+002	 5.59497e-003	 3.00860e-003
153	 1.7200000000e+002	 5.65451e-003	 2.83814e-003
154	 1.7300000000e+002	 5.71424e-003	 2.67751e-003
155	 1.7400000000e+002	 5.77486e-003	 2.51705e-003
156	 1.7500000000e+002	 5.84367e-003	 2.33051e-003
157	 1.7600000000e+002	 5.90325e-003	 2.18487e-003
158	 1.7700000000e+002	 5.97005e-003	 2.01270e-003
159	 1.7800000000e+002	 6.05678e-003	 1.79985e-003
160	 1.7900000000e+002	 6.11817e-003	 1.64778e-003
161	 1.8000000000e+002	 6.20169e-003	 1.47727e-003
162	 1.8100000000e+002	 6.29540e-003	 1.26523e-003
163	 1.8200000000e+002	 6.37376e-003	 1.09665e-003
164	 1.8300000000e+002	 6.47828e-003	 8.52527e-004
165	 1.8400000000e+002	 6.57522e-003	 6.35374e-004
166	 1.8500000000e+002	 6.65321e-003	 4.21540e-004
167	 1.8600000000e+002	 6.75917e-003	 1.74655e-004
168	 1.8700000000e+002	 6.83652e-003	-6.75677e-005
169	 1.8800000000e+002	 6.92540e-003	-2.88970e-004
170	 1.8900000000e+002	 7.03256e-003	-5.96376e-004
171	 1.9000000000e+002	 7.12555e-003	-8.71252e-004
172	 1.9100000000e+002	 7.23084e-003	-1.15300e-003
173	 1.9200000000e+002	 7.33263e-003	-1.45985e-003
174	 1.9300000000e+002	 7.50347e-003	-1.86986e-003
175	 1.9400000000e+002	 7.64966e-003	-2.29201e-003
176	 1.9500000000e+002	 7.81924e-003	-2.84006e-003
177	 1.9600000000e+002	 7.93144e-003	-3.43033e-003
178	 1.9700000000e+002	 8.00881e-003	-4.11405e-003
179	 1.9800000000e+002	 7.96300e-003	-5.05346e-003
180	 1.9900000000e+002	 7.75119e-003	-6.00609e-003
181	 2.0000000000e+002	 7.30509e-003	-7.10475e-003
182	 2.0100000000e+002	 6.65408e-003	-7.98000e-003
183	 2.0200000000e+002	 5.55724e-003	-8.96300e-003
184	 2.0300000000e+002	 4.26959e-003	-9.58110e-003
185	 2.0400000000e+002	 2.96163e-003	-9.83614e-003
186	 2.0500000000e+002	 1.50529e-003	-9.69274e-003
187	 2.0600000000e+002	 2.97972e-004	-9.32207e-003
188	 2.0700000000e+002	-6.49903e-004	-8.71142e-003
189	 2.0800000000e+002	-1.41867e-003	-8.03546e-003
190	 2.0900000000e+002	-1.92887e-003	-7.32295e-003
191	 2.1000000000e+002	-2.31884e-003	-6.55568e-003
192	 2.1100000000e+002	-2.56921e-003	-5.89928e-003
193	 2.1200000000e+002	-2.69491e-003	-5.37305e-003
194	 2.1300000000e+002	-2.73976e-003	-4.87967e-003
195	 2.1400000000e+002	-2.79311e-003	-4.48854e-003
196	 2.1500000000e+002	-2.82371e-003	-4.09901e-003
197	 2.1600000000e+002	-2.84863e-003	-3.73178e-003
198	 2.1700000000e+002	-2.83895e-003	-3.39465e-003
199	 2.1800000000e+002	-2.82548e-003	-3.09277e-003
200	 2.1900000000e+002	-2.77709e-003	-2.76714e-003
201	 2.2000000000e+002	-2.72251e-003	-2.50162e-003
202	 2.2100000000e+002	-2.67816e-003	-2.27012e-003
203	 2.2200000000e+002	-2.57475e-003	-1.99659e-003
204	 2.2300000000e+002	-2.49362e-003	-1.80731e-003
205	 2.2400000000e+002	-2.40219e-003	-1.62577e-003
206	 2.2500000000e+002	-2.30250e-003	-1.44849e-003
207	 2.2600000000e+002	-2.19110e-003	-1.30310e-003
208	 2.2700000000e+002	-2.09465e-003	-1.16995e-003
209	 2.2800000000e+002	-1.98732e-003	-1.04853e-003
210	 2.2900000000e+002	-1.89658e-003	-9.43453e-004
211	 2.3000000000e+002	-1.80826e-003	-8.58595e-004
212	 2.3100000000e+002	-1.71161e-003	-7.76209e-004
213	 2.3200000000e+002	-1.60015e-003	-6.96796e-004
214	 2.3300000000e+002	-1.52807e-003	-6.46293e-004
215	 2.3400000000e+002	-1.45232e-003	-5.83724e-004
216	 2.3500000000e+002	-1.36592e-003	-5.22894e-004
217	 2.3600000000e+002	-1.30480e-003	-4.83638e-004
218	 2.3700000000e+002	-1.22191e-003	-4.37797e-004
219	 2.3800000000e+002	-1.14022e-003	-3.96349e-004
220	 2.3900000000e+002	-1.07500e-003	-3.66415e-004
221	 2.4000000000e+002	-9.99219e-004	-3.29455e-004
222	 2.4100000000e+002	-9.31738e-004	-3.02049e-004
223	 2.4200000000e+002	-8.67984e-004	-2.76921e-004
224	 2.4300000000e+002	-7.97306e-004	-2.57958e-004
225	 2.4400000000e+002	-7.19345e-004	-2.36285e-004
226	 2.4500000000e+002	-6.53000e-004	-2.23961e-004
227	 2.4600000000e+002	-5.86256e-004	-2.11747e-004
228	 2.4700000000e+002	-5.14397e-004	-2.06618e-004
229	 2.4800000000e+002	-4.39740e-004	-2.01864e-004
230	 2.4900000000e+002	-3.54551e-004	-1.99475e-004
231	 2.5000000000e+002	-2.27294e-004	-1.96976e-004
232	 2.5100000000e+002	-2.10690e-004	-2.01177e-004
233	 2.5200000000e+002	-1.48764e-004	-2.18959e-004
234	 2.5300000000e+002	-6.83421e-005	-2.38879e-004
235	 2.5400000000e+002	 7.15814e-006	-2.61888e-004
236	 2.5500000000e+002	 8.24350e-005	-2.88357e-004
237	 2.5600000000e+002	 1.60317e-004	-3.25034e-004
238	 2.5700000000e+002	 2.35796e-004	-3.61349e-004
239	 2.5800000000e+002	 3.13778e-004	-4.05737e-004
240	 2.5900000000e+002	 3.91085e-004	-4.64760e-004
241	 2.6000000000e+002	 4.64085e-004	-5.19778e-004
242	 2.6100000000e+002	 5.37247e-004	-5.79733e-004
243	 2.6200000000e+002	 6.17164e-004	-6.49235e-004
244	 2.6300000000e+002	 6.83478e-004	-7.24184e-004
245	 2.6400000000e+002	 7.49341e-004	-8.13104e-004
246	 2.6500000000e+002	 8.17112e-004	-9.10508e-004
247	 2.6600000000e+002	 8.87678e-004	-9.97861e-004
248	 2.6700000000e+002	 9.55038e-004	-1.09355e-003
249	 2.6800000000e+002	 1.01080e-003	-1.22445e-003
250	 2.6900000000e+002	 1.09000e-003	-1.37880e-003
251	 2.7000000000e+002	 1.14985e-003	-1.49747e-003
252	 2.7100000000e+002	 1.20868e-003	-1.65878e-003
253	 2.7200000000e+002	 1.24996e-003	-1.81115e-003
254	 2.7300000000e+002	 1.29195e-003	-1.98828e-003
255	 2.7400000000e+002	 1.32667e-003	-2.15992e-003
256	 2.7500000000e+002	 1.36460e-003	-2.32564e-003
257	 2.7600000000e+002	 1.39807e-003	-2.56959e-003
258	 2.7700000000e+002	 1.41130e-003	-2.81194e-003
259	 2.7800000000e+002	 1.40290e-003	-3.04833e-003
260	 2.7900000000e+002	 1.40469e-003	-3.29058e-003
261	 2.8000000000e+002	 1.37445e-003	-3.57042e-003
262	 2.8100000000e+002	 1.34636e-003	-3.86313e-003
263	 2.8200000000e+002	 1.31776e-003	-4.15867e-003
264	 2.8300000000e+002	 1.26690e-003	-4.47867e-003
265	 2.8400000000e+002	 1.19891e-003	-4.79928e-003
266	 2.8500000000e+002	 1.09853e-003	-5.24792e-003
267	 2.8600000000e+002	 9.82833e-004	-5.62347e-003
268	 2.8700000000e+002	 8.36490e-004	-6.00616e-003
269	 2.8800000000e+002	 6.51612e-004	-6.47800e-003
270	 2.8900000000e+002	 4.51060e-004	-6.98924e-003
271	 2.9000000000e+002	 2.17652e-004	-7.50880e-003
272	 2.9100000000e+002	-1.21578e-004	-8.09104e-003
273	 2.9200000000e+002	-4.48108e-004	-8.69511e-003
274	 2.9300000000e+002	-9.06257e-004	-9.42644e-003
275	 2.9400000000e+002	-1.39180e-003	-1.01958e-002
276	 2.9500000000e+002	-1.96775e-003	-1.09754e-002
277	 2.9600000000e+002	-2.76012e-003	-1.19094e-002
278	 2.9700000000e+002	-3.65558e-003	-1.29080e-002
279	 2.9800000000e+002	-4.74330e-003	-1.39694e-002
280	 2.9900000000e+002	-6.16762e-003	-1.51346e-002
281	 3.0000000000e+002	-8.07351e-003	-1.62211e-002
282	 3.0100000000e+002	-1.05290e-002	-1.81169e-002
283	 3.0200000000e+002	-1.39075e-002	-1.97874e-002
284	 3.0300000000e+002	-1.77471e-002	-2.12312e-002
285	 3.0400000000e+002	-2.27540e-002	-2.22261e-002
286	 3.0500000000e+002	-3.34108e-002	-2.08969e-002
287	 3.0600000000e+002	-4.32781e-002	-1.66201e-002
288	 3.0700000000e+002	-5.29841e-002	-5.08268e-003
289	 3.0800000000e+002	-5.56720e-002	 1.21163e-002
290	 3.0900000000e+002	-4.55777e-002	 3.26593e-002
291	 3.1000000000e+002	-3.06687e-002	 4.05447e-002
292	 3.1100000000e+002	-1.78273e-002	 4.00174e-002
293	 3.1200000000e+002	-8.72887e-003	 3.64272e-002
294	 3.1300000000e+002	-3.27201e-003	 3.23495e-002
295	 3.1400000000e+002	-2.34306e-004	 2.87466e-002
296	 3.1500000000e+002	 1.87532e-003	 2.54457e-002
297	 3.1600000000e+002	 3.43742e-003	 2.24090e-002
298	 3.1700000000e+002	 4.34208e-003	 2.03386e-002
299	 3.1800000000e+002	 5.03623e-003	 1.83752e-002
300	 3.1900000000e+002	 5.45485e-003	 1.67073e-002
301	 3.2000000000e+002	 5.74746e-003	 1.53853e-002
302	 3.2100000000e+002	 5.97883e-003	 1.42204e-002
303	 3.2200000000e+002	 6.20587e-003	 1.30360e-002
304	 3.2300000000e+002	 6.32746e-003	 1.22553e-002
305	 3.2400000000e+002	 6.44136e-003	 1.12635e-002
306	 3.2500000000e+002	 6.52598e-003	 1.05976e-002
307	 3.2600000000e+002	 6.57728e-003	 9.79689e-003
308	 3.2700000000e+002	 6.59740e-003	 9.23336e-003
309	 3.2800000000e+002	 6.60392e-003	 8.72117e-003
310	 3.2900000000e+002	 6.62042e-003	 8.15112e-003
311	 3.3000000000e+002	 6.65539e-003	 7.67968e-003
312	 3.3100000000e+002	 6.63876e-003	 7.19920e-003
313	 3.3200000000e+002	 6.65320e-003	 6.81780e-003
314	 3.3300000000e+002	 6.64193e-003	 6.34598e-003
315	 3.3400000000e+002	 6.66601e-003	 5.99561e-003
316	 3.3500000000e+002	 6.63304e-003	 5.64997e-003
317	 3.3600000000e+002	 6.62073e-003	 5.32507e-003
318	 3.3700000000e+002	 6.58866e-003	 4.99487e-003
319	 3.3800000000e+002	 6.58598e-003	 4.66163e-003
320	 3.3900000000e+002	 6.55398e-003	 4.40426e-003
321	 3.4000000000e+002	 6.51043e-003	 4.12964e-003
322	 3.4100000000e+002	 6.47776e-003	 3.82243e-003
323	 3.4200000000e+002	 6.44825e-003	 3.56852e-003
324	 3.4300000000e+002	 6.38867e-003	 3.24619e-003
325	 3.4400000000e+002	 6.34989e-003	 3.04480e-003
326	 3.4500000000e+002	 6.29691e-003	 2.80171e-003
327	 3.4600000000e+002	 6.22597e-003	 2.56423e-003
328	 3.4700000000e+002	 6.15901e-003	 2.35446e-003
329	 3.4800000000e+002	 6.05359e-003	 2.14355e-003
330	 3.4900000000e+002	 6.16492e-003	 1.68971e-003
331	 3.5000000000e+002	 6.34361e-003	 1.15074e-003
332	 3.5100000000e+002	 5.87498e-003	 1.59663e-003
333	 3.5200000000e+002	 5.75590e-003	 1.50177e-003
334	 3.5300000000e+002	 5.69253e-003	 1.37137e-003
335	 3.5400000000e+002	 5.62851e-003	 1.24929e-003
336	 3.5500000000e+002	 5.56636e-003	 1.11459e-003
337	 3.5600000000e+002	 5.50231e-003	 9.90220e-004
338	 3.5700000000e+002	 5.43920e-003	 8.72579e-004
339	 3.5800000000e+002	 5.38465e-003	 7.69629e-004
340	 3.5900000000e+002	 5.32576e-003	 6.70450e-004
341	 3.6000000000e+002	 5.26630e-003	 5.73993e-004
342	 3.6100000000e+002	 5.20408e-003	 4.76284e-004
343	 3.6200000000e+002	 5.16032e-003	 4.02683e-004
344	 3.6300000000e+002	 5.10643e-003	 3.01585e-004
345	 3.6400000000e+002	 5.06865e-003	 2.40863e-004
346	 3.6500000000e+002	 5.03070e-003	 1.68821e-004
347	 3.6600000000e+002	 4.99319e-003	 1.00267e-004
348	 3.6700000000e+002	 4.96366e-003	 3.83543e-005
349	 3.6800000000e+002	 4.93105e-003	-2.92781e-005
350	 3.6900000000e+002	 4.91397e-003	-7.27777e-005
351	 3.7000000000e+002	 4.89886e-003	-1.37810e-004
352	 3.7100000000e+002	 4.88754e-003	-1.90976e-004
353	 3.7200000000e+002	 4.88010e-003	-2.39326e-004
354	 3.7300000000e+002	 4.87808e-003	-2.96705e-004
355	 3.7400000000e+002	 4.88361e-003	-3.53977e-004
356	 3.7500000000e+002	 4.88808e-003	-4.13018e-004
357	 3.7600000000e+002	 4.89306e-003	-4.63809e-004
358	 3.7700000000e+002	 4.90422e-003	-5.18098e-004
359	 3.7800000000e+002	 4.92078e-003	-5.79393e-004
360	 3.7900000000e+002	 4.94038e-003	-6.48710e-004
361	 3.8000000000e+002	 4.96290e-003	-7.07463e-004
362	 3.8100000000e+002	 4.98830e-003	-7.70417e-004
363	 3.8200000000e+002	 5.02269e-003	-8.43361e-004
364	 3.8300000000e+002	 5.05395e-003	-9.00740e-004
365	 3.8400000000e+002	 5.08876e-003	-9.74606e-004
366	 3.8500000000e+002	 5.13110e-003	-1.04292e-003
367	 3.8600000000e+002	 5.18292e-003	-1.12397e-003
368	 3.8700000000e+002	 5.22601e-003	-1.19525e-003
369	 3.8800000000e+002	 5.27997e-003	-1.26500e-003
370	 3.8900000000e+002	 5.34492e-003	-1.37428e-003
371	 3.9000000000e+002	 5.40559e-003	-1.46130e-003
372	 3.9100000000e+002	 5.46231e-003	-1.54672e-003
373	 3.9200000000e+002	 5.55062e-003	-1.65800e-003
374	 3.9300000000e+002	 5.61949e-003	-1.76293e-003
375	 3.9400000000e+002	 5.69797e-003	-1.88177e-003
376	 3.9500000000e+002	 5.77885e-003	-1.98385e-003
377	 3.9600000000e+002	 5.86028e-003	-2.10658e-003
378	 3.9700000000e+002	 5.95714e-003	-2.25487e-003
379	 3.9800000000e+002	 6.06419e-003	-2.39341e-003
380	 3.9900000000e+002	 6.18178e-003	-2.56870e-003
381	 4.0000000000e+002	 6.31659e-003	-2.74451e-003
382	 4.0100000000e+002	 6.40037e-003	-2.92517e-003
383	 4.0200000000e+002	 6.49282e-003	-3.13010e-003
384	 4.0300000000e+002	 6.60926e-003	-3.33551e-003
385	 4.0400000000e+002	 6.70111e-003	-3.55030e-003
386	 4.0500000000e+002	 6.81536e-003	-3.79601e-003
387	 4.0600000000e+002	 6.92113e-003	-4.03291e-003
388	 4.0700000000e+002	 7.00228e-003	-4.29637e-003
389	 4.0800000000e+002	 7.13023e-003	-4.61594e-003
390	 4.0900000000e+002	 7.23320e-003	-4.89715e-003
391	 4.1000000000e+002	 7.33912e-003	-5.20157e-003
392	 4.1100000000e+002	 7.44064e-003	-5.58981e-003
393	 4.1200000000e+002	 7.53246e-003	-5.92708e-003
394	 4.1300000000e+002	 7.61007e-003	-6.26245e-003
395	 4.1400000000e+002	 7.67414e-003	-6.63395e-003
396	 4.1500000000e+002	 7.76057e-003	-7.09538e-003
397	 4.1600000000e+002	 7.83045e-003	-7.55526e-003
398	 4.1700000000e+002	 7.88993e-003	-7.96258e-003
399	 4.1800000000e+002	 7.96510e-003	-8.47579e-003
400	 4.1900000000e+002	 8.01380e-003	-8.98829e-003
401	 4.2000000000e+002	 8.06938e-003	-9.57989e-003
402	 4.2100000000e+002	 8.08331e-003	-1.01450e-002
403	 4.2200000000e+002	 8.11231e-003	-1.07914e-002
404	 4.2300000000e+002	 8.10672e-003	-1.14879e-002
405	 4.2400000000e+002	 8.08018e-003	-1.21060e-002
406	 4.2500000000e+002	 8.06776e-003	-1.30262e-002
407	 4.2600000000e+002	 7.99706e-003	-1.37323e-002
408	 4.2700000000e+002	 7.86714e-003	-1.47270e-002
409	 4.2800000000e+002	 7.76550e-003	-1.56654e-002
410	 4.2900000000e+002	 7.57718e-003	-1.66316e-002
411	 4.3000000000e+002	 7.36927e-003	-1.77213e-002
412	 4.3100000000e+002	 7.08213e-003	-1.89445e-002
413	 4.3200000000e+002	 6.77374e-003	-2.01075e-002
414	 4.3300000000e+002	 6.33064e-003	-2.15709e-002
415	 4.3400000000e+002	 5.80554e-003	-2.30522e-002
416	 4.3500000000e+002	 5.17288e-003	-2.46411e-002
417	 4.3600000000e+002	 4.57760e-003	-2.62941e-002
418	 4.3700000000e+002	 3.45806e-003	-2.85844e-002
419	 4.3800000000e+002	 2.44846e-003	-3.04892e-002
420	 4.3900000000e+002	 9.86157e-004	-3.28837e-002
421	 4.4000000000e+002	-5.71847e-004	-3.56159e-002
422	 4.4100000000e+002	-3.08054e-003	-3.89013e-002
423	 4.4200000000e+002	-5.39691e-003	-4.14956e-002
424	 4.4300000000e+002	-9.20419e-003	-4.53470e-002
425	 4.4400000000e+002	-1.46943e-002	-4.95783e-002
426	 4.4500000000e+002	-2.08503e-002	-5.40526e-002
427	 4.4600000000e+002	-2.84019e-002	-5.72614e-002
428	 4.4700000000e+002	-4.06492e-002	-6.00591e-002
429	 4.4800000000e+002	-5.55486e-002	-6.05912e-002
430	 4.4900000000e+002	-5.99314e-002	-5.13926e-002
431	 4.5000000000e+002	-5.78798e-002	-3.69697e-002
432	 4.5100000000e+002	-1.01367e-001	-1.10764e-002
433	 4.5200000000e+002	-1.04018e-001	 1.64389e-002
434	 4.5300000000e+002	-9.02419e-002	 3.87342e-002
435	 4.5400000000e+002	-7.42871e-002	 5.09720e-002
436	 4.5500000000e+002	-5.64251e-002	 5.59795e-002
437	 4.5600000000e+002	-4.12582e-002	 5.57892e-002
438	 4.5700000000e+002	-3.20188e-002	 5.39445e-002
439	 4.5800000000e+002	-2.40444e-002	 5.05875e-002
440	 4.5900000000e+002	-1.71726e-002	 4.68190e-002
441	 4.6000000000e+002	-1.26506e-002	 4.34795e-002
442	 4.6100000000e+002	-9.68412e-003	 4.08492e-002
443	 4.6200000000e+002	-7.14412e-003	 3.83312e-002
444	 4.6300000000e+002	-4.46998e-003	 3.52764e-002
445	 4.6400000000e+002	-3.00574e-003	 3.35314e-002
446	 4.6500000000e+002	-1.44096e-003	 3.13465e-002
447	 4.6600000000e+002	-5.98064e-005	 2.93859e-002
448	 4.6700000000e+002	 9.36163e-004	 2.78070e-002
449	 4.6800000000e+002	 1.63584e-003	 2.65355e-002
450	 4.6900000000e+002	 2.49800e-003	 2.50134e-002
451	 4.7000000000e+002	 3.14182e-003	 2.38320e-002
452	 4.7100000000e+002	 3.73165e-003	 2.26684e-002
453	 4.7200000000e+002	 4.22135e-003	 2.16121e-002
454	 4.7300000000e+002	 4.68001e-003	 2.05332e-002
455	 4.7400000000e+002	 5.04949e-003	 1.97238e-002
456	 4.7500000000e+002	 5.38716e-003	 1.89659e-002
457	 4.7600000000e+002	 5.77159e-003	 1.79300e-002
458	 4.7700000000e+002	 6.00655e-003	 1.72841e-002
459	 4.7800000000e+002	 6.24969e-003	 1.66043e-002
460	 4.7900000000e+002	 6.44409e-003	 1.60548e-002
461	 4.8000000000e+002	 6.67164e-003	 1.53723e-002
462	 4.8100000000e+002	 6.82655e-003	 1.47475e-002
463	 4.8200000000e+002	 7.00392e-003	 1.41636e-002
464	 4.8300000000e+002	 7.13906e-003	 1.36542e-002
465	 4.8400000000e+002	 7.27378e-003	 1.31484e-002
466	 4.8500000000e+002	 7.39920e-003	 1.26946e-002
467	 4.8600000000e+002	 7.52875e-003	 1.21851e-002
468	 4.8700000000e+002	 7.61464e-003	 1.18010e-002
469	 4.8800000000e+002	 7.69660e-003	 1.13416e-002
470	 4.8900000000e+002	 7.76835e-003	 1.09989e-002
471	 4.9000000000e+002	 7.84759e-003	 1.05627e-002
472	 4.9100000000e+002	 7.90557e-003	 1.02621e-002
473	 4.9200000000e+002	 7.94957e-003	 9.92026e-003
474	 4.9300000000e+002	 8.00354e-003	 9.56767e-003
475	 4.9400000000e+002	 8.05294e-003	 9.30358e-003
476	 4.9500000000e+002	 8.12523e-003	 8.97941e-003
477	 4.9600000000e+002	 8.17535e-003	 8.72305e-003
478	 4.9700000000e+002	 8.23227e-003	 8.50715e-003
479	 4.9800000000e+002	 8.29822e-003	 8.23991e-003
480	 4.9900000000e+002	 8.36224e-003	 7.96316e-003
481	 5.0000000000e+002	 8.41465e-003	 7.74792e-003
482	 5.0100000000e+002	 8.48389e-003	 7.49825e-003
483	 5.0200000000e+002	 8.54708e-003	 7.22780e-003
484	 5.0300000000e+002	 8.58574e-003	 7.03136e-003
485	 5.0400000000e+002	 8.63302e-003	 6.80295e-003
486	 5.0500000000e+002	 8.67459e-003	 6.61547e-003
487	 5.0600000000e+002	 8.73274e-003	 6.41411e-003
488	 5.0700000000e+002	 8.78821e-003	 6.18495e-003
489	 5.0800000000e+002	 8.83237e-003	 6.03594e-003
490	 5.0900000000e+002	 8.88881e-003	 5.83476e-003
491	 5.1000000000e+002	 8.93643e-003	 5.67606e-003
492	 5.1100000000e+002	 8.99611e-003	 5.50730e-003
493	 5.1200000000e+002	 9.05711e-003	 5.32762e-003
494	 5.1300000000e+002	 9.10924e-003	 5.16937e-003
495	 5.1400000000e+002	 9.16143e-003	 5.02355e-003
496	 5.1500000000e+002	 9.23134e-003	 4.87861e-003
497	 5.1600000000e+002	 9.29925e-003	 4.73060e-003
498	 5.1700000000e+002	 9.37744e-003	 4.59402e-003
499	 5.1800000000e+002	 9.45425e-003	 4.45462e-003
500	 5.1900000000e+002	 9.54458e-003	 4.30866e-003
501	 5.2000000000e+002	 9.62948e-003	 4.17565e-003
502	 5.2100000000e+002	 9.73149e-003	 4.04963e-003
503	 5.2200000000e+002	 9.82742e-003	 3.93548e-003
504	 5.2300000000e+002	 9.94929e-003	 3.79886e-003
505	 5.2400000000e+002	 1.00602e-002	 3.68720e-003
506	 5.2500000000e+002	 1.02001e-002	 3.54652e-003
507	 5.2600000000e+002	 1.03544e-002	 3.40530e-003
508	 5.2700000000e+002	 1.04910e-002	 3.30957e-003
509	 5.2800000000e+002	 1.06569e-002	 3.14823e-003
510	 5.2900000000e+002	 1.08112e-002	 3.00673e-003
511	 5.3000000000e+002	 1.10168e-002	 2.85693e-003
512	 5.3100000000e+002	 1.11976e-002	 2.70545e-003
513	 5.3200000000e+002	 1.13678e-002	 2.52635e-003
514	 5.3300000000e+002	 1.15894e-002	 2.32050e-003
515	 5.3400000000e+002	 1.17626e-002	 2.15072e-003
516	 5.3500000000e+002	 1.19757e-002	 1.96422e-003
517	 5.3600000000e+002	 1.21908e-002	 1.77234e-003
518	 5.3700000000e+002	 1.24217e-002	 1.56310e-003
519	 5.3800000000e+002	 1.26625e-002	 1.33143e-003
520	 5.3900000000e+002	 1.28976e-002	 1.10327e-003
521	 5.4000000000e+002	 1.31436e-002	 8.48859e-004
522	 5.4100000000e+002	 1.34479e-002	 5.89986e-004
523	 5.4200000000e+002	 1.37297e-002	 3.21853e-004
524	 5.4300000000e+002	 1.39738e-002	 3.61344e-005
525	 5.4400000000e+002	 1.43050e-002	-3.44075e-004
526	 5.4500000000e+002	 1.45755e-002	-6.77697e-004
527	 5.4600000000e+002	 1.48657e-002	-1.10017e-003
528	 5.4700000000e+002	 1.51708e-002	-1.45551e-003
529	 5.4800000000e+002	 1.54466e-002	-1.88265e-003
530	 5.4900000000e+002	 1.56729e-002	-2.70844e-003
531	 5.5000000000e+002	 1.59062e-002	-3.37130e-003
532	 5.5100000000e+002	 1.62538e-002	-3.29616e-003
533	 5.5200000000e+002	 1.66115e-002	-3.85435e-003
534	 5.5300000000e+002	 1.69043e-002	-4.38629e-003
535	 5.5400000000e+002	 1.72366e-002	-4.99081e-003
536	 5.5500000000e+002	 1.74523e-002	-5.57701e-003
537	 5.5600000000e+002	 1.77579e-002	-6.26330e-003
538	 5.5700000000e+002	 1.79875e-002	-6.88961e-003
539	 5.5800000000e+002	 1.82001e-002	-7.57522e-003
540	 5.5900000000e+002	 1.84813e-002	-8.33460e-003
541	 5.6000000000e+002	 1.87035e-002	-9.11141e-003
542	 5.6100000000e+002	 1.89241e-002	-9.96453e-003
543	 5.6200000000e+002	 1.91156e-002	-1.09091e-002
544	 5.6300000000e+002	 1.93269e-002	-1.17530e-002
545	 5.6400000000e+002	 1.94707e-002	-1.25611e-002
546	 5.6500000000e+002	 1.96233e-002	-1.37561e-002
547	 5.6600000000e+002	 1.97251e-002	-1.47579e-002
548	 5.6700000000e+002	 1.98437e-002	-1.58588e-002
549	 5.6800000000e+002	 2.00206e-002	-1.70277e-002
550	 5.6900000000e+002	 2.00696e-002	-1.81185e-002
551	 5.7000000000e+002	 2.02129e-002	-1.97159e-002
552	 5.7100000000e+002	 2.02412e-002	-2.08125e-002
553	 5.7200000000e+002	 2.01912e-002	-2.24074e-002
554	 5.7300000000e+002	 2.02072e-002	-2.39629e-002
555	 5.7400000000e+002	 2.01427e-002	-2.54735e-002
556	 5.7500000000e+002	 1.99788e-002	-2.72661e-002
557	 5.7600000000e+002	 1.97236e-002	-2.95601e-002
558	 5.7700000000e+002	 1.95693e-002	-3.13084e-002
559	 5.7800000000e+002	 1.92940e-002	-3.36432e-002
560	 5.7900000000e+002	 1.88504e-002	-3.61344e-002
561	 5.8000000000e+002	 1.83499e-002	-3.89028e-002
562	 5.8100000000e+002	 1.74854e-002	-4.21547e-002
563	 5.8200000000e+002	 1.66003e-002	-4.49071e-002
564	 5.8300000000e+002	 1.52362e-002	-4.89339e-002
565	 5.8400000000e+002	 1.33739e-002	-5.29705e-002
566	 5.8500000000e+002	 1.10235e-002	-5.76700e-002
567	 5.8600000000e+002	 7.81794e-003	-6.23704e-002
568	 5.8700000000e+002	 3.85020e-003	-6.81430e-002
569	 5.8800000000e+002	-2.15947e-003	-7.43995e-002
570	 5.8900000000e+002	-9.07316e-003	-8.01905e-002
571	 5.9000000000e+002	-1.92836e-002	-8.56095e-002
572	 5.9100000000e+002	-3.03909e-002	-8.97575e-002
573	 5.9200000000e+002	-4.65673e-002	-9.13797e-002
574	 5.9300000000e+002	-6.42459e-002	-8.91105e-002
575	 5.9400000000e+002	-8.46347e-002	-7.96535e-002
576	 5.9500000000e+002	-1.01514e-001	-6.44597e-002
577	 5.9600000000e+002	-1.10860e-001	-4.73332e-002
578	 5.9700000000e+002	-1.14418e-001	-2.65647e-002
579	 5.9800000000e+002	-1.10695e-001	-3.00434e-003
580	 5.9900000000e+002	-1.03439e-001	 1.34451e-002
581	 6.0000000000e+002	-9.32271e-002	 2.52842e-002
582	 6.0100000000e+002	-8.33531e-002	 3.32926e-002
583	 6.0200000000e+002	-7.30160e-002	 3.82097e-002
584	 6.0300000000e+002	-6.32834e-002	 4.15830e-002
585	 6.0400000000e+002	-5.53211e-002	 4.28194e-002
586	 6.0500000000e+002	-4.83710e-002	 4.31903e-002
587	 6.0600000000e+002	-4.22975e-002	 4.33319e-002
588	 6.0700000000e+002	-3.68687e-002	 4.25977e-002
589	 6.0800000000e+002	-3.30079e-002	 4.19554e-002
590	 6.0900000000e+002	-2.89242e-002	 4.07618e-002
591	 6.1000000000e+002	-2.50093e-002	 3.95869e-002
592	 6.1100000000e+002	-2.23657e-002	 3.85974e-002
593	 6.1200000000e+002	-1.97810e-002	 3.74879e-002
594	 6.1300000000e+002	-1.75429e-002	 3.62718e-002
595	 6.1400000000e+002	-1.51475e-002	 3.50246e-002
596	 6.1500000000e+002	-1.34686e-002	 3.40712e-002
597	 6.1600000000e+002	-1.18186e-002	 3.30432e-002
598	 6.1700000000e+002	-1.03565e-002	 3.20835e-002
599	 6.1800000000e+002	-8.98219e-003	 3.11367e-002
600	 6.1900000000e+002	-7.65672e-003	 3.01636e-002
601	 6.2000000000e+002	-6.68497e-003	 2.94804e-002
602	 6.2100000000e+002	-5.63978e-003	 2.86383e-002
603	 6.2200000000e+002	-4.72354e-003	 2.78629e-002
604	 6.2300000000e+002	-3.85709e-003	 2.71954e-002
605	 6.2400000000e+002	-2.97632e-003	 2.63726e-002
606	 6.2500000000e+002	-2.29384e-003	 2.57597e-002
607	 6.2600000000e+002	-1.68805e-003	 2.50802e-002
608	 6.2700000000e+002	-9.00701e-004	 2.44030e-002
609	 6.2800000000e+002	-3.55481e-004	 2.38581e-002
610	 6.2900000000e+002	 1.87844e-004	 2.33505e-002
611	 6.3000000000e+002	 7.25702e-004	 2.28108e-002
612	 6.3100000000e+002	 1.19120e-003	 2.22996e-002
613	 6.3200000000e+002	 1.68421e-003	 2.18114e-002
614	 6.3300000000e+002	 2.10923e-003	 2.13456e-002
615	 6.3400000000e+002	 2.58028e-003	 2.08340e-002
616	 6.3500000000e+002	 2.94818e-003	 2.04020e-002
617	 6.3600000000e+002	 3.30767e-003	 1.99992e-002
618	 6.3700000000e+002	 3.70824e-003	 1.95128e-002
619	 6.3800000000e+002	 4.01936e-003	 1.91634e-002
620	 6.3900000000e+002	 4.29662e-003	 1.88306e-002
621	 6.4000000000e+002	 4.62133e-003	 1.84246e-002
622	 6.4100000000e+002	 4.92208e-003	 1.80299e-002
623	 6.4200000000e+002	 5.15786e-003	 1.77309e-002
624	 6.4300000000e+002	 5.43418e-003	 1.73778e-002
625	 6.4400000000e+002	 5.66210e-003	 1.71035e-002
626	 6.4500000000e+002	 5.89429e-003	 1.68391e-002
627	 6.4600000000e+002	 6.16078e-003	 1.65145e-002
628	 6.4700000000e+002	 6.33808e-003	 1.63120e-002
629	 6.4800000000e+002	 6.57783e-003	 1.60512e-002
630	 6.4900000000e+002	 6.70037e-003	 1.59082e-002
631	 6.5000000000e+002	 6.85880e-003	 1.57799e-002
632	 6.5100000000e+002	 7.20407e-003	 1.54326e-002
633	 6.5200000000e+002	 7.42422e-003	 1.52535e-002
634	 6.5300000000e+002	 7.64939e-003	 1.50980e-002
635	 6.5400000000e+002	 7.84085e-003	 1.49590e-002
636	 6.5500000000e+002	 8.06714e-003	 1.48177e-002
637	 6.5600000000e+002	 8.32831e-003	 1.46633e-002
638	 6.5700000000e+002	 8.58754e-003	 1.45427e-002
639	 6.5800000000e+002	 8.82490e-003	 1.44307e-002
640	 6.5900000000e+002	 9.12301e-003	 1.43166e-002
641	 6.6000000000e+002	 9.37782e-003	 1.42303e-002
642	 6.6100000000e+002	 9.65041e-003	 1.41285e-002
643	 6.6200000000e+002	 1.00150e-002	 1.40153e-002
644	 6.6300000000e+002	 1.03244e-002	 1.39022e-002
645	 6.6400000000e+002	 1.06350e-002	 1.38132e-002
646	 6.6500000000e+002	 1.10255e-002	 1.36991e-002
647	 6.6600000000e+002	 1.14150e-002	 1.36016e-002
648	 6.6700000000e+002	 1.18047e-002	 1.34492e-002
649	 6.6800000000e+002	 1.21817e-002	 1.33108e-002
650	 6.6900000000e+002	 1.25538e-002	 1.31842e-002
651	 6.7000000000e+002	 1.30087e-002	 1.30533e-002
652	 6.7100000000e+002	 1.34725e-002	 1.28747e-002
653	 6.7200000000e+002	 1.39589e-002	 1.26677e-002
654	 6.7300000000e+002	 1.43879e-002	 1.24736e-002
655	 6.7400000000e+002	 1.48544e-002	 1.22704e-002
656	 6.7500000000e+002	 1.53133e-002	 1.20251e-002
657	 6.7600000000e+002	 1.57684e-002	 1.17787e-002
658	 6.7700000000e+002	 1.62773e-002	 1.15013e-002
659	 6.7800000000e+002	 1.68202e-002	 1.11811e-002
660	 6.7900000000e+002	 1.73174e-002	 1.08948e-002
661	 6.8000000000e+002	 1.77839e-002	 1.05340e-002
662	 6.8100000000e+002	 1.82885e-002	 1.01929e-002
663	 6.8200000000e+002	 1.88426e-002	 9.77275e-003
664	 6.8300000000e+002	 1.92689e-002	 9.39643e-003
665	 6.8400000000e+002	 1.98079e-002	 8.93796e-003
666	 6.8500000000e+002	 2.03335e-002	 8.47480e-003
667	 6.8600000000e+002	 2.07920e-002	 8.05500e-003
668	 6.8700000000e+002	 2.12888e-002	 7.56994e-003
669	 6.8800000000e+002	 2.17309e-002	 7.10237e-003
670	 6.8900000000e+002	 2.23437e-002	 6.44388e-003
671	 6.9000000000e+002	 2.28153e-002	 5.93395e-003
672	 6.9100000000e+002	 2.32241e-002	 5.39361e-003
673	 6.9200000000e+002	 2.36845e-002	 4.83763e-003
674	 6.9300000000e+002	 2.42531e-002	 4.16723e-003
675	 6.9400000000e+002	 2.47087e-002	 3.53577e-003
676	 6.9500000000e+002	 2.51426e-002	 2.91675e-003
677	 6.9600000000e+002	 2.56304e-002	 2.21898e-003
678	 6.9700000000e+002	 2.61240e-002	 1.54246e-003
679	 6.9800000000e+002	 2.66235e-002	 8.17604e-004
680	 6.9900000000e+002	 2.71197e-002	 1.60735e-004
681	 7.0000000000e+002	 2.76568e-002	-6.75143e-004
682	 7.0100000000e+002	 2.81019e-002	-1.33577e-003
683	 7.0200000000e+002	 2.86836e-002	-2.25685e-003
684	 7.0300000000e+002	 2.92519e-002	-3.04427e-003
685	 7.0400000000e+002	 2.98481e-002	-4.01154e-003
686	 7.0500000000e+002	 3.04612e-002	-4.92386e-003
687	 7.0600000000e+002	 3.10323e-002	-5.97115e-003
688	 7.0700000000e+002	 3.15917e-002	-6.98680e-003
689	 7.0800000000e+002	 3.23143e-002	-8.30915e-003
690	 7.0900000000e+002	 3.28263e-002	-9.38689e-003
691	 7.1000000000e+002	 3.35461e-002	-1.08940e-002
692	 7.1100000000e+002	 3.41832e-002	-1.23562e-002
693	 7.1200000000e+002	 3.48399e-002	-1.36801e-002
694	 7.1300000000e+002	 3.55044e-002	-1.54281e-002
695	 7.1400000000e+002	 3.60658e-002	-1.73349e-002
696	 7.1500000000e+002	 3.64989e-002	-1.90104e-002
697	 7.1600000000e+002	 3.71097e-002	-2.12020e-002
698	 7.1700000000e+002	 3.77793e-002	-2.35545e-002
699	 7.1800000000e+002	 3.81384e-002	-2.59527e-002
700	 7.1900000000e+002	 3.86491e-002	-2.83589e-002
701	 7.2000000000e+002	 3.91285e-002	-3.11811e-002
702	 7.2100000000e+002	 3.92708e-002	-3.41354e-002
703	 7.2200000000e+002	 3.95304e-002	-3.74363e-002
704	 7.2300000000e+002	 3.94221e-002	-4.11788e-002
705	 7.2400000000e+002	 3.93463e-002	-4.52481e-002
706	 7.2500000000e+002	 3.85025e-002	-5.01007e-002
707	 7.2600000000e+002	 3.77110e-002	-5.45632e-002
708	 7.2700000000e+002	 3.69980e-002	-5.91344e-002
709	 7.2800000000e+002	 3.40938e-002	-6.62087e-002
710	 7.2900000000e+002	 3.14847e-002	-7.22243e-002
711	 7.3000000000e+002	 2.82449e-002	-7.77379e-002
712	 7.3100000000e+002	 2.27083e-002	-8.59073e-002
713	 7.3200000000e+002	 1.61400e-002	-9.27522e-002
714	 7.3300000000e+002	 7.53916e-003	-9.91277e-002
715	 7.3400000000e+002	-3.39670e-003	-1.05397e-001
716	 7.3500000000e+002	-1.68845e-002	-1.09681e-001
717	 7.3600000000e+002	-3.22998e-002	-1.10993e-001
718	 7.3700000000e+002	-4.88301e-002	-1.08431e-001
719	 7.3800000000e+002	-6.63312e-002	-1.01146e-001
720	 7.3900000000e+002	-7.98344e-002	-9.19119e-002
721	 7.4000000000e+002	-9.06010e-002	-7.78150e-002
722	 7.4100000000e+002	-9.78546e-002	-6.38661e-002
723	 7.4200000000e+002	-1.01107e-001	-4.81844e-002
724	 7.4300000000e+002	-1.01109e-001	-3.27951e-002
725	 7.4400000000e+002	-9.86815e-002	-2.07751e-002
726	 7.4500000000e+002	-9.46576e-002	-1.07772e-002
727	 7.4600000000e+002	-8.99728e-002	-1.91008e-003
728	 7.4700000000e+002	-8.36645e-002	 6.45083e-003
729	 7.4800000000e+002	-7.86165e-002	 1.13890e-002
730	 7.4900000000e+002	-7.36545e-002	 1.54770e-002
731	 7.5000000000e+002	-6.80648e-002	 1.90819e-002
732	 7.5100000000e+002	-6.28176e-002	 2.21303e-002
733	 7.5200000000e+002	-5.79616e-002	 2.42721e-002
734	 7.5300000000e+002	-5.40262e-002	 2.55536e-002
735	 7.5400000000e+002	-5.04082e-002	 2.67564e-002
736	 7.5500000000e+002	-4.70981e-002	 2.76572e-002
737	 7.5600000000e+002	-4.34690e-002	 2.83111e-002
738	 7.5700000000e+002	-4.02938e-002	 2.87970e-002
739	 7.5800000000e+002	-3.73850e-002	 2.90746e-002
740	 7.5900000000e+002	-3.52341e-002	 2.91790e-002
741	 7.6000000000e+002	-3.28159e-002	 2.93006e-002
742	 7.6100000000e+002	-3.06114e-002	 2.92456e-002
743	 7.6200000000e+002	-2.86526e-002	 2.91865e-002
744	 7.6300000000e+002	-2.65607e-002	 2.90103e-002
745	 7.6400000000e+002	-2.49028e-002	 2.88410e-002
746	 7.6500000000e+002	-2.32671e-002	 2.86280e-002
747	 7.6600000000e+002	-2.19069e-002	 2.84363e-002
748	 7.6700000000e+002	-2.03204e-002	 2.81281e-002
749	 7.6800000000e+002	-1.89804e-002	 2.78942e-002
750	 7.6900000000e+002	-1.78378e-002	 2.76566e-002
751	 7.7000000000e+002	-1.67546e-002	 2.74443e-002
752	 7.7100000000e+002	-1.56743e-002	 2.71550e-002
753	 7.7200000000e+002	-1.45924e-002	 2.69129e-002
754	 7.7300000000e+002	-1.36429e-002	 2.66642e-002
755	 7.7400000000e+002	-1.27711e-002	 2.64604e-002
756	 7.7500000000e+002	-1.17912e-002	 2.61883e-002
757	 7.7600000000e+002	-1.10396e-002	 2.59774e-002
758	 7.7700000000e+002	-1.02498e-002	 2.57323e-002
759	 7.7800000000e+002	-9.52312e-003	 2.55530e-002
760	 7.7900000000e+002	-8.78080e-003	 2.53749e-002
761	 7.8000000000e+002	-8.07072e-003	 2.51839e-002
762	 7.8100000000e+002	-7.39084e-003	 2.49968e-002
763	 7.8200000000e+002	-6.73451e-003	 2.48193e-002
764	 7.8300000000e+002	-6.11425e-003	 2.46529e-002
765	 7.8400000000e+002	-5.49885e-003	 2.44938e-002
766	 7.8500000000e+002	-4.84608e-003	 2.43064e-002
767	 7.8600000000e+002	-4.31241e-003	 2.41638e-002
768	 7.8700000000e+002	-3.79849e-003	 2.40244e-002
769	 7.8800000000e+002	-3.16434e-003	 2.38616e-002
770	 7.8900000000e+002	-2.62113e-003	 2.36997e-002
771	 7.9000000000e+002	-2.04241e-003	 2.35336e-002
772	 7.9100000000e+002	-1.48905e-003	 2.33786e-002
773	 7.9200000000e+002	-1.05582e-003	 2.32574e-002
774	 7.9300000000e+002	-5.81402e-004	 2.31056e-002
775	 7.9400000000e+002	 1.15362e-005	 2.29331e-002
776	 7.9500000000e+002	 4.66593e-004	 2.27988e-002
777	 7.9600000000e+002	 8.57305e-004	 2.26798e-002
778	 7.9700000000e+002	 1.45617e-003	 2.25327e-002
779	 7.9800000000e+002	 1.84360e-003	 2.24054e-002
780	 7.9900000000e+002	 2.36762e-003	 2.22673e-002
781	 8.0000000000e+002	 2.80491e-003	 2.21553e-002
782	 8.0100000000e+002	 3.21917e-003	 2.20420e-002
783	 8.0200000000e+002	 3.72230e-003	 2.19101e-002
784	 8.0300000000e+002	 4.16038e-003	 2.18101e-002
785	 8.0400000000e+002	 4.57132e-003	 2.17212e-002
786	 8.0500000000e+002	 5.02458e-003	 2.16101e-002
787	 8.0600000000e+002	 5.51064e-003	 2.15006e-002
788	 8.0700000000e+002	 5.95265e-003	 2.14274e-002
789	 8.0800000000e+002	 6.35345e-003	 2.13587e-002
790	 8.0900000000e+002	 6.83878e-003	 2.12541e-002
791	 8.1000000000e+002	 7.28441e-003	 2.11947e-002
792	 8.1100000000e+002	 7.78267e-003	 2.11053e-002
793	 8.1200000000e+002	 8.23642e-003	 2.10358e-002
794	 8.1300000000e+002	 8.77290e-003	 2.09744e-002
795	 8.1400000000e+002	 9.25394e-003	 2.09312e-002
796	 8.1500000000e+002	 9.71251e-003	 2.08622e-002
797	 8.1600000000e+002	 1.02887e-002	 2.07994e-002
798	 8.1700000000e+002	 1.07560e-002	 2.07533e-002
799	 8.1800000000e+002	 1.14278e-002	 2.06799e-002
800	 8.1900000000e+002	 1.19618e-002	 2.06543e-002
801	 8.2000000000e+002	 1.25671e-002	 2.06017e-002
802	 8.2100000000e+002	 1.32928e-002	 2.04721e-002
803	 8.2200000000e+002	 1.39183e-002	 2.03553e-002
804	 8.2300000000e+002	 1.44479e-002	 2.02483e-002
805	 8.2400000000e+002	 1.52425e-002	 2.00971e-002
806	 8.2500000000e+002	 1.61086e-002	 1.99293e-002
807	 8.2600000000e+002	 1.66796e-002	 1.98205e-002
808	 8.2700000000e+002	 1.75095e-002	 1.95783e-002
809	 8.2800000000e+002	 1.82120e-002	 1.94005e-002
810	 8.2900000000e+002	 1.90689e-002	 1.90843e-002
811	 8.3000000000e+002	 1.98050e-002	 1.88127e-002
812	 8.3100000000e+002	 2.06135e-002	 1.84581e-002
813	 8.3200000000e+002	 2.14277e-002	 1.81666e-002
814	 8.3300000000e+002	 2.23172e-002	 1.76801e-002
815	 8.3400000000e+002	 2.31666e-002	 1.72758e-002
816	 8.3500000000e+002	 2.40382e-002	 1.68379e-002
817	 8.3600000000e+002	 2.48895e-002	 1.63424e-002
818	 8.3700000000e+002	 2.57942e-002	 1.57402e-002
819	 8.3800000000e+002	 2.66251e-002	 1.51710e-002
820	 8.3900000000e+002	 2.74196e-002	 1.45660e-002
821	 8.4000000000e+002	 2.84588e-002	 1.37819e-002
822	 8.4100000000e+002	 2.91590e-002	 1.32034e-002
823	 8.4200000000e+002	 3.00754e-002	 1.24714e-002
824	 8.4300000000e+002	 3.09416e-002	 1.16237e-002
825	 8.4400000000e+002	 3.17400e-002	 1.08171e-002
826	 8.4500000000e+002	 3.26592e-002	 9.88931e-003
827	 8.4600000000e+002	 3.36030e-002	 8.95646e-003
828	 8.4700000000e+002	 3.42196e-002	 8.15866e-003
829	 8.4800000000e+002	 3.50766e-002	 7.29796e-003
830	 8.4900000000e+002	 3.63084e-002	 6.50657e-003
831	 8.5000000000e+002	 3.70966e-002	 5.67217e-003
832	 8.5100000000e+002	 3.75164e-002	 3.97580e-003
833	 8.5200000000e+002	 3.83777e-002	 2.75179e-003
834	 8.5300000000e+002	 3.91889e-002	 1.64156e-003
835	 8.5400000000e+002	 4.01483e-002	 3.91295e-004
836	 8.5500000000e+002	 4.09223e-002	-7.36803e-004
837	 8.5600000000e+002	 4.17244e-002	-2.11483e-003
838	 8.5700000000e+002	 4.26225e-002	-3.47507e-003
839	 8.5800000000e+002	 4.36009e-002	-4.99399e-003
840	 8.5900000000e+002	 4.45350e-002	-6.49039e-003
841	 8.6000000000e+002	 4.58694e-002	-8.27373e-003
842	 8.6100000000e+002	 4.69038e-002	-1.00463e-002
843	 8.6200000000e+002	 4.79782e-002	-1.22344e-002
844	 8.6300000000e+002	 4.90048e-002	-1.43328e-002
845	 8.6400000000e+002	 5.04209e-002	-1.70364e-002
846	 8.6500000000e+002	 5.15834e-002	-1.94832e-002
847	 8.6600000000e+002	 5.28246e-002	-2.24068e-002
848	 8.6700000000e+002	 5.38630e-002	-2.55650e-002
849	 8.6800000000e+002	 5.50449e-002	-2.95376e-002
850	 8.6900000000e+002	 5.60172e-002	-3.37272e-002
851	 8.7000000000e+002	 5.67235e-002	-3.82974e-002
852	 8.7100000000e+002	 5.72018e-002	-4.33429e-002
853	 8.7200000000e+002	 5.72082e-002	-4.92626e-002
854	 8.7300000000e+002	 5.66631e-002	-5.63210e-002
855	 8.7400000000e+002	 5.50579e-002	-6.35330e-002
856	 8.7500000000e+002	 5.27778e-002	-7.06902e-002
857	 8.7600000000e+002	 4.94557e-002	-7.79678e-002
858	 8.7700000000e+002	 4.36555e-002	-8.64336e-002
859	 8.7800000000e+002	 3.60094e-002	-9.40674e-002
860	 8.7900000000e+002	 2.65608e-002	-1.01681e-001
861	 8.8000000000e+002	 1.68164e-002	-1.06027e-001
862	 8.8100000000e+002	 4.87773e-003	-1.09513e-001
863	 8.8200000000e+002	-9.08041e-003	-1.11002e-001
864	 8.8300000000e+002	-2.34376e-002	-1.08756e-001
865	 8.8400000000e+002	-3.43121e-002	-1.04972e-001
866	 8.8500000000e+002	-4.50549e-002	-9.88192e-002
867	 8.8600000000e+002	-5.46963e-002	-9.07760e-002
868	 8.8700000000e+002	-6.24642e-002	-8.12913e-002
869	 8.8800000000e+002	-6.66802e-002	-7.28618e-002
870	 8.8900000000e+002	-7.09367e-002	-6.31599e-002
871	 8.9000000000e+002	-7.26111e-002	-5.49727e-002
872	 8.9100000000e+002	-7.35247e-002	-4.66408e-002
873	 8.9200000000e+002	-7.33987e-002	-3.92603e-002
874	 8.9300000000e+002	-7.25795e-002	-3.21061e-002
875	 8.9400000000e+002	-7.12483e-002	-2.61893e-002
876	 8.9500000000e+002	-6.98476e-002	-2.16882e-002
877	 8.9600000000e+002	-6.73093e-002	-1.56448e-002
878	 8.9700000000e+002	-6.53278e-002	-1.17584e-002
879	 8.9800000000e+002	-6.32246e-002	-8.17865e-003
880	 8.9900000000e+002	-6.10896e-002	-4.82726e-003
881	 9.0000000000e+002	-5.87714e-002	-1.91289e-003
882	 9.0100000000e+002	-5.66628e-002	 8.37614e-004
883	 9.0200000000e+002	-5.46269e-002	 2.86128e-003
884	 9.0300000000e+002	-5.24808e-002	 5.10614e-003
885	 9.0400000000e+002	-5.06467e-002	 6.78164e-003
886	 9.0500000000e+002	-4.85863e-002	 8.47836e-003
887	 9.0600000000e+002	-4.63109e-002	 1.00784e-002
888	 9.0700000000e+002	-4.46326e-002	 1.12483e-002
889	 9.0800000000e+002	-4.30455e-002	 1.23209e-002
890	 9.0900000000e+002	-4.13139e-002	 1.33970e-002
891	 9.1000000000e+002	-3.96986e-002	 1.42540e-002
892	 9.1100000000e+002	-3.81189e-002	 1.51483e-002
893	 9.1200000000e+002	-3.66759e-002	 1.58073e-002
894	 9.1300000000e+002	-3.51635e-002	 1.64936e-002
895	 9.1400000000e+002	-3.37230e-002	 1.71178e-002
896	 9.1500000000e+002	-3.24903e-002	 1.75379e-002
897	 9.1600000000e+002	-3.11777e-002	 1.80468e-002
898	 9.1700000000e+002	-3.01812e-002	 1.83542e-002
899	 9.1800000000e+002	-2.88835e-002	 1.87540e-002
900	 9.1900000000e+002	-2.78921e-002	 1.90331e-002
901	 9.2000000000e+002	-2.69273e-002	 1.93136e-002
902	 9.2100000000e+002	-2.59572e-002	 1.95308e-002
903	 9.2200000000e+002	-2.50039e-002	 1.97912e-002
904	 9.2300000000e+002	-2.42525e-002	 1.99551e-002
905	 9.2400000000e+002	-2.33760e-002	 2.01541e-002
906	 9.2500000000e+002	-2.25939e-002	 2.03636e-002
907	 9.2600000000e+002	-2.19075e-002	 2.05310e-002
908	 9.2700000000e+002	-2.11967e-002	 2.07533e-002
909	 9.2800000000e+002	-2.05405e-002	 2.09033e-002
910	 9.2900000000e+002	-1.98501e-002	 2.11244e-002
911	 9.3000000000e+002	-1.92888e-002	 2.13237e-002
912	 9.3100000000e+002	-1.86652e-002	 2.15292e-002
913	 9.3200000000e+002	-1.81788e-002	 2.16937e-002
914	 9.3300000000e+002	-1.75361e-002	 2.19510e-002
915	 9.3400000000e+002	-1.70012e-002	 2.21739e-002
916	 9.3500000000e+002	-1.64872e-002	 2.24246e-002
917	 9.3600000000e+002	-1.60136e-002	 2.26593e-002
918	 9.3700000000e+002	-1.54384e-002	 2.29266e-002
919	 9.3800000000e+002	-1.49063e-002	 2.32039e-002
920	 9.3900000000e+002	-1.44042e-002	 2.34666e-002
921	 9.4000000000e+002	-1.39067e-002	 2.38243e-002
922	 9.4100000000e+002	-1.33983e-002	 2.40981e-002
923	 9.4200000000e+002	-1.28438e-002	 2.44293e-002
924	 9.4300000000e+002	-1.22022e-002	 2.47879e-002
925	 9.4400000000e+002	-1.17282e-002	 2.50848e-002
926	 9.4500000000e+002	-1.11647e-002	 2.54106e-002
927	 9.4600000000e+002	-1.06446e-002	 2.57596e-002
928	 9.4700000000e+002	-1.00363e-002	 2.60952e-002
929	 9.4800000000e+002	-9.27500e-003	 2.65889e-002
930	 9.4900000000e+002	-8.93759e-003	 2.71237e-002
931	 9.5000000000e+002	-8.17601e-003	 2.73015e-002
932	 9.5100000000e+002	-7.32101e-003	 2.75370e-002
933	 9.5200000000e+002	-6.55176e-003	 2.78904e-002
934	 9.5300000000e+002	-5.87940e-003	 2.81961e-002
935	 9.5400000000e+002	-5.05705e-003	 2.85113e-002
936	 9.5500000000e+002	-4.13792e-003	 2.88319e-002
937	 9.5600000000e+002	-3.38727e-003	 2.90412e-002
938	 9.5700000000e+002	-2.54562e-003	 2.92684e-002
939	 9.5800000000e+002	-1.67851e-003	 2.94920e-002
940	 9.5900000000e+002	-8.62499e-004	 2.96660e-002
941	 9.6000000000e+002	 1.27510e-004	 2.97779e-002
942	 9.6100000000e+002	 1.11197e-003	 2.98916e-002
943	 9.6200000000e+002	 1.98447e-003	 3.00376e-002
944	 9.6300000000e+002	 2.89345e-003	 3.01248e-002
945	 9.6400000000e+002	 3.74979e-003	 3.01314e-002
946	 9.6500000000e+002	 4.79237e-003	 3.00942e-002
947	 9.6600000000e+002	 5.68753e-003	 2.99845e-002
948	 9.6700000000e+002	 6.66976e-003	 2.99391e-002
949	 9.6800000000e+002	 7.51505e-003	 2.98296e-002
950	 9.6900000000e+002	 8.27459e-003	 2.97759e-002
951	 9.7000000000e+002	 9.19516e-003	 2.96374e-002
952	 9.7100000000e+002	 1.01559e-002	 2.95355e-002
953	 9.7200000000e+002	 1.10582e-002	 2.93938e-002
954	 9.7300000000e+002	 1.19726e-002	 2.92708e-002
955	 9.7400000000e+002	 1.28952e-002	 2.90470e-002
956	 9.7500000000e+002	 1.37847e-002	 2.88679e-002
957	 9.7600000000e+002	 1.46639e-002	 2.87369e-002
958	 9.7700000000e+002	 1.56022e-002	 2.84607e-002
959	 9.7800000000e+002	 1.63823e-002	 2.83237e-002
960	 9.7900000000e+002	 1.73019e-002	 2.81275e-002
961	 9.8000000000e+002	 1.83609e-002	 2.78325e-002
962	 9.8100000000e+002	 1.92670e-002	 2.75779e-002
963	 9.8200000000e+002	 2.01727e-002	 2.72972e-002
964	 9.8300000000e+002	 2.11072e-002	 2.70192e-002
965	 9.8400000000e+002	 2.20983e-002	 2.66959e-002
966	 9.8500000000e+002	 2.31886e-002	 2.63103e-002
967	 9.8600000000e+002	 2.42068e-002	 2.60854e-002
968	 9.8700000000e+002	 2.52742e-002	 2.56998e-002
969	 9.8800000000e+002	 2.63286e-002	 2.53699e-002
970	 9.8900000000e+002	 2.75985e-002	 2.50624e-002
971	 9.9000000000e+002	 2.87454e-002	 2.45342e-002
972	 9.9100000000e+002	 2.98373e-002	 2.41263e-002
973	 9.9200000000e+002	 3.11487e-002	 2.37231e-002
974	 9.9300000000e+002	 3.23827e-002	 2.30931e-002
975	 9.9400000000e+002	 3.35832e-002	 2.25851e-002
976	 9.9500000000e+002	 3.49328e-002	 2.20201e-002
977	 9.9600000000e+002	 3.64889e-002	 2.12197e-002
978	 9.9700000000e+002	 3.77714e-002	 2.05188e-002
979	 9.9800000000e+002	 3.91140e-002	 1.97775e-002
980	 9.9900000000e+002	 4.04848e-002	 1.88866e-002
981	 1.0000000000e+003	 4.21160e-002	 1.79197e-002
982	 1.0010000000e+003	 4.37308e-002	 1.68732e-002
983	 1.0020000000e+003	 4.53328e-002	 1.57739e-002
984	 1.0030000000e+003	 4.73087e-002	 1.44529e-002
985	 1.0040000000e+003	 4.90208e-002	 1.31630e-002
986	 1.0050000000e+003	 5.08601e-002	 1.18631e-002
987	 1.0060000000e+003	 5.28805e-002	 1.00080e-002
988	 1.0070000000e+003	 5.47081e-002	 8.19329e-003
989	 1.0080000000e+003	 5.66618e-002	 6.12504e-003
990	 1.0090000000e+003	 5.86925e-002	 3.84613e-003
991	 1.0100000000e+003	 6.09635e-002	 8.57956e-004
992	 1.0110000000e+003	 6.30023e-002	-1.49194e-003
993	 1.0120000000e+003	 6.50777e-002	-4.91596e-003
994	 1.0130000000e+003	 6.70198e-002	-8.57146e-003
995	 1.0140000000e+003	 6.87925e-002	-1.24980e-002
996	 1.0150000000e+003	 7.07032e-002	-1.74571e-002
997	 1.0160000000e+003	 7.19417e-002	-2.18532e-002
998	 1.0170000000e+003	 7.31303e-002	-2.69901e-002
999	 1.0180000000e+003	 7.38500e-002	-3.40666e-002
1000	 1.0190000000e+003	 7.36996e-002	-3.91651e-002
1001	 1.0200000000e+003	 7.31593e-002	-4.64467e-002
1002	 1.0210000000e+003	 7.15961e-002	-5.37625e-002
1003	 1.0220000000e+003	 6.89765e-002	-6.08476e-002
1004	 1.0230000000e+003	 6.53521e-002	-6.86434e-002
1005	 1.0240000000e+003	 6.05536e-002	-7.51935e-002
1006	 1.0250000000e+003	 5.48038e-002	-8.19281e-002
1007	 1.0260000000e+003	 4.80553e-002	-8.75383e-002
1008	 1.0270000000e+003	 3.82759e-002	-9.32148e-002
1009	 1.0280000000e+003	 3.05423e-002	-9.63281e-002
1010	 1.0290000000e+003	 2.15762e-002	-9.89275e-002
1011	 1.0300000000e+003	 1.18739e-002	-9.99432e-002
1012	 1.0310000000e+003	 3.23250e-003	-9.92935e-002
1013	 1.0320000000e+003	-6.12261e-003	-9.76993e-002
1014	 1.0330000000e+003	-1.42308e-002	-9.48043e-002
1015	 1.0340000000e+003	-2.18389e-002	-9.10537e-002
1016	 1.0350000000e+003	-2.80534e-002	-8.66506e-002
1017	 1.0360000000e+003	-3.35368e-002	-8.19674e-002
1018	 1.0370000000e+003	-3.88528e-002	-7.65718e-002
1019	 1.0380000000e+003	-4.28412e-002	-7.09137e-002
1020	 1.0390000000e+003	-4.54810e-002	-6.64021e-002
1021	 1.0400000000e+003	-4.80415e-002	-6.14725e-002
1022	 1.0410000000e+003	-5.01760e-002	-5.59466e-002
1023	 1.0420000000e+003	-5.16372e-002	-5.13438e-002
1024	 1.0430000000e+003	-5.27867e-002	-4.68483e-002
1025	 1.0440000000e+003	-5.33932e-002	-4.25242e-002
1026	 1.0450000000e+003	-5.37494e-002	-3.85050e-002
1027	 1.0460000000e+003	-5.37874e-002	-3.42103e-002
1028	 1.0470000000e+003	-5.36412e-002	-3.11498e-002
1029	 1.0480000000e+003	-5.32835e-002	-2.74166e-002
1030	 1.0490000000e+003	-5.13948e-002	-2.37334e-002
1031	 1.0500000000e+003	-5.13191e-002	-2.10003e-002
1032	 1.0510000000e+003	-5.15070e-002	-1.88021e-002
1033	 1.0520000000e+003	-5.06780e-002	-1.58837e-002
1034	 1.0530000000e+003	-4.96790e-002	-1.34116e-002
1035	 1.0540000000e+003	-4.89470e-002	-1.15063e-002
1036	 1.0550000000e+003	-4.78412e-002	-9.22845e-003
1037	 1.0560000000e+003	-4.70280e-002	-7.61627e-003
1038	 1.0570000000e+003	-4.59149e-002	-5.78559e-003
1039	 1.0580000000e+003	-4.48717e-002	-3.87719e-003
1040	 1.0590000000e+003	-4.39998e-002	-2.56004e-003
1041	 1.0600000000e+003	-4.29934e-002	-1.16956e-003
1042	 1.0610000000e+003	-4.21313e-002	 6.96096e-006
1043	 1.0620000000e+003	-4.11461e-002	 1.32855e-003
1044	 1.0630000000e+003	-4.02836e-002	 2.41174e-003
1045	 1.0640000000e+003	-3.93193e-002	 3.59191e-003
1046	 1.0650000000e+003	-3.85858e-002	 4.45760e-003
1047	 1.0660000000e+003	-3.77336e-002	 5.39564e-003
1048	 1.0670000000e+003	-3.70550e-002	 6.14653e-003
1049	 1.0680000000e+003	-3.61767e-002	 7.09174e-003
1050	 1.0690000000e+003	-3.55196e-002	 7.86218e-003
1051	 1.0700000000e+003	-3.48921e-002	 8.53817e-003
1052	 1.0710000000e+003	-3.41175e-002	 9.38150e-003
1053	 1.0720000000e+003	-3.35302e-002	 1.00314e-002
1054	 1.0730000000e+003	-3.28918e-002	 1.08062e-002
1055	 1.0740000000e+003	-3.22774e-002	 1.15468e-002
1056	 1.0750000000e+003	-3.18063e-002	 1.21432e-002
1057	 1.0760000000e+003	-3.11987e-002	 1.29049e-002
1058	 1.0770000000e+003	-3.07434e-002	 1.34663e-002
1059	 1.0780000000e+003	-3.01856e-002	 1.42055e-002
1060	 1.0790000000e+003	-2.95649e-002	 1.49199e-002
1061	 1.0800000000e+003	-2.90646e-002	 1.56324e-002
1062	 1.0810000000e+003	-2.84980e-002	 1.62894e-002
1063	 1.0820000000e+003	-2.79425e-002	 1.69763e-002
1064	 1.0830000000e+003	-2.73065e-002	 1.77074e-002
1065	 1.0840000000e+003	-2.67074e-002	 1.84018e-002
1066	 1.0850000000e+003	-2.62306e-002	 1.88981e-002
1067	 1.0860000000e+003	-2.55874e-002	 1.96689e-002
1068	 1.0870000000e+003	-2.49065e-002	 2.03665e-002
1069	 1.0880000000e+003	-2.43018e-002	 2.09632e-002
1070	 1.0890000000e+003	-2.35759e-002	 2.17003e-002
1071	 1.0900000000e+003	-2.29115e-002	 2.22820e-002
1072	 1.0910000000e+003	-2.22438e-002	 2.28403e-002
1073	 1.0920000000e+003	-2.15480e-002	 2.33751e-002
1074	 1.0930000000e+003	-2.06518e-002	 2.40551e-002
1075	 1.0940000000e+003	-2.00494e-002	 2.44843e-002
1076	 1.0950000000e+003	-1.91199e-002	 2.51036e-002
1077	 1.0960000000e+003	-1.83831e-002	 2.55522e-002
1078	 1.0970000000e+003	-1.75844e-002	 2.60692e-002
1079	 1.0980000000e+003	-1.68321e-002	 2.65328e-002
1080	 1.0990000000e+003	-1.60611e-002	 2.69269e-002
1081	 1.1000000000e+003	-1.52690e-002	 2.73387e-002
1082	 1.1010000000e+003	-1.44324e-002	 2.77168e-002
1083	 1.1020000000e+003	-1.35233e-002	 2.81036e-002
1084	 1.1030000000e+003	-1.28129e-002	 2.83412e-002
1085	 1.1040000000e+003	-1.19331e-002	 2.87836e-002
1086	 1.1050000000e+003	-1.11388e-002	 2.90952e-002
1087	 1.1060000000e+003	-1.03465e-002	 2.93866e-002
1088	 1.1070000000e+003	-9.51005e-003	 2.96264e-002
1089	 1.1080000000e+003	-8.58778e-003	 3.00049e-002
1090	 1.1090000000e+003	-7.86905e-003	 3.02235e-002
1091	 1.1100000000e+003	-6.92169e-003	 3.04522e-002
1092	 1.1110000000e+003	-6.12688e-003	 3.06113e-002
1093	 1.1120000000e+003	-5.32025e-003	 3.08431e-002
1094	 1.1130000000e+003	-4.37597e-003	 3.10526e-002
1095	 1.1140000000e+003	-3.62279e-003	 3.12402e-002
1096	 1.1150000000e+003	-2.83725e-003	 3.13494e-002
1097	 1.1160000000e+003	-1.91840e-003	 3.15234e-002
1098	 1.1170000000e+003	-1.02004e-003	 3.16857e-002
1099	 1.1180000000e+003	-1.47989e-004	 3.18183e-002
1100	 1.1190000000e+003	 6.75030e-004	 3.19448e-002
1101	 1.1200000000e+003	 1.57649e-003	 3.20609e-002
1102	 1.1210000000e+003	 2.29363e-003	 3.20823e-002
1103	 1.1220000000e+003	 3.30317e-003	 3.21622e-002
1104	 1.1230000000e+003	 4.28963e-003	 3.22043e-002
1105	 1.1240000000e+003	 5.01505e-003	 3.22653e-002
1106	 1.1250000000e+003	 6.16161e-003	 3.23874e-002
1107	 1.1260000000e+003	 6.97847e-003	 3.23719e-002
1108	 1.1270000000e+003	 7.94753e-003	 3.23835e-002
1109	 1.1280000000e+003	 8.82290e-003	 3.23818e-002
1110	 1.1290000000e+003	 9.59533e-003	 3.22083e-002
1111	 1.1300000000e+003	 1.05474e-002	 3.21943e-002
1112	 1.1310000000e+003	 1.14551e-002	 3.21724e-002
1113	 1.1320000000e+003	 1.25479e-002	 3.21613e-002
1114	 1.1330000000e+003	 1.35588e-002	 3.21742e-002
1115	 1.1340000000e+003	 1.45513e-002	 3.21528e-002
1116	 1.1350000000e+003	 1.54288e-002	 3.21338e-002
1117	 1.1360000000e+003	 1.65775e-002	 3.20249e-002
1118	 1.1370000000e+003	 1.76588e-002	 3.20061e-002
1119	 1.1380000000e+003	 1.87822e-002	 3.19808e-002
1120	 1.1390000000e+003	 1.97033e-002	 3.19772e-002
1121	 1.1400000000e+003	 2.07719e-002	 3.19585e-002
1122	 1.1410000000e+003	 2.20298e-002	 3.19168e-002
1123	 1.1420000000e+003	 2.32755e-002	 3.19197e-002
1124	 1.1430000000e+003	 2.46416e-002	 3.19038e-002
1125	 1.1440000000e+003	 2.61208e-002	 3.18010e-002
1126	 1.1450000000e+003	 2.75082e-002	 3.16418e-002
1127	 1.1460000000e+003	 2.93069e-002	 3.14167e-002
1128	 1.1470000000e+003	 3.08184e-002	 3.12585e-002
1129	 1.1480000000e+003	 3.28734e-002	 3.11635e-002
1130	 1.1490000000e+003	 3.61478e-002	 3.19452e-002
1131	 1.1500000000e+003	 3.75711e-002	 3.15418e-002
1132	 1.1510000000e+003	 3.86194e-002	 2.98785e-002
1133	 1.1520000000e+003	 4.09841e-002	 2.93066e-002
1134	 1.1530000000e+003	 4.31690e-002	 2.85338e-002
1135	 1.1540000000e+003	 4.53671e-002	 2.75172e-002
1136	 1.1550000000e+003	 4.80032e-002	 2.64849e-002
1137	 1.1560000000e+003	 5.09091e-002	 2.48341e-002
1138	 1.1570000000e+003	 5.36599e-002	 2.33653e-002
1139	 1.1580000000e+003	 5.67211e-002	 2.14429e-002
1140	 1.1590000000e+003	 5.93427e-002	 1.92783e-002
1141	 1.1600000000e+003	 6.22538e-002	 1.65335e-002
1142	 1.1610000000e+003	 6.47883e-002	 1.36434e-002
1143	 1.1620000000e+003	 6.76389e-002	 1.03375e-002
1144	 1.1630000000e+003	 7.03816e-002	 6.01140e-003
1145	 1.1640000000e+003	 7.30748e-002	 1.42728e-003
1146	 1.1650000000e+003	 7.44502e-002	-2.10135e-003
1147	 1.1660000000e+003	 7.65137e-002	-8.60641e-003
1148	 1.1670000000e+003	 7.77216e-002	-1.42800e-002
1149	 1.1680000000e+003	 7.81751e-002	-2.00082e-002
1150	 1.1690000000e+003	 7.79391e-002	-2.61623e-002
1151	 1.1700000000e+003	 7.70947e-002	-3.33056e-002
1152	 1.1710000000e+003	 7.55982e-002	-3.91298e-002
1153	 1.1720000000e+003	 7.30032e-002	-4.59872e-002
1154	 1.1730000000e+003	 7.02070e-002	-5.17723e-002
1155	 1.1740000000e+003	 6.58660e-002	-5.75149e-002
1156	 1.1750000000e+003	 6.07331e-002	-6.30091e-002
1157	 1.1760000000e+003	 5.46867e-002	-6.80998e-002
1158	 1.1770000000e+003	 4.88085e-002	-7.19984e-002
1159	 1.1780000000e+003	 4.36542e-002	-7.44109e-002
1160	 1.1790000000e+003	 3.64108e-002	-7.70288e-002
1161	 1.1800000000e+003	 2.99800e-002	-7.85423e-002
1162	 1.1810000000e+003	 2.37240e-002	-7.90472e-002
1163	 1.1820000000e+003	 1.74607e-002	-7.90510e-002
1164	 1.1830000000e+003	 1.21413e-002	-7.83178e-002
1165	 1.1840000000e+003	 5.98806e-003	-7.70650e-002
1166	 1.1850000000e+003	 1.65586e-003	-7.56236e-002
1167	 1.1860000000e+003	-3.51664e-003	-7.34280e-002
1168	 1.1870000000e+003	-7.83592e-003	-7.11003e-002
1169	 1.1880000000e+003	-1.15612e-002	-6.88548e-002
1170	 1.1890000000e+003	-1.50643e-002	-6.65040e-002
1171	 1.1900000000e+003	-1.83020e-002	-6.32264e-002
1172	 1.1910000000e+003	-2.06834e-002	-6.09893e-002
1173	 1.1920000000e+003	-2.37220e-002	-5.73146e-002
1174	 1.1930000000e+003	-2.51378e-002	-5.52483e-002
1175	 1.1940000000e+003	-2.68491e-002	-5.27886e-002
1176	 1.1950000000e+003	-2.85838e-002	-4.99283e-002
1177	 1.1960000000e+003	-2.97470e-002	-4.76331e-002
1178	 1.1970000000e+003	-3.11526e-002	-4.51393e-002
1179	 1.1980000000e+003	-3.19564e-002	-4.28318e-002
1180	 1.1990000000e+003	-3.30280e-002	-4.01779e-002
1181	 1.2000000000e+003	-3.37019e-002	-3.83602e-002
1182	 1.2010000000e+003	-3.44399e-002	-3.61007e-002
1183	 1.2020000000e+003	-3.48224e-002	-3.42327e-002
1184	 1.2030000000e+003	-3.52422e-002	-3.24709e-002
1185	 1.2040000000e+003	-3.57305e-002	-3.06916e-002
1186	 1.2050000000e+003	-3.60552e-002	-2.87706e-002
1187	 1.2060000000e+003	-3.63049e-002	-2.71454e-002
1188	 1.2070000000e+003	-3.65955e-002	-2.53557e-002
1189	 1.2080000000e+003	-3.68477e-002	-2.38921e-002
1190	 1.2090000000e+003	-3.70343e-002	-2.24210e-002
1191	 1.2100000000e+003	-3.72423e-002	-2.08738e-002
1192	 1.2110000000e+003	-3.74273e-002	-1.93935e-002
1193	 1.2120000000e+003	-3.75298e-002	-1.80314e-002
1194	 1.2130000000e+003	-3.76709e-002	-1.65325e-002
1195	 1.2140000000e+003	-3.77375e-002	-1.51628e-002
1196	 1.2150000000e+003	-3.78148e-002	-1.36397e-002
1197	 1.2160000000e+003	-3.78540e-002	-1.22883e-002
1198	 1.2170000000e+003	-3.78735e-002	-1.10101e-002
1199	 1.2180000000e+003	-3.78110e-002	-9.69850e-003
1200	 1.2190000000e+003	-3.77139e-002	-8.35592e-003
1201	 1.2200000000e+003	-3.75811e-002	-6.92107e-003
1202	 1.2210000000e+003	-3.74448e-002	-5.68872e-003
1203	 1.2220000000e+003	-3.73087e-002	-4.37117e-003
1204	 1.2230000000e+003	-3.70878e-002	-3.36211e-003
1205	 1.2240000000e+003	-3.68039e-002	-1.87485e-003
1206	 1.2250000000e+003	-3.65642e-002	-6.17963e-004
1207	 1.2260000000e+003	-3.62134e-002	 4.86622e-004
1208	 1.2270000000e+003	-3.58400e-002	 1.66959e-003
1209	 1.2280000000e+003	-3.54662e-002	 2.80142e-003
1210	 1.2290000000e+003	-3.50469e-002	 3.99858e-003
1211	 1.2300000000e+003	-3.46145e-002	 4.94072e-003
1212	 1.2310000000e+003	-3.40872e-002	 6.08528e-003
1213	 1.2320000000e+003	-3.36112e-002	 7.13128e-003
1214	 1.2330000000e+003	-3.31305e-002	 8.01936e-003
1215	 1.2340000000e+003	-3.24838e-002	 9.11394e-003
1216	 1.2350000000e+003	-3.19575e-002	 1.00424e-002
1217	 1.2360000000e+003	-3.14484e-002	 1.08262e-002
1218	 1.2370000000e+003	-3.07930e-002	 1.18574e-002
1219	 1.2380000000e+003	-3.01433e-002	 1.26678e-002
1220	 1.2390000000e+003	-2.95684e-002	 1.34201e-002
1221	 1.2400000000e+003	-2.88744e-002	 1.42140e-002
1222	 1.2410000000e+003	-2.81038e-002	 1.50244e-002
1223	 1.2420000000e+003	-2.74373e-002	 1.57628e-002
1224	 1.2430000000e+003	-2.67947e-002	 1.63883e-002
1225	 1.2440000000e+003	-2.61531e-002	 1.69724e-002
1226	 1.2450000000e+003	-2.53147e-002	 1.77181e-002
1227	 1.2460000000e+003	-2.47112e-002	 1.82434e-002
1228	 1.2470000000e+003	-2.38811e-002	 1.88608e-002
1229	 1.2480000000e+003	-2.31520e-002	 1.93882e-002
1230	 1.2490000000e+003	-2.23797e-002	 2.02296e-002
1231	 1.2500000000e+003	-2.17233e-002	 2.04388e-002
1232	 1.2510000000e+003	-2.10038e-002	 2.06727e-002
1233	 1.2520000000e+003	-2.03260e-002	 2.11323e-002
1234	 1.2530000000e+003	-1.97689e-002	 2.14409e-002
1235	 1.2540000000e+003	-1.90172e-002	 2.18778e-002
1236	 1.2550000000e+003	-1.83647e-002	 2.20945e-002
1237	 1.2560000000e+003	-1.76757e-002	 2.24873e-002
1238	 1.2570000000e+003	-1.72300e-002	 2.27101e-002
1239	 1.2580000000e+003	-1.66351e-002	 2.29118e-002
1240	 1.2590000000e+003	-1.60355e-002	 2.33704e-002
1241	 1.2600000000e+003	-1.53676e-002	 2.36475e-002
1242	 1.2610000000e+003	-1.49271e-002	 2.38218e-002
1243	 1.2620000000e+003	-1.44344e-002	 2.41051e-002
1244	 1.2630000000e+003	-1.39126e-002	 2.44730e-002
1245	 1.2640000000e+003	-1.34816e-002	 2.47419e-002
1246	 1.2650000000e+003	-1.29784e-002	 2.49802e-002
1247	 1.2660000000e+003	-1.24008e-002	 2.53968e-002
1248	 1.2670000000e+003	-1.20396e-002	 2.57015e-002
1249	 1.2680000000e+003	-1.15371e-002	 2.60992e-002
1250	 1.2690000000e+003	-1.09957e-002	 2.64435e-002
1251	 1.2700000000e+003	-1.06307e-002	 2.67858e-002
1252	 1.2710000000e+003	-1.01888e-002	 2.73193e-002
1253	 1.2720000000e+003	-9.61406e-003	 2.77299e-002
1254	 1.2730000000e+003	-9.12002e-003	 2.82253e-002
1255	 1.2740000000e+003	-8.41196e-003	 2.87674e-002
1256	 1.2750000000e+003	-7.94230e-003	 2.93085e-002
1257	 1.2760000000e+003	-7.34791e-003	 2.98161e-002
1258	 1.2770000000e+003	-6.63978e-003	 3.04141e-002
1259	 1.2780000000e+003	-6.10524e-003	 3.10527e-002
1260	 1.2790000000e+003	-5.37379e-003	 3.16644e-002
1261	 1.2800000000e+003	-4.54519e-003	 3.21912e-002
1262	 1.2810000000e+003	-3.77569e-003	 3.28059e-002
1263	 1.2820000000e+003	-2.92364e-003	 3.33471e-002
1264	 1.2830000000e+003	-1.99226e-003	 3.40472e-002
1265	 1.2840000000e+003	-1.08941e-003	 3.47108e-002
1266	 1.2850000000e+003	 1.08669e-004	 3.53221e-002
1267	 1.2860000000e+003	 1.21952e-003	 3.58885e-002
1268	 1.2870000000e+003	 2.20119e-003	 3.64144e-002
1269	 1.2880000000e+003	 3.38552e-003	 3.71295e-002
1270	 1.2890000000e+003	 5.00404e-003	 3.77155e-002
1271	 1.2900000000e+003	 6.30629e-003	 3.80162e-002
1272	 1.2910000000e+003	 7.78571e-003	 3.87328e-002
1273	 1.2920000000e+003	 9.26308e-003	 3.90205e-002
1274	 1.2930000000e+003	 1.08272e-002	 3.93623e-002
1275	 1.2940000000e+003	 1.25751e-002	 3.95818e-002
1276	 1.2950000000e+003	 1.44967e-002	 3.97881e-002
1277	 1.2960000000e+003	 1.59377e-002	 4.00254e-002
1278	 1.2970000000e+003	 1.77942e-002	 4.01796e-002
1279	 1.2980000000e+003	 2.01845e-002	 4.01956e-002
1280	 1.2990000000e+003	 2.22495e-002	 4.01358e-002
1281	 1.3000000000e+003	 2.42110e-002	 4.00302e-002
1282	 1.3010000000e+003	 2.68104e-002	 3.95104e-002
1283	 1.3020000000e+003	 2.85003e-002	 3.91709e-002
1284	 1.3030000000e+003	 3.08778e-002	 3.86921e-002
1285	 1.3040000000e+003	 3.29834e-002	 3.80446e-002
1286	 1.3050000000e+003	 3.54966e-002	 3.72126e-002
1287	 1.3060000000e+003	 3.82884e-002	 3.60206e-002
1288	 1.3070000000e+003	 4.03422e-002	 3.48108e-002
1289	 1.3080000000e+003	 4.26659e-002	 3.34169e-002
1290	 1.3090000000e+003	 4.52568e-002	 3.18246e-002
1291	 1.3100000000e+003	 4.72570e-002	 3.05245e-002
1292	 1.3110000000e+003	 4.98894e-002	 2.81265e-002
1293	 1.3120000000e+003	 5.27215e-002	 2.56714e-002
1294	 1.3130000000e+003	 5.46450e-002	 2.33313e-002
1295	 1.3140000000e+003	 5.66194e-002	 2.07246e-002
1296	 1.3150000000e+003	 5.84295e-002	 1.78592e-002
1297	 1.3160000000e+003	 6.03005e-002	 1.45201e-002
1298	 1.3170000000e+003	 6.18041e-002	 1.15601e-002
1299	 1.3180000000e+003	 6.31679e-002	 7.89877e-003
1300	 1.3190000000e+003	 6.44385e-002	 4.58207e-003
1301	 1.3200000000e+003	 6.54532e-002	 4.37879e-004
1302	 1.3210000000e+003	 6.61299e-002	-3.93938e-003
1303	 1.3220000000e+003	 6.60431e-002	-7.42403e-003
1304	 1.3230000000e+003	 6.56747e-002	-1.20699e-002
1305	 1.3240000000e+003	 6.51658e-002	-1.64863e-002
1306	 1.3250000000e+003	 6.40181e-002	-2.05519e-002
1307	 1.3260000000e+003	 6.27212e-002	-2.45165e-002
1308	 1.3270000000e+003	 6.10668e-002	-2.85045e-002
1309	 1.3280000000e+003	 5.90093e-002	-3.22008e-002
1310	 1.3290000000e+003	 5.69919e-002	-3.53168e-002
1311	 1.3300000000e+003	 5.46273e-002	-3.84824e-002
1312	 1.3310000000e+003	 5.12152e-002	-4.20557e-002
1313	 1.3320000000e+003	 4.80206e-002	-4.49343e-002
1314	 1.3330000000e+003	 4.50772e-002	-4.69907e-002
1315	 1.3340000000e+003	 4.19588e-002	-4.91004e-002
1316	 1.3350000000e+003	 3.86329e-002	-5.07714e-002
1317	 1.3360000000e+003	 3.50545e-002	-5.22524e-002
1318	 1.3370000000e+003	 3.20590e-002	-5.34025e-002
1319	 1.3380000000e+003	 2.83078e-002	-5.46118e-002
1320	 1.3390000000e+003	 2.51514e-002	-5.51764e-002
1321	 1.3400000000e+003	 2.17009e-002	-5.56039e-002
1322	 1.3410000000e+003	 1.85984e-002	-5.57910e-002
1323	 1.3420000000e+003	 1.57741e-002	-5.58786e-002
1324	 1.3430000000e+003	 1.26442e-002	-5.56075e-002
1325	 1.3440000000e+003	 9.26556e-003	-5.53346e-002
1326	 1.3450000000e+003	 6.95805e-003	-5.50898e-002
1327	 1.3460000000e+003	 4.33717e-003	-5.44050e-002
1328	 1.3470000000e+003	 1.79143e-003	-5.36456e-002
1329	 1.3480000000e+003	-7.04027e-004	-5.29454e-002
1330	 1.3490000000e+003	-3.06672e-003	-5.22416e-002
1331	 1.3500000000e+003	-5.29014e-003	-5.10526e-002
1332	 1.3510000000e+003	-7.41326e-003	-5.00637e-002
1333	 1.3520000000e+003	-9.45369e-003	-4.89534e-002
1334	 1.3530000000e+003	-1.13188e-002	-4.79128e-002
1335	 1.3540000000e+003	-1.33917e-002	-4.66061e-002
1336	 1.3550000000e+003	-1.50177e-002	-4.55239e-002
1337	 1.3560000000e+003	-1.65573e-002	-4.42201e-002
1338	 1.3570000000e+003	-1.81874e-002	-4.27482e-002
1339	 1.3580000000e+003	-1.96119e-002	-4.13887e-002
1340	 1.3590000000e+003	-2.11566e-002	-3.97335e-002
1341	 1.3600000000e+003	-2.22450e-002	-3.84519e-002
1342	 1.3610000000e+003	-2.33687e-002	-3.69905e-002
1343	 1.3620000000e+003	-2.43451e-002	-3.54883e-002
1344	 1.3630000000e+003	-2.54727e-002	-3.39019e-002
1345	 1.3640000000e+003	-2.63476e-002	-3.23539e-002
1346	 1.3650000000e+003	-2.71865e-002	-3.08364e-002
1347	 1.3660000000e+003	-2.78565e-002	-2.93825e-002
1348	 1.3670000000e+003	-2.83963e-002	-2.79600e-002
1349	 1.3680000000e+003	-2.88522e-002	-2.65024e-002
1350	 1.3690000000e+003	-2.93511e-002	-2.48891e-002
1351	 1.3700000000e+003	-2.97611e-002	-2.34934e-002
1352	 1.3710000000e+003	-3.01404e-002	-2.23323e-002
1353	 1.3720000000e+003	-3.04187e-002	-2.08036e-002
1354	 1.3730000000e+003	-3.05525e-002	-1.95740e-002
1355	 1.3740000000e+003	-3.06005e-002	-1.82790e-002
1356	 1.3750000000e+003	-3.06593e-002	-1.71088e-002
1357	 1.3760000000e+003	-3.06326e-002	-1.59388e-002
1358	 1.3770000000e+003	-3.07038e-002	-1.45201e-002
1359	 1.3780000000e+003	-3.06404e-002	-1.35592e-002
1360	 1.3790000000e+003	-3.04752e-002	-1.24154e-002
1361	 1.3800000000e+003	-3.03511e-002	-1.13494e-002
1362	 1.3810000000e+003	-3.02635e-002	-1.05105e-002
1363	 1.3820000000e+003	-3.00735e-002	-9.50547e-003
1364	 1.3830000000e+003	-2.98894e-002	-8.61595e-003
1365	 1.3840000000e+003	-2.96603e-002	-7.86997e-003
1366	 1.3850000000e+003	-2.95544e-002	-6.98025e-003
1367	 1.3860000000e+003	-2.92802e-002	-6.23320e-003
1368	 1.3870000000e+003	-2.89993e-002	-5.66436e-003
1369	 1.3880000000e+003	-2.88382e-002	-4.94923e-003
1370	 1.3890000000e+003	-2.86001e-002	-4.31172e-003
1371	 1.3900000000e+003	-2.84376e-002	-3.81762e-003
1372	 1.3910000000e+003	-2.82781e-002	-3.19543e-003
1373	 1.3920000000e+003	-2.80890e-002	-2.62716e-003
1374	 1.3930000000e+003	-2.80057e-002	-2.07260e-003
1375	 1.3940000000e+003	-2.78874e-002	-1.73011e-003
1376	 1.3950000000e+003	-2.78702e-002	-1.39213e-003
1377	 1.3960000000e+003	-2.78335e-002	-9.03081e-004
1378	 1.3970000000e+003	-2.77668e-002	-3.68093e-004
1379	 1.3980000000e+003	-2.77971e-002	 3.77461e-005
1380	 1.3990000000e+003	-2.78639e-002	 5.04066e-004
1381	 1.4000000000e+003	-2.79242e-002	 1.04849e-003
1382	 1.4010000000e+003	-2.80022e-002	 1.60842e-003
1383	 1.4020000000e+003	-2.81095e-002	 1.97592e-003
1384	 1.4030000000e+003	-2.83033e-002	 2.44116e-003
1385	 1.4040000000e+003	-2.85284e-002	 3.01776e-003
1386	 1.4050000000e+003	-2.88098e-002	 3.58341e-003
1387	 1.4060000000e+003	-2.88929e-002	 4.16297e-003
1388	 1.4070000000e+003	-2.89888e-002	 4.79580e-003
1389	 1.4080000000e+003	-2.92470e-002	 5.62832e-003
1390	 1.4090000000e+003	-2.94113e-002	 6.23706e-003
1391	 1.4100000000e+003	-2.96331e-002	 6.96532e-003
1392	 1.4110000000e+003	-2.99191e-002	 7.69757e-003
1393	 1.4120000000e+003	-3.01309e-002	 8.64924e-003
1394	 1.4130000000e+003	-3.03908e-002	 9.57203e-003
1395	 1.4140000000e+003	-3.05821e-002	 1.03064e-002
1396	 1.4150000000e+003	-3.07326e-002	 1.11922e-002
1397	 1.4160000000e+003	-3.08699e-002	 1.20682e-002
1398	 1.4170000000e+003	-3.09485e-002	 1.31555e-002
1399	 1.4180000000e+003	-3.10393e-002	 1.42295e-002
1400	 1.4190000000e+003	-3.11787e-002	 1.54067e-002
1401	 1.4200000000e+003	-3.13686e-002	 1.63644e-002
1402	 1.4210000000e+003	-3.14667e-002	 1.77628e-002
1403	 1.4220000000e+003	-3.14107e-002	 1.87200e-002
1404	 1.4230000000e+003	-3.14376e-002	 2.00141e-002
1405	 1.4240000000e+003	-3.11950e-002	 2.14658e-002
1406	 1.4250000000e+003	-3.11765e-002	 2.28830e-002
1407	 1.4260000000e+003	-3.11065e-002	 2.43252e-002
1408	 1.4270000000e+003	-3.08008e-002	 2.58166e-002
1409	 1.4280000000e+003	-3.04619e-002	 2.73322e-002
1410	 1.4290000000e+003	-2.98476e-002	 2.88269e-002
1411	 1.4300000000e+003	-2.94344e-002	 3.04212e-002
1412	 1.4310000000e+003	-2.90332e-002	 3.21651e-002
1413	 1.4320000000e+003	-2.84247e-002	 3.37069e-002
1414	 1.4330000000e+003	-2.74746e-002	 3.56751e-002
1415	 1.4340000000e+003	-2.65193e-002	 3.71154e-002
1416	 1.4350000000e+003	-2.55173e-002	 3.90213e-002
1417	 1.4360000000e+003	-2.45134e-002	 4.08106e-002
1418	 1.4370000000e+003	-2.33673e-002	 4.23590e-002
1419	 1.4380000000e+003	-2.19751e-002	 4.39748e-002
1420	 1.4390000000e+003	-2.03134e-002	 4.57814e-002
1421	 1.4400000000e+003	-1.87181e-002	 4.73413e-002
1422	 1.4410000000e+003	-1.70653e-002	 4.90125e-002
1423	 1.4420000000e+003	-1.53121e-002	 5.04662e-002
1424	 1.4430000000e+003	-1.33588e-002	 5.16763e-002
1425	 1.4440000000e+003	-1.13640e-002	 5.33212e-002
1426	 1.4450000000e+003	-8.96899e-003	 5.47794e-002
1427	 1.4460000000e+003	-6.37520e-003	 5.58429e-002
1428	 1.4470000000e+003	-4.34625e-003	 5.68842e-002
1429	 1.4480000000e+003	-2.11174e-003	 5.83668e-002
1430	 1.4490000000e+003	-7.99700e-004	 5.98916e-002
1431	 1.4500000000e+003	 3.53064e-003	 6.01813e-002
1432	 1.4510000000e+003	 6.45461e-003	 6.07353e-002
1433	 1.4520000000e+003	 9.63228e-003	 6.13708e-002
1434	 1.4530000000e+003	 1.25898e-002	 6.15450e-002
1435	 1.4540000000e+003	 1.54022e-002	 6.19108e-002
1436	 1.4550000000e+003	 1.88231e-002	 6.20258e-002
1437	 1.4560000000e+003	 2.16785e-002	 6.21468e-002
1438	 1.4570000000e+003	 2.56071e-002	 6.21087e-002
1439	 1.4580000000e+003	 2.90370e-002	 6.17235e-002
1440	 1.4590000000e+003	 3.27133e-002	 6.08020e-002
1441	 1.4600000000e+003	 3.62787e-002	 6.02384e-002
1442	 1.4610000000e+003	 3.96088e-002	 5.93854e-002
1443	 1.4620000000e+003	 4.35855e-002	 5.78044e-002
1444	 1.4630000000e+003	 4.72786e-002	 5.62584e-002
1445	 1.4640000000e+003	 5.07164e-002	 5.44452e-002
1446	 1.4650000000e+003	 5.45724e-002	 5.22782e-002
1447	 1.4660000000e+003	 5.82002e-002	 4.95921e-002
1448	 1.4670000000e+003	 6.15045e-002	 4.69678e-002
1449	 1.4680000000e+003	 6.48803e-002	 4.38241e-002
1450	 1.4690000000e+003	 6.84972e-002	 4.02377e-002
1451	 1.4700000000e+003	 7.11519e-002	 3.65316e-002
1452	 1.4710000000e+003	 7.35977e-002	 3.24149e-002
1453	 1.4720000000e+003	 7.62035e-002	 2.76111e-002
1454	 1.4730000000e+003	 7.78823e-002	 2.33288e-002
1455	 1.4740000000e+003	 7.97184e-002	 1.87144e-002
1456	 1.4750000000e+003	 8.07994e-002	 1.38532e-002
1457	 1.4760000000e+003	 8.17133e-002	 9.27723e-003
1458	 1.4770000000e+003	 8.22157e-002	 3.33857e-003
1459	 1.4780000000e+003	 8.21995e-002	-1.03631e-003
1460	 1.4790000000e+003	 8.17376e-002	-6.06698e-003
1461	 1.4800000000e+003	 8.07714e-002	-1.10798e-002
1462	 1.4810000000e+003	 7.96216e-002	-1.57441e-002
1463	 1.4820000000e+003	 7.82056e-002	-2.03360e-002
1464	 1.4830000000e+003	 7.63347e-002	-2.46290e-002
1465	 1.4840000000e+003	 7.43117e-002	-2.88137e-002
1466	 1.4850000000e+003	 7.19064e-002	-3.29326e-002
1467	 1.4860000000e+003	 6.93165e-002	-3.64098e-002
1468	 1.4870000000e+003	 6.65234e-002	-3.99768e-002
1469	 1.4880000000e+003	 6.37176e-002	-4.31525e-002
1470	 1.4890000000e+003	 6.06288e-002	-4.59501e-002
1471	 1.4900000000e+003	 5.72268e-002	-4.85603e-002
1472	 1.4910000000e+003	 5.37343e-002	-5.08601e-002
1473	 1.4920000000e+003	 5.06658e-002	-5.29126e-002
1474	 1.4930000000e+003	 4.75043e-002	-5.45074e-002
1475	 1.4940000000e+003	 4.38248e-002	-5.62552e-002
1476	 1.4950000000e+003	 4.01842e-002	-5.76922e-002
1477	 1.4960000000e+003	 3.68796e-002	-5.86329e-002
1478	 1.4970000000e+003	 3.40259e-002	-5.93983e-002
1479	 1.4980000000e+003	 2.98190e-002	-6.01402e-002
1480	 1.4990000000e+003	 2.73468e-002	-6.04377e-002
1481	 1.5000000000e+003	 2.41651e-002	-6.06616e-002
1482	 1.5010000000e+003	 2.11243e-002	-6.05071e-002
1483	 1.5020000000e+003	 1.81364e-002	-6.05902e-002
1484	 1.5030000000e+003	 1.54508e-002	-6.04772e-002
1485	 1.5040000000e+003	 1.30201e-002	-6.02978e-002
1486	 1.5050000000e+003	 9.98344e-003	-5.96947e-002
1487	 1.5060000000e+003	 7.68784e-003	-5.92233e-002
1488	 1.5070000000e+003	 5.39719e-003	-5.87933e-002
1489	 1.5080000000e+003	 3.19386e-003	-5.81224e-002
1490	 1.5090000000e+003	 8.36693e-004	-5.74576e-002
1491	 1.5100000000e+003	-1.64343e-003	-5.65443e-002
1492	 1.5110000000e+003	-3.52136e-003	-5.58206e-002
1493	 1.5120000000e+003	-5.27817e-003	-5.50112e-002
1494	 1.5130000000e+003	-7.13450e-003	-5.42436e-002
1495	 1.5140000000e+003	-9.02042e-003	-5.31676e-002
1496	 1.5150000000e+003	-1.06539e-002	-5.22793e-002
1497	 1.5160000000e+003	-1.25895e-002	-5.12795e-002
1498	 1.5170000000e+003	-1.40426e-002	-5.03182e-002
1499	 1.5180000000e+003	-1.53633e-002	-4.92972e-002
1500	 1.5190000000e+003	-1.70233e-002	-4.82320e-002
1501	 1.5200000000e+003	-1.85086e-002	-4.70730e-002
1502	 1.5210000000e+003	-1.95996e-002	-4.62987e-002
1503	 1.5220000000e+003	-2.09718e-002	-4.51430e-002
1504	 1.5230000000e+003	-2.21973e-002	-4.40393e-002
1505	 1.5240000000e+003	-2.34558e-002	-4.31318e-002
1506	 1.5250000000e+003	-2.46842e-002	-4.20598e-002
1507	 1.5260000000e+003	-2.57367e-002	-4.11133e-002
1508	 1.5270000000e+003	-2.69442e-002	-3.99936e-002
1509	 1.5280000000e+003	-2.79221e-002	-3.90295e-002
1510	 1.5290000000e+003	-2.90187e-002	-3.78461e-002
1511	 1.5300000000e+003	-2.99352e-002	-3.67552e-002
1512	 1.5310000000e+003	-3.08819e-002	-3.58542e-002
1513	 1.5320000000e+003	-3.17762e-002	-3.46999e-002
1514	 1.5330000000e+003	-3.27591e-002	-3.36082e-002
1515	 1.5340000000e+003	-3.37536e-002	-3.23230e-002
1516	 1.5350000000e+003	-3.45182e-002	-3.14331e-002
1517	 1.5360000000e+003	-3.55137e-002	-3.02945e-002
1518	 1.5370000000e+003	-3.63062e-002	-2.90545e-002
1519	 1.5380000000e+003	-3.69906e-002	-2.78751e-002
1520	 1.5390000000e+003	-3.80143e-002	-2.66718e-002
1521	 1.5400000000e+003	-3.87499e-002	-2.56023e-002
1522	 1.5410000000e+003	-3.96193e-002	-2.43959e-002
1523	 1.5420000000e+003	-4.04469e-002	-2.31120e-002
1524	 1.5430000000e+003	-4.10897e-002	-2.18653e-002
1525	 1.5440000000e+003	-4.16664e-002	-2.06858e-002
1526	 1.5450000000e+003	-4.24640e-002	-1.93204e-002
1527	 1.5460000000e+003	-4.31730e-002	-1.79374e-002
1528	 1.5470000000e+003	-4.36957e-002	-1.67523e-002
1529	 1.5480000000e+003	-4.42365e-002	-1.50311e-002
1530	 1.5490000000e+003	-4.49970e-002	-1.31978e-002
1531	 1.5500000000e+003	-4.53820e-002	-1.24813e-002
1532	 1.5510000000e+003	-4.58306e-002	-1.10803e-002
1533	 1.5520000000e+003	-4.63445e-002	-9.60124e-003
1534	 1.5530000000e+003	-4.67290e-002	-8.37629e-003
1535	 1.5540000000e+003	-4.70612e-002	-6.65828e-003
1536	 1.5550000000e+003	-4.73445e-002	-5.16162e-003
1537	 1.5560000000e+003	-4.76723e-002	-3.60822e-003
1538	 1.5570000000e+003	-4.79758e-002	-2.01687e-003
1539	 1.5580000000e+003	-4.81859e-002	-5.06338e-004
1540	 1.5590000000e+003	-4.83316e-002	 1.15628e-003
1541	 1.5600000000e+003	-4.85618e-002	 2.72739e-003
1542	 1.5610000000e+003	-4.86052e-002	 4.32153e-003
1543	 1.5620000000e+003	-4.85394e-002	 6.09734e-003
1544	 1.5630000000e+003	-4.86319e-002	 7.30518e-003
1545	 1.5640000000e+003	-4.85874e-002	 9.03085e-003
1546	 1.5650000000e+003	-4.85289e-002	 1.04136e-002
1547	 1.5660000000e+003	-4.82090e-002	 1.24393e-002
1548	 1.5670000000e+003	-4.81349e-002	 1.44734e-002
1549	 1.5680000000e+003	-4.78161e-002	 1.57025e-002
1550	 1.5690000000e+003	-4.73663e-002	 1.76120e-002
1551	 1.5700000000e+003	-4.73162e-002	 1.94152e-002
1552	 1.5710000000e+003	-4.70728e-002	 2.09006e-002
1553	 1.5720000000e+003	-4.66174e-002	 2.25775e-002
1554	 1.5730000000e+003	-4.60261e-002	 2.45785e-002
1555	 1.5740000000e+003	-4.56797e-002	 2.62798e-002
1556	 1.5750000000e+003	-4.50469e-002	 2.79677e-002
1557	 1.5760000000e+003	-4.45463e-002	 2.99886e-002
1558	 1.5770000000e+003	-4.38225e-002	 3.15904e-002
1559	 1.5780000000e+003	-4.29359e-002	 3.33902e-002
1560	 1.5790000000e+003	-4.22106e-002	 3.52023e-002
1561	 1.5800000000e+003	-4.10059e-002	 3.72912e-002
1562	 1.5810000000e+003	-3.99129e-002	 3.94479e-002
1563	 1.5820000000e+003	-3.90401e-002	 4.09754e-002
1564	 1.5830000000e+003	-3.77323e-002	 4.29961e-002
1565	 1.5840000000e+003	-3.60964e-002	 4.51020e-002
1566	 1.5850000000e+003	-3.50033e-002	 4.66210e-002
1567	 1.5860000000e+003	-3.34819e-002	 4.83772e-002
1568	 1.5870000000e+003	-3.17124e-002	 5.01105e-002
1569	 1.5880000000e+003	-2.99220e-002	 5.19339e-002
1570	 1.5890000000e+003	-2.81230e-002	 5.32249e-002
1571	 1.5900000000e+003	-2.60384e-002	 5.48929e-002
1572	 1.5910000000e+003	-2.38164e-002	 5.63553e-002
1573	 1.5920000000e+003	-2.16038e-002	 5.78047e-002
1574	 1.5930000000e+003	-1.96893e-002	 5.88246e-002
1575	 1.5940000000e+003	-1.70851e-002	 6.02755e-002
1576	 1.5950000000e+003	-1.47941e-002	 6.12041e-002
1577	 1.5960000000e+003	-1.22769e-002	 6.21296e-002
1578	 1.5970000000e+003	-9.68820e-003	 6.31274e-002
1579	 1.5980000000e+003	-7.50825e-003	 6.39046e-002
1580	 1.5990000000e+003	-4.51942e-003	 6.47769e-002
1581	 1.6000000000e+003	-1.93790e-003	 6.51334e-002
1582	 1.6010000000e+003	 5.66974e-004	 6.52678e-002
1583	 1.6020000000e+003	 3.30372e-003	 6.59084e-002
1584	 1.6030000000e+003	 6.39005e-003	 6.64665e-002
1585	 1.6040000000e+003	 8.81453e-003	 6.67762e-002
1586	 1.6050000000e+003	 1.13352e-002	 6.67367e-002
1587	 1.6060000000e+003	 1.45393e-002	 6.68479e-002
1588	 1.6070000000e+003	 1.75830e-002	 6.66770e-002
1589	 1.6080000000e+003	 2.02835e-002	 6.66734e-002
1590	 1.6090000000e+003	 2.37550e-002	 6.62918e-002
1591	 1.6100000000e+003	 2.74572e-002	 6.60336e-002
1592	 1.6110000000e+003	 2.98697e-002	 6.54486e-002
1593	 1.6120000000e+003	 3.29929e-002	 6.47474e-002
1594	 1.6130000000e+003	 3.65541e-002	 6.38894e-002
1595	 1.6140000000e+003	 3.99826e-002	 6.24527e-002
1596	 1.6150000000e+003	 4.35452e-002	 6.11785e-002
1597	 1.6160000000e+003	 4.66520e-002	 5.99351e-002
1598	 1.6170000000e+003	 5.02277e-002	 5.78923e-002
1599	 1.6180000000e+003	 5.33227e-002	 5.60681e-002
1600	 1.6190000000e+003	 5.61579e-002	 5.39743e-002
1601	 1.6200000000e+003	 6.00507e-002	 5.09680e-002
TagsBegin:	 	 	 
OverLoad:	 	False	 
AverageNumber: []	 	 8.80000e+001	 
OverLoadRatio: []	 	 1.19209e-007	 
TagsEnd:	 	 	 
TagScalesBegin:	 	 	 
TagScalesEnd:	 	 	 
