Header Size:	 79	 	 
Pulse Version:	 80	 	 
Running Pulse Version:	PULSE LabShop Fast Track Version 18.1.1.9 - 2014-01-16	 	 
Decimal Symbol:	.	 	 
Date Format:	M/d/yyyy	 	 
Time Format:	HH:mm:ss:mmm	 	 
Data Type:	Complex	 	 
Slice:	False	 	 
Z-Axis type:	Linear	 	 
Z-Axis size:	1	 	 
Z-Axis unit:	 	 	 
Z-Axis first value:	 0.0000000000e+000	 	 
Z-Axis delta:	 1.0000000000e+000	 	 
X-Axis type:	Linear	 	 
X-Axis size:	1601	 	 
X-Axis unit:	Hz	 	 
X-Axis first value:	 2.0000000000e+001	 	 
X-Axis delta:	 1.0000000000e+000	 	 
	 	 	 
AmplitudeUnit:	Pa/Pa	 	 
Analyzer:	FFT_Spectrum_Averaging	 	 
AnalyzerName:	FFT Analyzer	 	 
	 	 	 
	 	 	 
Bipolar:	True	 	 
CenterFrequency:	 8.2000000000e+002	 	 
	 	 	 
	 	 	 
	 	 	 
	 	 	 
dBReference:	 1.0000000000e+000	 	 
	 	 	 
	 	 	 
	 	 	 
Domain:	1	 	 
Function:	Frequency Response	 	 
	 	 	 
InputRange:	-2.0000000000e+002	 	 
	 	 	 
	 	 	 
MultiBufferName:	Input	 	 
NBW:	 1.5000000000e+000	 	 
	 	 	 
OverlapFailed:	False	 	 
Overrun:	False	 	 
Power:	False	 	 
	 	 	 
Ratio:	True	 	 
RecordLength:	 1.0000000000e+000	 	 
ReducedSize:	True	 	 
Ref_Signal:	p	 	 
	 	 	 
	 	 	 
RefSignalUnit:	Pa	 	 
	 	 	 
	 	 	 
Signal:	p_rad	 	 
	 	 	 
SignalUnit:	Pa	 	 
	 	 	 
	 	 	 
	 	 	 
Title:	Transfunction(p_rad,p)	 	 
Title1:	Working : Input : Input : FFT Analyzer	 	 
	 	 	 
	 	 	 
	 	 	 
ZoomOn:	True	 	 
	 	 	 
TemplateName:	Working	 	 
MeasurementName:	Input	 	 
MeasurementSlice:	False	 	 
	 	 	 
	 	 	 
	 	 	 
EnvelopeOn:	False	 	 
	 	 	 
	 	 	 
	 	 	 
Z-index:	 	1	 
Date:	 	5/25/2022	 
Time:	 	10:27:43:374	 
Relative time:	 	 0.00000e+000	 
Z-axis:	 	 0.0000000000e+000	 
1	 2.0000000000e+001	 4.66721e-004	 1.90141e-005
2	 2.1000000000e+001	 4.28877e-004	-5.60656e-007
3	 2.2000000000e+001	 6.43205e-004	-2.22785e-005
4	 2.3000000000e+001	 8.40488e-004	 1.80317e-004
5	 2.4000000000e+001	 7.62682e-004	-5.59868e-005
6	 2.5000000000e+001	 5.40315e-004	-5.24360e-004
7	 2.6000000000e+001	 7.36542e-004	-2.66036e-004
8	 2.7000000000e+001	 7.57586e-004	-3.39539e-004
9	 2.8000000000e+001	 2.08919e-004	 2.97149e-004
10	 2.9000000000e+001	 1.04172e-003	 7.72076e-004
11	 3.0000000000e+001	 8.37478e-004	-3.15268e-005
12	 3.1000000000e+001	 5.35734e-004	-3.16981e-004
13	 3.2000000000e+001	 5.32300e-004	-2.40298e-004
14	 3.3000000000e+001	 5.48993e-004	-1.65603e-004
15	 3.4000000000e+001	 6.82379e-004	-9.81244e-005
16	 3.5000000000e+001	 6.92984e-004	-1.58426e-004
17	 3.6000000000e+001	 6.98447e-004	-2.47876e-004
18	 3.7000000000e+001	 6.94372e-004	-2.21945e-004
19	 3.8000000000e+001	 6.43650e-004	-2.65374e-004
20	 3.9000000000e+001	 5.91935e-004	-2.96409e-004
21	 4.0000000000e+001	 5.97104e-004	-2.96411e-004
22	 4.1000000000e+001	 6.21830e-004	-2.90554e-004
23	 4.2000000000e+001	 6.23201e-004	-2.92929e-004
24	 4.3000000000e+001	 6.22611e-004	-2.99861e-004
25	 4.4000000000e+001	 6.49728e-004	-3.07028e-004
26	 4.5000000000e+001	 6.65172e-004	-3.08929e-004
27	 4.6000000000e+001	 6.66841e-004	-2.96061e-004
28	 4.7000000000e+001	 6.88314e-004	-3.11045e-004
29	 4.8000000000e+001	 7.39924e-004	-3.24547e-004
30	 4.9000000000e+001	 6.85511e-004	-3.48327e-004
31	 5.0000000000e+001	 5.30447e-004	-3.78657e-004
32	 5.1000000000e+001	 7.59420e-004	-4.07721e-004
33	 5.2000000000e+001	 8.38833e-004	-4.62443e-004
34	 5.3000000000e+001	 8.51392e-004	-5.21735e-004
35	 5.4000000000e+001	 8.54523e-004	-5.86288e-004
36	 5.5000000000e+001	 8.47455e-004	-6.46122e-004
37	 5.6000000000e+001	 8.35953e-004	-7.06015e-004
38	 5.7000000000e+001	 8.20271e-004	-7.56754e-004
39	 5.8000000000e+001	 8.04362e-004	-8.13097e-004
40	 5.9000000000e+001	 7.77575e-004	-8.58470e-004
41	 6.0000000000e+001	 7.37208e-004	-9.22931e-004
42	 6.1000000000e+001	 6.85513e-004	-9.59979e-004
43	 6.2000000000e+001	 6.26554e-004	-9.75879e-004
44	 6.3000000000e+001	 5.88504e-004	-9.81597e-004
45	 6.4000000000e+001	 5.59527e-004	-9.88932e-004
46	 6.5000000000e+001	 5.37326e-004	-9.97606e-004
47	 6.6000000000e+001	 5.17945e-004	-1.01274e-003
48	 6.7000000000e+001	 5.01518e-004	-1.02951e-003
49	 6.8000000000e+001	 4.82389e-004	-1.04975e-003
50	 6.9000000000e+001	 4.58963e-004	-1.06376e-003
51	 7.0000000000e+001	 4.30572e-004	-1.08672e-003
52	 7.1000000000e+001	 4.13541e-004	-1.10727e-003
53	 7.2000000000e+001	 3.96962e-004	-1.12679e-003
54	 7.3000000000e+001	 3.75650e-004	-1.15765e-003
55	 7.4000000000e+001	 3.49863e-004	-1.18875e-003
56	 7.5000000000e+001	 3.09367e-004	-1.21714e-003
57	 7.6000000000e+001	 2.64684e-004	-1.23990e-003
58	 7.7000000000e+001	 2.28309e-004	-1.25360e-003
59	 7.8000000000e+001	 1.84014e-004	-1.26625e-003
60	 7.9000000000e+001	 1.44785e-004	-1.27277e-003
61	 8.0000000000e+001	 1.00695e-004	-1.27713e-003
62	 8.1000000000e+001	 6.30636e-005	-1.27661e-003
63	 8.2000000000e+001	 3.01727e-005	-1.27665e-003
64	 8.3000000000e+001	-2.25541e-006	-1.27270e-003
65	 8.4000000000e+001	-2.31413e-005	-1.27749e-003
66	 8.5000000000e+001	-4.28376e-005	-1.28866e-003
67	 8.6000000000e+001	-7.11804e-005	-1.28457e-003
68	 8.7000000000e+001	-1.13898e-004	-1.26387e-003
69	 8.8000000000e+001	-1.26375e-004	-1.25101e-003
70	 8.9000000000e+001	-1.30402e-004	-1.23959e-003
71	 9.0000000000e+001	-1.40553e-004	-1.22858e-003
72	 9.1000000000e+001	-1.56365e-004	-1.23699e-003
73	 9.2000000000e+001	-1.67832e-004	-1.26277e-003
74	 9.3000000000e+001	-1.74649e-004	-1.25845e-003
75	 9.4000000000e+001	-1.75780e-004	-1.25854e-003
76	 9.5000000000e+001	-1.83812e-004	-1.26937e-003
77	 9.6000000000e+001	-1.94841e-004	-1.28346e-003
78	 9.7000000000e+001	-1.94977e-004	-1.29417e-003
79	 9.8000000000e+001	-1.86519e-004	-1.31136e-003
80	 9.9000000000e+001	-1.81493e-004	-1.33752e-003
81	 1.0000000000e+002	-1.71654e-004	-1.35394e-003
82	 1.0100000000e+002	-1.82038e-004	-1.40759e-003
83	 1.0200000000e+002	-1.90468e-004	-1.44301e-003
84	 1.0300000000e+002	-1.99244e-004	-1.49301e-003
85	 1.0400000000e+002	-2.01177e-004	-1.54470e-003
86	 1.0500000000e+002	-2.18246e-004	-1.60783e-003
87	 1.0600000000e+002	-2.42334e-004	-1.66522e-003
88	 1.0700000000e+002	-2.72010e-004	-1.72517e-003
89	 1.0800000000e+002	-3.18300e-004	-1.78419e-003
90	 1.0900000000e+002	-3.44409e-004	-1.83597e-003
91	 1.1000000000e+002	-3.83749e-004	-1.91927e-003
92	 1.1100000000e+002	-4.10613e-004	-1.98997e-003
93	 1.1200000000e+002	-4.53066e-004	-2.06562e-003
94	 1.1300000000e+002	-5.13619e-004	-2.13537e-003
95	 1.1400000000e+002	-5.62110e-004	-2.21321e-003
96	 1.1500000000e+002	-6.17652e-004	-2.29274e-003
97	 1.1600000000e+002	-6.95670e-004	-2.37632e-003
98	 1.1700000000e+002	-7.56584e-004	-2.46849e-003
99	 1.1800000000e+002	-8.37492e-004	-2.55732e-003
100	 1.1900000000e+002	-9.30027e-004	-2.63842e-003
101	 1.2000000000e+002	-9.80617e-004	-2.73091e-003
102	 1.2100000000e+002	-1.03290e-003	-2.85635e-003
103	 1.2200000000e+002	-1.11297e-003	-3.01774e-003
104	 1.2300000000e+002	-1.20539e-003	-3.17114e-003
105	 1.2400000000e+002	-1.29811e-003	-3.34713e-003
106	 1.2500000000e+002	-1.46722e-003	-3.56791e-003
107	 1.2600000000e+002	-1.60845e-003	-3.72521e-003
108	 1.2700000000e+002	-1.77691e-003	-3.97464e-003
109	 1.2800000000e+002	-1.96083e-003	-4.25995e-003
110	 1.2900000000e+002	-2.17344e-003	-4.51529e-003
111	 1.3000000000e+002	-2.40510e-003	-4.79793e-003
112	 1.3100000000e+002	-2.73961e-003	-5.21055e-003
113	 1.3200000000e+002	-3.10624e-003	-5.63765e-003
114	 1.3300000000e+002	-3.54327e-003	-6.05628e-003
115	 1.3400000000e+002	-4.18567e-003	-6.72860e-003
116	 1.3500000000e+002	-4.73716e-003	-7.23715e-003
117	 1.3600000000e+002	-5.61391e-003	-8.04069e-003
118	 1.3700000000e+002	-6.77820e-003	-9.03420e-003
119	 1.3800000000e+002	-8.05949e-003	-9.97834e-003
120	 1.3900000000e+002	-1.02073e-002	-1.12270e-002
121	 1.4000000000e+002	-1.34911e-002	-1.28731e-002
122	 1.4100000000e+002	-1.81079e-002	-1.43348e-002
123	 1.4200000000e+002	-2.47008e-002	-1.52387e-002
124	 1.4300000000e+002	-3.72067e-002	-1.25973e-002
125	 1.4400000000e+002	-5.32737e-002	 6.56653e-003
126	 1.4500000000e+002	-4.31647e-002	 3.82457e-002
127	 1.4600000000e+002	-1.13795e-002	 4.60361e-002
128	 1.4700000000e+002	 1.79275e-003	 3.63210e-002
129	 1.4800000000e+002	 6.08707e-003	 2.79816e-002
130	 1.4900000000e+002	 7.60776e-003	 2.14718e-002
131	 1.5000000000e+002	 8.52894e-003	 1.47829e-002
132	 1.5100000000e+002	 7.73744e-003	 1.45043e-002
133	 1.5200000000e+002	 7.33345e-003	 1.31260e-002
134	 1.5300000000e+002	 7.02124e-003	 1.13403e-002
135	 1.5400000000e+002	 6.68888e-003	 1.01231e-002
136	 1.5500000000e+002	 6.41098e-003	 9.01439e-003
137	 1.5600000000e+002	 6.16016e-003	 8.13616e-003
138	 1.5700000000e+002	 5.93957e-003	 7.37222e-003
139	 1.5800000000e+002	 5.72345e-003	 6.85925e-003
140	 1.5900000000e+002	 5.54742e-003	 6.37387e-003
141	 1.6000000000e+002	 5.36137e-003	 5.95420e-003
142	 1.6100000000e+002	 5.25605e-003	 5.58224e-003
143	 1.6200000000e+002	 5.09899e-003	 5.22119e-003
144	 1.6300000000e+002	 5.00093e-003	 4.95946e-003
145	 1.6400000000e+002	 4.93020e-003	 4.73449e-003
146	 1.6500000000e+002	 4.87194e-003	 4.51223e-003
147	 1.6600000000e+002	 4.85814e-003	 4.29300e-003
148	 1.6700000000e+002	 4.82484e-003	 4.12586e-003
149	 1.6800000000e+002	 4.79651e-003	 3.94281e-003
150	 1.6900000000e+002	 4.78679e-003	 3.77109e-003
151	 1.7000000000e+002	 4.78625e-003	 3.59482e-003
152	 1.7100000000e+002	 4.79677e-003	 3.44436e-003
153	 1.7200000000e+002	 4.81092e-003	 3.27831e-003
154	 1.7300000000e+002	 4.83698e-003	 3.12705e-003
155	 1.7400000000e+002	 4.85320e-003	 2.96709e-003
156	 1.7500000000e+002	 4.86178e-003	 2.80429e-003
157	 1.7600000000e+002	 4.87672e-003	 2.68173e-003
158	 1.7700000000e+002	 4.89476e-003	 2.52672e-003
159	 1.7800000000e+002	 4.91536e-003	 2.35590e-003
160	 1.7900000000e+002	 4.93710e-003	 2.23928e-003
161	 1.8000000000e+002	 4.97176e-003	 2.10712e-003
162	 1.8100000000e+002	 5.00090e-003	 1.94755e-003
163	 1.8200000000e+002	 5.01829e-003	 1.82415e-003
164	 1.8300000000e+002	 5.05873e-003	 1.65968e-003
165	 1.8400000000e+002	 5.07671e-003	 1.50531e-003
166	 1.8500000000e+002	 5.08929e-003	 1.36297e-003
167	 1.8600000000e+002	 5.10657e-003	 1.20923e-003
168	 1.8700000000e+002	 5.12136e-003	 1.06166e-003
169	 1.8800000000e+002	 5.12967e-003	 9.20786e-004
170	 1.8900000000e+002	 5.13976e-003	 7.48909e-004
171	 1.9000000000e+002	 5.13781e-003	 6.06443e-004
172	 1.9100000000e+002	 5.13361e-003	 4.79286e-004
173	 1.9200000000e+002	 5.13078e-003	 3.47084e-004
174	 1.9300000000e+002	 5.13926e-003	 2.00363e-004
175	 1.9400000000e+002	 5.14751e-003	 7.11877e-005
176	 1.9500000000e+002	 5.15839e-003	-8.11579e-005
177	 1.9600000000e+002	 5.17245e-003	-2.12382e-004
178	 1.9700000000e+002	 5.18549e-003	-3.58445e-004
179	 1.9800000000e+002	 5.19239e-003	-5.26096e-004
180	 1.9900000000e+002	 5.19926e-003	-6.87590e-004
181	 2.0000000000e+002	 5.20545e-003	-8.47266e-004
182	 2.0100000000e+002	 5.19127e-003	-1.01072e-003
183	 2.0200000000e+002	 5.16976e-003	-1.19726e-003
184	 2.0300000000e+002	 5.14040e-003	-1.37824e-003
185	 2.0400000000e+002	 5.10783e-003	-1.54828e-003
186	 2.0500000000e+002	 5.06316e-003	-1.74361e-003
187	 2.0600000000e+002	 5.01209e-003	-1.92820e-003
188	 2.0700000000e+002	 4.94637e-003	-2.10360e-003
189	 2.0800000000e+002	 4.87073e-003	-2.28149e-003
190	 2.0900000000e+002	 4.78119e-003	-2.45446e-003
191	 2.1000000000e+002	 4.66912e-003	-2.62977e-003
192	 2.1100000000e+002	 4.55973e-003	-2.78583e-003
193	 2.1200000000e+002	 4.45807e-003	-2.92115e-003
194	 2.1300000000e+002	 4.34310e-003	-3.06138e-003
195	 2.1400000000e+002	 4.23525e-003	-3.18384e-003
196	 2.1500000000e+002	 4.12908e-003	-3.31034e-003
197	 2.1600000000e+002	 4.01225e-003	-3.44436e-003
198	 2.1700000000e+002	 3.88701e-003	-3.56906e-003
199	 2.1800000000e+002	 3.77108e-003	-3.67625e-003
200	 2.1900000000e+002	 3.62847e-003	-3.79352e-003
201	 2.2000000000e+002	 3.50346e-003	-3.88945e-003
202	 2.2100000000e+002	 3.38990e-003	-3.96035e-003
203	 2.2200000000e+002	 3.24300e-003	-4.05685e-003
204	 2.2300000000e+002	 3.12552e-003	-4.12842e-003
205	 2.2400000000e+002	 3.00553e-003	-4.19294e-003
206	 2.2500000000e+002	 2.88138e-003	-4.25864e-003
207	 2.2600000000e+002	 2.76105e-003	-4.31739e-003
208	 2.2700000000e+002	 2.64636e-003	-4.36833e-003
209	 2.2800000000e+002	 2.53472e-003	-4.41569e-003
210	 2.2900000000e+002	 2.43889e-003	-4.45225e-003
211	 2.3000000000e+002	 2.35386e-003	-4.50229e-003
212	 2.3100000000e+002	 2.26612e-003	-4.55639e-003
213	 2.3200000000e+002	 2.17977e-003	-4.61570e-003
214	 2.3300000000e+002	 2.11269e-003	-4.66311e-003
215	 2.3400000000e+002	 2.03369e-003	-4.72796e-003
216	 2.3500000000e+002	 1.95969e-003	-4.79874e-003
217	 2.3600000000e+002	 1.89895e-003	-4.86144e-003
218	 2.3700000000e+002	 1.82681e-003	-4.94993e-003
219	 2.3800000000e+002	 1.75143e-003	-5.03194e-003
220	 2.3900000000e+002	 1.69066e-003	-5.11718e-003
221	 2.4000000000e+002	 1.60985e-003	-5.21995e-003
222	 2.4100000000e+002	 1.53899e-003	-5.30889e-003
223	 2.4200000000e+002	 1.46190e-003	-5.40492e-003
224	 2.4300000000e+002	 1.37729e-003	-5.52513e-003
225	 2.4400000000e+002	 1.28927e-003	-5.65700e-003
226	 2.4500000000e+002	 1.21404e-003	-5.78150e-003
227	 2.4600000000e+002	 1.12848e-003	-5.90926e-003
228	 2.4700000000e+002	 1.03373e-003	-6.03965e-003
229	 2.4800000000e+002	 9.32713e-004	-6.20787e-003
230	 2.4900000000e+002	 8.02404e-004	-6.29862e-003
231	 2.5000000000e+002	 6.39571e-004	-6.02582e-003
232	 2.5100000000e+002	 5.81586e-004	-6.53314e-003
233	 2.5200000000e+002	 4.69113e-004	-6.94153e-003
234	 2.5300000000e+002	 3.16031e-004	-7.17886e-003
235	 2.5400000000e+002	 1.50143e-004	-7.39205e-003
236	 2.5500000000e+002	-4.44700e-005	-7.63108e-003
237	 2.5600000000e+002	-2.72275e-004	-7.90197e-003
238	 2.5700000000e+002	-4.98326e-004	-8.16596e-003
239	 2.5800000000e+002	-7.64356e-004	-8.45949e-003
240	 2.5900000000e+002	-1.08026e-003	-8.77336e-003
241	 2.6000000000e+002	-1.41268e-003	-9.06902e-003
242	 2.6100000000e+002	-1.76294e-003	-9.37901e-003
243	 2.6200000000e+002	-2.20685e-003	-9.69018e-003
244	 2.6300000000e+002	-2.68190e-003	-1.00381e-002
245	 2.6400000000e+002	-3.27526e-003	-1.03723e-002
246	 2.6500000000e+002	-3.83659e-003	-1.07188e-002
247	 2.6600000000e+002	-4.57874e-003	-1.10081e-002
248	 2.6700000000e+002	-5.36808e-003	-1.12433e-002
249	 2.6800000000e+002	-6.22791e-003	-1.14944e-002
250	 2.6900000000e+002	-7.26558e-003	-1.16308e-002
251	 2.7000000000e+002	-8.21688e-003	-1.17573e-002
252	 2.7100000000e+002	-9.54539e-003	-1.17782e-002
253	 2.7200000000e+002	-1.06414e-002	-1.16445e-002
254	 2.7300000000e+002	-1.20593e-002	-1.13011e-002
255	 2.7400000000e+002	-1.34879e-002	-1.07135e-002
256	 2.7500000000e+002	-1.47847e-002	-1.01019e-002
257	 2.7600000000e+002	-1.62222e-002	-9.10956e-003
258	 2.7700000000e+002	-1.75930e-002	-7.88626e-003
259	 2.7800000000e+002	-1.87434e-002	-6.49875e-003
260	 2.7900000000e+002	-1.96848e-002	-4.96180e-003
261	 2.8000000000e+002	-2.04483e-002	-2.89009e-003
262	 2.8100000000e+002	-2.09321e-002	-9.00264e-004
263	 2.8200000000e+002	-2.11060e-002	 1.00802e-003
264	 2.8300000000e+002	-2.09867e-002	 3.06545e-003
265	 2.8400000000e+002	-2.05081e-002	 4.95735e-003
266	 2.8500000000e+002	-1.96932e-002	 7.12144e-003
267	 2.8600000000e+002	-1.87369e-002	 8.67987e-003
268	 2.8700000000e+002	-1.77081e-002	 1.00475e-002
269	 2.8800000000e+002	-1.64471e-002	 1.12525e-002
270	 2.8900000000e+002	-1.51201e-002	 1.22795e-002
271	 2.9000000000e+002	-1.38365e-002	 1.30251e-002
272	 2.9100000000e+002	-1.23867e-002	 1.37490e-002
273	 2.9200000000e+002	-1.11382e-002	 1.41391e-002
274	 2.9300000000e+002	-9.83345e-003	 1.44342e-002
275	 2.9400000000e+002	-8.66843e-003	 1.46066e-002
276	 2.9500000000e+002	-7.61911e-003	 1.46969e-002
277	 2.9600000000e+002	-6.49573e-003	 1.46802e-002
278	 2.9700000000e+002	-5.48898e-003	 1.45811e-002
279	 2.9800000000e+002	-4.60596e-003	 1.43873e-002
280	 2.9900000000e+002	-3.76456e-003	 1.42160e-002
281	 3.0000000000e+002	-2.94058e-003	 1.38621e-002
282	 3.0100000000e+002	-2.18875e-003	 1.36797e-002
283	 3.0200000000e+002	-1.53052e-003	 1.34232e-002
284	 3.0300000000e+002	-9.98212e-004	 1.31783e-002
285	 3.0400000000e+002	-5.28109e-004	 1.29562e-002
286	 3.0500000000e+002	 1.53432e-004	 1.25768e-002
287	 3.0600000000e+002	 5.95462e-004	 1.22810e-002
288	 3.0700000000e+002	 1.01973e-003	 1.20178e-002
289	 3.0800000000e+002	 1.37793e-003	 1.17605e-002
290	 3.0900000000e+002	 1.82753e-003	 1.14437e-002
291	 3.1000000000e+002	 2.17480e-003	 1.11721e-002
292	 3.1100000000e+002	 2.50041e-003	 1.09389e-002
293	 3.1200000000e+002	 2.81588e-003	 1.06788e-002
294	 3.1300000000e+002	 3.11629e-003	 1.04209e-002
295	 3.1400000000e+002	 3.38359e-003	 1.02015e-002
296	 3.1500000000e+002	 3.66619e-003	 9.97448e-003
297	 3.1600000000e+002	 3.96130e-003	 9.72034e-003
298	 3.1700000000e+002	 4.19474e-003	 9.50384e-003
299	 3.1800000000e+002	 4.45745e-003	 9.29179e-003
300	 3.1900000000e+002	 4.71381e-003	 9.07537e-003
301	 3.2000000000e+002	 4.95530e-003	 8.88395e-003
302	 3.2100000000e+002	 5.18392e-003	 8.68459e-003
303	 3.2200000000e+002	 5.47345e-003	 8.43693e-003
304	 3.2300000000e+002	 5.67685e-003	 8.25626e-003
305	 3.2400000000e+002	 5.93959e-003	 7.99894e-003
306	 3.2500000000e+002	 6.12318e-003	 7.79671e-003
307	 3.2600000000e+002	 6.37278e-003	 7.55360e-003
308	 3.2700000000e+002	 6.58794e-003	 7.31986e-003
309	 3.2800000000e+002	 6.79748e-003	 7.11089e-003
310	 3.2900000000e+002	 7.02077e-003	 6.87092e-003
311	 3.3000000000e+002	 7.21271e-003	 6.64377e-003
312	 3.3100000000e+002	 7.43666e-003	 6.39880e-003
313	 3.3200000000e+002	 7.61947e-003	 6.18906e-003
314	 3.3300000000e+002	 7.84633e-003	 5.90671e-003
315	 3.3400000000e+002	 8.03468e-003	 5.67473e-003
316	 3.3500000000e+002	 8.25104e-003	 5.43952e-003
317	 3.3600000000e+002	 8.44334e-003	 5.21208e-003
318	 3.3700000000e+002	 8.65004e-003	 4.94896e-003
319	 3.3800000000e+002	 8.89765e-003	 4.66687e-003
320	 3.3900000000e+002	 9.07577e-003	 4.43399e-003
321	 3.4000000000e+002	 9.29602e-003	 4.13661e-003
322	 3.4100000000e+002	 9.55658e-003	 3.79857e-003
323	 3.4200000000e+002	 9.75144e-003	 3.53101e-003
324	 3.4300000000e+002	 1.00400e-002	 3.13282e-003
325	 3.4400000000e+002	 1.02289e-002	 2.82184e-003
326	 3.4500000000e+002	 1.04567e-002	 2.43759e-003
327	 3.4600000000e+002	 1.06665e-002	 2.01473e-003
328	 3.4700000000e+002	 1.08858e-002	 1.55093e-003
329	 3.4800000000e+002	 1.10889e-002	 1.11346e-003
330	 3.4900000000e+002	 1.13142e-002	 6.75450e-004
331	 3.5000000000e+002	 1.19977e-002	 4.61028e-004
332	 3.5100000000e+002	 1.18100e-002	-2.92598e-004
333	 3.5200000000e+002	 1.17839e-002	-9.63906e-004
334	 3.5300000000e+002	 1.18717e-002	-1.63402e-003
335	 3.5400000000e+002	 1.19422e-002	-2.27878e-003
336	 3.5500000000e+002	 1.19717e-002	-2.98872e-003
337	 3.5600000000e+002	 1.19431e-002	-3.78590e-003
338	 3.5700000000e+002	 1.18055e-002	-4.60585e-003
339	 3.5800000000e+002	 1.16606e-002	-5.36938e-003
340	 3.5900000000e+002	 1.13834e-002	-6.22915e-003
341	 3.6000000000e+002	 1.10295e-002	-7.04105e-003
342	 3.6100000000e+002	 1.04612e-002	-7.92944e-003
343	 3.6200000000e+002	 9.95715e-003	-8.59343e-003
344	 3.6300000000e+002	 9.12921e-003	-9.46234e-003
345	 3.6400000000e+002	 8.45794e-003	-1.00030e-002
346	 3.6500000000e+002	 7.59592e-003	-1.05048e-002
347	 3.6600000000e+002	 6.63293e-003	-1.09357e-002
348	 3.6700000000e+002	 5.70408e-003	-1.12201e-002
349	 3.6800000000e+002	 4.58109e-003	-1.14022e-002
350	 3.6900000000e+002	 3.80939e-003	-1.14669e-002
351	 3.7000000000e+002	 2.76105e-003	-1.14059e-002
352	 3.7100000000e+002	 1.93178e-003	-1.12172e-002
353	 3.7200000000e+002	 1.15285e-003	-1.09791e-002
354	 3.7300000000e+002	 3.79994e-004	-1.06471e-002
355	 3.7400000000e+002	-3.16854e-004	-1.02267e-002
356	 3.7500000000e+002	-9.45876e-004	-9.78601e-003
357	 3.7600000000e+002	-1.44938e-003	-9.37248e-003
358	 3.7700000000e+002	-1.90537e-003	-8.92200e-003
359	 3.7800000000e+002	-2.32338e-003	-8.38485e-003
360	 3.7900000000e+002	-2.68397e-003	-7.85823e-003
361	 3.8000000000e+002	-2.88886e-003	-7.40997e-003
362	 3.8100000000e+002	-3.09635e-003	-6.93994e-003
363	 3.8200000000e+002	-3.27794e-003	-6.45991e-003
364	 3.8300000000e+002	-3.39260e-003	-6.06705e-003
365	 3.8400000000e+002	-3.48078e-003	-5.61510e-003
366	 3.8500000000e+002	-3.51960e-003	-5.22680e-003
367	 3.8600000000e+002	-3.57280e-003	-4.80723e-003
368	 3.8700000000e+002	-3.55801e-003	-4.48220e-003
369	 3.8800000000e+002	-3.53280e-003	-4.16898e-003
370	 3.8900000000e+002	-3.50599e-003	-3.81407e-003
371	 3.9000000000e+002	-3.45472e-003	-3.53118e-003
372	 3.9100000000e+002	-3.39785e-003	-3.27464e-003
373	 3.9200000000e+002	-3.30911e-003	-2.99680e-003
374	 3.9300000000e+002	-3.20896e-003	-2.77403e-003
375	 3.9400000000e+002	-3.10506e-003	-2.53076e-003
376	 3.9500000000e+002	-3.01382e-003	-2.35477e-003
377	 3.9600000000e+002	-2.89604e-003	-2.17021e-003
378	 3.9700000000e+002	-2.76313e-003	-1.98877e-003
379	 3.9800000000e+002	-2.65018e-003	-1.84607e-003
380	 3.9900000000e+002	-2.52220e-003	-1.69007e-003
381	 4.0000000000e+002	-2.39535e-003	-1.55118e-003
382	 4.0100000000e+002	-2.27141e-003	-1.45361e-003
383	 4.0200000000e+002	-2.13558e-003	-1.34905e-003
384	 4.0300000000e+002	-2.00234e-003	-1.26417e-003
385	 4.0400000000e+002	-1.87506e-003	-1.19835e-003
386	 4.0500000000e+002	-1.73706e-003	-1.12629e-003
387	 4.0600000000e+002	-1.60405e-003	-1.07318e-003
388	 4.0700000000e+002	-1.47215e-003	-1.03724e-003
389	 4.0800000000e+002	-1.31822e-003	-1.00772e-003
390	 4.0900000000e+002	-1.18664e-003	-9.88533e-004
391	 4.1000000000e+002	-1.05687e-003	-9.95432e-004
392	 4.1100000000e+002	-9.06548e-004	-9.99846e-004
393	 4.1200000000e+002	-7.75708e-004	-1.00689e-003
394	 4.1300000000e+002	-6.50335e-004	-1.03174e-003
395	 4.1400000000e+002	-5.22993e-004	-1.07483e-003
396	 4.1500000000e+002	-3.85761e-004	-1.12977e-003
397	 4.1600000000e+002	-2.57028e-004	-1.20404e-003
398	 4.1700000000e+002	-1.48493e-004	-1.25635e-003
399	 4.1800000000e+002	-3.17693e-005	-1.33052e-003
400	 4.1900000000e+002	 7.93179e-005	-1.42690e-003
401	 4.2000000000e+002	 1.79981e-004	-1.55048e-003
402	 4.2100000000e+002	 2.88300e-004	-1.66020e-003
403	 4.2200000000e+002	 4.06923e-004	-1.79262e-003
404	 4.2300000000e+002	 4.99051e-004	-1.93651e-003
405	 4.2400000000e+002	 5.69738e-004	-2.05711e-003
406	 4.2500000000e+002	 6.58930e-004	-2.26423e-003
407	 4.2600000000e+002	 7.29824e-004	-2.42771e-003
408	 4.2700000000e+002	 8.26872e-004	-2.62355e-003
409	 4.2800000000e+002	 8.71112e-004	-2.82269e-003
410	 4.2900000000e+002	 9.15495e-004	-3.04537e-003
411	 4.3000000000e+002	 9.57494e-004	-3.23821e-003
412	 4.3100000000e+002	 9.72241e-004	-3.51010e-003
413	 4.3200000000e+002	 9.75389e-004	-3.74408e-003
414	 4.3300000000e+002	 9.81267e-004	-4.01621e-003
415	 4.3400000000e+002	 9.63039e-004	-4.29673e-003
416	 4.3500000000e+002	 9.56835e-004	-4.61234e-003
417	 4.3600000000e+002	 9.69507e-004	-4.90719e-003
418	 4.3700000000e+002	 8.98889e-004	-5.28605e-003
419	 4.3800000000e+002	 8.17565e-004	-5.59107e-003
420	 4.3900000000e+002	 7.26499e-004	-5.95737e-003
421	 4.4000000000e+002	 6.17562e-004	-6.34203e-003
422	 4.4100000000e+002	 4.98827e-004	-6.81434e-003
423	 4.4200000000e+002	 4.12267e-004	-7.15537e-003
424	 4.4300000000e+002	 2.71627e-004	-7.62275e-003
425	 4.4400000000e+002	 7.12033e-005	-8.17856e-003
426	 4.4500000000e+002	-1.85460e-004	-8.72125e-003
427	 4.4600000000e+002	-4.77963e-004	-9.25536e-003
428	 4.4700000000e+002	-7.56723e-004	-9.90664e-003
429	 4.4800000000e+002	-1.06749e-003	-1.05651e-002
430	 4.4900000000e+002	-1.30241e-003	-1.10106e-002
431	 4.5000000000e+002	-8.78583e-004	-8.73243e-003
432	 4.5100000000e+002	-2.04666e-003	-1.12994e-002
433	 4.5200000000e+002	-3.16058e-003	-1.40629e-002
434	 4.5300000000e+002	-3.84030e-003	-1.51513e-002
435	 4.5400000000e+002	-4.75963e-003	-1.63481e-002
436	 4.5500000000e+002	-5.95333e-003	-1.76860e-002
437	 4.5600000000e+002	-7.51783e-003	-1.93823e-002
438	 4.5700000000e+002	-9.04512e-003	-2.11022e-002
439	 4.5800000000e+002	-1.13529e-002	-2.30179e-002
440	 4.5900000000e+002	-1.47180e-002	-2.58534e-002
441	 4.6000000000e+002	-1.87367e-002	-2.87279e-002
442	 4.6100000000e+002	-2.39548e-002	-3.15443e-002
443	 4.6200000000e+002	-3.06637e-002	-3.38053e-002
444	 4.6300000000e+002	-4.60383e-002	-3.68820e-002
445	 4.6400000000e+002	-6.03733e-002	-3.43741e-002
446	 4.6500000000e+002	-8.48657e-002	-1.88669e-002
447	 4.6600000000e+002	-9.69660e-002	 2.22686e-002
448	 4.6700000000e+002	-7.70672e-002	 6.16810e-002
449	 4.6800000000e+002	-4.90340e-002	 7.37168e-002
450	 4.6900000000e+002	-2.07354e-002	 6.67743e-002
451	 4.7000000000e+002	-7.39881e-003	 5.88760e-002
452	 4.7100000000e+002	-6.45886e-004	 4.96736e-002
453	 4.7200000000e+002	 3.87898e-003	 4.27475e-002
454	 4.7300000000e+002	 6.45581e-003	 3.62291e-002
455	 4.7400000000e+002	 7.50482e-003	 3.21673e-002
456	 4.7500000000e+002	 8.22757e-003	 2.90644e-002
457	 4.7600000000e+002	 8.88682e-003	 2.53298e-002
458	 4.7700000000e+002	 9.14447e-003	 2.32447e-002
459	 4.7800000000e+002	 9.24758e-003	 2.11728e-002
460	 4.7900000000e+002	 9.29995e-003	 1.96298e-002
461	 4.8000000000e+002	 9.26533e-003	 1.79131e-002
462	 4.8100000000e+002	 9.20167e-003	 1.64978e-002
463	 4.8200000000e+002	 9.16916e-003	 1.52369e-002
464	 4.8300000000e+002	 9.12226e-003	 1.42424e-002
465	 4.8400000000e+002	 9.03656e-003	 1.33214e-002
466	 4.8500000000e+002	 8.90336e-003	 1.25005e-002
467	 4.8600000000e+002	 8.76391e-003	 1.15938e-002
468	 4.8700000000e+002	 8.65623e-003	 1.09973e-002
469	 4.8800000000e+002	 8.50203e-003	 1.03249e-002
470	 4.8900000000e+002	 8.38384e-003	 9.82182e-003
471	 4.9000000000e+002	 8.24069e-003	 9.23172e-003
472	 4.9100000000e+002	 8.14231e-003	 8.84271e-003
473	 4.9200000000e+002	 8.00557e-003	 8.41758e-003
474	 4.9300000000e+002	 7.81629e-003	 7.98730e-003
475	 4.9400000000e+002	 7.69969e-003	 7.69077e-003
476	 4.9500000000e+002	 7.60966e-003	 7.38718e-003
477	 4.9600000000e+002	 7.56282e-003	 7.16102e-003
478	 4.9700000000e+002	 7.53129e-003	 6.96461e-003
479	 4.9800000000e+002	 7.49077e-003	 6.71320e-003
480	 4.9900000000e+002	 7.49682e-003	 6.43100e-003
481	 5.0000000000e+002	 7.47979e-003	 6.17218e-003
482	 5.0100000000e+002	 7.45963e-003	 5.94800e-003
483	 5.0200000000e+002	 7.44426e-003	 5.71273e-003
484	 5.0300000000e+002	 7.42211e-003	 5.52499e-003
485	 5.0400000000e+002	 7.38561e-003	 5.30612e-003
486	 5.0500000000e+002	 7.35151e-003	 5.14309e-003
487	 5.0600000000e+002	 7.32189e-003	 4.96313e-003
488	 5.0700000000e+002	 7.27077e-003	 4.76368e-003
489	 5.0800000000e+002	 7.25212e-003	 4.63468e-003
490	 5.0900000000e+002	 7.23014e-003	 4.46954e-003
491	 5.1000000000e+002	 7.21074e-003	 4.34203e-003
492	 5.1100000000e+002	 7.18938e-003	 4.21305e-003
493	 5.1200000000e+002	 7.17769e-003	 4.08906e-003
494	 5.1300000000e+002	 7.16627e-003	 3.98657e-003
495	 5.1400000000e+002	 7.16438e-003	 3.89296e-003
496	 5.1500000000e+002	 7.16568e-003	 3.80211e-003
497	 5.1600000000e+002	 7.17903e-003	 3.71243e-003
498	 5.1700000000e+002	 7.19907e-003	 3.63567e-003
499	 5.1800000000e+002	 7.22257e-003	 3.56752e-003
500	 5.1900000000e+002	 7.25754e-003	 3.50172e-003
501	 5.2000000000e+002	 7.29218e-003	 3.44767e-003
502	 5.2100000000e+002	 7.34485e-003	 3.40121e-003
503	 5.2200000000e+002	 7.40063e-003	 3.35801e-003
504	 5.2300000000e+002	 7.47983e-003	 3.31378e-003
505	 5.2400000000e+002	 7.55827e-003	 3.27707e-003
506	 5.2500000000e+002	 7.68213e-003	 3.23884e-003
507	 5.2600000000e+002	 7.81819e-003	 3.18250e-003
508	 5.2700000000e+002	 7.94713e-003	 3.13780e-003
509	 5.2800000000e+002	 8.11309e-003	 3.05684e-003
510	 5.2900000000e+002	 8.26937e-003	 2.97424e-003
511	 5.3000000000e+002	 8.44400e-003	 2.86949e-003
512	 5.3100000000e+002	 8.62014e-003	 2.75317e-003
513	 5.3200000000e+002	 8.79190e-003	 2.63210e-003
514	 5.3300000000e+002	 8.96864e-003	 2.48797e-003
515	 5.3400000000e+002	 9.12869e-003	 2.36253e-003
516	 5.3500000000e+002	 9.30402e-003	 2.21238e-003
517	 5.3600000000e+002	 9.48668e-003	 2.07725e-003
518	 5.3700000000e+002	 9.65369e-003	 1.91697e-003
519	 5.3800000000e+002	 9.85987e-003	 1.76890e-003
520	 5.3900000000e+002	 1.00431e-002	 1.61968e-003
521	 5.4000000000e+002	 1.02498e-002	 1.43648e-003
522	 5.4100000000e+002	 1.04676e-002	 1.24412e-003
523	 5.4200000000e+002	 1.06798e-002	 1.06930e-003
524	 5.4300000000e+002	 1.08935e-002	 8.61818e-004
525	 5.4400000000e+002	 1.11571e-002	 6.11276e-004
526	 5.4500000000e+002	 1.13612e-002	 3.82746e-004
527	 5.4600000000e+002	 1.16291e-002	 9.39407e-005
528	 5.4700000000e+002	 1.18370e-002	-1.57642e-004
529	 5.4800000000e+002	 1.20334e-002	-4.51206e-004
530	 5.4900000000e+002	 1.24003e-002	-7.68134e-004
531	 5.5000000000e+002	 1.30960e-002	-1.20737e-003
532	 5.5100000000e+002	 1.30416e-002	-1.42900e-003
533	 5.5200000000e+002	 1.30069e-002	-1.76311e-003
534	 5.5300000000e+002	 1.32246e-002	-2.18320e-003
535	 5.5400000000e+002	 1.34967e-002	-2.57910e-003
536	 5.5500000000e+002	 1.37197e-002	-2.92566e-003
537	 5.5600000000e+002	 1.39794e-002	-3.40995e-003
538	 5.5700000000e+002	 1.41765e-002	-3.84497e-003
539	 5.5800000000e+002	 1.44007e-002	-4.31429e-003
540	 5.5900000000e+002	 1.46290e-002	-4.82890e-003
541	 5.6000000000e+002	 1.48428e-002	-5.38913e-003
542	 5.6100000000e+002	 1.50511e-002	-5.92873e-003
543	 5.6200000000e+002	 1.52547e-002	-6.47757e-003
544	 5.6300000000e+002	 1.54422e-002	-7.07984e-003
545	 5.6400000000e+002	 1.55925e-002	-7.61409e-003
546	 5.6500000000e+002	 1.57471e-002	-8.42733e-003
547	 5.6600000000e+002	 1.59485e-002	-9.03821e-003
548	 5.6700000000e+002	 1.61024e-002	-9.71420e-003
549	 5.6800000000e+002	 1.62538e-002	-1.04905e-002
550	 5.6900000000e+002	 1.63518e-002	-1.11518e-002
551	 5.7000000000e+002	 1.65709e-002	-1.21770e-002
552	 5.7100000000e+002	 1.66746e-002	-1.28533e-002
553	 5.7200000000e+002	 1.68034e-002	-1.37420e-002
554	 5.7300000000e+002	 1.69575e-002	-1.46226e-002
555	 5.7400000000e+002	 1.70706e-002	-1.55308e-002
556	 5.7500000000e+002	 1.72128e-002	-1.65542e-002
557	 5.7600000000e+002	 1.73560e-002	-1.78343e-002
558	 5.7700000000e+002	 1.74245e-002	-1.88540e-002
559	 5.7800000000e+002	 1.76317e-002	-2.01462e-002
560	 5.7900000000e+002	 1.77390e-002	-2.14380e-002
561	 5.8000000000e+002	 1.78917e-002	-2.28580e-002
562	 5.8100000000e+002	 1.79038e-002	-2.45043e-002
563	 5.8200000000e+002	 1.80129e-002	-2.58583e-002
564	 5.8300000000e+002	 1.81030e-002	-2.78652e-002
565	 5.8400000000e+002	 1.81609e-002	-3.01197e-002
566	 5.8500000000e+002	 1.82329e-002	-3.24300e-002
567	 5.8600000000e+002	 1.81188e-002	-3.48797e-002
568	 5.8700000000e+002	 1.80113e-002	-3.78187e-002
569	 5.8800000000e+002	 1.76813e-002	-4.15774e-002
570	 5.8900000000e+002	 1.73322e-002	-4.50544e-002
571	 5.9000000000e+002	 1.64646e-002	-4.96084e-002
572	 5.9100000000e+002	 1.56932e-002	-5.44114e-002
573	 5.9200000000e+002	 1.39475e-002	-6.05351e-002
574	 5.9300000000e+002	 1.15646e-002	-6.70429e-002
575	 5.9400000000e+002	 7.28023e-003	-7.59025e-002
576	 5.9500000000e+002	 8.60705e-004	-8.66560e-002
577	 5.9600000000e+002	-6.57979e-003	-9.60490e-002
578	 5.9700000000e+002	-1.90237e-002	-1.06989e-001
579	 5.9800000000e+002	-4.27088e-002	-1.19964e-001
580	 5.9900000000e+002	-7.53631e-002	-1.26933e-001
581	 6.0000000000e+002	-1.16466e-001	-1.17548e-001
582	 6.0100000000e+002	-1.54573e-001	-8.93724e-002
583	 6.0200000000e+002	-1.74965e-001	-4.01775e-002
584	 6.0300000000e+002	-1.64528e-001	 1.36635e-002
585	 6.0400000000e+002	-1.39511e-001	 4.59843e-002
586	 6.0500000000e+002	-1.12511e-001	 6.16107e-002
587	 6.0600000000e+002	-8.96275e-002	 6.77957e-002
588	 6.0700000000e+002	-7.07711e-002	 6.85061e-002
589	 6.0800000000e+002	-5.88894e-002	 6.61072e-002
590	 6.0900000000e+002	-4.72262e-002	 6.25609e-002
591	 6.1000000000e+002	-3.76440e-002	 5.86187e-002
592	 6.1100000000e+002	-3.20095e-002	 5.57160e-002
593	 6.1200000000e+002	-2.66294e-002	 5.23680e-002
594	 6.1300000000e+002	-2.21158e-002	 4.95582e-002
595	 6.1400000000e+002	-1.83528e-002	 4.64695e-002
596	 6.1500000000e+002	-1.55886e-002	 4.41502e-002
597	 6.1600000000e+002	-1.31596e-002	 4.19288e-002
598	 6.1700000000e+002	-1.11036e-002	 3.99260e-002
599	 6.1800000000e+002	-9.18791e-003	 3.78550e-002
600	 6.1900000000e+002	-7.43205e-003	 3.60037e-002
601	 6.2000000000e+002	-6.32794e-003	 3.46960e-002
602	 6.2100000000e+002	-5.04669e-003	 3.31906e-002
603	 6.2200000000e+002	-3.91043e-003	 3.17943e-002
604	 6.2300000000e+002	-2.97159e-003	 3.05984e-002
605	 6.2400000000e+002	-2.05521e-003	 2.93060e-002
606	 6.2500000000e+002	-1.39783e-003	 2.83463e-002
607	 6.2600000000e+002	-6.99896e-004	 2.73875e-002
608	 6.2700000000e+002	 8.40330e-005	 2.62660e-002
609	 6.2800000000e+002	 5.99816e-004	 2.54431e-002
610	 6.2900000000e+002	 1.10863e-003	 2.47244e-002
611	 6.3000000000e+002	 1.58955e-003	 2.39794e-002
612	 6.3100000000e+002	 2.04735e-003	 2.32478e-002
613	 6.3200000000e+002	 2.45288e-003	 2.25196e-002
614	 6.3300000000e+002	 2.84407e-003	 2.19386e-002
615	 6.3400000000e+002	 3.22621e-003	 2.12457e-002
616	 6.3500000000e+002	 3.57424e-003	 2.06960e-002
617	 6.3600000000e+002	 3.85490e-003	 2.01865e-002
618	 6.3700000000e+002	 4.16586e-003	 1.95702e-002
619	 6.3800000000e+002	 4.41808e-003	 1.91424e-002
620	 6.3900000000e+002	 4.63254e-003	 1.87336e-002
621	 6.4000000000e+002	 4.92886e-003	 1.82513e-002
622	 6.4100000000e+002	 5.15585e-003	 1.77836e-002
623	 6.4200000000e+002	 5.34188e-003	 1.74259e-002
624	 6.4300000000e+002	 5.55971e-003	 1.70312e-002
625	 6.4400000000e+002	 5.73095e-003	 1.67158e-002
626	 6.4500000000e+002	 5.89454e-003	 1.64018e-002
627	 6.4600000000e+002	 6.09480e-003	 1.60487e-002
628	 6.4700000000e+002	 6.23362e-003	 1.58233e-002
629	 6.4800000000e+002	 6.42523e-003	 1.55270e-002
630	 6.4900000000e+002	 6.56854e-003	 1.53002e-002
631	 6.5000000000e+002	 6.67405e-003	 1.50399e-002
632	 6.5100000000e+002	 6.89218e-003	 1.48317e-002
633	 6.5200000000e+002	 7.08136e-003	 1.46707e-002
634	 6.5300000000e+002	 7.25424e-003	 1.45052e-002
635	 6.5400000000e+002	 7.40899e-003	 1.43713e-002
636	 6.5500000000e+002	 7.58997e-003	 1.42354e-002
637	 6.5600000000e+002	 7.79790e-003	 1.40869e-002
638	 6.5700000000e+002	 8.00902e-003	 1.39599e-002
639	 6.5800000000e+002	 8.20104e-003	 1.38562e-002
640	 6.5900000000e+002	 8.44880e-003	 1.37453e-002
641	 6.6000000000e+002	 8.66938e-003	 1.36454e-002
642	 6.6100000000e+002	 8.91740e-003	 1.35522e-002
643	 6.6200000000e+002	 9.23200e-003	 1.34372e-002
644	 6.6300000000e+002	 9.49055e-003	 1.33495e-002
645	 6.6400000000e+002	 9.75427e-003	 1.32662e-002
646	 6.6500000000e+002	 1.00959e-002	 1.31728e-002
647	 6.6600000000e+002	 1.04393e-002	 1.30488e-002
648	 6.6700000000e+002	 1.07860e-002	 1.29573e-002
649	 6.6800000000e+002	 1.11462e-002	 1.28427e-002
650	 6.6900000000e+002	 1.14922e-002	 1.27354e-002
651	 6.7000000000e+002	 1.18715e-002	 1.25881e-002
652	 6.7100000000e+002	 1.22801e-002	 1.24376e-002
653	 6.7200000000e+002	 1.27164e-002	 1.22662e-002
654	 6.7300000000e+002	 1.30930e-002	 1.20932e-002
655	 6.7400000000e+002	 1.34989e-002	 1.19273e-002
656	 6.7500000000e+002	 1.39293e-002	 1.17006e-002
657	 6.7600000000e+002	 1.43754e-002	 1.15003e-002
658	 6.7700000000e+002	 1.48042e-002	 1.12601e-002
659	 6.7800000000e+002	 1.52779e-002	 1.09712e-002
660	 6.7900000000e+002	 1.57495e-002	 1.07076e-002
661	 6.8000000000e+002	 1.61697e-002	 1.04320e-002
662	 6.8100000000e+002	 1.66175e-002	 1.01276e-002
663	 6.8200000000e+002	 1.71360e-002	 9.76856e-003
664	 6.8300000000e+002	 1.75701e-002	 9.45181e-003
665	 6.8400000000e+002	 1.80634e-002	 9.08907e-003
666	 6.8500000000e+002	 1.85266e-002	 8.64780e-003
667	 6.8600000000e+002	 1.89594e-002	 8.26610e-003
668	 6.8700000000e+002	 1.93755e-002	 7.87273e-003
669	 6.8800000000e+002	 1.97475e-002	 7.47044e-003
670	 6.8900000000e+002	 2.03070e-002	 6.93596e-003
671	 6.9000000000e+002	 2.07392e-002	 6.48071e-003
672	 6.9100000000e+002	 2.11577e-002	 6.04700e-003
673	 6.9200000000e+002	 2.15592e-002	 5.56393e-003
674	 6.9300000000e+002	 2.20857e-002	 4.94854e-003
675	 6.9400000000e+002	 2.25198e-002	 4.43126e-003
676	 6.9500000000e+002	 2.29460e-002	 3.90708e-003
677	 6.9600000000e+002	 2.33639e-002	 3.36301e-003
678	 6.9700000000e+002	 2.37982e-002	 2.76099e-003
679	 6.9800000000e+002	 2.42519e-002	 2.15879e-003
680	 6.9900000000e+002	 2.46934e-002	 1.61343e-003
681	 7.0000000000e+002	 2.52245e-002	 9.41279e-004
682	 7.0100000000e+002	 2.56759e-002	 3.81984e-004
683	 7.0200000000e+002	 2.61999e-002	-3.26734e-004
684	 7.0300000000e+002	 2.66736e-002	-1.01890e-003
685	 7.0400000000e+002	 2.72463e-002	-1.81275e-003
686	 7.0500000000e+002	 2.78152e-002	-2.59305e-003
687	 7.0600000000e+002	 2.83786e-002	-3.43314e-003
688	 7.0700000000e+002	 2.89064e-002	-4.23948e-003
689	 7.0800000000e+002	 2.96169e-002	-5.21890e-003
690	 7.0900000000e+002	 3.01221e-002	-6.03485e-003
691	 7.1000000000e+002	 3.08049e-002	-7.28914e-003
692	 7.1100000000e+002	 3.15615e-002	-8.43084e-003
693	 7.1200000000e+002	 3.20751e-002	-9.47127e-003
694	 7.1300000000e+002	 3.26802e-002	-1.09009e-002
695	 7.1400000000e+002	 3.33711e-002	-1.23645e-002
696	 7.1500000000e+002	 3.39782e-002	-1.37526e-002
697	 7.1600000000e+002	 3.47616e-002	-1.54264e-002
698	 7.1700000000e+002	 3.53836e-002	-1.71855e-002
699	 7.1800000000e+002	 3.60854e-002	-1.89960e-002
700	 7.1900000000e+002	 3.66971e-002	-2.09143e-002
701	 7.2000000000e+002	 3.73711e-002	-2.30585e-002
702	 7.2100000000e+002	 3.79613e-002	-2.52678e-002
703	 7.2200000000e+002	 3.87017e-002	-2.76474e-002
704	 7.2300000000e+002	 3.91442e-002	-3.05022e-002
705	 7.2400000000e+002	 3.97090e-002	-3.35260e-002
706	 7.2500000000e+002	 4.02809e-002	-3.71749e-002
707	 7.2600000000e+002	 4.08012e-002	-4.08705e-002
708	 7.2700000000e+002	 4.09759e-002	-4.40338e-002
709	 7.2800000000e+002	 4.06988e-002	-4.98470e-002
710	 7.2900000000e+002	 4.04298e-002	-5.51201e-002
711	 7.3000000000e+002	 3.99098e-002	-5.99460e-002
712	 7.3100000000e+002	 3.85053e-002	-6.73466e-002
713	 7.3200000000e+002	 3.64563e-002	-7.42924e-002
714	 7.3300000000e+002	 3.33966e-002	-8.25324e-002
715	 7.3400000000e+002	 2.86938e-002	-9.14649e-002
716	 7.3500000000e+002	 2.23317e-002	-1.01540e-001
717	 7.3600000000e+002	 1.24798e-002	-1.11312e-001
718	 7.3700000000e+002	-1.86772e-003	-1.19966e-001
719	 7.3800000000e+002	-2.06428e-002	-1.28815e-001
720	 7.3900000000e+002	-4.05356e-002	-1.31618e-001
721	 7.4000000000e+002	-6.44654e-002	-1.28301e-001
722	 7.4100000000e+002	-8.65421e-002	-1.17631e-001
723	 7.4200000000e+002	-1.06144e-001	-9.98761e-002
724	 7.4300000000e+002	-1.19271e-001	-7.59871e-002
725	 7.4400000000e+002	-1.24368e-001	-5.39418e-002
726	 7.4500000000e+002	-1.23282e-001	-3.44650e-002
727	 7.4600000000e+002	-1.17413e-001	-1.71307e-002
728	 7.4700000000e+002	-1.08411e-001	-1.23457e-003
729	 7.4800000000e+002	-1.01332e-001	 7.93317e-003
730	 7.4900000000e+002	-9.28471e-002	 1.57244e-002
731	 7.5000000000e+002	-8.37878e-002	 2.29564e-002
732	 7.5100000000e+002	-7.65264e-002	 2.61381e-002
733	 7.5200000000e+002	-6.97585e-002	 2.86374e-002
734	 7.5300000000e+002	-6.39512e-002	 3.03522e-002
735	 7.5400000000e+002	-5.86126e-002	 3.17067e-002
736	 7.5500000000e+002	-5.39920e-002	 3.26130e-002
737	 7.5600000000e+002	-4.92534e-002	 3.31659e-002
738	 7.5700000000e+002	-4.51725e-002	 3.34253e-002
739	 7.5800000000e+002	-4.13630e-002	 3.34129e-002
740	 7.5900000000e+002	-3.86597e-002	 3.32834e-002
741	 7.6000000000e+002	-3.56158e-002	 3.30498e-002
742	 7.6100000000e+002	-3.28508e-002	 3.28082e-002
743	 7.6200000000e+002	-3.04754e-002	 3.25359e-002
744	 7.6300000000e+002	-2.80635e-002	 3.21083e-002
745	 7.6400000000e+002	-2.61675e-002	 3.16881e-002
746	 7.6500000000e+002	-2.42482e-002	 3.12104e-002
747	 7.6600000000e+002	-2.27553e-002	 3.08362e-002
748	 7.6700000000e+002	-2.09782e-002	 3.03495e-002
749	 7.6800000000e+002	-1.95463e-002	 2.99040e-002
750	 7.6900000000e+002	-1.82541e-002	 2.94917e-002
751	 7.7000000000e+002	-1.70530e-002	 2.91722e-002
752	 7.7100000000e+002	-1.58795e-002	 2.87751e-002
753	 7.7200000000e+002	-1.47387e-002	 2.83591e-002
754	 7.7300000000e+002	-1.37018e-002	 2.79902e-002
755	 7.7400000000e+002	-1.28013e-002	 2.76598e-002
756	 7.7500000000e+002	-1.18088e-002	 2.72971e-002
757	 7.7600000000e+002	-1.10013e-002	 2.69960e-002
758	 7.7700000000e+002	-1.01843e-002	 2.66939e-002
759	 7.7800000000e+002	-9.43376e-003	 2.63983e-002
760	 7.7900000000e+002	-8.64334e-003	 2.61280e-002
761	 7.8000000000e+002	-7.92773e-003	 2.58759e-002
762	 7.8100000000e+002	-7.25514e-003	 2.56304e-002
763	 7.8200000000e+002	-6.58026e-003	 2.53729e-002
764	 7.8300000000e+002	-5.94105e-003	 2.51586e-002
765	 7.8400000000e+002	-5.32781e-003	 2.49564e-002
766	 7.8500000000e+002	-4.68696e-003	 2.47082e-002
767	 7.8600000000e+002	-4.15232e-003	 2.45118e-002
768	 7.8700000000e+002	-3.64441e-003	 2.43499e-002
769	 7.8800000000e+002	-3.03737e-003	 2.41140e-002
770	 7.8900000000e+002	-2.47374e-003	 2.39349e-002
771	 7.9000000000e+002	-1.91454e-003	 2.37327e-002
772	 7.9100000000e+002	-1.38505e-003	 2.35437e-002
773	 7.9200000000e+002	-9.72142e-004	 2.33806e-002
774	 7.9300000000e+002	-4.83791e-004	 2.32175e-002
775	 7.9400000000e+002	 8.81212e-005	 2.30093e-002
776	 7.9500000000e+002	 5.39859e-004	 2.28508e-002
777	 7.9600000000e+002	 9.16307e-004	 2.27379e-002
778	 7.9700000000e+002	 1.46587e-003	 2.25381e-002
779	 7.9800000000e+002	 1.84858e-003	 2.24473e-002
780	 7.9900000000e+002	 2.33468e-003	 2.22577e-002
781	 8.0000000000e+002	 2.77856e-003	 2.21257e-002
782	 8.0100000000e+002	 3.18011e-003	 2.19899e-002
783	 8.0200000000e+002	 3.66659e-003	 2.18579e-002
784	 8.0300000000e+002	 4.08574e-003	 2.17348e-002
785	 8.0400000000e+002	 4.48858e-003	 2.16265e-002
786	 8.0500000000e+002	 4.92701e-003	 2.15175e-002
787	 8.0600000000e+002	 5.37988e-003	 2.14004e-002
788	 8.0700000000e+002	 5.81295e-003	 2.12953e-002
789	 8.0800000000e+002	 6.21004e-003	 2.12279e-002
790	 8.0900000000e+002	 6.66140e-003	 2.11643e-002
791	 8.1000000000e+002	 7.06281e-003	 2.10679e-002
792	 8.1100000000e+002	 7.56659e-003	 2.09682e-002
793	 8.1200000000e+002	 8.00722e-003	 2.09166e-002
794	 8.1300000000e+002	 8.48352e-003	 2.08712e-002
795	 8.1400000000e+002	 8.96354e-003	 2.08131e-002
796	 8.1500000000e+002	 9.43340e-003	 2.07488e-002
797	 8.1600000000e+002	 9.96039e-003	 2.06711e-002
798	 8.1700000000e+002	 1.03988e-002	 2.06201e-002
799	 8.1800000000e+002	 1.10731e-002	 2.05245e-002
800	 8.1900000000e+002	 1.15992e-002	 2.04672e-002
801	 8.2000000000e+002	 1.21938e-002	 2.04372e-002
802	 8.2100000000e+002	 1.28092e-002	 2.03281e-002
803	 8.2200000000e+002	 1.34211e-002	 2.02268e-002
804	 8.2300000000e+002	 1.39870e-002	 2.01624e-002
805	 8.2400000000e+002	 1.47702e-002	 2.00114e-002
806	 8.2500000000e+002	 1.54889e-002	 1.99050e-002
807	 8.2600000000e+002	 1.59977e-002	 1.97717e-002
808	 8.2700000000e+002	 1.68860e-002	 1.95240e-002
809	 8.2800000000e+002	 1.75656e-002	 1.93536e-002
810	 8.2900000000e+002	 1.84412e-002	 1.90284e-002
811	 8.3000000000e+002	 1.91971e-002	 1.87846e-002
812	 8.3100000000e+002	 1.99754e-002	 1.85031e-002
813	 8.3200000000e+002	 2.07151e-002	 1.82415e-002
814	 8.3300000000e+002	 2.15425e-002	 1.78316e-002
815	 8.3400000000e+002	 2.23889e-002	 1.73869e-002
816	 8.3500000000e+002	 2.32146e-002	 1.69424e-002
817	 8.3600000000e+002	 2.41171e-002	 1.64832e-002
818	 8.3700000000e+002	 2.49403e-002	 1.59098e-002
819	 8.3800000000e+002	 2.57391e-002	 1.54119e-002
820	 8.3900000000e+002	 2.64678e-002	 1.49251e-002
821	 8.4000000000e+002	 2.74694e-002	 1.42102e-002
822	 8.4100000000e+002	 2.81849e-002	 1.35985e-002
823	 8.4200000000e+002	 2.90224e-002	 1.28410e-002
824	 8.4300000000e+002	 2.99479e-002	 1.21078e-002
825	 8.4400000000e+002	 3.07069e-002	 1.14834e-002
826	 8.4500000000e+002	 3.15993e-002	 1.05918e-002
827	 8.4600000000e+002	 3.24924e-002	 9.63967e-003
828	 8.4700000000e+002	 3.31345e-002	 8.86039e-003
829	 8.4800000000e+002	 3.40381e-002	 7.94945e-003
830	 8.4900000000e+002	 3.48353e-002	 6.82697e-003
831	 8.5000000000e+002	 3.58542e-002	 5.84214e-003
832	 8.5100000000e+002	 3.66344e-002	 4.93644e-003
833	 8.5200000000e+002	 3.72350e-002	 4.03352e-003
834	 8.5300000000e+002	 3.80218e-002	 2.95200e-003
835	 8.5400000000e+002	 3.90066e-002	 1.82163e-003
836	 8.5500000000e+002	 3.97438e-002	 7.85458e-004
837	 8.5600000000e+002	 4.06520e-002	-4.13542e-004
838	 8.5700000000e+002	 4.14778e-002	-1.74293e-003
839	 8.5800000000e+002	 4.23973e-002	-2.97945e-003
840	 8.5900000000e+002	 4.34756e-002	-4.35732e-003
841	 8.6000000000e+002	 4.46669e-002	-5.96111e-003
842	 8.6100000000e+002	 4.57573e-002	-7.49771e-003
843	 8.6200000000e+002	 4.70180e-002	-9.32279e-003
844	 8.6300000000e+002	 4.81177e-002	-1.11373e-002
845	 8.6400000000e+002	 4.97327e-002	-1.36206e-002
846	 8.6500000000e+002	 5.10443e-002	-1.57068e-002
847	 8.6600000000e+002	 5.24476e-002	-1.82090e-002
848	 8.6700000000e+002	 5.37502e-002	-2.12315e-002
849	 8.6800000000e+002	 5.56215e-002	-2.48435e-002
850	 8.6900000000e+002	 5.69653e-002	-2.83570e-002
851	 8.7000000000e+002	 5.79505e-002	-3.22873e-002
852	 8.7100000000e+002	 5.90751e-002	-3.67486e-002
853	 8.7200000000e+002	 6.02421e-002	-4.23525e-002
854	 8.7300000000e+002	 6.06393e-002	-4.89904e-002
855	 8.7400000000e+002	 6.05935e-002	-5.62196e-002
856	 8.7500000000e+002	 5.95984e-002	-6.37118e-002
857	 8.7600000000e+002	 5.78284e-002	-7.15238e-002
858	 8.7700000000e+002	 5.43694e-002	-8.08490e-002
859	 8.7800000000e+002	 4.84486e-002	-9.02445e-002
860	 8.7900000000e+002	 4.03411e-002	-1.00299e-001
861	 8.8000000000e+002	 3.18515e-002	-1.07274e-001
862	 8.8100000000e+002	 1.98120e-002	-1.14429e-001
863	 8.8200000000e+002	 4.99894e-003	-1.19229e-001
864	 8.8300000000e+002	-1.19517e-002	-1.20225e-001
865	 8.8400000000e+002	-2.59206e-002	-1.18146e-001
866	 8.8500000000e+002	-3.99144e-002	-1.13166e-001
867	 8.8600000000e+002	-5.27051e-002	-1.05134e-001
868	 8.8700000000e+002	-6.33069e-002	-9.46922e-002
869	 8.8800000000e+002	-7.04420e-002	-8.51045e-002
870	 8.8900000000e+002	-7.58000e-002	-7.31851e-002
871	 8.9000000000e+002	-7.86168e-002	-6.32175e-002
872	 8.9100000000e+002	-7.98246e-002	-5.32040e-002
873	 8.9200000000e+002	-7.95505e-002	-4.43400e-002
874	 8.9300000000e+002	-7.85205e-002	-3.58210e-002
875	 8.9400000000e+002	-7.70967e-002	-2.88478e-002
876	 8.9500000000e+002	-7.53261e-002	-2.35752e-002
877	 8.9600000000e+002	-7.23253e-002	-1.67210e-002
878	 8.9700000000e+002	-7.01583e-002	-1.24369e-002
879	 8.9800000000e+002	-6.76210e-002	-8.38894e-003
880	 8.9900000000e+002	-6.51166e-002	-4.88393e-003
881	 9.0000000000e+002	-6.24224e-002	-1.51529e-003
882	 9.0100000000e+002	-5.96897e-002	 1.42868e-003
883	 9.0200000000e+002	-5.74301e-002	 3.64679e-003
884	 9.0300000000e+002	-5.49691e-002	 5.85017e-003
885	 9.0400000000e+002	-5.28728e-002	 7.59407e-003
886	 9.0500000000e+002	-5.04946e-002	 9.36858e-003
887	 9.0600000000e+002	-4.81080e-002	 1.11069e-002
888	 9.0700000000e+002	-4.63149e-002	 1.22278e-002
889	 9.0800000000e+002	-4.45321e-002	 1.33202e-002
890	 9.0900000000e+002	-4.26057e-002	 1.44291e-002
891	 9.1000000000e+002	-4.08532e-002	 1.52121e-002
892	 9.1100000000e+002	-3.91381e-002	 1.60488e-002
893	 9.1200000000e+002	-3.76237e-002	 1.67025e-002
894	 9.1300000000e+002	-3.59615e-002	 1.73503e-002
895	 9.1400000000e+002	-3.44499e-002	 1.78679e-002
896	 9.1500000000e+002	-3.31716e-002	 1.82829e-002
897	 9.1600000000e+002	-3.17638e-002	 1.87625e-002
898	 9.1700000000e+002	-3.07017e-002	 1.90241e-002
899	 9.1800000000e+002	-2.93202e-002	 1.93923e-002
900	 9.1900000000e+002	-2.82903e-002	 1.96547e-002
901	 9.2000000000e+002	-2.72755e-002	 1.99135e-002
902	 9.2100000000e+002	-2.62708e-002	 2.01305e-002
903	 9.2200000000e+002	-2.52991e-002	 2.03219e-002
904	 9.2300000000e+002	-2.45400e-002	 2.04814e-002
905	 9.2400000000e+002	-2.36097e-002	 2.06459e-002
906	 9.2500000000e+002	-2.28303e-002	 2.08221e-002
907	 9.2600000000e+002	-2.21157e-002	 2.09752e-002
908	 9.2700000000e+002	-2.13617e-002	 2.11648e-002
909	 9.2800000000e+002	-2.07078e-002	 2.13162e-002
910	 9.2900000000e+002	-2.00023e-002	 2.14856e-002
911	 9.3000000000e+002	-1.94166e-002	 2.16811e-002
912	 9.3100000000e+002	-1.87739e-002	 2.18673e-002
913	 9.3200000000e+002	-1.82867e-002	 2.20352e-002
914	 9.3300000000e+002	-1.76592e-002	 2.22516e-002
915	 9.3400000000e+002	-1.71132e-002	 2.24552e-002
916	 9.3500000000e+002	-1.65583e-002	 2.26910e-002
917	 9.3600000000e+002	-1.60853e-002	 2.28986e-002
918	 9.3700000000e+002	-1.54847e-002	 2.31788e-002
919	 9.3800000000e+002	-1.49826e-002	 2.34492e-002
920	 9.3900000000e+002	-1.44863e-002	 2.37016e-002
921	 9.4000000000e+002	-1.39471e-002	 2.39726e-002
922	 9.4100000000e+002	-1.34285e-002	 2.42628e-002
923	 9.4200000000e+002	-1.28734e-002	 2.45930e-002
924	 9.4300000000e+002	-1.22456e-002	 2.49549e-002
925	 9.4400000000e+002	-1.17787e-002	 2.52604e-002
926	 9.4500000000e+002	-1.12461e-002	 2.56084e-002
927	 9.4600000000e+002	-1.06905e-002	 2.59136e-002
928	 9.4700000000e+002	-1.00630e-002	 2.62611e-002
929	 9.4800000000e+002	-9.28222e-003	 2.66709e-002
930	 9.4900000000e+002	-8.72293e-003	 2.69352e-002
931	 9.5000000000e+002	-7.98926e-003	 2.70376e-002
932	 9.5100000000e+002	-7.29845e-003	 2.74497e-002
933	 9.5200000000e+002	-6.55068e-003	 2.79810e-002
934	 9.5300000000e+002	-5.93178e-003	 2.83010e-002
935	 9.5400000000e+002	-5.14680e-003	 2.85551e-002
936	 9.5500000000e+002	-4.19657e-003	 2.89196e-002
937	 9.5600000000e+002	-3.43291e-003	 2.91281e-002
938	 9.5700000000e+002	-2.61075e-003	 2.93603e-002
939	 9.5800000000e+002	-1.69721e-003	 2.95715e-002
940	 9.5900000000e+002	-8.72377e-004	 2.97613e-002
941	 9.6000000000e+002	 4.63729e-005	 2.98953e-002
942	 9.6100000000e+002	 1.02037e-003	 2.99937e-002
943	 9.6200000000e+002	 1.93082e-003	 3.00792e-002
944	 9.6300000000e+002	 2.85037e-003	 3.01186e-002
945	 9.6400000000e+002	 3.70068e-003	 3.01723e-002
946	 9.6500000000e+002	 4.73404e-003	 3.01278e-002
947	 9.6600000000e+002	 5.61641e-003	 3.00589e-002
948	 9.6700000000e+002	 6.59145e-003	 2.99872e-002
949	 9.6800000000e+002	 7.42280e-003	 2.98817e-002
950	 9.6900000000e+002	 8.21239e-003	 2.98037e-002
951	 9.7000000000e+002	 9.21272e-003	 2.96418e-002
952	 9.7100000000e+002	 1.01319e-002	 2.95275e-002
953	 9.7200000000e+002	 1.08977e-002	 2.94522e-002
954	 9.7300000000e+002	 1.18447e-002	 2.92830e-002
955	 9.7400000000e+002	 1.28056e-002	 2.91034e-002
956	 9.7500000000e+002	 1.35930e-002	 2.88848e-002
957	 9.7600000000e+002	 1.44905e-002	 2.86916e-002
958	 9.7700000000e+002	 1.54518e-002	 2.84732e-002
959	 9.7800000000e+002	 1.62052e-002	 2.83430e-002
960	 9.7900000000e+002	 1.70988e-002	 2.81616e-002
961	 9.8000000000e+002	 1.81284e-002	 2.78968e-002
962	 9.8100000000e+002	 1.90762e-002	 2.76576e-002
963	 9.8200000000e+002	 1.99991e-002	 2.73931e-002
964	 9.8300000000e+002	 2.08903e-002	 2.71283e-002
965	 9.8400000000e+002	 2.18298e-002	 2.68918e-002
966	 9.8500000000e+002	 2.28920e-002	 2.65537e-002
967	 9.8600000000e+002	 2.39332e-002	 2.62578e-002
968	 9.8700000000e+002	 2.49830e-002	 2.59779e-002
969	 9.8800000000e+002	 2.60117e-002	 2.56756e-002
970	 9.8900000000e+002	 2.71417e-002	 2.52346e-002
971	 9.9000000000e+002	 2.83542e-002	 2.48868e-002
972	 9.9100000000e+002	 2.94377e-002	 2.44432e-002
973	 9.9200000000e+002	 3.07542e-002	 2.38274e-002
974	 9.9300000000e+002	 3.19835e-002	 2.32721e-002
975	 9.9400000000e+002	 3.31192e-002	 2.27418e-002
976	 9.9500000000e+002	 3.44552e-002	 2.22286e-002
977	 9.9600000000e+002	 3.60209e-002	 2.15921e-002
978	 9.9700000000e+002	 3.73094e-002	 2.09217e-002
979	 9.9800000000e+002	 3.86985e-002	 2.01940e-002
980	 9.9900000000e+002	 4.02384e-002	 1.93282e-002
981	 1.0000000000e+003	 4.18630e-002	 1.84605e-002
982	 1.0010000000e+003	 4.33296e-002	 1.74452e-002
983	 1.0020000000e+003	 4.49213e-002	 1.64792e-002
984	 1.0030000000e+003	 4.67734e-002	 1.52542e-002
985	 1.0040000000e+003	 4.84801e-002	 1.39943e-002
986	 1.0050000000e+003	 5.02599e-002	 1.25095e-002
987	 1.0060000000e+003	 5.24101e-002	 1.07847e-002
988	 1.0070000000e+003	 5.43063e-002	 9.07994e-003
989	 1.0080000000e+003	 5.63548e-002	 7.18609e-003
990	 1.0090000000e+003	 5.84233e-002	 5.04231e-003
991	 1.0100000000e+003	 6.09571e-002	 2.01840e-003
992	 1.0110000000e+003	 6.28965e-002	-4.94368e-004
993	 1.0120000000e+003	 6.49284e-002	-3.59936e-003
994	 1.0130000000e+003	 6.71377e-002	-7.08830e-003
995	 1.0140000000e+003	 6.91430e-002	-1.09454e-002
996	 1.0150000000e+003	 7.13321e-002	-1.57440e-002
997	 1.0160000000e+003	 7.25405e-002	-2.00398e-002
998	 1.0170000000e+003	 7.37385e-002	-2.49249e-002
999	 1.0180000000e+003	 7.51924e-002	-3.21368e-002
1000	 1.0190000000e+003	 7.53528e-002	-3.77551e-002
1001	 1.0200000000e+003	 7.49168e-002	-4.47270e-002
1002	 1.0210000000e+003	 7.34448e-002	-5.14945e-002
1003	 1.0220000000e+003	 7.12823e-002	-5.91303e-002
1004	 1.0230000000e+003	 6.80852e-002	-6.72912e-002
1005	 1.0240000000e+003	 6.39520e-002	-7.44190e-002
1006	 1.0250000000e+003	 5.83050e-002	-8.19377e-002
1007	 1.0260000000e+003	 5.13024e-002	-8.81842e-002
1008	 1.0270000000e+003	 4.18643e-002	-9.43939e-002
1009	 1.0280000000e+003	 3.36014e-002	-9.81185e-002
1010	 1.0290000000e+003	 2.40818e-002	-1.00909e-001
1011	 1.0300000000e+003	 1.39999e-002	-1.02181e-001
1012	 1.0310000000e+003	 4.84728e-003	-1.02053e-001
1013	 1.0320000000e+003	-5.10009e-003	-9.98293e-002
1014	 1.0330000000e+003	-1.35601e-002	-9.76457e-002
1015	 1.0340000000e+003	-2.15230e-002	-9.37206e-002
1016	 1.0350000000e+003	-2.82240e-002	-8.91712e-002
1017	 1.0360000000e+003	-3.37630e-002	-8.44298e-002
1018	 1.0370000000e+003	-3.93546e-002	-7.87641e-002
1019	 1.0380000000e+003	-4.38227e-002	-7.27205e-002
1020	 1.0390000000e+003	-4.67547e-002	-6.81162e-002
1021	 1.0400000000e+003	-4.91168e-002	-6.29060e-002
1022	 1.0410000000e+003	-5.14124e-002	-5.70471e-002
1023	 1.0420000000e+003	-5.28998e-002	-5.23006e-002
1024	 1.0430000000e+003	-5.38741e-002	-4.76542e-002
1025	 1.0440000000e+003	-5.45265e-002	-4.32391e-002
1026	 1.0450000000e+003	-5.48939e-002	-3.90767e-002
1027	 1.0460000000e+003	-5.48363e-002	-3.45093e-002
1028	 1.0470000000e+003	-5.46117e-002	-3.14129e-002
1029	 1.0480000000e+003	-5.42145e-002	-2.77333e-002
1030	 1.0490000000e+003	-5.35928e-002	-2.43841e-002
1031	 1.0500000000e+003	-5.33201e-002	-2.12062e-002
1032	 1.0510000000e+003	-5.27277e-002	-1.85462e-002
1033	 1.0520000000e+003	-5.12511e-002	-1.59654e-002
1034	 1.0530000000e+003	-5.03954e-002	-1.33719e-002
1035	 1.0540000000e+003	-4.94779e-002	-1.14155e-002
1036	 1.0550000000e+003	-4.84029e-002	-9.12013e-003
1037	 1.0560000000e+003	-4.74864e-002	-7.44470e-003
1038	 1.0570000000e+003	-4.64300e-002	-5.54748e-003
1039	 1.0580000000e+003	-4.52177e-002	-3.71259e-003
1040	 1.0590000000e+003	-4.43684e-002	-2.41546e-003
1041	 1.0600000000e+003	-4.33372e-002	-1.01996e-003
1042	 1.0610000000e+003	-4.24718e-002	 1.55886e-004
1043	 1.0620000000e+003	-4.14190e-002	 1.42184e-003
1044	 1.0630000000e+003	-4.05709e-002	 2.49644e-003
1045	 1.0640000000e+003	-3.95746e-002	 3.70865e-003
1046	 1.0650000000e+003	-3.88247e-002	 4.60548e-003
1047	 1.0660000000e+003	-3.79752e-002	 5.55573e-003
1048	 1.0670000000e+003	-3.73248e-002	 6.34061e-003
1049	 1.0680000000e+003	-3.63927e-002	 7.28809e-003
1050	 1.0690000000e+003	-3.56776e-002	 8.03332e-003
1051	 1.0700000000e+003	-3.50094e-002	 8.76355e-003
1052	 1.0710000000e+003	-3.43067e-002	 9.58595e-003
1053	 1.0720000000e+003	-3.37044e-002	 1.01804e-002
1054	 1.0730000000e+003	-3.30637e-002	 1.09434e-002
1055	 1.0740000000e+003	-3.24393e-002	 1.16772e-002
1056	 1.0750000000e+003	-3.19082e-002	 1.23086e-002
1057	 1.0760000000e+003	-3.12944e-002	 1.30349e-002
1058	 1.0770000000e+003	-3.08170e-002	 1.36117e-002
1059	 1.0780000000e+003	-3.02440e-002	 1.43439e-002
1060	 1.0790000000e+003	-2.96803e-002	 1.50787e-002
1061	 1.0800000000e+003	-2.91224e-002	 1.56927e-002
1062	 1.0810000000e+003	-2.85289e-002	 1.63732e-002
1063	 1.0820000000e+003	-2.79655e-002	 1.70797e-002
1064	 1.0830000000e+003	-2.73622e-002	 1.78097e-002
1065	 1.0840000000e+003	-2.67386e-002	 1.85265e-002
1066	 1.0850000000e+003	-2.63073e-002	 1.90524e-002
1067	 1.0860000000e+003	-2.56592e-002	 1.97705e-002
1068	 1.0870000000e+003	-2.49994e-002	 2.04401e-002
1069	 1.0880000000e+003	-2.43927e-002	 2.10344e-002
1070	 1.0890000000e+003	-2.36657e-002	 2.18129e-002
1071	 1.0900000000e+003	-2.29027e-002	 2.24509e-002
1072	 1.0910000000e+003	-2.22491e-002	 2.29794e-002
1073	 1.0920000000e+003	-2.16087e-002	 2.34474e-002
1074	 1.0930000000e+003	-2.06756e-002	 2.41427e-002
1075	 1.0940000000e+003	-2.01033e-002	 2.45679e-002
1076	 1.0950000000e+003	-1.90885e-002	 2.51937e-002
1077	 1.0960000000e+003	-1.84210e-002	 2.56995e-002
1078	 1.0970000000e+003	-1.76621e-002	 2.61292e-002
1079	 1.0980000000e+003	-1.69117e-002	 2.65968e-002
1080	 1.0990000000e+003	-1.60874e-002	 2.70081e-002
1081	 1.1000000000e+003	-1.52405e-002	 2.73134e-002
1082	 1.1010000000e+003	-1.44719e-002	 2.77344e-002
1083	 1.1020000000e+003	-1.35362e-002	 2.81914e-002
1084	 1.1030000000e+003	-1.28200e-002	 2.84720e-002
1085	 1.1040000000e+003	-1.18693e-002	 2.88679e-002
1086	 1.1050000000e+003	-1.10880e-002	 2.91510e-002
1087	 1.1060000000e+003	-1.03551e-002	 2.93864e-002
1088	 1.1070000000e+003	-9.57617e-003	 2.96726e-002
1089	 1.1080000000e+003	-8.63520e-003	 2.99281e-002
1090	 1.1090000000e+003	-7.87844e-003	 3.01024e-002
1091	 1.1100000000e+003	-6.92427e-003	 3.03386e-002
1092	 1.1110000000e+003	-6.15446e-003	 3.06192e-002
1093	 1.1120000000e+003	-5.37922e-003	 3.07978e-002
1094	 1.1130000000e+003	-4.43145e-003	 3.10657e-002
1095	 1.1140000000e+003	-3.66154e-003	 3.12964e-002
1096	 1.1150000000e+003	-2.81905e-003	 3.14184e-002
1097	 1.1160000000e+003	-1.91291e-003	 3.14586e-002
1098	 1.1170000000e+003	-1.01433e-003	 3.16528e-002
1099	 1.1180000000e+003	-1.10055e-004	 3.18268e-002
1100	 1.1190000000e+003	 6.83110e-004	 3.19747e-002
1101	 1.1200000000e+003	 1.54548e-003	 3.20252e-002
1102	 1.1210000000e+003	 2.25062e-003	 3.20498e-002
1103	 1.1220000000e+003	 3.23322e-003	 3.22145e-002
1104	 1.1230000000e+003	 4.17654e-003	 3.21937e-002
1105	 1.1240000000e+003	 4.98692e-003	 3.22531e-002
1106	 1.1250000000e+003	 6.12384e-003	 3.23496e-002
1107	 1.1260000000e+003	 7.02341e-003	 3.22887e-002
1108	 1.1270000000e+003	 7.97903e-003	 3.23117e-002
1109	 1.1280000000e+003	 8.79743e-003	 3.23070e-002
1110	 1.1290000000e+003	 9.69572e-003	 3.23682e-002
1111	 1.1300000000e+003	 1.06102e-002	 3.24174e-002
1112	 1.1310000000e+003	 1.13964e-002	 3.22905e-002
1113	 1.1320000000e+003	 1.25672e-002	 3.22234e-002
1114	 1.1330000000e+003	 1.34477e-002	 3.22069e-002
1115	 1.1340000000e+003	 1.44468e-002	 3.22027e-002
1116	 1.1350000000e+003	 1.54268e-002	 3.22506e-002
1117	 1.1360000000e+003	 1.64563e-002	 3.22370e-002
1118	 1.1370000000e+003	 1.75457e-002	 3.21352e-002
1119	 1.1380000000e+003	 1.87704e-002	 3.20357e-002
1120	 1.1390000000e+003	 1.97554e-002	 3.20699e-002
1121	 1.1400000000e+003	 2.07349e-002	 3.21104e-002
1122	 1.1410000000e+003	 2.19811e-002	 3.20197e-002
1123	 1.1420000000e+003	 2.32993e-002	 3.19306e-002
1124	 1.1430000000e+003	 2.46737e-002	 3.18526e-002
1125	 1.1440000000e+003	 2.61919e-002	 3.18109e-002
1126	 1.1450000000e+003	 2.75042e-002	 3.17124e-002
1127	 1.1460000000e+003	 2.93089e-002	 3.15597e-002
1128	 1.1470000000e+003	 3.06970e-002	 3.13304e-002
1129	 1.1480000000e+003	 3.24852e-002	 3.12065e-002
1130	 1.1490000000e+003	 3.43731e-002	 3.07932e-002
1131	 1.1500000000e+003	 3.63330e-002	 2.97799e-002
1132	 1.1510000000e+003	 3.86805e-002	 2.90646e-002
1133	 1.1520000000e+003	 4.10866e-002	 2.92056e-002
1134	 1.1530000000e+003	 4.30931e-002	 2.84183e-002
1135	 1.1540000000e+003	 4.54427e-002	 2.74964e-002
1136	 1.1550000000e+003	 4.80028e-002	 2.66319e-002
1137	 1.1560000000e+003	 5.10041e-002	 2.51562e-002
1138	 1.1570000000e+003	 5.37560e-002	 2.34359e-002
1139	 1.1580000000e+003	 5.65509e-002	 2.13225e-002
1140	 1.1590000000e+003	 5.94550e-002	 1.91566e-002
1141	 1.1600000000e+003	 6.23848e-002	 1.66305e-002
1142	 1.1610000000e+003	 6.49660e-002	 1.38126e-002
1143	 1.1620000000e+003	 6.78253e-002	 1.03978e-002
1144	 1.1630000000e+003	 7.07505e-002	 6.11109e-003
1145	 1.1640000000e+003	 7.32669e-002	 1.40697e-003
1146	 1.1650000000e+003	 7.46465e-002	-1.86140e-003
1147	 1.1660000000e+003	 7.65608e-002	-8.41321e-003
1148	 1.1670000000e+003	 7.79259e-002	-1.41899e-002
1149	 1.1680000000e+003	 7.82578e-002	-1.99520e-002
1150	 1.1690000000e+003	 7.83415e-002	-2.62062e-002
1151	 1.1700000000e+003	 7.73385e-002	-3.32312e-002
1152	 1.1710000000e+003	 7.56164e-002	-3.91181e-002
1153	 1.1720000000e+003	 7.33462e-002	-4.61951e-002
1154	 1.1730000000e+003	 7.00950e-002	-5.20571e-002
1155	 1.1740000000e+003	 6.61158e-002	-5.73622e-002
1156	 1.1750000000e+003	 6.12590e-002	-6.29962e-002
1157	 1.1760000000e+003	 5.48132e-002	-6.82689e-002
1158	 1.1770000000e+003	 4.86817e-002	-7.20523e-002
1159	 1.1780000000e+003	 4.38992e-002	-7.47475e-002
1160	 1.1790000000e+003	 3.70168e-002	-7.73088e-002
1161	 1.1800000000e+003	 3.00670e-002	-7.86644e-002
1162	 1.1810000000e+003	 2.36342e-002	-7.93910e-002
1163	 1.1820000000e+003	 1.75199e-002	-7.92618e-002
1164	 1.1830000000e+003	 1.19948e-002	-7.87376e-002
1165	 1.1840000000e+003	 5.78086e-003	-7.72100e-002
1166	 1.1850000000e+003	 1.50415e-003	-7.59158e-002
1167	 1.1860000000e+003	-3.96742e-003	-7.36485e-002
1168	 1.1870000000e+003	-8.27435e-003	-7.12649e-002
1169	 1.1880000000e+003	-1.17614e-002	-6.88776e-002
1170	 1.1890000000e+003	-1.49711e-002	-6.62611e-002
1171	 1.1900000000e+003	-1.84722e-002	-6.32569e-002
1172	 1.1910000000e+003	-2.07377e-002	-6.09717e-002
1173	 1.1920000000e+003	-2.37731e-002	-5.72873e-002
1174	 1.1930000000e+003	-2.52319e-002	-5.52805e-002
1175	 1.1940000000e+003	-2.69180e-002	-5.27581e-002
1176	 1.1950000000e+003	-2.86357e-002	-4.98904e-002
1177	 1.1960000000e+003	-2.99919e-002	-4.75957e-002
1178	 1.1970000000e+003	-3.11690e-002	-4.49916e-002
1179	 1.1980000000e+003	-3.21111e-002	-4.27421e-002
1180	 1.1990000000e+003	-3.30919e-002	-4.01649e-002
1181	 1.2000000000e+003	-3.38006e-002	-3.84367e-002
1182	 1.2010000000e+003	-3.44326e-002	-3.62614e-002
1183	 1.2020000000e+003	-3.48264e-002	-3.43085e-002
1184	 1.2030000000e+003	-3.52898e-002	-3.24645e-002
1185	 1.2040000000e+003	-3.56725e-002	-3.06375e-002
1186	 1.2050000000e+003	-3.60593e-002	-2.87596e-002
1187	 1.2060000000e+003	-3.63967e-002	-2.71791e-002
1188	 1.2070000000e+003	-3.66959e-002	-2.53326e-002
1189	 1.2080000000e+003	-3.69021e-002	-2.38274e-002
1190	 1.2090000000e+003	-3.71238e-002	-2.23431e-002
1191	 1.2100000000e+003	-3.72903e-002	-2.08099e-002
1192	 1.2110000000e+003	-3.74769e-002	-1.93565e-002
1193	 1.2120000000e+003	-3.75975e-002	-1.79046e-002
1194	 1.2130000000e+003	-3.77230e-002	-1.64842e-002
1195	 1.2140000000e+003	-3.77677e-002	-1.51665e-002
1196	 1.2150000000e+003	-3.78169e-002	-1.36277e-002
1197	 1.2160000000e+003	-3.78314e-002	-1.22450e-002
1198	 1.2170000000e+003	-3.78654e-002	-1.09903e-002
1199	 1.2180000000e+003	-3.78405e-002	-9.77958e-003
1200	 1.2190000000e+003	-3.77000e-002	-8.40643e-003
1201	 1.2200000000e+003	-3.76105e-002	-6.86766e-003
1202	 1.2210000000e+003	-3.74654e-002	-5.66714e-003
1203	 1.2220000000e+003	-3.72582e-002	-4.33663e-003
1204	 1.2230000000e+003	-3.70692e-002	-3.29119e-003
1205	 1.2240000000e+003	-3.68530e-002	-1.91082e-003
1206	 1.2250000000e+003	-3.65116e-002	-6.83287e-004
1207	 1.2260000000e+003	-3.61407e-002	 5.27111e-004
1208	 1.2270000000e+003	-3.58351e-002	 1.71468e-003
1209	 1.2280000000e+003	-3.54065e-002	 2.78063e-003
1210	 1.2290000000e+003	-3.49869e-002	 3.98145e-003
1211	 1.2300000000e+003	-3.45812e-002	 4.95002e-003
1212	 1.2310000000e+003	-3.40856e-002	 6.08397e-003
1213	 1.2320000000e+003	-3.35743e-002	 7.08374e-003
1214	 1.2330000000e+003	-3.30945e-002	 8.04080e-003
1215	 1.2340000000e+003	-3.24369e-002	 9.09239e-003
1216	 1.2350000000e+003	-3.18892e-002	 1.00418e-002
1217	 1.2360000000e+003	-3.14137e-002	 1.08988e-002
1218	 1.2370000000e+003	-3.06793e-002	 1.18833e-002
1219	 1.2380000000e+003	-3.01397e-002	 1.26607e-002
1220	 1.2390000000e+003	-2.95433e-002	 1.34776e-002
1221	 1.2400000000e+003	-2.88979e-002	 1.42084e-002
1222	 1.2410000000e+003	-2.80944e-002	 1.50304e-002
1223	 1.2420000000e+003	-2.73861e-002	 1.58105e-002
1224	 1.2430000000e+003	-2.67730e-002	 1.64002e-002
1225	 1.2440000000e+003	-2.60964e-002	 1.70555e-002
1226	 1.2450000000e+003	-2.52277e-002	 1.77220e-002
1227	 1.2460000000e+003	-2.46510e-002	 1.82141e-002
1228	 1.2470000000e+003	-2.38488e-002	 1.88353e-002
1229	 1.2480000000e+003	-2.31427e-002	 1.92965e-002
1230	 1.2490000000e+003	-2.24258e-002	 1.97460e-002
1231	 1.2500000000e+003	-2.16570e-002	 2.00303e-002
1232	 1.2510000000e+003	-2.07431e-002	 2.03656e-002
1233	 1.2520000000e+003	-2.02732e-002	 2.10449e-002
1234	 1.2530000000e+003	-1.97007e-002	 2.14244e-002
1235	 1.2540000000e+003	-1.89905e-002	 2.17711e-002
1236	 1.2550000000e+003	-1.84591e-002	 2.20377e-002
1237	 1.2560000000e+003	-1.77741e-002	 2.23980e-002
1238	 1.2570000000e+003	-1.71645e-002	 2.27180e-002
1239	 1.2580000000e+003	-1.65579e-002	 2.30587e-002
1240	 1.2590000000e+003	-1.59267e-002	 2.33338e-002
1241	 1.2600000000e+003	-1.53658e-002	 2.35334e-002
1242	 1.2610000000e+003	-1.49578e-002	 2.37690e-002
1243	 1.2620000000e+003	-1.44225e-002	 2.40915e-002
1244	 1.2630000000e+003	-1.39383e-002	 2.44233e-002
1245	 1.2640000000e+003	-1.34900e-002	 2.46947e-002
1246	 1.2650000000e+003	-1.28906e-002	 2.50392e-002
1247	 1.2660000000e+003	-1.23290e-002	 2.53129e-002
1248	 1.2670000000e+003	-1.20370e-002	 2.56324e-002
1249	 1.2680000000e+003	-1.14381e-002	 2.60742e-002
1250	 1.2690000000e+003	-1.09190e-002	 2.64482e-002
1251	 1.2700000000e+003	-1.05156e-002	 2.68859e-002
1252	 1.2710000000e+003	-1.01273e-002	 2.73372e-002
1253	 1.2720000000e+003	-9.64579e-003	 2.77547e-002
1254	 1.2730000000e+003	-9.22434e-003	 2.81762e-002
1255	 1.2740000000e+003	-8.61465e-003	 2.87693e-002
1256	 1.2750000000e+003	-7.97774e-003	 2.93101e-002
1257	 1.2760000000e+003	-7.48412e-003	 2.98959e-002
1258	 1.2770000000e+003	-6.80079e-003	 3.04187e-002
1259	 1.2780000000e+003	-6.13397e-003	 3.09846e-002
1260	 1.2790000000e+003	-5.48656e-003	 3.16732e-002
1261	 1.2800000000e+003	-4.66556e-003	 3.22569e-002
1262	 1.2810000000e+003	-3.77380e-003	 3.28930e-002
1263	 1.2820000000e+003	-2.83549e-003	 3.34682e-002
1264	 1.2830000000e+003	-1.93815e-003	 3.40069e-002
1265	 1.2840000000e+003	-9.53266e-004	 3.46629e-002
1266	 1.2850000000e+003	 1.58699e-004	 3.53715e-002
1267	 1.2860000000e+003	 1.23004e-003	 3.59198e-002
1268	 1.2870000000e+003	 2.21206e-003	 3.63410e-002
1269	 1.2880000000e+003	 3.45977e-003	 3.70036e-002
1270	 1.2890000000e+003	 4.85293e-003	 3.76807e-002
1271	 1.2900000000e+003	 5.91126e-003	 3.79344e-002
1272	 1.2910000000e+003	 7.43523e-003	 3.85284e-002
1273	 1.2920000000e+003	 9.10438e-003	 3.90541e-002
1274	 1.2930000000e+003	 1.09318e-002	 3.94064e-002
1275	 1.2940000000e+003	 1.28268e-002	 3.98819e-002
1276	 1.2950000000e+003	 1.44915e-002	 3.99801e-002
1277	 1.2960000000e+003	 1.60290e-002	 4.01159e-002
1278	 1.2970000000e+003	 1.79566e-002	 4.02448e-002
1279	 1.2980000000e+003	 2.04219e-002	 4.01439e-002
1280	 1.2990000000e+003	 2.23973e-002	 4.00849e-002
1281	 1.3000000000e+003	 2.43581e-002	 3.98681e-002
1282	 1.3010000000e+003	 2.67238e-002	 3.95200e-002
1283	 1.3020000000e+003	 2.84879e-002	 3.90442e-002
1284	 1.3030000000e+003	 3.08184e-002	 3.84338e-002
1285	 1.3040000000e+003	 3.31162e-002	 3.76704e-002
1286	 1.3050000000e+003	 3.56630e-002	 3.67321e-002
1287	 1.3060000000e+003	 3.81654e-002	 3.59576e-002
1288	 1.3070000000e+003	 4.02824e-002	 3.49057e-002
1289	 1.3080000000e+003	 4.28693e-002	 3.34467e-002
1290	 1.3090000000e+003	 4.54336e-002	 3.15863e-002
1291	 1.3100000000e+003	 4.73913e-002	 3.01032e-002
1292	 1.3110000000e+003	 5.00267e-002	 2.81415e-002
1293	 1.3120000000e+003	 5.24908e-002	 2.57650e-002
1294	 1.3130000000e+003	 5.44861e-002	 2.36246e-002
1295	 1.3140000000e+003	 5.63895e-002	 2.07584e-002
1296	 1.3150000000e+003	 5.83579e-002	 1.77010e-002
1297	 1.3160000000e+003	 6.01433e-002	 1.40948e-002
1298	 1.3170000000e+003	 6.18141e-002	 1.12254e-002
1299	 1.3180000000e+003	 6.29195e-002	 7.60999e-003
1300	 1.3190000000e+003	 6.43825e-002	 3.91317e-003
1301	 1.3200000000e+003	 6.52025e-002	-1.35725e-004
1302	 1.3210000000e+003	 6.56391e-002	-4.37789e-003
1303	 1.3220000000e+003	 6.57177e-002	-7.56771e-003
1304	 1.3230000000e+003	 6.53400e-002	-1.21285e-002
1305	 1.3240000000e+003	 6.48395e-002	-1.64836e-002
1306	 1.3250000000e+003	 6.39986e-002	-2.00595e-002
1307	 1.3260000000e+003	 6.25634e-002	-2.45377e-002
1308	 1.3270000000e+003	 6.07983e-002	-2.86399e-002
1309	 1.3280000000e+003	 5.87012e-002	-3.22663e-002
1310	 1.3290000000e+003	 5.66172e-002	-3.57469e-002
1311	 1.3300000000e+003	 5.39044e-002	-3.89863e-002
1312	 1.3310000000e+003	 5.05870e-002	-4.21664e-002
1313	 1.3320000000e+003	 4.78021e-002	-4.48628e-002
1314	 1.3330000000e+003	 4.46956e-002	-4.70343e-002
1315	 1.3340000000e+003	 4.16249e-002	-4.91598e-002
1316	 1.3350000000e+003	 3.83703e-002	-5.07856e-002
1317	 1.3360000000e+003	 3.49186e-002	-5.23585e-002
1318	 1.3370000000e+003	 3.18486e-002	-5.34266e-002
1319	 1.3380000000e+003	 2.78908e-002	-5.43872e-002
1320	 1.3390000000e+003	 2.48780e-002	-5.48875e-002
1321	 1.3400000000e+003	 2.14727e-002	-5.54293e-002
1322	 1.3410000000e+003	 1.83437e-002	-5.55789e-002
1323	 1.3420000000e+003	 1.56440e-002	-5.55770e-002
1324	 1.3430000000e+003	 1.25808e-002	-5.55135e-002
1325	 1.3440000000e+003	 9.21166e-003	-5.50379e-002
1326	 1.3450000000e+003	 6.89991e-003	-5.47008e-002
1327	 1.3460000000e+003	 4.29277e-003	-5.41728e-002
1328	 1.3470000000e+003	 1.80810e-003	-5.34785e-002
1329	 1.3480000000e+003	-9.59544e-004	-5.26853e-002
1330	 1.3490000000e+003	-3.25275e-003	-5.18659e-002
1331	 1.3500000000e+003	-5.89151e-003	-5.01220e-002
1332	 1.3510000000e+003	-8.22486e-003	-4.89497e-002
1333	 1.3520000000e+003	-9.55665e-003	-4.88715e-002
1334	 1.3530000000e+003	-1.14469e-002	-4.77656e-002
1335	 1.3540000000e+003	-1.35408e-002	-4.63573e-002
1336	 1.3550000000e+003	-1.49586e-002	-4.51565e-002
1337	 1.3560000000e+003	-1.65764e-002	-4.39753e-002
1338	 1.3570000000e+003	-1.81846e-002	-4.25812e-002
1339	 1.3580000000e+003	-1.95803e-002	-4.11506e-002
1340	 1.3590000000e+003	-2.10404e-002	-3.96190e-002
1341	 1.3600000000e+003	-2.21336e-002	-3.83559e-002
1342	 1.3610000000e+003	-2.33529e-002	-3.68408e-002
1343	 1.3620000000e+003	-2.45327e-002	-3.53306e-002
1344	 1.3630000000e+003	-2.55024e-002	-3.37790e-002
1345	 1.3640000000e+003	-2.63120e-002	-3.22754e-002
1346	 1.3650000000e+003	-2.69484e-002	-3.06781e-002
1347	 1.3660000000e+003	-2.77717e-002	-2.92345e-002
1348	 1.3670000000e+003	-2.83416e-002	-2.77918e-002
1349	 1.3680000000e+003	-2.88904e-002	-2.64519e-002
1350	 1.3690000000e+003	-2.93674e-002	-2.48670e-002
1351	 1.3700000000e+003	-2.98196e-002	-2.35328e-002
1352	 1.3710000000e+003	-3.00237e-002	-2.22858e-002
1353	 1.3720000000e+003	-3.02433e-002	-2.07226e-002
1354	 1.3730000000e+003	-3.04303e-002	-1.94518e-002
1355	 1.3740000000e+003	-3.04849e-002	-1.80657e-002
1356	 1.3750000000e+003	-3.05087e-002	-1.70027e-002
1357	 1.3760000000e+003	-3.06435e-002	-1.57985e-002
1358	 1.3770000000e+003	-3.06292e-002	-1.43884e-002
1359	 1.3780000000e+003	-3.05631e-002	-1.35694e-002
1360	 1.3790000000e+003	-3.03699e-002	-1.24279e-002
1361	 1.3800000000e+003	-3.02511e-002	-1.12570e-002
1362	 1.3810000000e+003	-3.01247e-002	-1.04860e-002
1363	 1.3820000000e+003	-2.99324e-002	-9.55378e-003
1364	 1.3830000000e+003	-2.97186e-002	-8.63425e-003
1365	 1.3840000000e+003	-2.94966e-002	-7.84586e-003
1366	 1.3850000000e+003	-2.92932e-002	-7.10661e-003
1367	 1.3860000000e+003	-2.90877e-002	-6.32025e-003
1368	 1.3870000000e+003	-2.88791e-002	-5.64153e-003
1369	 1.3880000000e+003	-2.87408e-002	-4.97511e-003
1370	 1.3890000000e+003	-2.85803e-002	-4.29224e-003
1371	 1.3900000000e+003	-2.83605e-002	-3.79473e-003
1372	 1.3910000000e+003	-2.81899e-002	-3.15406e-003
1373	 1.3920000000e+003	-2.81094e-002	-2.76160e-003
1374	 1.3930000000e+003	-2.80039e-002	-2.21224e-003
1375	 1.3940000000e+003	-2.78886e-002	-1.77842e-003
1376	 1.3950000000e+003	-2.77650e-002	-1.16196e-003
1377	 1.3960000000e+003	-2.78038e-002	-7.76827e-004
1378	 1.3970000000e+003	-2.77739e-002	-3.34523e-004
1379	 1.3980000000e+003	-2.78315e-002	 1.13068e-004
1380	 1.3990000000e+003	-2.79429e-002	 5.92388e-004
1381	 1.4000000000e+003	-2.78863e-002	 1.06997e-003
1382	 1.4010000000e+003	-2.80200e-002	 1.58262e-003
1383	 1.4020000000e+003	-2.81114e-002	 2.05806e-003
1384	 1.4030000000e+003	-2.81727e-002	 2.67958e-003
1385	 1.4040000000e+003	-2.83995e-002	 3.18976e-003
1386	 1.4050000000e+003	-2.87421e-002	 3.67005e-003
1387	 1.4060000000e+003	-2.89357e-002	 4.17082e-003
1388	 1.4070000000e+003	-2.90641e-002	 4.80874e-003
1389	 1.4080000000e+003	-2.92481e-002	 5.55267e-003
1390	 1.4090000000e+003	-2.95241e-002	 6.14249e-003
1391	 1.4100000000e+003	-2.98086e-002	 6.80159e-003
1392	 1.4110000000e+003	-3.00778e-002	 7.57348e-003
1393	 1.4120000000e+003	-3.00592e-002	 8.46813e-003
1394	 1.4130000000e+003	-3.02985e-002	 9.40875e-003
1395	 1.4140000000e+003	-3.04948e-002	 1.02956e-002
1396	 1.4150000000e+003	-3.06221e-002	 1.10806e-002
1397	 1.4160000000e+003	-3.07477e-002	 1.19588e-002
1398	 1.4170000000e+003	-3.10416e-002	 1.31240e-002
1399	 1.4180000000e+003	-3.12196e-002	 1.41787e-002
1400	 1.4190000000e+003	-3.12272e-002	 1.54253e-002
1401	 1.4200000000e+003	-3.12500e-002	 1.64023e-002
1402	 1.4210000000e+003	-3.12307e-002	 1.76357e-002
1403	 1.4220000000e+003	-3.12527e-002	 1.86447e-002
1404	 1.4230000000e+003	-3.12152e-002	 2.00592e-002
1405	 1.4240000000e+003	-3.12692e-002	 2.12972e-002
1406	 1.4250000000e+003	-3.10653e-002	 2.25229e-002
1407	 1.4260000000e+003	-3.09037e-002	 2.42216e-002
1408	 1.4270000000e+003	-3.06788e-002	 2.58635e-002
1409	 1.4280000000e+003	-3.03233e-002	 2.73008e-002
1410	 1.4290000000e+003	-2.99981e-002	 2.87073e-002
1411	 1.4300000000e+003	-2.96737e-002	 3.05611e-002
1412	 1.4310000000e+003	-2.90323e-002	 3.23906e-002
1413	 1.4320000000e+003	-2.82983e-002	 3.36008e-002
1414	 1.4330000000e+003	-2.73068e-002	 3.54866e-002
1415	 1.4340000000e+003	-2.65409e-002	 3.71827e-002
1416	 1.4350000000e+003	-2.56899e-002	 3.89565e-002
1417	 1.4360000000e+003	-2.46419e-002	 4.06074e-002
1418	 1.4370000000e+003	-2.33708e-002	 4.23070e-002
1419	 1.4380000000e+003	-2.17872e-002	 4.39091e-002
1420	 1.4390000000e+003	-2.01780e-002	 4.57915e-002
1421	 1.4400000000e+003	-1.86691e-002	 4.73785e-002
1422	 1.4410000000e+003	-1.68719e-002	 4.91582e-002
1423	 1.4420000000e+003	-1.51504e-002	 5.06946e-002
1424	 1.4430000000e+003	-1.33243e-002	 5.21297e-002
1425	 1.4440000000e+003	-1.11533e-002	 5.33440e-002
1426	 1.4450000000e+003	-8.76218e-003	 5.47579e-002
1427	 1.4460000000e+003	-6.38883e-003	 5.60314e-002
1428	 1.4470000000e+003	-4.26262e-003	 5.70120e-002
1429	 1.4480000000e+003	-1.83113e-003	 5.82106e-002
1430	 1.4490000000e+003	 1.06918e-003	 5.91468e-002
1431	 1.4500000000e+003	 5.01439e-003	 6.18906e-002
1432	 1.4510000000e+003	 7.31906e-003	 6.22601e-002
1433	 1.4520000000e+003	 9.60288e-003	 6.14773e-002
1434	 1.4530000000e+003	 1.24335e-002	 6.16386e-002
1435	 1.4540000000e+003	 1.54723e-002	 6.19294e-002
1436	 1.4550000000e+003	 1.91348e-002	 6.22075e-002
1437	 1.4560000000e+003	 2.19904e-002	 6.22998e-002
1438	 1.4570000000e+003	 2.54924e-002	 6.20823e-002
1439	 1.4580000000e+003	 2.89562e-002	 6.16675e-002
1440	 1.4590000000e+003	 3.27511e-002	 6.09625e-002
1441	 1.4600000000e+003	 3.64711e-002	 6.01076e-002
1442	 1.4610000000e+003	 3.98141e-002	 5.92157e-002
1443	 1.4620000000e+003	 4.38597e-002	 5.78031e-002
1444	 1.4630000000e+003	 4.76780e-002	 5.59946e-002
1445	 1.4640000000e+003	 5.10911e-002	 5.44381e-002
1446	 1.4650000000e+003	 5.47557e-002	 5.22369e-002
1447	 1.4660000000e+003	 5.85569e-002	 4.95204e-002
1448	 1.4670000000e+003	 6.17613e-002	 4.66104e-002
1449	 1.4680000000e+003	 6.50753e-002	 4.35166e-002
1450	 1.4690000000e+003	 6.84872e-002	 3.96701e-002
1451	 1.4700000000e+003	 7.13374e-002	 3.58458e-002
1452	 1.4710000000e+003	 7.41692e-002	 3.16862e-002
1453	 1.4720000000e+003	 7.62862e-002	 2.71082e-002
1454	 1.4730000000e+003	 7.80980e-002	 2.32657e-002
1455	 1.4740000000e+003	 7.95181e-002	 1.88083e-002
1456	 1.4750000000e+003	 8.08032e-002	 1.36219e-002
1457	 1.4760000000e+003	 8.16466e-002	 8.70310e-003
1458	 1.4770000000e+003	 8.21021e-002	 2.85347e-003
1459	 1.4780000000e+003	 8.20341e-002	-1.44945e-003
1460	 1.4790000000e+003	 8.16363e-002	-6.29028e-003
1461	 1.4800000000e+003	 8.04622e-002	-1.15495e-002
1462	 1.4810000000e+003	 7.94717e-002	-1.62649e-002
1463	 1.4820000000e+003	 7.78771e-002	-2.07011e-002
1464	 1.4830000000e+003	 7.59478e-002	-2.51297e-002
1465	 1.4840000000e+003	 7.35661e-002	-2.92698e-002
1466	 1.4850000000e+003	 7.13834e-002	-3.32951e-002
1467	 1.4860000000e+003	 6.89964e-002	-3.67327e-002
1468	 1.4870000000e+003	 6.60973e-002	-4.01960e-002
1469	 1.4880000000e+003	 6.27354e-002	-4.32094e-002
1470	 1.4890000000e+003	 5.96588e-002	-4.61934e-002
1471	 1.4900000000e+003	 5.66416e-002	-4.88205e-002
1472	 1.4910000000e+003	 5.33812e-002	-5.10735e-002
1473	 1.4920000000e+003	 4.98638e-002	-5.27099e-002
1474	 1.4930000000e+003	 4.66356e-002	-5.44634e-002
1475	 1.4940000000e+003	 4.30248e-002	-5.60653e-002
1476	 1.4950000000e+003	 3.93906e-002	-5.73118e-002
1477	 1.4960000000e+003	 3.62588e-002	-5.82988e-002
1478	 1.4970000000e+003	 3.36242e-002	-5.89370e-002
1479	 1.4980000000e+003	 2.94319e-002	-5.96509e-002
1480	 1.4990000000e+003	 2.68844e-002	-5.99755e-002
1481	 1.5000000000e+003	 2.39316e-002	-6.02339e-002
1482	 1.5010000000e+003	 2.08855e-002	-6.02251e-002
1483	 1.5020000000e+003	 1.77783e-002	-6.01626e-002
1484	 1.5030000000e+003	 1.49733e-002	-6.00744e-002
1485	 1.5040000000e+003	 1.26212e-002	-5.97751e-002
1486	 1.5050000000e+003	 9.62524e-003	-5.92772e-002
1487	 1.5060000000e+003	 7.38070e-003	-5.87908e-002
1488	 1.5070000000e+003	 5.14687e-003	-5.82563e-002
1489	 1.5080000000e+003	 2.85117e-003	-5.76632e-002
1490	 1.5090000000e+003	 5.71055e-004	-5.69878e-002
1491	 1.5100000000e+003	-1.72505e-003	-5.61006e-002
1492	 1.5110000000e+003	-3.64986e-003	-5.52515e-002
1493	 1.5120000000e+003	-5.33216e-003	-5.44420e-002
1494	 1.5130000000e+003	-7.09833e-003	-5.36326e-002
1495	 1.5140000000e+003	-8.98114e-003	-5.27984e-002
1496	 1.5150000000e+003	-1.06319e-002	-5.19209e-002
1497	 1.5160000000e+003	-1.24113e-002	-5.07439e-002
1498	 1.5170000000e+003	-1.38270e-002	-4.98351e-002
1499	 1.5180000000e+003	-1.52529e-002	-4.88169e-002
1500	 1.5190000000e+003	-1.68932e-002	-4.77967e-002
1501	 1.5200000000e+003	-1.83583e-002	-4.67536e-002
1502	 1.5210000000e+003	-1.94608e-002	-4.58178e-002
1503	 1.5220000000e+003	-2.08102e-002	-4.47513e-002
1504	 1.5230000000e+003	-2.20926e-002	-4.38169e-002
1505	 1.5240000000e+003	-2.31725e-002	-4.28149e-002
1506	 1.5250000000e+003	-2.44087e-002	-4.17492e-002
1507	 1.5260000000e+003	-2.54486e-002	-4.07751e-002
1508	 1.5270000000e+003	-2.65874e-002	-3.96933e-002
1509	 1.5280000000e+003	-2.76466e-002	-3.86939e-002
1510	 1.5290000000e+003	-2.87072e-002	-3.75757e-002
1511	 1.5300000000e+003	-2.97092e-002	-3.66284e-002
1512	 1.5310000000e+003	-3.06765e-002	-3.56298e-002
1513	 1.5320000000e+003	-3.15345e-002	-3.45197e-002
1514	 1.5330000000e+003	-3.25154e-002	-3.35822e-002
1515	 1.5340000000e+003	-3.35785e-002	-3.22186e-002
1516	 1.5350000000e+003	-3.41652e-002	-3.12063e-002
1517	 1.5360000000e+003	-3.50141e-002	-3.01205e-002
1518	 1.5370000000e+003	-3.59322e-002	-2.89376e-002
1519	 1.5380000000e+003	-3.68459e-002	-2.77960e-002
1520	 1.5390000000e+003	-3.76433e-002	-2.67680e-002
1521	 1.5400000000e+003	-3.83690e-002	-2.56513e-002
1522	 1.5410000000e+003	-3.91539e-002	-2.42949e-002
1523	 1.5420000000e+003	-4.00262e-002	-2.29633e-002
1524	 1.5430000000e+003	-4.07573e-002	-2.19157e-002
1525	 1.5440000000e+003	-4.12662e-002	-2.08990e-002
1526	 1.5450000000e+003	-4.19826e-002	-1.93680e-002
1527	 1.5460000000e+003	-4.26967e-002	-1.80747e-002
1528	 1.5470000000e+003	-4.33168e-002	-1.68349e-002
1529	 1.5480000000e+003	-4.39329e-002	-1.54913e-002
1530	 1.5490000000e+003	-4.45996e-002	-1.39369e-002
1531	 1.5500000000e+003	-4.70093e-002	-1.19835e-002
1532	 1.5510000000e+003	-4.83641e-002	-1.05876e-002
1533	 1.5520000000e+003	-4.62351e-002	-9.78963e-003
1534	 1.5530000000e+003	-4.65169e-002	-8.54520e-003
1535	 1.5540000000e+003	-4.69015e-002	-6.90312e-003
1536	 1.5550000000e+003	-4.73222e-002	-5.24764e-003
1537	 1.5560000000e+003	-4.75521e-002	-3.65469e-003
1538	 1.5570000000e+003	-4.77426e-002	-2.24290e-003
1539	 1.5580000000e+003	-4.79619e-002	-7.05773e-004
1540	 1.5590000000e+003	-4.80906e-002	 9.98912e-004
1541	 1.5600000000e+003	-4.83492e-002	 2.44383e-003
1542	 1.5610000000e+003	-4.83343e-002	 4.08123e-003
1543	 1.5620000000e+003	-4.84327e-002	 6.06751e-003
1544	 1.5630000000e+003	-4.83848e-002	 7.39691e-003
1545	 1.5640000000e+003	-4.83849e-002	 9.09878e-003
1546	 1.5650000000e+003	-4.82239e-002	 1.04211e-002
1547	 1.5660000000e+003	-4.81518e-002	 1.23343e-002
1548	 1.5670000000e+003	-4.80037e-002	 1.41888e-002
1549	 1.5680000000e+003	-4.78724e-002	 1.55560e-002
1550	 1.5690000000e+003	-4.75489e-002	 1.74595e-002
1551	 1.5700000000e+003	-4.72912e-002	 1.91444e-002
1552	 1.5710000000e+003	-4.70207e-002	 2.07655e-002
1553	 1.5720000000e+003	-4.65312e-002	 2.24528e-002
1554	 1.5730000000e+003	-4.60247e-002	 2.44839e-002
1555	 1.5740000000e+003	-4.56269e-002	 2.60351e-002
1556	 1.5750000000e+003	-4.51358e-002	 2.78499e-002
1557	 1.5760000000e+003	-4.45024e-002	 2.96523e-002
1558	 1.5770000000e+003	-4.38822e-002	 3.15853e-002
1559	 1.5780000000e+003	-4.29426e-002	 3.33091e-002
1560	 1.5790000000e+003	-4.20165e-002	 3.51278e-002
1561	 1.5800000000e+003	-4.09897e-002	 3.72739e-002
1562	 1.5810000000e+003	-4.00447e-002	 3.92594e-002
1563	 1.5820000000e+003	-3.90913e-002	 4.05841e-002
1564	 1.5830000000e+003	-3.77213e-002	 4.26750e-002
1565	 1.5840000000e+003	-3.63058e-002	 4.49257e-002
1566	 1.5850000000e+003	-3.52506e-002	 4.62675e-002
1567	 1.5860000000e+003	-3.35183e-002	 4.79134e-002
1568	 1.5870000000e+003	-3.18990e-002	 4.98925e-002
1569	 1.5880000000e+003	-3.00201e-002	 5.14592e-002
1570	 1.5890000000e+003	-2.81252e-002	 5.32045e-002
1571	 1.5900000000e+003	-2.60747e-002	 5.48898e-002
1572	 1.5910000000e+003	-2.42027e-002	 5.62835e-002
1573	 1.5920000000e+003	-2.17487e-002	 5.76753e-002
1574	 1.5930000000e+003	-1.96774e-002	 5.88313e-002
1575	 1.5940000000e+003	-1.71534e-002	 6.00678e-002
1576	 1.5950000000e+003	-1.48602e-002	 6.11957e-002
1577	 1.5960000000e+003	-1.23763e-002	 6.22232e-002
1578	 1.5970000000e+003	-9.90189e-003	 6.32610e-002
1579	 1.5980000000e+003	-7.46680e-003	 6.40166e-002
1580	 1.5990000000e+003	-4.53979e-003	 6.45450e-002
1581	 1.6000000000e+003	-1.76014e-003	 6.51401e-002
1582	 1.6010000000e+003	 5.36829e-004	 6.56725e-002
1583	 1.6020000000e+003	 3.29837e-003	 6.62116e-002
1584	 1.6030000000e+003	 6.25452e-003	 6.64598e-002
1585	 1.6040000000e+003	 8.50842e-003	 6.66868e-002
1586	 1.6050000000e+003	 1.13459e-002	 6.69124e-002
1587	 1.6060000000e+003	 1.45668e-002	 6.69184e-002
1588	 1.6070000000e+003	 1.77604e-002	 6.67892e-002
1589	 1.6080000000e+003	 2.00945e-002	 6.67434e-002
1590	 1.6090000000e+003	 2.34625e-002	 6.64102e-002
1591	 1.6100000000e+003	 2.71883e-002	 6.59979e-002
1592	 1.6110000000e+003	 2.97148e-002	 6.54663e-002
1593	 1.6120000000e+003	 3.30143e-002	 6.45691e-002
1594	 1.6130000000e+003	 3.64726e-002	 6.37147e-002
1595	 1.6140000000e+003	 3.99517e-002	 6.26834e-002
1596	 1.6150000000e+003	 4.35689e-002	 6.13445e-002
1597	 1.6160000000e+003	 4.64259e-002	 5.97735e-002
1598	 1.6170000000e+003	 4.99903e-002	 5.78330e-002
1599	 1.6180000000e+003	 5.32060e-002	 5.59063e-002
1600	 1.6190000000e+003	 5.61379e-002	 5.34846e-002
1601	 1.6200000000e+003	 5.97333e-002	 5.04544e-002
TagsBegin:	 	 	 
OverLoad:	 	False	 
AverageNumber: []	 	 8.80000e+001	 
OverLoadRatio: []	 	 1.19209e-007	 
TagsEnd:	 	 	 
TagScalesBegin:	 	 	 
TagScalesEnd:	 	 	 
