Header Size:	 79	 	 
Pulse Version:	 80	 	 
Running Pulse Version:	PULSE LabShop Fast Track Version 18.1.1.9 - 2014-01-16	 	 
Decimal Symbol:	.	 	 
Date Format:	M/d/yyyy	 	 
Time Format:	HH:mm:ss:mmm	 	 
Data Type:	Complex	 	 
Slice:	False	 	 
Z-Axis type:	Linear	 	 
Z-Axis size:	1	 	 
Z-Axis unit:	 	 	 
Z-Axis first value:	 0.0000000000e+000	 	 
Z-Axis delta:	 1.0000000000e+000	 	 
X-Axis type:	Linear	 	 
X-Axis size:	1601	 	 
X-Axis unit:	Hz	 	 
X-Axis first value:	 2.0000000000e+001	 	 
X-Axis delta:	 1.0000000000e+000	 	 
	 	 	 
AmplitudeUnit:	Pa/(m/s)	 	 
Analyzer:	FFT_Spectrum_Averaging	 	 
AnalyzerName:	FFT Analyzer	 	 
	 	 	 
	 	 	 
Bipolar:	True	 	 
CenterFrequency:	 8.2000000000e+002	 	 
	 	 	 
	 	 	 
	 	 	 
	 	 	 
	 	 	 
	 	 	 
	 	 	 
	 	 	 
Domain:	1	 	 
Function:	Frequency Response	 	 
	 	 	 
InputRange:	 1.0000000000e-001	 	 
	 	 	 
	 	 	 
MultiBufferName:	Input	 	 
NBW:	 1.5000000000e+000	 	 
	 	 	 
OverlapFailed:	False	 	 
Overrun:	False	 	 
Power:	False	 	 
	 	 	 
Ratio:	True	 	 
RecordLength:	 1.0000000000e+000	 	 
ReducedSize:	True	 	 
Ref_Signal:	v	 	 
	 	 	 
	 	 	 
RefSignalUnit:	m/s	 	 
	 	 	 
	 	 	 
Signal:	p	 	 
	 	 	 
SignalUnit:	Pa	 	 
	 	 	 
	 	 	 
	 	 	 
Title:	impedance	 	 
Title1:	Working : Input : Input : FFT Analyzer	 	 
	 	 	 
	 	 	 
	 	 	 
ZoomOn:	True	 	 
	 	 	 
TemplateName:	Working	 	 
MeasurementName:	Input	 	 
MeasurementSlice:	False	 	 
	 	 	 
	 	 	 
	 	 	 
EnvelopeOn:	False	 	 
	 	 	 
	 	 	 
	 	 	 
Z-index:	 	1	 
Date:	 	5/19/2022	 
Time:	 	11:25:08:874	 
Relative time:	 	 0.00000e+000	 
Z-axis:	 	 0.0000000000e+000	 
1	 2.0000000000e+001	 1.74033e+003	-6.62243e+003
2	 2.1000000000e+001	 1.23431e+003	-5.90145e+003
3	 2.2000000000e+001	 1.09285e+003	-5.38996e+003
4	 2.3000000000e+001	 9.49331e+002	-4.53685e+003
5	 2.4000000000e+001	 5.23925e+002	-2.19156e+003
6	 2.5000000000e+001	 3.99774e+002	-1.25352e+003
7	 2.6000000000e+001	 5.68393e+002	-1.66471e+003
8	 2.7000000000e+001	 7.97700e+002	-3.16109e+003
9	 2.8000000000e+001	 7.18508e+002	-3.06690e+003
10	 2.9000000000e+001	 8.38409e+002	-2.71902e+003
11	 3.0000000000e+001	 1.22880e+003	-2.25870e+003
12	 3.1000000000e+001	 2.14217e+003	-2.34022e+003
13	 3.2000000000e+001	 2.29259e+003	-3.80955e+003
14	 3.3000000000e+001	 1.28671e+003	-4.22036e+003
15	 3.4000000000e+001	 7.88901e+002	-3.78171e+003
16	 3.5000000000e+001	 6.51927e+002	-3.39419e+003
17	 3.6000000000e+001	 6.54649e+002	-3.22825e+003
18	 3.7000000000e+001	 6.13426e+002	-3.08974e+003
19	 3.8000000000e+001	 5.66064e+002	-2.97360e+003
20	 3.9000000000e+001	 5.35346e+002	-2.87099e+003
21	 4.0000000000e+001	 5.20052e+002	-2.76930e+003
22	 4.1000000000e+001	 4.97595e+002	-2.68258e+003
23	 4.2000000000e+001	 4.70918e+002	-2.59953e+003
24	 4.3000000000e+001	 4.57939e+002	-2.51547e+003
25	 4.4000000000e+001	 4.44236e+002	-2.44019e+003
26	 4.5000000000e+001	 4.27020e+002	-2.37135e+003
27	 4.6000000000e+001	 4.19513e+002	-2.30322e+003
28	 4.7000000000e+001	 4.13066e+002	-2.23981e+003
29	 4.8000000000e+001	 4.06739e+002	-2.18206e+003
30	 4.9000000000e+001	 4.02959e+002	-2.12419e+003
31	 5.0000000000e+001	 4.11235e+002	-2.06937e+003
32	 5.1000000000e+001	 4.11666e+002	-2.01208e+003
33	 5.2000000000e+001	 4.22684e+002	-1.97829e+003
34	 5.3000000000e+001	 4.19836e+002	-1.96006e+003
35	 5.4000000000e+001	 4.02576e+002	-1.93209e+003
36	 5.5000000000e+001	 3.84124e+002	-1.89488e+003
37	 5.6000000000e+001	 3.70293e+002	-1.85615e+003
38	 5.7000000000e+001	 3.58555e+002	-1.81870e+003
39	 5.8000000000e+001	 3.50180e+002	-1.78018e+003
40	 5.9000000000e+001	 3.40815e+002	-1.74524e+003
41	 6.0000000000e+001	 3.30830e+002	-1.71206e+003
42	 6.1000000000e+001	 3.17292e+002	-1.68082e+003
43	 6.2000000000e+001	 2.98646e+002	-1.64056e+003
44	 6.3000000000e+001	 2.92090e+002	-1.59121e+003
45	 6.4000000000e+001	 2.97194e+002	-1.54812e+003
46	 6.5000000000e+001	 3.04979e+002	-1.51737e+003
47	 6.6000000000e+001	 3.08592e+002	-1.49163e+003
48	 6.7000000000e+001	 3.09650e+002	-1.46782e+003
49	 6.8000000000e+001	 3.09362e+002	-1.44500e+003
50	 6.9000000000e+001	 3.05937e+002	-1.42354e+003
51	 7.0000000000e+001	 3.01439e+002	-1.40141e+003
52	 7.1000000000e+001	 2.96812e+002	-1.37839e+003
53	 7.2000000000e+001	 2.92357e+002	-1.35515e+003
54	 7.3000000000e+001	 2.88835e+002	-1.33153e+003
55	 7.4000000000e+001	 2.85494e+002	-1.30862e+003
56	 7.5000000000e+001	 2.82321e+002	-1.28673e+003
57	 7.6000000000e+001	 2.79625e+002	-1.26486e+003
58	 7.7000000000e+001	 2.76674e+002	-1.24364e+003
59	 7.8000000000e+001	 2.74199e+002	-1.22301e+003
60	 7.9000000000e+001	 2.71633e+002	-1.20217e+003
61	 8.0000000000e+001	 2.69097e+002	-1.18235e+003
62	 8.1000000000e+001	 2.66632e+002	-1.16345e+003
63	 8.2000000000e+001	 2.64582e+002	-1.14424e+003
64	 8.3000000000e+001	 2.62204e+002	-1.12551e+003
65	 8.4000000000e+001	 2.59984e+002	-1.10762e+003
66	 8.5000000000e+001	 2.57933e+002	-1.08939e+003
67	 8.6000000000e+001	 2.55694e+002	-1.07197e+003
68	 8.7000000000e+001	 2.53695e+002	-1.05492e+003
69	 8.8000000000e+001	 2.51766e+002	-1.03851e+003
70	 8.9000000000e+001	 2.49793e+002	-1.02180e+003
71	 9.0000000000e+001	 2.47881e+002	-1.00576e+003
72	 9.1000000000e+001	 2.46057e+002	-9.90031e+002
73	 9.2000000000e+001	 2.44104e+002	-9.74433e+002
74	 9.3000000000e+001	 2.42425e+002	-9.59285e+002
75	 9.4000000000e+001	 2.40529e+002	-9.44525e+002
76	 9.5000000000e+001	 2.38886e+002	-9.29985e+002
77	 9.6000000000e+001	 2.37033e+002	-9.15642e+002
78	 9.7000000000e+001	 2.35299e+002	-9.01649e+002
79	 9.8000000000e+001	 2.33788e+002	-8.88009e+002
80	 9.9000000000e+001	 2.31839e+002	-8.74571e+002
81	 1.0000000000e+002	 2.30044e+002	-8.61301e+002
82	 1.0100000000e+002	 2.27895e+002	-8.48575e+002
83	 1.0200000000e+002	 2.25851e+002	-8.36108e+002
84	 1.0300000000e+002	 2.23198e+002	-8.23977e+002
85	 1.0400000000e+002	 2.19745e+002	-8.11544e+002
86	 1.0500000000e+002	 2.16386e+002	-7.98439e+002
87	 1.0600000000e+002	 2.13234e+002	-7.84338e+002
88	 1.0700000000e+002	 2.11338e+002	-7.70142e+002
89	 1.0800000000e+002	 2.10351e+002	-7.56708e+002
90	 1.0900000000e+002	 2.09505e+002	-7.44191e+002
91	 1.1000000000e+002	 2.08433e+002	-7.32145e+002
92	 1.1100000000e+002	 2.07238e+002	-7.20328e+002
93	 1.1200000000e+002	 2.05678e+002	-7.08831e+002
94	 1.1300000000e+002	 2.04386e+002	-6.97354e+002
95	 1.1400000000e+002	 2.03038e+002	-6.86095e+002
96	 1.1500000000e+002	 2.01378e+002	-6.75168e+002
97	 1.1600000000e+002	 1.99402e+002	-6.64343e+002
98	 1.1700000000e+002	 1.97163e+002	-6.53504e+002
99	 1.1800000000e+002	 1.94969e+002	-6.42375e+002
100	 1.1900000000e+002	 1.92914e+002	-6.30898e+002
101	 1.2000000000e+002	 1.90879e+002	-6.19307e+002
102	 1.2100000000e+002	 1.88826e+002	-6.07833e+002
103	 1.2200000000e+002	 1.87330e+002	-5.96131e+002
104	 1.2300000000e+002	 1.86197e+002	-5.84429e+002
105	 1.2400000000e+002	 1.85371e+002	-5.72963e+002
106	 1.2500000000e+002	 1.84642e+002	-5.61435e+002
107	 1.2600000000e+002	 1.84208e+002	-5.50089e+002
108	 1.2700000000e+002	 1.84185e+002	-5.38713e+002
109	 1.2800000000e+002	 1.85056e+002	-5.27703e+002
110	 1.2900000000e+002	 1.86823e+002	-5.17688e+002
111	 1.3000000000e+002	 1.88206e+002	-5.09784e+002
112	 1.3100000000e+002	 1.87861e+002	-5.02545e+002
113	 1.3200000000e+002	 1.86412e+002	-4.94363e+002
114	 1.3300000000e+002	 1.85093e+002	-4.85573e+002
115	 1.3400000000e+002	 1.83967e+002	-4.76647e+002
116	 1.3500000000e+002	 1.82785e+002	-4.67838e+002
117	 1.3600000000e+002	 1.81727e+002	-4.58985e+002
118	 1.3700000000e+002	 1.80712e+002	-4.50101e+002
119	 1.3800000000e+002	 1.79971e+002	-4.41318e+002
120	 1.3900000000e+002	 1.78983e+002	-4.32644e+002
121	 1.4000000000e+002	 1.78055e+002	-4.23940e+002
122	 1.4100000000e+002	 1.77241e+002	-4.15444e+002
123	 1.4200000000e+002	 1.76418e+002	-4.07016e+002
124	 1.4300000000e+002	 1.75622e+002	-3.98595e+002
125	 1.4400000000e+002	 1.74819e+002	-3.90260e+002
126	 1.4500000000e+002	 1.73971e+002	-3.81960e+002
127	 1.4600000000e+002	 1.73051e+002	-3.73844e+002
128	 1.4700000000e+002	 1.72285e+002	-3.65706e+002
129	 1.4800000000e+002	 1.71504e+002	-3.57599e+002
130	 1.4900000000e+002	 1.70759e+002	-3.49330e+002
131	 1.5000000000e+002	 1.70279e+002	-3.40884e+002
132	 1.5100000000e+002	 1.69262e+002	-3.33404e+002
133	 1.5200000000e+002	 1.68501e+002	-3.25759e+002
134	 1.5300000000e+002	 1.67773e+002	-3.17980e+002
135	 1.5400000000e+002	 1.67215e+002	-3.10194e+002
136	 1.5500000000e+002	 1.66668e+002	-3.02392e+002
137	 1.5600000000e+002	 1.66104e+002	-2.94696e+002
138	 1.5700000000e+002	 1.65503e+002	-2.87001e+002
139	 1.5800000000e+002	 1.64734e+002	-2.79412e+002
140	 1.5900000000e+002	 1.64033e+002	-2.71759e+002
141	 1.6000000000e+002	 1.63218e+002	-2.64210e+002
142	 1.6100000000e+002	 1.62378e+002	-2.56594e+002
143	 1.6200000000e+002	 1.61523e+002	-2.49073e+002
144	 1.6300000000e+002	 1.60511e+002	-2.41586e+002
145	 1.6400000000e+002	 1.59534e+002	-2.34023e+002
146	 1.6500000000e+002	 1.58572e+002	-2.26551e+002
147	 1.6600000000e+002	 1.57578e+002	-2.19063e+002
148	 1.6700000000e+002	 1.56670e+002	-2.11550e+002
149	 1.6800000000e+002	 1.55768e+002	-2.04088e+002
150	 1.6900000000e+002	 1.54911e+002	-1.96670e+002
151	 1.7000000000e+002	 1.54037e+002	-1.89249e+002
152	 1.7100000000e+002	 1.53220e+002	-1.81884e+002
153	 1.7200000000e+002	 1.52451e+002	-1.74523e+002
154	 1.7300000000e+002	 1.51696e+002	-1.67239e+002
155	 1.7400000000e+002	 1.50959e+002	-1.60015e+002
156	 1.7500000000e+002	 1.50217e+002	-1.52908e+002
157	 1.7600000000e+002	 1.49474e+002	-1.45876e+002
158	 1.7700000000e+002	 1.48750e+002	-1.38931e+002
159	 1.7800000000e+002	 1.48035e+002	-1.32096e+002
160	 1.7900000000e+002	 1.47344e+002	-1.25352e+002
161	 1.8000000000e+002	 1.46659e+002	-1.18759e+002
162	 1.8100000000e+002	 1.46005e+002	-1.12253e+002
163	 1.8200000000e+002	 1.45330e+002	-1.05860e+002
164	 1.8300000000e+002	 1.44647e+002	-9.95545e+001
165	 1.8400000000e+002	 1.43942e+002	-9.33323e+001
166	 1.8500000000e+002	 1.43307e+002	-8.71895e+001
167	 1.8600000000e+002	 1.42643e+002	-8.10934e+001
168	 1.8700000000e+002	 1.41998e+002	-7.50424e+001
169	 1.8800000000e+002	 1.41368e+002	-6.90609e+001
170	 1.8900000000e+002	 1.40727e+002	-6.30854e+001
171	 1.9000000000e+002	 1.40077e+002	-5.71261e+001
172	 1.9100000000e+002	 1.39428e+002	-5.12027e+001
173	 1.9200000000e+002	 1.38784e+002	-4.52805e+001
174	 1.9300000000e+002	 1.38160e+002	-3.93411e+001
175	 1.9400000000e+002	 1.37512e+002	-3.34534e+001
176	 1.9500000000e+002	 1.36880e+002	-2.75478e+001
177	 1.9600000000e+002	 1.36244e+002	-2.16532e+001
178	 1.9700000000e+002	 1.35623e+002	-1.57525e+001
179	 1.9800000000e+002	 1.34991e+002	-9.84753e+000
180	 1.9900000000e+002	 1.34367e+002	-3.95940e+000
181	 2.0000000000e+002	 1.33726e+002	 1.91782e+000
182	 2.0100000000e+002	 1.33121e+002	 7.81279e+000
183	 2.0200000000e+002	 1.32512e+002	 1.37006e+001
184	 2.0300000000e+002	 1.31914e+002	 1.95078e+001
185	 2.0400000000e+002	 1.31317e+002	 2.53065e+001
186	 2.0500000000e+002	 1.30709e+002	 3.11105e+001
187	 2.0600000000e+002	 1.30123e+002	 3.67811e+001
188	 2.0700000000e+002	 1.29601e+002	 4.24363e+001
189	 2.0800000000e+002	 1.29083e+002	 4.80337e+001
190	 2.0900000000e+002	 1.28595e+002	 5.35419e+001
191	 2.1000000000e+002	 1.28105e+002	 5.89509e+001
192	 2.1100000000e+002	 1.27573e+002	 6.42950e+001
193	 2.1200000000e+002	 1.26995e+002	 6.95657e+001
194	 2.1300000000e+002	 1.26325e+002	 7.48539e+001
195	 2.1400000000e+002	 1.25553e+002	 8.01354e+001
196	 2.1500000000e+002	 1.24635e+002	 8.54766e+001
197	 2.1600000000e+002	 1.23623e+002	 9.09177e+001
198	 2.1700000000e+002	 1.22599e+002	 9.65164e+001
199	 2.1800000000e+002	 1.21561e+002	 1.02228e+002
200	 2.1900000000e+002	 1.20527e+002	 1.08002e+002
201	 2.2000000000e+002	 1.19522e+002	 1.13836e+002
202	 2.2100000000e+002	 1.18585e+002	 1.19701e+002
203	 2.2200000000e+002	 1.17693e+002	 1.25540e+002
204	 2.2300000000e+002	 1.16841e+002	 1.31333e+002
205	 2.2400000000e+002	 1.16009e+002	 1.37057e+002
206	 2.2500000000e+002	 1.15222e+002	 1.42675e+002
207	 2.2600000000e+002	 1.14459e+002	 1.48176e+002
208	 2.2700000000e+002	 1.13680e+002	 1.53554e+002
209	 2.2800000000e+002	 1.12914e+002	 1.58822e+002
210	 2.2900000000e+002	 1.12139e+002	 1.63992e+002
211	 2.3000000000e+002	 1.11383e+002	 1.69044e+002
212	 2.3100000000e+002	 1.10596e+002	 1.74040e+002
213	 2.3200000000e+002	 1.09797e+002	 1.78965e+002
214	 2.3300000000e+002	 1.08963e+002	 1.83855e+002
215	 2.3400000000e+002	 1.08133e+002	 1.88704e+002
216	 2.3500000000e+002	 1.07334e+002	 1.93488e+002
217	 2.3600000000e+002	 1.06532e+002	 1.98240e+002
218	 2.3700000000e+002	 1.05715e+002	 2.03015e+002
219	 2.3800000000e+002	 1.04885e+002	 2.07779e+002
220	 2.3900000000e+002	 1.04025e+002	 2.12580e+002
221	 2.4000000000e+002	 1.03190e+002	 2.17484e+002
222	 2.4100000000e+002	 1.02412e+002	 2.22374e+002
223	 2.4200000000e+002	 1.01675e+002	 2.27297e+002
224	 2.4300000000e+002	 1.00971e+002	 2.32228e+002
225	 2.4400000000e+002	 1.00262e+002	 2.37143e+002
226	 2.4500000000e+002	 9.95944e+001	 2.42080e+002
227	 2.4600000000e+002	 9.88485e+001	 2.47015e+002
228	 2.4700000000e+002	 9.81310e+001	 2.51977e+002
229	 2.4800000000e+002	 9.74193e+001	 2.56938e+002
230	 2.4900000000e+002	 9.67275e+001	 2.61806e+002
231	 2.5000000000e+002	 9.59552e+001	 2.66526e+002
232	 2.5100000000e+002	 9.53956e+001	 2.71654e+002
233	 2.5200000000e+002	 9.47884e+001	 2.76701e+002
234	 2.5300000000e+002	 9.40632e+001	 2.81622e+002
235	 2.5400000000e+002	 9.33162e+001	 2.86556e+002
236	 2.5500000000e+002	 9.26651e+001	 2.91480e+002
237	 2.5600000000e+002	 9.19406e+001	 2.96374e+002
238	 2.5700000000e+002	 9.12465e+001	 3.01349e+002
239	 2.5800000000e+002	 9.06253e+001	 3.06337e+002
240	 2.5900000000e+002	 8.99553e+001	 3.11239e+002
241	 2.6000000000e+002	 8.92691e+001	 3.16159e+002
242	 2.6100000000e+002	 8.85888e+001	 3.21003e+002
243	 2.6200000000e+002	 8.79554e+001	 3.25933e+002
244	 2.6300000000e+002	 8.73573e+001	 3.30767e+002
245	 2.6400000000e+002	 8.66846e+001	 3.35541e+002
246	 2.6500000000e+002	 8.60242e+001	 3.40279e+002
247	 2.6600000000e+002	 8.52860e+001	 3.44953e+002
248	 2.6700000000e+002	 8.44495e+001	 3.49734e+002
249	 2.6800000000e+002	 8.36322e+001	 3.54527e+002
250	 2.6900000000e+002	 8.27837e+001	 3.59279e+002
251	 2.7000000000e+002	 8.18482e+001	 3.64114e+002
252	 2.7100000000e+002	 8.09806e+001	 3.69023e+002
253	 2.7200000000e+002	 8.01807e+001	 3.73904e+002
254	 2.7300000000e+002	 7.92939e+001	 3.78840e+002
255	 2.7400000000e+002	 7.84160e+001	 3.83761e+002
256	 2.7500000000e+002	 7.75932e+001	 3.88640e+002
257	 2.7600000000e+002	 7.67653e+001	 3.93606e+002
258	 2.7700000000e+002	 7.59484e+001	 3.98624e+002
259	 2.7800000000e+002	 7.51908e+001	 4.03542e+002
260	 2.7900000000e+002	 7.44370e+001	 4.08511e+002
261	 2.8000000000e+002	 7.36935e+001	 4.13495e+002
262	 2.8100000000e+002	 7.28583e+001	 4.18397e+002
263	 2.8200000000e+002	 7.21078e+001	 4.23375e+002
264	 2.8300000000e+002	 7.13123e+001	 4.28345e+002
265	 2.8400000000e+002	 7.05910e+001	 4.33388e+002
266	 2.8500000000e+002	 6.98570e+001	 4.38406e+002
267	 2.8600000000e+002	 6.90810e+001	 4.43554e+002
268	 2.8700000000e+002	 6.83574e+001	 4.48673e+002
269	 2.8800000000e+002	 6.77434e+001	 4.53821e+002
270	 2.8900000000e+002	 6.71335e+001	 4.59038e+002
271	 2.9000000000e+002	 6.65131e+001	 4.64213e+002
272	 2.9100000000e+002	 6.59951e+001	 4.69400e+002
273	 2.9200000000e+002	 6.54472e+001	 4.74725e+002
274	 2.9300000000e+002	 6.50740e+001	 4.80150e+002
275	 2.9400000000e+002	 6.45734e+001	 4.85531e+002
276	 2.9500000000e+002	 6.44434e+001	 4.90901e+002
277	 2.9600000000e+002	 6.43226e+001	 4.96336e+002
278	 2.9700000000e+002	 6.43135e+001	 5.01813e+002
279	 2.9800000000e+002	 6.43743e+001	 5.07209e+002
280	 2.9900000000e+002	 6.46481e+001	 5.12656e+002
281	 3.0000000000e+002	 6.50217e+001	 5.18354e+002
282	 3.0100000000e+002	 6.54909e+001	 5.23976e+002
283	 3.0200000000e+002	 6.62847e+001	 5.29703e+002
284	 3.0300000000e+002	 6.75433e+001	 5.35517e+002
285	 3.0400000000e+002	 6.92177e+001	 5.41558e+002
286	 3.0500000000e+002	 7.17331e+001	 5.47477e+002
287	 3.0600000000e+002	 7.53233e+001	 5.52960e+002
288	 3.0700000000e+002	 7.99478e+001	 5.57443e+002
289	 3.0800000000e+002	 8.54341e+001	 5.60257e+002
290	 3.0900000000e+002	 9.11483e+001	 5.60763e+002
291	 3.1000000000e+002	 9.56278e+001	 5.58579e+002
292	 3.1100000000e+002	 9.72532e+001	 5.54769e+002
293	 3.1200000000e+002	 9.60438e+001	 5.50588e+002
294	 3.1300000000e+002	 9.20578e+001	 5.47822e+002
295	 3.1400000000e+002	 8.67240e+001	 5.47148e+002
296	 3.1500000000e+002	 8.12784e+001	 5.48393e+002
297	 3.1600000000e+002	 7.59608e+001	 5.51046e+002
298	 3.1700000000e+002	 7.11938e+001	 5.54823e+002
299	 3.1800000000e+002	 6.68914e+001	 5.59195e+002
300	 3.1900000000e+002	 6.30991e+001	 5.64132e+002
301	 3.2000000000e+002	 5.99782e+001	 5.69267e+002
302	 3.2100000000e+002	 5.74209e+001	 5.74941e+002
303	 3.2200000000e+002	 5.54529e+001	 5.80642e+002
304	 3.2300000000e+002	 5.43188e+001	 5.86561e+002
305	 3.2400000000e+002	 5.37748e+001	 5.92084e+002
306	 3.2500000000e+002	 5.38768e+001	 5.96837e+002
307	 3.2600000000e+002	 5.44291e+001	 6.00567e+002
308	 3.2700000000e+002	 5.46238e+001	 6.03574e+002
309	 3.2800000000e+002	 5.36518e+001	 6.05490e+002
310	 3.2900000000e+002	 5.20885e+001	 6.07712e+002
311	 3.3000000000e+002	 4.95398e+001	 6.10438e+002
312	 3.3100000000e+002	 4.66051e+001	 6.13494e+002
313	 3.3200000000e+002	 4.38282e+001	 6.17336e+002
314	 3.3300000000e+002	 4.11293e+001	 6.21470e+002
315	 3.3400000000e+002	 3.83672e+001	 6.25712e+002
316	 3.3500000000e+002	 3.56771e+001	 6.30415e+002
317	 3.3600000000e+002	 3.32307e+001	 6.35130e+002
318	 3.3700000000e+002	 3.08914e+001	 6.40541e+002
319	 3.3800000000e+002	 2.88369e+001	 6.45837e+002
320	 3.3900000000e+002	 2.71248e+001	 6.51107e+002
321	 3.4000000000e+002	 2.59301e+001	 6.56847e+002
322	 3.4100000000e+002	 2.51354e+001	 6.62309e+002
323	 3.4200000000e+002	 2.43204e+001	 6.66940e+002
324	 3.4300000000e+002	 2.34600e+001	 6.71507e+002
325	 3.4400000000e+002	 2.26853e+001	 6.76241e+002
326	 3.4500000000e+002	 2.20495e+001	 6.80754e+002
327	 3.4600000000e+002	 2.10772e+001	 6.85136e+002
328	 3.4700000000e+002	 2.00243e+001	 6.89497e+002
329	 3.4800000000e+002	 1.90424e+001	 6.93776e+002
330	 3.4900000000e+002	 1.81106e+001	 6.98116e+002
331	 3.5000000000e+002	 1.70554e+001	 7.01801e+002
332	 3.5100000000e+002	 1.61536e+001	 7.06473e+002
333	 3.5200000000e+002	 1.52119e+001	 7.11066e+002
334	 3.5300000000e+002	 1.42343e+001	 7.15470e+002
335	 3.5400000000e+002	 1.32539e+001	 7.19873e+002
336	 3.5500000000e+002	 1.20515e+001	 7.24204e+002
337	 3.5600000000e+002	 1.08450e+001	 7.28494e+002
338	 3.5700000000e+002	 9.80480e+000	 7.32821e+002
339	 3.5800000000e+002	 8.81679e+000	 7.37138e+002
340	 3.5900000000e+002	 7.83062e+000	 7.41400e+002
341	 3.6000000000e+002	 6.86189e+000	 7.45648e+002
342	 3.6100000000e+002	 5.87023e+000	 7.49917e+002
343	 3.6200000000e+002	 4.84613e+000	 7.54139e+002
344	 3.6300000000e+002	 3.83069e+000	 7.58204e+002
345	 3.6400000000e+002	 2.79124e+000	 7.62238e+002
346	 3.6500000000e+002	 1.79585e+000	 7.66313e+002
347	 3.6600000000e+002	 8.51197e-001	 7.70340e+002
348	 3.6700000000e+002	-1.38607e-001	 7.74328e+002
349	 3.6800000000e+002	-1.20068e+000	 7.78344e+002
350	 3.6900000000e+002	-2.27284e+000	 7.82331e+002
351	 3.7000000000e+002	-3.34003e+000	 7.86249e+002
352	 3.7100000000e+002	-4.39359e+000	 7.90084e+002
353	 3.7200000000e+002	-5.45618e+000	 7.93921e+002
354	 3.7300000000e+002	-6.66520e+000	 7.97916e+002
355	 3.7400000000e+002	-7.89720e+000	 8.01898e+002
356	 3.7500000000e+002	-9.16205e+000	 8.05735e+002
357	 3.7600000000e+002	-1.03366e+001	 8.09636e+002
358	 3.7700000000e+002	-1.13438e+001	 8.13585e+002
359	 3.7800000000e+002	-1.23255e+001	 8.17604e+002
360	 3.7900000000e+002	-1.34577e+001	 8.21516e+002
361	 3.8000000000e+002	-1.47169e+001	 8.25629e+002
362	 3.8100000000e+002	-1.58141e+001	 8.29650e+002
363	 3.8200000000e+002	-1.68074e+001	 8.33601e+002
364	 3.8300000000e+002	-1.78944e+001	 8.37669e+002
365	 3.8400000000e+002	-1.90983e+001	 8.41774e+002
366	 3.8500000000e+002	-2.03449e+001	 8.45751e+002
367	 3.8600000000e+002	-2.15397e+001	 8.49790e+002
368	 3.8700000000e+002	-2.26522e+001	 8.53475e+002
369	 3.8800000000e+002	-2.36885e+001	 8.57531e+002
370	 3.8900000000e+002	-2.48685e+001	 8.61548e+002
371	 3.9000000000e+002	-2.61923e+001	 8.65493e+002
372	 3.9100000000e+002	-2.75110e+001	 8.69439e+002
373	 3.9200000000e+002	-2.85146e+001	 8.73369e+002
374	 3.9300000000e+002	-2.96556e+001	 8.77295e+002
375	 3.9400000000e+002	-3.08690e+001	 8.81188e+002
376	 3.9500000000e+002	-3.19599e+001	 8.85112e+002
377	 3.9600000000e+002	-3.34268e+001	 8.88773e+002
378	 3.9700000000e+002	-3.45402e+001	 8.92885e+002
379	 3.9800000000e+002	-3.54218e+001	 8.96743e+002
380	 3.9900000000e+002	-3.71649e+001	 9.00831e+002
381	 4.0000000000e+002	-3.82322e+001	 9.05026e+002
382	 4.0100000000e+002	-3.89446e+001	 9.08440e+002
383	 4.0200000000e+002	-4.01284e+001	 9.12330e+002
384	 4.0300000000e+002	-4.16440e+001	 9.16483e+002
385	 4.0400000000e+002	-4.28572e+001	 9.20259e+002
386	 4.0500000000e+002	-4.40939e+001	 9.23805e+002
387	 4.0600000000e+002	-4.51720e+001	 9.27435e+002
388	 4.0700000000e+002	-4.65464e+001	 9.31001e+002
389	 4.0800000000e+002	-4.80524e+001	 9.35165e+002
390	 4.0900000000e+002	-4.95977e+001	 9.39063e+002
391	 4.1000000000e+002	-5.06863e+001	 9.43191e+002
392	 4.1100000000e+002	-5.23540e+001	 9.47208e+002
393	 4.1200000000e+002	-5.36524e+001	 9.50904e+002
394	 4.1300000000e+002	-5.48335e+001	 9.54886e+002
395	 4.1400000000e+002	-5.57269e+001	 9.58864e+002
396	 4.1500000000e+002	-5.69276e+001	 9.63008e+002
397	 4.1600000000e+002	-5.84017e+001	 9.66662e+002
398	 4.1700000000e+002	-5.95264e+001	 9.70348e+002
399	 4.1800000000e+002	-6.09134e+001	 9.74069e+002
400	 4.1900000000e+002	-6.20906e+001	 9.77908e+002
401	 4.2000000000e+002	-6.32754e+001	 9.81368e+002
402	 4.2100000000e+002	-6.46622e+001	 9.85190e+002
403	 4.2200000000e+002	-6.59173e+001	 9.89055e+002
404	 4.2300000000e+002	-6.70760e+001	 9.92562e+002
405	 4.2400000000e+002	-6.84725e+001	 9.96285e+002
406	 4.2500000000e+002	-6.99183e+001	 9.99859e+002
407	 4.2600000000e+002	-7.12777e+001	 1.00329e+003
408	 4.2700000000e+002	-7.28636e+001	 1.00696e+003
409	 4.2800000000e+002	-7.42635e+001	 1.01052e+003
410	 4.2900000000e+002	-7.60128e+001	 1.01419e+003
411	 4.3000000000e+002	-7.73227e+001	 1.01759e+003
412	 4.3100000000e+002	-7.91541e+001	 1.02127e+003
413	 4.3200000000e+002	-8.06203e+001	 1.02479e+003
414	 4.3300000000e+002	-8.26756e+001	 1.02831e+003
415	 4.3400000000e+002	-8.45084e+001	 1.03184e+003
416	 4.3500000000e+002	-8.60657e+001	 1.03575e+003
417	 4.3600000000e+002	-8.78511e+001	 1.03911e+003
418	 4.3700000000e+002	-8.96051e+001	 1.04226e+003
419	 4.3800000000e+002	-9.15155e+001	 1.04607e+003
420	 4.3900000000e+002	-9.35951e+001	 1.04959e+003
421	 4.4000000000e+002	-9.57353e+001	 1.05358e+003
422	 4.4100000000e+002	-9.75610e+001	 1.05751e+003
423	 4.4200000000e+002	-9.96330e+001	 1.06084e+003
424	 4.4300000000e+002	-1.02141e+002	 1.06496e+003
425	 4.4400000000e+002	-1.04092e+002	 1.06917e+003
426	 4.4500000000e+002	-1.06776e+002	 1.07328e+003
427	 4.4600000000e+002	-1.08819e+002	 1.07785e+003
428	 4.4700000000e+002	-1.10548e+002	 1.08210e+003
429	 4.4800000000e+002	-1.12559e+002	 1.08617e+003
430	 4.4900000000e+002	-1.14085e+002	 1.09060e+003
431	 4.5000000000e+002	-1.15095e+002	 1.09607e+003
432	 4.5100000000e+002	-1.17153e+002	 1.09905e+003
433	 4.5200000000e+002	-1.18389e+002	 1.10278e+003
434	 4.5300000000e+002	-1.20151e+002	 1.10640e+003
435	 4.5400000000e+002	-1.21468e+002	 1.11051e+003
436	 4.5500000000e+002	-1.23270e+002	 1.11419e+003
437	 4.5600000000e+002	-1.25195e+002	 1.11760e+003
438	 4.5700000000e+002	-1.27525e+002	 1.12136e+003
439	 4.5800000000e+002	-1.29733e+002	 1.12519e+003
440	 4.5900000000e+002	-1.31581e+002	 1.12865e+003
441	 4.6000000000e+002	-1.33476e+002	 1.13260e+003
442	 4.6100000000e+002	-1.36356e+002	 1.13665e+003
443	 4.6200000000e+002	-1.38399e+002	 1.14010e+003
444	 4.6300000000e+002	-1.40466e+002	 1.14436e+003
445	 4.6400000000e+002	-1.42541e+002	 1.14838e+003
446	 4.6500000000e+002	-1.44873e+002	 1.15205e+003
447	 4.6600000000e+002	-1.47692e+002	 1.15627e+003
448	 4.6700000000e+002	-1.50314e+002	 1.16092e+003
449	 4.6800000000e+002	-1.51927e+002	 1.16403e+003
450	 4.6900000000e+002	-1.54180e+002	 1.16837e+003
451	 4.7000000000e+002	-1.56595e+002	 1.17311e+003
452	 4.7100000000e+002	-1.58933e+002	 1.17718e+003
453	 4.7200000000e+002	-1.61116e+002	 1.18186e+003
454	 4.7300000000e+002	-1.63977e+002	 1.18618e+003
455	 4.7400000000e+002	-1.66641e+002	 1.19055e+003
456	 4.7500000000e+002	-1.69094e+002	 1.19457e+003
457	 4.7600000000e+002	-1.71190e+002	 1.19848e+003
458	 4.7700000000e+002	-1.72980e+002	 1.20330e+003
459	 4.7800000000e+002	-1.75275e+002	 1.20799e+003
460	 4.7900000000e+002	-1.78146e+002	 1.21223e+003
461	 4.8000000000e+002	-1.81005e+002	 1.21732e+003
462	 4.8100000000e+002	-1.83652e+002	 1.22242e+003
463	 4.8200000000e+002	-1.86316e+002	 1.22665e+003
464	 4.8300000000e+002	-1.89230e+002	 1.23065e+003
465	 4.8400000000e+002	-1.92030e+002	 1.23545e+003
466	 4.8500000000e+002	-1.94389e+002	 1.24077e+003
467	 4.8600000000e+002	-1.96850e+002	 1.24586e+003
468	 4.8700000000e+002	-1.99214e+002	 1.25130e+003
469	 4.8800000000e+002	-2.01781e+002	 1.25666e+003
470	 4.8900000000e+002	-2.04322e+002	 1.26187e+003
471	 4.9000000000e+002	-2.06171e+002	 1.26733e+003
472	 4.9100000000e+002	-2.07584e+002	 1.27257e+003
473	 4.9200000000e+002	-2.09140e+002	 1.27778e+003
474	 4.9300000000e+002	-2.10881e+002	 1.28305e+003
475	 4.9400000000e+002	-2.12566e+002	 1.28794e+003
476	 4.9500000000e+002	-2.14147e+002	 1.29246e+003
477	 4.9600000000e+002	-2.15700e+002	 1.29713e+003
478	 4.9700000000e+002	-2.17470e+002	 1.30178e+003
479	 4.9800000000e+002	-2.19516e+002	 1.30630e+003
480	 4.9900000000e+002	-2.21475e+002	 1.31100e+003
481	 5.0000000000e+002	-2.23351e+002	 1.31579e+003
482	 5.0100000000e+002	-2.25326e+002	 1.32052e+003
483	 5.0200000000e+002	-2.27343e+002	 1.32534e+003
484	 5.0300000000e+002	-2.29359e+002	 1.33009e+003
485	 5.0400000000e+002	-2.31384e+002	 1.33493e+003
486	 5.0500000000e+002	-2.33439e+002	 1.33991e+003
487	 5.0600000000e+002	-2.35561e+002	 1.34503e+003
488	 5.0700000000e+002	-2.37497e+002	 1.35009e+003
489	 5.0800000000e+002	-2.39437e+002	 1.35495e+003
490	 5.0900000000e+002	-2.41518e+002	 1.35990e+003
491	 5.1000000000e+002	-2.43432e+002	 1.36514e+003
492	 5.1100000000e+002	-2.45259e+002	 1.37065e+003
493	 5.1200000000e+002	-2.47073e+002	 1.37596e+003
494	 5.1300000000e+002	-2.48925e+002	 1.38102e+003
495	 5.1400000000e+002	-2.50662e+002	 1.38588e+003
496	 5.1500000000e+002	-2.52398e+002	 1.39095e+003
497	 5.1600000000e+002	-2.54139e+002	 1.39615e+003
498	 5.1700000000e+002	-2.55727e+002	 1.40107e+003
499	 5.1800000000e+002	-2.57380e+002	 1.40595e+003
500	 5.1900000000e+002	-2.59030e+002	 1.41114e+003
501	 5.2000000000e+002	-2.60904e+002	 1.41649e+003
502	 5.2100000000e+002	-2.62711e+002	 1.42145e+003
503	 5.2200000000e+002	-2.64541e+002	 1.42642e+003
504	 5.2300000000e+002	-2.66749e+002	 1.43142e+003
505	 5.2400000000e+002	-2.68961e+002	 1.43629e+003
506	 5.2500000000e+002	-2.70812e+002	 1.44131e+003
507	 5.2600000000e+002	-2.72587e+002	 1.44682e+003
508	 5.2700000000e+002	-2.74509e+002	 1.45226e+003
509	 5.2800000000e+002	-2.76475e+002	 1.45752e+003
510	 5.2900000000e+002	-2.78741e+002	 1.46255e+003
511	 5.3000000000e+002	-2.80802e+002	 1.46740e+003
512	 5.3100000000e+002	-2.82246e+002	 1.47267e+003
513	 5.3200000000e+002	-2.83880e+002	 1.47806e+003
514	 5.3300000000e+002	-2.86086e+002	 1.48353e+003
515	 5.3400000000e+002	-2.88221e+002	 1.48919e+003
516	 5.3500000000e+002	-2.88976e+002	 1.49446e+003
517	 5.3600000000e+002	-2.90782e+002	 1.49936e+003
518	 5.3700000000e+002	-2.92821e+002	 1.50480e+003
519	 5.3800000000e+002	-2.94373e+002	 1.51053e+003
520	 5.3900000000e+002	-2.96151e+002	 1.51583e+003
521	 5.4000000000e+002	-2.98053e+002	 1.52099e+003
522	 5.4100000000e+002	-2.99638e+002	 1.52613e+003
523	 5.4200000000e+002	-3.00792e+002	 1.53207e+003
524	 5.4300000000e+002	-3.01790e+002	 1.53900e+003
525	 5.4400000000e+002	-3.04041e+002	 1.54333e+003
526	 5.4500000000e+002	-3.06339e+002	 1.54829e+003
527	 5.4600000000e+002	-3.06813e+002	 1.55388e+003
528	 5.4700000000e+002	-3.08481e+002	 1.55889e+003
529	 5.4800000000e+002	-3.10311e+002	 1.56511e+003
530	 5.4900000000e+002	-3.11553e+002	 1.56973e+003
531	 5.5000000000e+002	-3.15740e+002	 1.57302e+003
532	 5.5100000000e+002	-3.15661e+002	 1.58038e+003
533	 5.5200000000e+002	-3.16117e+002	 1.58676e+003
534	 5.5300000000e+002	-3.17974e+002	 1.59296e+003
535	 5.5400000000e+002	-3.18821e+002	 1.59829e+003
536	 5.5500000000e+002	-3.19359e+002	 1.60253e+003
537	 5.5600000000e+002	-3.20730e+002	 1.60756e+003
538	 5.5700000000e+002	-3.23259e+002	 1.61367e+003
539	 5.5800000000e+002	-3.23704e+002	 1.61834e+003
540	 5.5900000000e+002	-3.25951e+002	 1.62465e+003
541	 5.6000000000e+002	-3.27735e+002	 1.62984e+003
542	 5.6100000000e+002	-3.29502e+002	 1.63564e+003
543	 5.6200000000e+002	-3.30044e+002	 1.64085e+003
544	 5.6300000000e+002	-3.30481e+002	 1.64652e+003
545	 5.6400000000e+002	-3.32536e+002	 1.65179e+003
546	 5.6500000000e+002	-3.32588e+002	 1.65721e+003
547	 5.6600000000e+002	-3.34097e+002	 1.66305e+003
548	 5.6700000000e+002	-3.36288e+002	 1.66651e+003
549	 5.6800000000e+002	-3.36018e+002	 1.67262e+003
550	 5.6900000000e+002	-3.37631e+002	 1.67890e+003
551	 5.7000000000e+002	-3.38534e+002	 1.68409e+003
552	 5.7100000000e+002	-3.40270e+002	 1.68845e+003
553	 5.7200000000e+002	-3.39822e+002	 1.69445e+003
554	 5.7300000000e+002	-3.42187e+002	 1.70041e+003
555	 5.7400000000e+002	-3.43387e+002	 1.70555e+003
556	 5.7500000000e+002	-3.44519e+002	 1.71086e+003
557	 5.7600000000e+002	-3.44352e+002	 1.71660e+003
558	 5.7700000000e+002	-3.45578e+002	 1.72195e+003
559	 5.7800000000e+002	-3.46505e+002	 1.72746e+003
560	 5.7900000000e+002	-3.47110e+002	 1.73389e+003
561	 5.8000000000e+002	-3.48121e+002	 1.73806e+003
562	 5.8100000000e+002	-3.48771e+002	 1.74363e+003
563	 5.8200000000e+002	-3.49532e+002	 1.74858e+003
564	 5.8300000000e+002	-3.49740e+002	 1.75323e+003
565	 5.8400000000e+002	-3.50288e+002	 1.75961e+003
566	 5.8500000000e+002	-3.51743e+002	 1.76411e+003
567	 5.8600000000e+002	-3.51700e+002	 1.76998e+003
568	 5.8700000000e+002	-3.51776e+002	 1.77664e+003
569	 5.8800000000e+002	-3.52541e+002	 1.78183e+003
570	 5.8900000000e+002	-3.53008e+002	 1.78558e+003
571	 5.9000000000e+002	-3.53440e+002	 1.79090e+003
572	 5.9100000000e+002	-3.53513e+002	 1.79708e+003
573	 5.9200000000e+002	-3.53092e+002	 1.80217e+003
574	 5.9300000000e+002	-3.54284e+002	 1.80645e+003
575	 5.9400000000e+002	-3.53121e+002	 1.81168e+003
576	 5.9500000000e+002	-3.52614e+002	 1.81506e+003
577	 5.9600000000e+002	-3.53377e+002	 1.82062e+003
578	 5.9700000000e+002	-3.51095e+002	 1.82556e+003
579	 5.9800000000e+002	-3.50786e+002	 1.82968e+003
580	 5.9900000000e+002	-3.50831e+002	 1.83372e+003
581	 6.0000000000e+002	-3.50588e+002	 1.83779e+003
582	 6.0100000000e+002	-3.48953e+002	 1.84138e+003
583	 6.0200000000e+002	-3.47105e+002	 1.84401e+003
584	 6.0300000000e+002	-3.46715e+002	 1.84904e+003
585	 6.0400000000e+002	-3.46486e+002	 1.85286e+003
586	 6.0500000000e+002	-3.45627e+002	 1.85256e+003
587	 6.0600000000e+002	-3.44128e+002	 1.85349e+003
588	 6.0700000000e+002	-3.43412e+002	 1.85581e+003
589	 6.0800000000e+002	-3.42884e+002	 1.85780e+003
590	 6.0900000000e+002	-3.42207e+002	 1.85862e+003
591	 6.1000000000e+002	-3.42943e+002	 1.85929e+003
592	 6.1100000000e+002	-3.44755e+002	 1.85904e+003
593	 6.1200000000e+002	-3.46306e+002	 1.85877e+003
594	 6.1300000000e+002	-3.46665e+002	 1.85816e+003
595	 6.1400000000e+002	-3.48578e+002	 1.85793e+003
596	 6.1500000000e+002	-3.51509e+002	 1.85807e+003
597	 6.1600000000e+002	-3.55445e+002	 1.85786e+003
598	 6.1700000000e+002	-3.60870e+002	 1.85720e+003
599	 6.1800000000e+002	-3.66516e+002	 1.85735e+003
600	 6.1900000000e+002	-3.71454e+002	 1.85763e+003
601	 6.2000000000e+002	-3.76506e+002	 1.85841e+003
602	 6.2100000000e+002	-3.82511e+002	 1.85874e+003
603	 6.2200000000e+002	-3.89200e+002	 1.86021e+003
604	 6.2300000000e+002	-3.96552e+002	 1.86336e+003
605	 6.2400000000e+002	-4.02964e+002	 1.86683e+003
606	 6.2500000000e+002	-4.09639e+002	 1.86994e+003
607	 6.2600000000e+002	-4.16935e+002	 1.87316e+003
608	 6.2700000000e+002	-4.24063e+002	 1.87683e+003
609	 6.2800000000e+002	-4.31696e+002	 1.88115e+003
610	 6.2900000000e+002	-4.38886e+002	 1.88627e+003
611	 6.3000000000e+002	-4.45583e+002	 1.89230e+003
612	 6.3100000000e+002	-4.51845e+002	 1.89846e+003
613	 6.3200000000e+002	-4.58602e+002	 1.90480e+003
614	 6.3300000000e+002	-4.65380e+002	 1.91088e+003
615	 6.3400000000e+002	-4.72335e+002	 1.91730e+003
616	 6.3500000000e+002	-4.78096e+002	 1.92394e+003
617	 6.3600000000e+002	-4.83610e+002	 1.93076e+003
618	 6.3700000000e+002	-4.89162e+002	 1.93746e+003
619	 6.3800000000e+002	-4.94653e+002	 1.94462e+003
620	 6.3900000000e+002	-5.00179e+002	 1.95198e+003
621	 6.4000000000e+002	-5.04808e+002	 1.95953e+003
622	 6.4100000000e+002	-5.09161e+002	 1.96728e+003
623	 6.4200000000e+002	-5.13881e+002	 1.97538e+003
624	 6.4300000000e+002	-5.18970e+002	 1.98349e+003
625	 6.4400000000e+002	-5.23396e+002	 1.99110e+003
626	 6.4500000000e+002	-5.27674e+002	 1.99855e+003
627	 6.4600000000e+002	-5.32473e+002	 2.00612e+003
628	 6.4700000000e+002	-5.36584e+002	 2.01404e+003
629	 6.4800000000e+002	-5.40385e+002	 2.02230e+003
630	 6.4900000000e+002	-5.43996e+002	 2.03026e+003
631	 6.5000000000e+002	-5.47726e+002	 2.03844e+003
632	 6.5100000000e+002	-5.50765e+002	 2.04693e+003
633	 6.5200000000e+002	-5.54089e+002	 2.05490e+003
634	 6.5300000000e+002	-5.57817e+002	 2.06335e+003
635	 6.5400000000e+002	-5.60538e+002	 2.07218e+003
636	 6.5500000000e+002	-5.63630e+002	 2.08066e+003
637	 6.5600000000e+002	-5.66820e+002	 2.08929e+003
638	 6.5700000000e+002	-5.69752e+002	 2.09805e+003
639	 6.5800000000e+002	-5.73201e+002	 2.10635e+003
640	 6.5900000000e+002	-5.75463e+002	 2.11382e+003
641	 6.6000000000e+002	-5.78208e+002	 2.12184e+003
642	 6.6100000000e+002	-5.81520e+002	 2.13073e+003
643	 6.6200000000e+002	-5.84461e+002	 2.13972e+003
644	 6.6300000000e+002	-5.86201e+002	 2.14873e+003
645	 6.6400000000e+002	-5.87719e+002	 2.15755e+003
646	 6.6500000000e+002	-5.89721e+002	 2.16573e+003
647	 6.6600000000e+002	-5.92716e+002	 2.17309e+003
648	 6.6700000000e+002	-5.95468e+002	 2.18026e+003
649	 6.6800000000e+002	-5.96200e+002	 2.18899e+003
650	 6.6900000000e+002	-5.97375e+002	 2.19889e+003
651	 6.7000000000e+002	-5.98788e+002	 2.20703e+003
652	 6.7100000000e+002	-5.99391e+002	 2.21530e+003
653	 6.7200000000e+002	-6.00824e+002	 2.22391e+003
654	 6.7300000000e+002	-6.02514e+002	 2.23280e+003
655	 6.7400000000e+002	-6.03140e+002	 2.24089e+003
656	 6.7500000000e+002	-6.03592e+002	 2.24865e+003
657	 6.7600000000e+002	-6.05029e+002	 2.25751e+003
658	 6.7700000000e+002	-6.06105e+002	 2.26853e+003
659	 6.7800000000e+002	-6.06029e+002	 2.27453e+003
660	 6.7900000000e+002	-6.06329e+002	 2.28177e+003
661	 6.8000000000e+002	-6.09940e+002	 2.28938e+003
662	 6.8100000000e+002	-6.11957e+002	 2.29748e+003
663	 6.8200000000e+002	-6.11151e+002	 2.30586e+003
664	 6.8300000000e+002	-6.13547e+002	 2.31511e+003
665	 6.8400000000e+002	-6.12860e+002	 2.32270e+003
666	 6.8500000000e+002	-6.13606e+002	 2.32977e+003
667	 6.8600000000e+002	-6.13120e+002	 2.33758e+003
668	 6.8700000000e+002	-6.15230e+002	 2.34573e+003
669	 6.8800000000e+002	-6.15704e+002	 2.35225e+003
670	 6.8900000000e+002	-6.15183e+002	 2.36205e+003
671	 6.9000000000e+002	-6.15860e+002	 2.37047e+003
672	 6.9100000000e+002	-6.20312e+002	 2.37520e+003
673	 6.9200000000e+002	-6.20717e+002	 2.38183e+003
674	 6.9300000000e+002	-6.22237e+002	 2.38977e+003
675	 6.9400000000e+002	-6.21840e+002	 2.39950e+003
676	 6.9500000000e+002	-6.21416e+002	 2.40601e+003
677	 6.9600000000e+002	-6.20780e+002	 2.41666e+003
678	 6.9700000000e+002	-6.21530e+002	 2.42465e+003
679	 6.9800000000e+002	-6.23901e+002	 2.42897e+003
680	 6.9900000000e+002	-6.24760e+002	 2.43627e+003
681	 7.0000000000e+002	-6.23532e+002	 2.44346e+003
682	 7.0100000000e+002	-6.22863e+002	 2.45319e+003
683	 7.0200000000e+002	-6.23458e+002	 2.46004e+003
684	 7.0300000000e+002	-6.25151e+002	 2.46801e+003
685	 7.0400000000e+002	-6.24374e+002	 2.47227e+003
686	 7.0500000000e+002	-6.23891e+002	 2.48423e+003
687	 7.0600000000e+002	-6.24053e+002	 2.49045e+003
688	 7.0700000000e+002	-6.23009e+002	 2.49486e+003
689	 7.0800000000e+002	-6.24126e+002	 2.50509e+003
690	 7.0900000000e+002	-6.26342e+002	 2.51188e+003
691	 7.1000000000e+002	-6.26202e+002	 2.51847e+003
692	 7.1100000000e+002	-6.25486e+002	 2.52729e+003
693	 7.1200000000e+002	-6.22858e+002	 2.53574e+003
694	 7.1300000000e+002	-6.22653e+002	 2.54268e+003
695	 7.1400000000e+002	-6.21300e+002	 2.55011e+003
696	 7.1500000000e+002	-6.21910e+002	 2.55476e+003
697	 7.1600000000e+002	-6.23878e+002	 2.56044e+003
698	 7.1700000000e+002	-6.20778e+002	 2.56872e+003
699	 7.1800000000e+002	-6.21932e+002	 2.58009e+003
700	 7.1900000000e+002	-6.23087e+002	 2.58469e+003
701	 7.2000000000e+002	-6.25627e+002	 2.59027e+003
702	 7.2100000000e+002	-6.23497e+002	 2.59904e+003
703	 7.2200000000e+002	-6.25623e+002	 2.60732e+003
704	 7.2300000000e+002	-6.22225e+002	 2.61420e+003
705	 7.2400000000e+002	-6.21987e+002	 2.61763e+003
706	 7.2500000000e+002	-6.23205e+002	 2.62318e+003
707	 7.2600000000e+002	-6.24370e+002	 2.63540e+003
708	 7.2700000000e+002	-6.23083e+002	 2.64362e+003
709	 7.2800000000e+002	-6.21281e+002	 2.64996e+003
710	 7.2900000000e+002	-6.18197e+002	 2.65911e+003
711	 7.3000000000e+002	-6.16430e+002	 2.66468e+003
712	 7.3100000000e+002	-6.18448e+002	 2.66933e+003
713	 7.3200000000e+002	-6.17421e+002	 2.67719e+003
714	 7.3300000000e+002	-6.18208e+002	 2.68640e+003
715	 7.3400000000e+002	-6.19130e+002	 2.69268e+003
716	 7.3500000000e+002	-6.17880e+002	 2.69916e+003
717	 7.3600000000e+002	-6.15458e+002	 2.70855e+003
718	 7.3700000000e+002	-6.16133e+002	 2.71380e+003
719	 7.3800000000e+002	-6.15289e+002	 2.71948e+003
720	 7.3900000000e+002	-6.14308e+002	 2.72777e+003
721	 7.4000000000e+002	-6.14710e+002	 2.73618e+003
722	 7.4100000000e+002	-6.11823e+002	 2.74142e+003
723	 7.4200000000e+002	-6.09683e+002	 2.74767e+003
724	 7.4300000000e+002	-6.11215e+002	 2.75756e+003
725	 7.4400000000e+002	-6.09658e+002	 2.76613e+003
726	 7.4500000000e+002	-6.08377e+002	 2.77170e+003
727	 7.4600000000e+002	-6.10106e+002	 2.77791e+003
728	 7.4700000000e+002	-6.08914e+002	 2.78475e+003
729	 7.4800000000e+002	-6.07309e+002	 2.79110e+003
730	 7.4900000000e+002	-6.05887e+002	 2.79830e+003
731	 7.5000000000e+002	-6.08800e+002	 2.80475e+003
732	 7.5100000000e+002	-6.07701e+002	 2.81392e+003
733	 7.5200000000e+002	-6.05455e+002	 2.82106e+003
734	 7.5300000000e+002	-6.04492e+002	 2.82523e+003
735	 7.5400000000e+002	-6.04143e+002	 2.83223e+003
736	 7.5500000000e+002	-6.03513e+002	 2.83996e+003
737	 7.5600000000e+002	-6.02454e+002	 2.84594e+003
738	 7.5700000000e+002	-6.01082e+002	 2.85356e+003
739	 7.5800000000e+002	-5.98458e+002	 2.86039e+003
740	 7.5900000000e+002	-5.97485e+002	 2.86713e+003
741	 7.6000000000e+002	-5.98226e+002	 2.87467e+003
742	 7.6100000000e+002	-5.97703e+002	 2.88311e+003
743	 7.6200000000e+002	-5.95793e+002	 2.88905e+003
744	 7.6300000000e+002	-5.92579e+002	 2.89564e+003
745	 7.6400000000e+002	-5.91434e+002	 2.90229e+003
746	 7.6500000000e+002	-5.91932e+002	 2.90736e+003
747	 7.6600000000e+002	-5.91577e+002	 2.91436e+003
748	 7.6700000000e+002	-5.89843e+002	 2.92166e+003
749	 7.6800000000e+002	-5.88939e+002	 2.92844e+003
750	 7.6900000000e+002	-5.87864e+002	 2.93622e+003
751	 7.7000000000e+002	-5.85245e+002	 2.94176e+003
752	 7.7100000000e+002	-5.82727e+002	 2.94877e+003
753	 7.7200000000e+002	-5.82190e+002	 2.95483e+003
754	 7.7300000000e+002	-5.82703e+002	 2.96139e+003
755	 7.7400000000e+002	-5.80717e+002	 2.96857e+003
756	 7.7500000000e+002	-5.78297e+002	 2.97498e+003
757	 7.7600000000e+002	-5.76392e+002	 2.98238e+003
758	 7.7700000000e+002	-5.75025e+002	 2.98946e+003
759	 7.7800000000e+002	-5.73924e+002	 2.99683e+003
760	 7.7900000000e+002	-5.72869e+002	 3.00340e+003
761	 7.8000000000e+002	-5.71779e+002	 3.01063e+003
762	 7.8100000000e+002	-5.70079e+002	 3.01730e+003
763	 7.8200000000e+002	-5.67433e+002	 3.02361e+003
764	 7.8300000000e+002	-5.65234e+002	 3.03124e+003
765	 7.8400000000e+002	-5.62131e+002	 3.03849e+003
766	 7.8500000000e+002	-5.61734e+002	 3.04682e+003
767	 7.8600000000e+002	-5.58517e+002	 3.05278e+003
768	 7.8700000000e+002	-5.57668e+002	 3.06037e+003
769	 7.8800000000e+002	-5.52021e+002	 3.06685e+003
770	 7.8900000000e+002	-5.48232e+002	 3.07366e+003
771	 7.9000000000e+002	-5.48930e+002	 3.08180e+003
772	 7.9100000000e+002	-5.45758e+002	 3.08804e+003
773	 7.9200000000e+002	-5.45368e+002	 3.09542e+003
774	 7.9300000000e+002	-5.43504e+002	 3.10155e+003
775	 7.9400000000e+002	-5.34880e+002	 3.10788e+003
776	 7.9500000000e+002	-5.31876e+002	 3.11547e+003
777	 7.9600000000e+002	-5.30233e+002	 3.12211e+003
778	 7.9700000000e+002	-5.23914e+002	 3.12707e+003
779	 7.9800000000e+002	-5.20445e+002	 3.13196e+003
780	 7.9900000000e+002	-5.20796e+002	 3.13906e+003
781	 8.0000000000e+002	-5.15630e+002	 3.14363e+003
782	 8.0100000000e+002	-5.07292e+002	 3.14963e+003
783	 8.0200000000e+002	-5.06420e+002	 3.15628e+003
784	 8.0300000000e+002	-5.05543e+002	 3.16126e+003
785	 8.0400000000e+002	-4.99085e+002	 3.16618e+003
786	 8.0500000000e+002	-4.89190e+002	 3.17084e+003
787	 8.0600000000e+002	-4.85313e+002	 3.17344e+003
788	 8.0700000000e+002	-4.85456e+002	 3.17727e+003
789	 8.0800000000e+002	-4.83370e+002	 3.18194e+003
790	 8.0900000000e+002	-4.75295e+002	 3.18363e+003
791	 8.1000000000e+002	-4.66481e+002	 3.18521e+003
792	 8.1100000000e+002	-4.64042e+002	 3.18670e+003
793	 8.1200000000e+002	-4.64811e+002	 3.19187e+003
794	 8.1300000000e+002	-4.64590e+002	 3.19434e+003
795	 8.1400000000e+002	-4.64092e+002	 3.19294e+003
796	 8.1500000000e+002	-4.63091e+002	 3.19498e+003
797	 8.1600000000e+002	-4.59278e+002	 3.19911e+003
798	 8.1700000000e+002	-4.51129e+002	 3.20411e+003
799	 8.1800000000e+002	-4.47203e+002	 3.20645e+003
800	 8.1900000000e+002	-4.47705e+002	 3.20330e+003
801	 8.2000000000e+002	-4.45706e+002	 3.20886e+003
802	 8.2100000000e+002	-4.44508e+002	 3.21514e+003
803	 8.2200000000e+002	-4.45030e+002	 3.21779e+003
804	 8.2300000000e+002	-4.43117e+002	 3.21946e+003
805	 8.2400000000e+002	-4.46420e+002	 3.22236e+003
806	 8.2500000000e+002	-4.47953e+002	 3.22697e+003
807	 8.2600000000e+002	-4.45872e+002	 3.23110e+003
808	 8.2700000000e+002	-4.45416e+002	 3.23724e+003
809	 8.2800000000e+002	-4.47610e+002	 3.23886e+003
810	 8.2900000000e+002	-4.44771e+002	 3.24368e+003
811	 8.3000000000e+002	-4.40110e+002	 3.24963e+003
812	 8.3100000000e+002	-4.37825e+002	 3.25443e+003
813	 8.3200000000e+002	-4.41713e+002	 3.25859e+003
814	 8.3300000000e+002	-4.50559e+002	 3.25917e+003
815	 8.3400000000e+002	-4.54421e+002	 3.26001e+003
816	 8.3500000000e+002	-4.57729e+002	 3.26643e+003
817	 8.3600000000e+002	-4.63460e+002	 3.26817e+003
818	 8.3700000000e+002	-4.57419e+002	 3.27363e+003
819	 8.3800000000e+002	-4.47190e+002	 3.28088e+003
820	 8.3900000000e+002	-4.35052e+002	 3.28999e+003
821	 8.4000000000e+002	-4.25704e+002	 3.29469e+003
822	 8.4100000000e+002	-4.37771e+002	 3.29898e+003
823	 8.4200000000e+002	-4.51273e+002	 3.30080e+003
824	 8.4300000000e+002	-4.51548e+002	 3.30300e+003
825	 8.4400000000e+002	-4.43496e+002	 3.30649e+003
826	 8.4500000000e+002	-4.29328e+002	 3.31264e+003
827	 8.4600000000e+002	-4.25838e+002	 3.31571e+003
828	 8.4700000000e+002	-4.41051e+002	 3.32314e+003
829	 8.4800000000e+002	-4.43407e+002	 3.32512e+003
830	 8.4900000000e+002	-4.23961e+002	 3.32335e+003
831	 8.5000000000e+002	-4.15093e+002	 3.32808e+003
832	 8.5100000000e+002	-4.39019e+002	 3.32727e+003
833	 8.5200000000e+002	-4.38433e+002	 3.33324e+003
834	 8.5300000000e+002	-4.13968e+002	 3.33673e+003
835	 8.5400000000e+002	-4.30749e+002	 3.33579e+003
836	 8.5500000000e+002	-4.46725e+002	 3.33676e+003
837	 8.5600000000e+002	-4.25023e+002	 3.33665e+003
838	 8.5700000000e+002	-4.28599e+002	 3.34095e+003
839	 8.5800000000e+002	-4.47920e+002	 3.34220e+003
840	 8.5900000000e+002	-4.27991e+002	 3.33922e+003
841	 8.6000000000e+002	-4.40272e+002	 3.34382e+003
842	 8.6100000000e+002	-4.57523e+002	 3.35053e+003
843	 8.6200000000e+002	-4.40663e+002	 3.34293e+003
844	 8.6300000000e+002	-4.63642e+002	 3.35399e+003
845	 8.6400000000e+002	-4.62491e+002	 3.34951e+003
846	 8.6500000000e+002	-4.61421e+002	 3.34935e+003
847	 8.6600000000e+002	-4.78868e+002	 3.37065e+003
848	 8.6700000000e+002	-4.70278e+002	 3.37286e+003
849	 8.6800000000e+002	-4.93823e+002	 3.39019e+003
850	 8.6900000000e+002	-4.91366e+002	 3.38800e+003
851	 8.7000000000e+002	-5.10636e+002	 3.40559e+003
852	 8.7100000000e+002	-5.09695e+002	 3.41307e+003
853	 8.7200000000e+002	-5.18720e+002	 3.42917e+003
854	 8.7300000000e+002	-5.15532e+002	 3.43683e+003
855	 8.7400000000e+002	-5.16145e+002	 3.46223e+003
856	 8.7500000000e+002	-5.14698e+002	 3.47716e+003
857	 8.7600000000e+002	-5.21806e+002	 3.49581e+003
858	 8.7700000000e+002	-5.19488e+002	 3.49915e+003
859	 8.7800000000e+002	-5.17461e+002	 3.52010e+003
860	 8.7900000000e+002	-5.09078e+002	 3.53327e+003
861	 8.8000000000e+002	-5.00427e+002	 3.54739e+003
862	 8.8100000000e+002	-4.97141e+002	 3.55259e+003
863	 8.8200000000e+002	-4.88852e+002	 3.56589e+003
864	 8.8300000000e+002	-4.79093e+002	 3.58072e+003
865	 8.8400000000e+002	-4.70615e+002	 3.59082e+003
866	 8.8500000000e+002	-4.61862e+002	 3.60591e+003
867	 8.8600000000e+002	-4.55380e+002	 3.61304e+003
868	 8.8700000000e+002	-4.45357e+002	 3.61675e+003
869	 8.8800000000e+002	-4.31307e+002	 3.61915e+003
870	 8.8900000000e+002	-4.25569e+002	 3.62218e+003
871	 8.9000000000e+002	-4.19420e+002	 3.62612e+003
872	 8.9100000000e+002	-4.16265e+002	 3.62654e+003
873	 8.9200000000e+002	-4.12899e+002	 3.62424e+003
874	 8.9300000000e+002	-4.08780e+002	 3.62506e+003
875	 8.9400000000e+002	-4.03579e+002	 3.63228e+003
876	 8.9500000000e+002	-3.97174e+002	 3.63860e+003
877	 8.9600000000e+002	-3.95492e+002	 3.64424e+003
878	 8.9700000000e+002	-3.91923e+002	 3.64174e+003
879	 8.9800000000e+002	-3.90317e+002	 3.64095e+003
880	 8.9900000000e+002	-3.90746e+002	 3.64601e+003
881	 9.0000000000e+002	-3.91661e+002	 3.65059e+003
882	 9.0100000000e+002	-3.90430e+002	 3.65631e+003
883	 9.0200000000e+002	-3.88676e+002	 3.66298e+003
884	 9.0300000000e+002	-3.87093e+002	 3.66854e+003
885	 9.0400000000e+002	-3.84258e+002	 3.67366e+003
886	 9.0500000000e+002	-3.84947e+002	 3.67798e+003
887	 9.0600000000e+002	-3.84487e+002	 3.68342e+003
888	 9.0700000000e+002	-3.81953e+002	 3.68896e+003
889	 9.0800000000e+002	-3.81611e+002	 3.69390e+003
890	 9.0900000000e+002	-3.79453e+002	 3.70233e+003
891	 9.1000000000e+002	-3.78136e+002	 3.70690e+003
892	 9.1100000000e+002	-3.74299e+002	 3.71464e+003
893	 9.1200000000e+002	-3.71272e+002	 3.72104e+003
894	 9.1300000000e+002	-3.72045e+002	 3.73039e+003
895	 9.1400000000e+002	-3.74503e+002	 3.73518e+003
896	 9.1500000000e+002	-3.73128e+002	 3.74342e+003
897	 9.1600000000e+002	-3.71535e+002	 3.74768e+003
898	 9.1700000000e+002	-3.70541e+002	 3.75599e+003
899	 9.1800000000e+002	-3.69357e+002	 3.76476e+003
900	 9.1900000000e+002	-3.66787e+002	 3.77783e+003
901	 9.2000000000e+002	-3.61962e+002	 3.78823e+003
902	 9.2100000000e+002	-3.54953e+002	 3.79575e+003
903	 9.2200000000e+002	-3.48280e+002	 3.80849e+003
904	 9.2300000000e+002	-3.39708e+002	 3.81649e+003
905	 9.2400000000e+002	-3.33688e+002	 3.82488e+003
906	 9.2500000000e+002	-3.27637e+002	 3.83294e+003
907	 9.2600000000e+002	-3.20287e+002	 3.83924e+003
908	 9.2700000000e+002	-3.13934e+002	 3.84921e+003
909	 9.2800000000e+002	-3.04651e+002	 3.85136e+003
910	 9.2900000000e+002	-2.96010e+002	 3.85407e+003
911	 9.3000000000e+002	-2.90281e+002	 3.86085e+003
912	 9.3100000000e+002	-2.80132e+002	 3.86621e+003
913	 9.3200000000e+002	-2.72367e+002	 3.87247e+003
914	 9.3300000000e+002	-2.64993e+002	 3.87649e+003
915	 9.3400000000e+002	-2.57235e+002	 3.87788e+003
916	 9.3500000000e+002	-2.49186e+002	 3.88125e+003
917	 9.3600000000e+002	-2.42430e+002	 3.88537e+003
918	 9.3700000000e+002	-2.28585e+002	 3.88309e+003
919	 9.3800000000e+002	-2.14352e+002	 3.87886e+003
920	 9.3900000000e+002	-2.07432e+002	 3.88438e+003
921	 9.4000000000e+002	-2.03801e+002	 3.88703e+003
922	 9.4100000000e+002	-1.95090e+002	 3.88337e+003
923	 9.4200000000e+002	-1.84754e+002	 3.87948e+003
924	 9.4300000000e+002	-1.82316e+002	 3.88190e+003
925	 9.4400000000e+002	-1.80376e+002	 3.88546e+003
926	 9.4500000000e+002	-1.74487e+002	 3.88253e+003
927	 9.4600000000e+002	-1.63555e+002	 3.87338e+003
928	 9.4700000000e+002	-1.54582e+002	 3.86448e+003
929	 9.4800000000e+002	-1.56641e+002	 3.86100e+003
930	 9.4900000000e+002	-1.60171e+002	 3.85994e+003
931	 9.5000000000e+002	-1.54482e+002	 3.85592e+003
932	 9.5100000000e+002	-1.49909e+002	 3.84984e+003
933	 9.5200000000e+002	-1.50705e+002	 3.84874e+003
934	 9.5300000000e+002	-1.50544e+002	 3.84547e+003
935	 9.5400000000e+002	-1.49969e+002	 3.84436e+003
936	 9.5500000000e+002	-1.54954e+002	 3.84545e+003
937	 9.5600000000e+002	-1.61419e+002	 3.84508e+003
938	 9.5700000000e+002	-1.68947e+002	 3.84458e+003
939	 9.5800000000e+002	-1.72615e+002	 3.84335e+003
940	 9.5900000000e+002	-1.74743e+002	 3.84104e+003
941	 9.6000000000e+002	-1.73104e+002	 3.83520e+003
942	 9.6100000000e+002	-1.74827e+002	 3.83185e+003
943	 9.6200000000e+002	-1.79315e+002	 3.83474e+003
944	 9.6300000000e+002	-1.81353e+002	 3.83868e+003
945	 9.6400000000e+002	-1.82069e+002	 3.84305e+003
946	 9.6500000000e+002	-1.76170e+002	 3.84525e+003
947	 9.6600000000e+002	-1.72285e+002	 3.84655e+003
948	 9.6700000000e+002	-1.83233e+002	 3.84492e+003
949	 9.6800000000e+002	-1.97921e+002	 3.85177e+003
950	 9.6900000000e+002	-2.09766e+002	 3.85912e+003
951	 9.7000000000e+002	-2.08253e+002	 3.86132e+003
952	 9.7100000000e+002	-2.13736e+002	 3.86338e+003
953	 9.7200000000e+002	-2.17796e+002	 3.86532e+003
954	 9.7300000000e+002	-2.24299e+002	 3.87798e+003
955	 9.7400000000e+002	-2.31335e+002	 3.88498e+003
956	 9.7500000000e+002	-2.44392e+002	 3.89062e+003
957	 9.7600000000e+002	-2.55209e+002	 3.89898e+003
958	 9.7700000000e+002	-2.68060e+002	 3.91542e+003
959	 9.7800000000e+002	-2.81260e+002	 3.92541e+003
960	 9.7900000000e+002	-2.88140e+002	 3.93501e+003
961	 9.8000000000e+002	-2.91346e+002	 3.95027e+003
962	 9.8100000000e+002	-2.89408e+002	 3.96015e+003
963	 9.8200000000e+002	-2.79265e+002	 3.96712e+003
964	 9.8300000000e+002	-2.74493e+002	 3.97747e+003
965	 9.8400000000e+002	-2.88682e+002	 3.98308e+003
966	 9.8500000000e+002	-3.04797e+002	 4.00145e+003
967	 9.8600000000e+002	-3.18503e+002	 4.02601e+003
968	 9.8700000000e+002	-3.21530e+002	 4.04579e+003
969	 9.8800000000e+002	-3.10185e+002	 4.05815e+003
970	 9.8900000000e+002	-2.90945e+002	 4.07258e+003
971	 9.9000000000e+002	-2.96950e+002	 4.09422e+003
972	 9.9100000000e+002	-3.00292e+002	 4.11118e+003
973	 9.9200000000e+002	-3.03860e+002	 4.12269e+003
974	 9.9300000000e+002	-2.86928e+002	 4.12965e+003
975	 9.9400000000e+002	-2.68522e+002	 4.12436e+003
976	 9.9500000000e+002	-2.69641e+002	 4.13594e+003
977	 9.9600000000e+002	-2.78985e+002	 4.16285e+003
978	 9.9700000000e+002	-2.62338e+002	 4.17134e+003
979	 9.9800000000e+002	-2.51914e+002	 4.16684e+003
980	 9.9900000000e+002	-2.57506e+002	 4.17473e+003
981	 1.0000000000e+003	-2.71415e+002	 4.18906e+003
982	 1.0010000000e+003	-2.51349e+002	 4.17572e+003
983	 1.0020000000e+003	-2.53145e+002	 4.17322e+003
984	 1.0030000000e+003	-2.58944e+002	 4.20317e+003
985	 1.0040000000e+003	-2.56092e+002	 4.19965e+003
986	 1.0050000000e+003	-2.45928e+002	 4.20262e+003
987	 1.0060000000e+003	-2.71390e+002	 4.23475e+003
988	 1.0070000000e+003	-2.69627e+002	 4.24484e+003
989	 1.0080000000e+003	-2.58914e+002	 4.25169e+003
990	 1.0090000000e+003	-2.77230e+002	 4.28431e+003
991	 1.0100000000e+003	-2.65552e+002	 4.28320e+003
992	 1.0110000000e+003	-2.51987e+002	 4.30609e+003
993	 1.0120000000e+003	-2.54804e+002	 4.33025e+003
994	 1.0130000000e+003	-2.26934e+002	 4.32414e+003
995	 1.0140000000e+003	-2.18366e+002	 4.36463e+003
996	 1.0150000000e+003	-2.12964e+002	 4.37383e+003
997	 1.0160000000e+003	-1.97489e+002	 4.40417e+003
998	 1.0170000000e+003	-1.71690e+002	 4.42260e+003
999	 1.0180000000e+003	-1.62368e+002	 4.42263e+003
1000	 1.0190000000e+003	-1.41322e+002	 4.44444e+003
1001	 1.0200000000e+003	-1.15386e+002	 4.44764e+003
1002	 1.0210000000e+003	-1.01334e+002	 4.47196e+003
1003	 1.0220000000e+003	-8.91930e+001	 4.47684e+003
1004	 1.0230000000e+003	-6.25024e+001	 4.50485e+003
1005	 1.0240000000e+003	-5.01089e+001	 4.50582e+003
1006	 1.0250000000e+003	-4.29399e+001	 4.52674e+003
1007	 1.0260000000e+003	-2.49764e+001	 4.52958e+003
1008	 1.0270000000e+003	-1.79061e+000	 4.54295e+003
1009	 1.0280000000e+003	 1.85145e+001	 4.54032e+003
1010	 1.0290000000e+003	 3.36776e+001	 4.55823e+003
1011	 1.0300000000e+003	 5.71876e+001	 4.56230e+003
1012	 1.0310000000e+003	 9.80966e+001	 4.56119e+003
1013	 1.0320000000e+003	 1.26329e+002	 4.56927e+003
1014	 1.0330000000e+003	 1.50782e+002	 4.57920e+003
1015	 1.0340000000e+003	 1.73722e+002	 4.57404e+003
1016	 1.0350000000e+003	 1.92669e+002	 4.56481e+003
1017	 1.0360000000e+003	 2.20610e+002	 4.55394e+003
1018	 1.0370000000e+003	 2.44278e+002	 4.54218e+003
1019	 1.0380000000e+003	 2.75455e+002	 4.52515e+003
1020	 1.0390000000e+003	 2.95860e+002	 4.51807e+003
1021	 1.0400000000e+003	 3.09067e+002	 4.51321e+003
1022	 1.0410000000e+003	 3.17105e+002	 4.49772e+003
1023	 1.0420000000e+003	 3.23118e+002	 4.49055e+003
1024	 1.0430000000e+003	 3.34747e+002	 4.47668e+003
1025	 1.0440000000e+003	 3.47910e+002	 4.46481e+003
1026	 1.0450000000e+003	 3.62715e+002	 4.44995e+003
1027	 1.0460000000e+003	 3.78825e+002	 4.43476e+003
1028	 1.0470000000e+003	 3.90760e+002	 4.41395e+003
1029	 1.0480000000e+003	 3.99466e+002	 4.39552e+003
1030	 1.0490000000e+003	 4.10951e+002	 4.38458e+003
1031	 1.0500000000e+003	 4.13399e+002	 4.37572e+003
1032	 1.0510000000e+003	 4.14042e+002	 4.36626e+003
1033	 1.0520000000e+003	 4.19878e+002	 4.36141e+003
1034	 1.0530000000e+003	 4.27166e+002	 4.34993e+003
1035	 1.0540000000e+003	 4.29852e+002	 4.33697e+003
1036	 1.0550000000e+003	 4.32364e+002	 4.32737e+003
1037	 1.0560000000e+003	 4.35630e+002	 4.31723e+003
1038	 1.0570000000e+003	 4.44908e+002	 4.30007e+003
1039	 1.0580000000e+003	 4.49005e+002	 4.28984e+003
1040	 1.0590000000e+003	 4.55137e+002	 4.28673e+003
1041	 1.0600000000e+003	 4.55458e+002	 4.28006e+003
1042	 1.0610000000e+003	 4.57438e+002	 4.27425e+003
1043	 1.0620000000e+003	 4.59871e+002	 4.26349e+003
1044	 1.0630000000e+003	 4.65997e+002	 4.25014e+003
1045	 1.0640000000e+003	 4.66261e+002	 4.23961e+003
1046	 1.0650000000e+003	 4.60559e+002	 4.23189e+003
1047	 1.0660000000e+003	 4.56607e+002	 4.22286e+003
1048	 1.0670000000e+003	 4.55847e+002	 4.21611e+003
1049	 1.0680000000e+003	 4.61017e+002	 4.21041e+003
1050	 1.0690000000e+003	 4.61189e+002	 4.20554e+003
1051	 1.0700000000e+003	 4.62932e+002	 4.19724e+003
1052	 1.0710000000e+003	 4.62203e+002	 4.18187e+003
1053	 1.0720000000e+003	 4.68800e+002	 4.16988e+003
1054	 1.0730000000e+003	 4.70714e+002	 4.16504e+003
1055	 1.0740000000e+003	 4.64140e+002	 4.15938e+003
1056	 1.0750000000e+003	 4.58708e+002	 4.15369e+003
1057	 1.0760000000e+003	 4.59605e+002	 4.14374e+003
1058	 1.0770000000e+003	 4.66882e+002	 4.13451e+003
1059	 1.0780000000e+003	 4.68258e+002	 4.12233e+003
1060	 1.0790000000e+003	 4.64021e+002	 4.11126e+003
1061	 1.0800000000e+003	 4.50749e+002	 4.10209e+003
1062	 1.0810000000e+003	 4.43875e+002	 4.09080e+003
1063	 1.0820000000e+003	 4.45510e+002	 4.08511e+003
1064	 1.0830000000e+003	 4.52431e+002	 4.08159e+003
1065	 1.0840000000e+003	 4.45434e+002	 4.08048e+003
1066	 1.0850000000e+003	 4.32392e+002	 4.07032e+003
1067	 1.0860000000e+003	 4.34329e+002	 4.05757e+003
1068	 1.0870000000e+003	 4.34523e+002	 4.04070e+003
1069	 1.0880000000e+003	 4.26154e+002	 4.02641e+003
1070	 1.0890000000e+003	 4.17185e+002	 4.01551e+003
1071	 1.0900000000e+003	 4.17581e+002	 3.99669e+003
1072	 1.0910000000e+003	 4.15478e+002	 3.98593e+003
1073	 1.0920000000e+003	 3.93680e+002	 3.97883e+003
1074	 1.0930000000e+003	 3.87105e+002	 3.97132e+003
1075	 1.0940000000e+003	 3.83956e+002	 3.96027e+003
1076	 1.0950000000e+003	 3.73626e+002	 3.94628e+003
1077	 1.0960000000e+003	 3.63607e+002	 3.93311e+003
1078	 1.0970000000e+003	 3.59512e+002	 3.91889e+003
1079	 1.0980000000e+003	 3.35658e+002	 3.90453e+003
1080	 1.0990000000e+003	 3.22550e+002	 3.90068e+003
1081	 1.1000000000e+003	 3.11247e+002	 3.90070e+003
1082	 1.1010000000e+003	 2.90734e+002	 3.89883e+003
1083	 1.1020000000e+003	 2.82964e+002	 3.90119e+003
1084	 1.1030000000e+003	 2.54623e+002	 3.89949e+003
1085	 1.1040000000e+003	 2.33291e+002	 3.89610e+003
1086	 1.1050000000e+003	 2.26584e+002	 3.89173e+003
1087	 1.1060000000e+003	 2.13714e+002	 3.89437e+003
1088	 1.1070000000e+003	 2.08352e+002	 3.89686e+003
1089	 1.1080000000e+003	 1.84911e+002	 3.90347e+003
1090	 1.1090000000e+003	 1.71769e+002	 3.91429e+003
1091	 1.1100000000e+003	 1.62394e+002	 3.92283e+003
1092	 1.1110000000e+003	 1.57424e+002	 3.93629e+003
1093	 1.1120000000e+003	 1.47768e+002	 3.93874e+003
1094	 1.1130000000e+003	 1.26697e+002	 3.94079e+003
1095	 1.1140000000e+003	 1.13354e+002	 3.94366e+003
1096	 1.1150000000e+003	 9.92239e+001	 3.94968e+003
1097	 1.1160000000e+003	 8.74440e+001	 3.95197e+003
1098	 1.1170000000e+003	 7.54801e+001	 3.95246e+003
1099	 1.1180000000e+003	 7.69573e+001	 3.95962e+003
1100	 1.1190000000e+003	 7.66173e+001	 3.97661e+003
1101	 1.1200000000e+003	 7.83629e+001	 3.99216e+003
1102	 1.1210000000e+003	 7.59984e+001	 4.00491e+003
1103	 1.1220000000e+003	 6.70743e+001	 4.01241e+003
1104	 1.1230000000e+003	 4.29270e+001	 4.00991e+003
1105	 1.1240000000e+003	 3.58180e+001	 4.01592e+003
1106	 1.1250000000e+003	 2.80371e+001	 4.01408e+003
1107	 1.1260000000e+003	 2.80857e+001	 4.02646e+003
1108	 1.1270000000e+003	 2.14739e+001	 4.02960e+003
1109	 1.1280000000e+003	 2.23616e+001	 4.02861e+003
1110	 1.1290000000e+003	 1.42582e+001	 4.04503e+003
1111	 1.1300000000e+003	 5.15964e+000	 4.07182e+003
1112	 1.1310000000e+003	-8.43484e+000	 4.09002e+003
1113	 1.1320000000e+003	-8.94042e+000	 4.10474e+003
1114	 1.1330000000e+003	-7.59205e+000	 4.10942e+003
1115	 1.1340000000e+003	-1.07857e+001	 4.11945e+003
1116	 1.1350000000e+003	-1.67621e+001	 4.12401e+003
1117	 1.1360000000e+003	-2.81134e+001	 4.12289e+003
1118	 1.1370000000e+003	-3.44701e+001	 4.12727e+003
1119	 1.1380000000e+003	-3.34686e+001	 4.13911e+003
1120	 1.1390000000e+003	-4.48289e+001	 4.15604e+003
1121	 1.1400000000e+003	-5.13786e+001	 4.18185e+003
1122	 1.1410000000e+003	-4.49835e+001	 4.21626e+003
1123	 1.1420000000e+003	-3.64226e+001	 4.23410e+003
1124	 1.1430000000e+003	-4.00404e+001	 4.23186e+003
1125	 1.1440000000e+003	-4.22062e+001	 4.24232e+003
1126	 1.1450000000e+003	-3.69980e+001	 4.24739e+003
1127	 1.1460000000e+003	-2.51745e+001	 4.24590e+003
1128	 1.1470000000e+003	-2.46923e+001	 4.26137e+003
1129	 1.1480000000e+003	-2.13497e+001	 4.28106e+003
1130	 1.1490000000e+003	-2.34634e+001	 4.28610e+003
1131	 1.1500000000e+003	-3.71449e+001	 4.29745e+003
1132	 1.1510000000e+003	-4.65210e+001	 4.30868e+003
1133	 1.1520000000e+003	-3.67249e+001	 4.31226e+003
1134	 1.1530000000e+003	-3.90927e+001	 4.30554e+003
1135	 1.1540000000e+003	-4.05992e+001	 4.30578e+003
1136	 1.1550000000e+003	-3.85458e+001	 4.31731e+003
1137	 1.1560000000e+003	-3.12111e+001	 4.31658e+003
1138	 1.1570000000e+003	-2.83023e+001	 4.33687e+003
1139	 1.1580000000e+003	-1.76771e+001	 4.34605e+003
1140	 1.1590000000e+003	-2.64078e+001	 4.34254e+003
1141	 1.1600000000e+003	-2.78044e+001	 4.34954e+003
1142	 1.1610000000e+003	-2.86973e+001	 4.34909e+003
1143	 1.1620000000e+003	-2.38921e+001	 4.35073e+003
1144	 1.1630000000e+003	-2.69427e+001	 4.35198e+003
1145	 1.1640000000e+003	-3.85848e+001	 4.34110e+003
1146	 1.1650000000e+003	-3.65878e+001	 4.35879e+003
1147	 1.1660000000e+003	-3.14250e+001	 4.36493e+003
1148	 1.1670000000e+003	-1.58109e+001	 4.38119e+003
1149	 1.1680000000e+003	-1.85542e+001	 4.39469e+003
1150	 1.1690000000e+003	-2.56824e+001	 4.38906e+003
1151	 1.1700000000e+003	-2.46838e+001	 4.39433e+003
1152	 1.1710000000e+003	-1.07520e+001	 4.38394e+003
1153	 1.1720000000e+003	 3.26775e+000	 4.36700e+003
1154	 1.1730000000e+003	 1.47893e+001	 4.35864e+003
1155	 1.1740000000e+003	 7.49475e+000	 4.36696e+003
1156	 1.1750000000e+003	 2.10916e+000	 4.36841e+003
1157	 1.1760000000e+003	 1.22620e+001	 4.36895e+003
1158	 1.1770000000e+003	 2.23363e+001	 4.36932e+003
1159	 1.1780000000e+003	 3.68273e+001	 4.36327e+003
1160	 1.1790000000e+003	 3.42034e+001	 4.36029e+003
1161	 1.1800000000e+003	 3.53684e+001	 4.36889e+003
1162	 1.1810000000e+003	 3.55507e+001	 4.36234e+003
1163	 1.1820000000e+003	 3.99966e+001	 4.35552e+003
1164	 1.1830000000e+003	 4.43788e+001	 4.33900e+003
1165	 1.1840000000e+003	 3.89833e+001	 4.33760e+003
1166	 1.1850000000e+003	 2.81997e+001	 4.34658e+003
1167	 1.1860000000e+003	 3.47575e+001	 4.35194e+003
1168	 1.1870000000e+003	 3.63531e+001	 4.34890e+003
1169	 1.1880000000e+003	 3.67911e+001	 4.34768e+003
1170	 1.1890000000e+003	 3.07746e+001	 4.34980e+003
1171	 1.1900000000e+003	 2.51847e+001	 4.35917e+003
1172	 1.1910000000e+003	 1.95684e+001	 4.35824e+003
1173	 1.1920000000e+003	 1.28941e+001	 4.35688e+003
1174	 1.1930000000e+003	 8.12821e+000	 4.35855e+003
1175	 1.1940000000e+003	 1.76199e+000	 4.35589e+003
1176	 1.1950000000e+003	 1.16247e+000	 4.36672e+003
1177	 1.1960000000e+003	-2.27976e+000	 4.38382e+003
1178	 1.1970000000e+003	 3.46856e+000	 4.38548e+003
1179	 1.1980000000e+003	 1.77114e+000	 4.37749e+003
1180	 1.1990000000e+003	 4.26367e+000	 4.37173e+003
1181	 1.2000000000e+003	 1.23057e+001	 4.37162e+003
1182	 1.2010000000e+003	 5.14305e+000	 4.37389e+003
1183	 1.2020000000e+003	-5.74862e+000	 4.37549e+003
1184	 1.2030000000e+003	-1.77807e+001	 4.37634e+003
1185	 1.2040000000e+003	-1.92686e+001	 4.38029e+003
1186	 1.2050000000e+003	-2.10634e+001	 4.38846e+003
1187	 1.2060000000e+003	-2.13116e+001	 4.39905e+003
1188	 1.2070000000e+003	-1.58452e+001	 4.40668e+003
1189	 1.2080000000e+003	-1.33169e+001	 4.40322e+003
1190	 1.2090000000e+003	-1.06732e+001	 4.40254e+003
1191	 1.2100000000e+003	-6.85457e+000	 4.39945e+003
1192	 1.2110000000e+003	-1.47038e+001	 4.39329e+003
1193	 1.2120000000e+003	-2.51180e+001	 4.39681e+003
1194	 1.2130000000e+003	-3.34253e+001	 4.39802e+003
1195	 1.2140000000e+003	-3.96017e+001	 4.40037e+003
1196	 1.2150000000e+003	-3.99957e+001	 4.39939e+003
1197	 1.2160000000e+003	-3.94328e+001	 4.39940e+003
1198	 1.2170000000e+003	-4.10324e+001	 4.40610e+003
1199	 1.2180000000e+003	-4.21999e+001	 4.41065e+003
1200	 1.2190000000e+003	-4.57863e+001	 4.41556e+003
1201	 1.2200000000e+003	-4.93010e+001	 4.41954e+003
1202	 1.2210000000e+003	-4.48147e+001	 4.42467e+003
1203	 1.2220000000e+003	-5.26048e+001	 4.43001e+003
1204	 1.2230000000e+003	-6.44242e+001	 4.42282e+003
1205	 1.2240000000e+003	-7.81676e+001	 4.41549e+003
1206	 1.2250000000e+003	-7.97255e+001	 4.41025e+003
1207	 1.2260000000e+003	-7.95025e+001	 4.40880e+003
1208	 1.2270000000e+003	-7.95409e+001	 4.40259e+003
1209	 1.2280000000e+003	-8.17133e+001	 4.41386e+003
1210	 1.2290000000e+003	-8.55134e+001	 4.41639e+003
1211	 1.2300000000e+003	-8.73203e+001	 4.42117e+003
1212	 1.2310000000e+003	-8.74142e+001	 4.42550e+003
1213	 1.2320000000e+003	-8.78497e+001	 4.43490e+003
1214	 1.2330000000e+003	-9.33708e+001	 4.43987e+003
1215	 1.2340000000e+003	-1.04805e+002	 4.43441e+003
1216	 1.2350000000e+003	-1.18947e+002	 4.42335e+003
1217	 1.2360000000e+003	-1.24707e+002	 4.40539e+003
1218	 1.2370000000e+003	-1.31827e+002	 4.40012e+003
1219	 1.2380000000e+003	-1.29326e+002	 4.40217e+003
1220	 1.2390000000e+003	-1.25479e+002	 4.40840e+003
1221	 1.2400000000e+003	-1.26025e+002	 4.40604e+003
1222	 1.2410000000e+003	-1.22615e+002	 4.39873e+003
1223	 1.2420000000e+003	-1.26182e+002	 4.42816e+003
1224	 1.2430000000e+003	-1.38870e+002	 4.42410e+003
1225	 1.2440000000e+003	-1.50168e+002	 4.43342e+003
1226	 1.2450000000e+003	-1.63099e+002	 4.43547e+003
1227	 1.2460000000e+003	-1.78736e+002	 4.42019e+003
1228	 1.2470000000e+003	-1.96174e+002	 4.40493e+003
1229	 1.2480000000e+003	-2.13511e+002	 4.38999e+003
1230	 1.2490000000e+003	-2.06826e+002	 4.36490e+003
1231	 1.2500000000e+003	-2.30934e+002	 4.36505e+003
1232	 1.2510000000e+003	-2.22155e+002	 4.36559e+003
1233	 1.2520000000e+003	-2.31757e+002	 4.39139e+003
1234	 1.2530000000e+003	-2.41802e+002	 4.39233e+003
1235	 1.2540000000e+003	-2.37952e+002	 4.39660e+003
1236	 1.2550000000e+003	-2.51976e+002	 4.40473e+003
1237	 1.2560000000e+003	-2.66616e+002	 4.40159e+003
1238	 1.2570000000e+003	-2.90271e+002	 4.41643e+003
1239	 1.2580000000e+003	-3.32787e+002	 4.40969e+003
1240	 1.2590000000e+003	-3.64835e+002	 4.37768e+003
1241	 1.2600000000e+003	-3.80491e+002	 4.37049e+003
1242	 1.2610000000e+003	-3.89771e+002	 4.34710e+003
1243	 1.2620000000e+003	-4.01990e+002	 4.35578e+003
1244	 1.2630000000e+003	-4.07453e+002	 4.38003e+003
1245	 1.2640000000e+003	-4.20912e+002	 4.37359e+003
1246	 1.2650000000e+003	-4.49064e+002	 4.36969e+003
1247	 1.2660000000e+003	-4.69262e+002	 4.40298e+003
1248	 1.2670000000e+003	-4.90543e+002	 4.42150e+003
1249	 1.2680000000e+003	-5.14434e+002	 4.41548e+003
1250	 1.2690000000e+003	-5.47021e+002	 4.43385e+003
1251	 1.2700000000e+003	-5.93005e+002	 4.42253e+003
1252	 1.2710000000e+003	-6.27118e+002	 4.41670e+003
1253	 1.2720000000e+003	-6.43833e+002	 4.41641e+003
1254	 1.2730000000e+003	-6.53689e+002	 4.45404e+003
1255	 1.2740000000e+003	-6.51136e+002	 4.45187e+003
1256	 1.2750000000e+003	-6.85856e+002	 4.45432e+003
1257	 1.2760000000e+003	-7.45699e+002	 4.49507e+003
1258	 1.2770000000e+003	-7.64244e+002	 4.52958e+003
1259	 1.2780000000e+003	-7.81481e+002	 4.56128e+003
1260	 1.2790000000e+003	-7.85325e+002	 4.57699e+003
1261	 1.2800000000e+003	-7.94851e+002	 4.62818e+003
1262	 1.2810000000e+003	-8.15291e+002	 4.69494e+003
1263	 1.2820000000e+003	-8.47883e+002	 4.72207e+003
1264	 1.2830000000e+003	-8.90855e+002	 4.70841e+003
1265	 1.2840000000e+003	-9.14825e+002	 4.74393e+003
1266	 1.2850000000e+003	-9.19580e+002	 4.77176e+003
1267	 1.2860000000e+003	-8.83119e+002	 4.80569e+003
1268	 1.2870000000e+003	-8.88903e+002	 4.84509e+003
1269	 1.2880000000e+003	-8.92676e+002	 4.87506e+003
1270	 1.2890000000e+003	-9.13087e+002	 4.93338e+003
1271	 1.2900000000e+003	-9.16730e+002	 4.99637e+003
1272	 1.2910000000e+003	-9.19530e+002	 5.04925e+003
1273	 1.2920000000e+003	-8.92989e+002	 5.07922e+003
1274	 1.2930000000e+003	-8.78579e+002	 5.11954e+003
1275	 1.2940000000e+003	-8.83260e+002	 5.17806e+003
1276	 1.2950000000e+003	-8.88355e+002	 5.19368e+003
1277	 1.2960000000e+003	-8.67658e+002	 5.20364e+003
1278	 1.2970000000e+003	-8.01634e+002	 5.23666e+003
1279	 1.2980000000e+003	-7.82725e+002	 5.27566e+003
1280	 1.2990000000e+003	-7.14400e+002	 5.32086e+003
1281	 1.3000000000e+003	-6.88398e+002	 5.33071e+003
1282	 1.3010000000e+003	-6.75826e+002	 5.38833e+003
1283	 1.3020000000e+003	-6.69229e+002	 5.41989e+003
1284	 1.3030000000e+003	-6.08854e+002	 5.45035e+003
1285	 1.3040000000e+003	-5.68684e+002	 5.47539e+003
1286	 1.3050000000e+003	-5.40348e+002	 5.49678e+003
1287	 1.3060000000e+003	-5.29705e+002	 5.49749e+003
1288	 1.3070000000e+003	-4.83274e+002	 5.49407e+003
1289	 1.3080000000e+003	-4.42811e+002	 5.48007e+003
1290	 1.3090000000e+003	-3.88633e+002	 5.49004e+003
1291	 1.3100000000e+003	-3.69327e+002	 5.49920e+003
1292	 1.3110000000e+003	-3.34715e+002	 5.48890e+003
1293	 1.3120000000e+003	-2.76617e+002	 5.49477e+003
1294	 1.3130000000e+003	-2.37373e+002	 5.49981e+003
1295	 1.3140000000e+003	-1.87877e+002	 5.48444e+003
1296	 1.3150000000e+003	-1.90461e+002	 5.46602e+003
1297	 1.3160000000e+003	-1.77350e+002	 5.44228e+003
1298	 1.3170000000e+003	-1.67145e+002	 5.47053e+003
1299	 1.3180000000e+003	-1.93588e+002	 5.45701e+003
1300	 1.3190000000e+003	-1.64539e+002	 5.44052e+003
1301	 1.3200000000e+003	-1.62919e+002	 5.42328e+003
1302	 1.3210000000e+003	-1.19427e+002	 5.42496e+003
1303	 1.3220000000e+003	-9.89220e+001	 5.42235e+003
1304	 1.3230000000e+003	-8.71086e+001	 5.41018e+003
1305	 1.3240000000e+003	-8.47740e+001	 5.39514e+003
1306	 1.3250000000e+003	-6.17085e+001	 5.35897e+003
1307	 1.3260000000e+003	-3.06061e+001	 5.34624e+003
1308	 1.3270000000e+003	-5.09727e+001	 5.33091e+003
1309	 1.3280000000e+003	-4.95918e+001	 5.35078e+003
1310	 1.3290000000e+003	-6.43186e+001	 5.35108e+003
1311	 1.3300000000e+003	-7.79916e+001	 5.35648e+003
1312	 1.3310000000e+003	-5.60319e+001	 5.31178e+003
1313	 1.3320000000e+003	-1.60445e+001	 5.29773e+003
1314	 1.3330000000e+003	-1.70435e+001	 5.27593e+003
1315	 1.3340000000e+003	-1.60945e+001	 5.28932e+003
1316	 1.3350000000e+003	-5.58709e+001	 5.27940e+003
1317	 1.3360000000e+003	-5.46794e+001	 5.24818e+003
1318	 1.3370000000e+003	-5.88949e+001	 5.22830e+003
1319	 1.3380000000e+003	-4.44040e+001	 5.23563e+003
1320	 1.3390000000e+003	-6.52860e+001	 5.21520e+003
1321	 1.3400000000e+003	-5.72486e+001	 5.23057e+003
1322	 1.3410000000e+003	-4.72177e+001	 5.22539e+003
1323	 1.3420000000e+003	-3.68440e+001	 5.21652e+003
1324	 1.3430000000e+003	-2.45383e+001	 5.19800e+003
1325	 1.3440000000e+003	-1.04349e+001	 5.20077e+003
1326	 1.3450000000e+003	-2.15028e+001	 5.17938e+003
1327	 1.3460000000e+003	-1.17135e+001	 5.18671e+003
1328	 1.3470000000e+003	-3.26821e+001	 5.17001e+003
1329	 1.3480000000e+003	-5.96547e+001	 5.15318e+003
1330	 1.3490000000e+003	-7.02796e+001	 5.13464e+003
1331	 1.3500000000e+003	-7.47283e+001	 5.13336e+003
1332	 1.3510000000e+003	-8.49252e+001	 5.14386e+003
1333	 1.3520000000e+003	-7.70969e+001	 5.12965e+003
1334	 1.3530000000e+003	-7.37439e+001	 5.12458e+003
1335	 1.3540000000e+003	-6.03446e+001	 5.12559e+003
1336	 1.3550000000e+003	-4.10046e+001	 5.12789e+003
1337	 1.3560000000e+003	-3.20156e+001	 5.13488e+003
1338	 1.3570000000e+003	-3.00484e+001	 5.12746e+003
1339	 1.3580000000e+003	-3.84716e+001	 5.12043e+003
1340	 1.3590000000e+003	-4.57197e+001	 5.10809e+003
1341	 1.3600000000e+003	-5.01201e+001	 5.07948e+003
1342	 1.3610000000e+003	-6.71777e+001	 5.09161e+003
1343	 1.3620000000e+003	-6.15600e+001	 5.07708e+003
1344	 1.3630000000e+003	-7.11642e+001	 5.07155e+003
1345	 1.3640000000e+003	-8.11745e+001	 5.07518e+003
1346	 1.3650000000e+003	-7.24157e+001	 5.05160e+003
1347	 1.3660000000e+003	-6.59783e+001	 5.06096e+003
1348	 1.3670000000e+003	-5.05908e+001	 5.04646e+003
1349	 1.3680000000e+003	-2.35608e+001	 5.06624e+003
1350	 1.3690000000e+003	-3.54761e+001	 5.07392e+003
1351	 1.3700000000e+003	-2.95119e+001	 5.06722e+003
1352	 1.3710000000e+003	-5.43933e+001	 5.06160e+003
1353	 1.3720000000e+003	-6.23019e+001	 5.03413e+003
1354	 1.3730000000e+003	-5.24465e+001	 5.02548e+003
1355	 1.3740000000e+003	-7.60373e+001	 4.99658e+003
1356	 1.3750000000e+003	-7.98938e+001	 4.98461e+003
1357	 1.3760000000e+003	-8.91712e+001	 4.97069e+003
1358	 1.3770000000e+003	-1.27211e+002	 4.96588e+003
1359	 1.3780000000e+003	-1.42188e+002	 4.98514e+003
1360	 1.3790000000e+003	-1.20395e+002	 4.99188e+003
1361	 1.3800000000e+003	-1.27452e+002	 5.01328e+003
1362	 1.3810000000e+003	-1.30457e+002	 5.02073e+003
1363	 1.3820000000e+003	-1.42840e+002	 4.99844e+003
1364	 1.3830000000e+003	-1.66967e+002	 4.98618e+003
1365	 1.3840000000e+003	-1.80940e+002	 4.98554e+003
1366	 1.3850000000e+003	-1.95803e+002	 4.95232e+003
1367	 1.3860000000e+003	-2.05906e+002	 4.92011e+003
1368	 1.3870000000e+003	-2.16075e+002	 4.92115e+003
1369	 1.3880000000e+003	-2.39493e+002	 4.93679e+003
1370	 1.3890000000e+003	-2.55431e+002	 4.93290e+003
1371	 1.3900000000e+003	-2.67739e+002	 4.94339e+003
1372	 1.3910000000e+003	-2.80882e+002	 4.94224e+003
1373	 1.3920000000e+003	-2.77730e+002	 4.96975e+003
1374	 1.3930000000e+003	-2.98300e+002	 4.98183e+003
1375	 1.3940000000e+003	-3.16876e+002	 4.96258e+003
1376	 1.3950000000e+003	-3.27666e+002	 4.95167e+003
1377	 1.3960000000e+003	-3.50292e+002	 4.94970e+003
1378	 1.3970000000e+003	-3.54084e+002	 4.94150e+003
1379	 1.3980000000e+003	-3.66072e+002	 4.92536e+003
1380	 1.3990000000e+003	-3.80394e+002	 4.90492e+003
1381	 1.4000000000e+003	-3.84687e+002	 4.93596e+003
1382	 1.4010000000e+003	-3.87677e+002	 4.94265e+003
1383	 1.4020000000e+003	-3.97182e+002	 4.95650e+003
1384	 1.4030000000e+003	-4.14638e+002	 4.98407e+003
1385	 1.4040000000e+003	-4.07077e+002	 5.01167e+003
1386	 1.4050000000e+003	-4.28590e+002	 5.00576e+003
1387	 1.4060000000e+003	-4.74838e+002	 5.03594e+003
1388	 1.4070000000e+003	-4.79285e+002	 5.03540e+003
1389	 1.4080000000e+003	-5.08161e+002	 5.03101e+003
1390	 1.4090000000e+003	-4.90965e+002	 5.03205e+003
1391	 1.4100000000e+003	-4.66271e+002	 5.06641e+003
1392	 1.4110000000e+003	-4.31816e+002	 5.06886e+003
1393	 1.4120000000e+003	-4.59693e+002	 5.03452e+003
1394	 1.4130000000e+003	-4.63954e+002	 5.00967e+003
1395	 1.4140000000e+003	-4.79379e+002	 5.03592e+003
1396	 1.4150000000e+003	-4.96987e+002	 5.06935e+003
1397	 1.4160000000e+003	-4.87868e+002	 5.10061e+003
1398	 1.4170000000e+003	-4.84078e+002	 5.12975e+003
1399	 1.4180000000e+003	-5.09218e+002	 5.13610e+003
1400	 1.4190000000e+003	-5.16058e+002	 5.13786e+003
1401	 1.4200000000e+003	-5.37833e+002	 5.17036e+003
1402	 1.4210000000e+003	-5.37964e+002	 5.21932e+003
1403	 1.4220000000e+003	-5.32302e+002	 5.22266e+003
1404	 1.4230000000e+003	-4.74799e+002	 5.19969e+003
1405	 1.4240000000e+003	-4.62982e+002	 5.17625e+003
1406	 1.4250000000e+003	-4.56571e+002	 5.16992e+003
1407	 1.4260000000e+003	-4.81781e+002	 5.17276e+003
1408	 1.4270000000e+003	-4.72344e+002	 5.17618e+003
1409	 1.4280000000e+003	-4.57159e+002	 5.20055e+003
1410	 1.4290000000e+003	-4.81172e+002	 5.23327e+003
1411	 1.4300000000e+003	-4.73548e+002	 5.27282e+003
1412	 1.4310000000e+003	-4.75041e+002	 5.29250e+003
1413	 1.4320000000e+003	-4.90182e+002	 5.29389e+003
1414	 1.4330000000e+003	-4.75687e+002	 5.31581e+003
1415	 1.4340000000e+003	-4.68028e+002	 5.32894e+003
1416	 1.4350000000e+003	-4.71299e+002	 5.31494e+003
1417	 1.4360000000e+003	-4.38023e+002	 5.30076e+003
1418	 1.4370000000e+003	-4.36231e+002	 5.27004e+003
1419	 1.4380000000e+003	-4.29051e+002	 5.28340e+003
1420	 1.4390000000e+003	-4.45879e+002	 5.29556e+003
1421	 1.4400000000e+003	-4.30768e+002	 5.29175e+003
1422	 1.4410000000e+003	-3.82462e+002	 5.34709e+003
1423	 1.4420000000e+003	-3.48494e+002	 5.37152e+003
1424	 1.4430000000e+003	-3.47023e+002	 5.34183e+003
1425	 1.4440000000e+003	-3.42294e+002	 5.36530e+003
1426	 1.4450000000e+003	-3.56798e+002	 5.42839e+003
1427	 1.4460000000e+003	-3.32397e+002	 5.39891e+003
1428	 1.4470000000e+003	-3.54285e+002	 5.40307e+003
1429	 1.4480000000e+003	-3.43413e+002	 5.38348e+003
1430	 1.4490000000e+003	-3.63239e+002	 5.37434e+003
1431	 1.4500000000e+003	-3.38361e+002	 5.36993e+003
1432	 1.4510000000e+003	-3.29731e+002	 5.39349e+003
1433	 1.4520000000e+003	-2.75948e+002	 5.35242e+003
1434	 1.4530000000e+003	-2.91822e+002	 5.34634e+003
1435	 1.4540000000e+003	-3.00935e+002	 5.34558e+003
1436	 1.4550000000e+003	-2.88476e+002	 5.33340e+003
1437	 1.4560000000e+003	-3.03603e+002	 5.31665e+003
1438	 1.4570000000e+003	-2.95422e+002	 5.33227e+003
1439	 1.4580000000e+003	-2.88052e+002	 5.35449e+003
1440	 1.4590000000e+003	-2.42475e+002	 5.35644e+003
1441	 1.4600000000e+003	-2.00525e+002	 5.34162e+003
1442	 1.4610000000e+003	-2.02314e+002	 5.32702e+003
1443	 1.4620000000e+003	-2.09331e+002	 5.34173e+003
1444	 1.4630000000e+003	-2.21540e+002	 5.35386e+003
1445	 1.4640000000e+003	-2.10679e+002	 5.33572e+003
1446	 1.4650000000e+003	-1.83893e+002	 5.31168e+003
1447	 1.4660000000e+003	-1.84619e+002	 5.26454e+003
1448	 1.4670000000e+003	-1.94784e+002	 5.22927e+003
1449	 1.4680000000e+003	-2.08549e+002	 5.22299e+003
1450	 1.4690000000e+003	-1.97803e+002	 5.22253e+003
1451	 1.4700000000e+003	-2.11399e+002	 5.21182e+003
1452	 1.4710000000e+003	-2.10335e+002	 5.20039e+003
1453	 1.4720000000e+003	-1.96011e+002	 5.20542e+003
1454	 1.4730000000e+003	-1.70384e+002	 5.20481e+003
1455	 1.4740000000e+003	-1.65510e+002	 5.18392e+003
1456	 1.4750000000e+003	-1.90269e+002	 5.16458e+003
1457	 1.4760000000e+003	-1.82270e+002	 5.14599e+003
1458	 1.4770000000e+003	-1.92121e+002	 5.15781e+003
1459	 1.4780000000e+003	-1.79626e+002	 5.13202e+003
1460	 1.4790000000e+003	-1.93677e+002	 5.09291e+003
1461	 1.4800000000e+003	-2.07636e+002	 5.07685e+003
1462	 1.4810000000e+003	-2.14424e+002	 5.04398e+003
1463	 1.4820000000e+003	-2.18403e+002	 5.02733e+003
1464	 1.4830000000e+003	-2.54965e+002	 5.02103e+003
1465	 1.4840000000e+003	-2.59540e+002	 5.00908e+003
1466	 1.4850000000e+003	-2.76823e+002	 5.01387e+003
1467	 1.4860000000e+003	-2.63841e+002	 4.99012e+003
1468	 1.4870000000e+003	-2.67687e+002	 4.98813e+003
1469	 1.4880000000e+003	-2.90465e+002	 4.98822e+003
1470	 1.4890000000e+003	-2.75150e+002	 4.96473e+003
1471	 1.4900000000e+003	-3.00083e+002	 4.94505e+003
1472	 1.4910000000e+003	-2.88981e+002	 4.92397e+003
1473	 1.4920000000e+003	-2.84712e+002	 4.90184e+003
1474	 1.4930000000e+003	-2.98468e+002	 4.90242e+003
1475	 1.4940000000e+003	-3.24746e+002	 4.89898e+003
1476	 1.4950000000e+003	-3.50655e+002	 4.88346e+003
1477	 1.4960000000e+003	-3.72645e+002	 4.88847e+003
1478	 1.4970000000e+003	-3.87899e+002	 4.87539e+003
1479	 1.4980000000e+003	-4.12454e+002	 4.84650e+003
1480	 1.4990000000e+003	-4.51820e+002	 4.83963e+003
1481	 1.5000000000e+003	-4.55314e+002	 4.84121e+003
1482	 1.5010000000e+003	-4.72291e+002	 4.83992e+003
1483	 1.5020000000e+003	-4.70731e+002	 4.83521e+003
1484	 1.5030000000e+003	-4.94530e+002	 4.84267e+003
1485	 1.5040000000e+003	-4.95911e+002	 4.84968e+003
1486	 1.5050000000e+003	-5.00996e+002	 4.83454e+003
1487	 1.5060000000e+003	-5.22828e+002	 4.82057e+003
1488	 1.5070000000e+003	-5.26501e+002	 4.79207e+003
1489	 1.5080000000e+003	-5.55193e+002	 4.77523e+003
1490	 1.5090000000e+003	-5.74214e+002	 4.75804e+003
1491	 1.5100000000e+003	-5.85097e+002	 4.76178e+003
1492	 1.5110000000e+003	-6.06139e+002	 4.74825e+003
1493	 1.5120000000e+003	-6.24549e+002	 4.76116e+003
1494	 1.5130000000e+003	-6.50796e+002	 4.76990e+003
1495	 1.5140000000e+003	-6.88156e+002	 4.77537e+003
1496	 1.5150000000e+003	-7.24562e+002	 4.80148e+003
1497	 1.5160000000e+003	-7.24731e+002	 4.81161e+003
1498	 1.5170000000e+003	-7.34421e+002	 4.81829e+003
1499	 1.5180000000e+003	-7.70581e+002	 4.85298e+003
1500	 1.5190000000e+003	-7.76072e+002	 4.85295e+003
1501	 1.5200000000e+003	-7.81047e+002	 4.82713e+003
1502	 1.5210000000e+003	-7.94954e+002	 4.82449e+003
1503	 1.5220000000e+003	-8.05883e+002	 4.82174e+003
1504	 1.5230000000e+003	-8.23100e+002	 4.81692e+003
1505	 1.5240000000e+003	-8.37379e+002	 4.83289e+003
1506	 1.5250000000e+003	-8.29937e+002	 4.83058e+003
1507	 1.5260000000e+003	-8.44917e+002	 4.84036e+003
1508	 1.5270000000e+003	-8.46552e+002	 4.82745e+003
1509	 1.5280000000e+003	-8.45472e+002	 4.84916e+003
1510	 1.5290000000e+003	-8.70043e+002	 4.87232e+003
1511	 1.5300000000e+003	-8.94469e+002	 4.90571e+003
1512	 1.5310000000e+003	-9.27806e+002	 4.90530e+003
1513	 1.5320000000e+003	-9.34122e+002	 4.90646e+003
1514	 1.5330000000e+003	-9.42624e+002	 4.88656e+003
1515	 1.5340000000e+003	-9.34269e+002	 4.88894e+003
1516	 1.5350000000e+003	-9.66433e+002	 4.86177e+003
1517	 1.5360000000e+003	-9.71029e+002	 4.86312e+003
1518	 1.5370000000e+003	-9.60906e+002	 4.86845e+003
1519	 1.5380000000e+003	-9.86428e+002	 4.85863e+003
1520	 1.5390000000e+003	-9.56203e+002	 4.89680e+003
1521	 1.5400000000e+003	-9.40341e+002	 4.86612e+003
1522	 1.5410000000e+003	-9.35987e+002	 4.89183e+003
1523	 1.5420000000e+003	-9.86150e+002	 4.85594e+003
1524	 1.5430000000e+003	-1.01606e+003	 4.85656e+003
1525	 1.5440000000e+003	-1.05706e+003	 4.86246e+003
1526	 1.5450000000e+003	-1.06904e+003	 4.86626e+003
1527	 1.5460000000e+003	-1.08005e+003	 4.86916e+003
1528	 1.5470000000e+003	-1.11369e+003	 4.88967e+003
1529	 1.5480000000e+003	-1.12330e+003	 4.87523e+003
1530	 1.5490000000e+003	-1.13292e+003	 4.86140e+003
1531	 1.5500000000e+003	-1.15969e+003	 4.86661e+003
1532	 1.5510000000e+003	-1.12211e+003	 4.84947e+003
1533	 1.5520000000e+003	-1.14059e+003	 4.87016e+003
1534	 1.5530000000e+003	-1.13901e+003	 4.86815e+003
1535	 1.5540000000e+003	-1.12788e+003	 4.89349e+003
1536	 1.5550000000e+003	-1.15017e+003	 4.88805e+003
1537	 1.5560000000e+003	-1.18308e+003	 4.89037e+003
1538	 1.5570000000e+003	-1.21297e+003	 4.93261e+003
1539	 1.5580000000e+003	-1.24496e+003	 4.93001e+003
1540	 1.5590000000e+003	-1.27965e+003	 4.90287e+003
1541	 1.5600000000e+003	-1.26503e+003	 4.92450e+003
1542	 1.5610000000e+003	-1.23845e+003	 4.98672e+003
1543	 1.5620000000e+003	-1.27137e+003	 4.95538e+003
1544	 1.5630000000e+003	-1.28307e+003	 4.89626e+003
1545	 1.5640000000e+003	-1.32510e+003	 4.90834e+003
1546	 1.5650000000e+003	-1.34271e+003	 4.90567e+003
1547	 1.5660000000e+003	-1.37097e+003	 4.92505e+003
1548	 1.5670000000e+003	-1.33026e+003	 4.88529e+003
1549	 1.5680000000e+003	-1.31980e+003	 4.90515e+003
1550	 1.5690000000e+003	-1.32409e+003	 4.92579e+003
1551	 1.5700000000e+003	-1.31209e+003	 4.94905e+003
1552	 1.5710000000e+003	-1.33857e+003	 5.00182e+003
1553	 1.5720000000e+003	-1.39175e+003	 5.00516e+003
1554	 1.5730000000e+003	-1.42885e+003	 4.94818e+003
1555	 1.5740000000e+003	-1.41478e+003	 4.99347e+003
1556	 1.5750000000e+003	-1.39883e+003	 5.06069e+003
1557	 1.5760000000e+003	-1.43028e+003	 5.05880e+003
1558	 1.5770000000e+003	-1.48516e+003	 5.02462e+003
1559	 1.5780000000e+003	-1.48164e+003	 5.00709e+003
1560	 1.5790000000e+003	-1.38364e+003	 5.06213e+003
1561	 1.5800000000e+003	-1.43805e+003	 5.03699e+003
1562	 1.5810000000e+003	-1.46167e+003	 5.01074e+003
1563	 1.5820000000e+003	-1.42937e+003	 5.02558e+003
1564	 1.5830000000e+003	-1.38434e+003	 4.95721e+003
1565	 1.5840000000e+003	-1.43112e+003	 5.00206e+003
1566	 1.5850000000e+003	-1.46646e+003	 5.01742e+003
1567	 1.5860000000e+003	-1.53616e+003	 5.04665e+003
1568	 1.5870000000e+003	-1.58153e+003	 5.02633e+003
1569	 1.5880000000e+003	-1.52622e+003	 5.05453e+003
1570	 1.5890000000e+003	-1.47017e+003	 5.19733e+003
1571	 1.5900000000e+003	-1.50623e+003	 5.19801e+003
1572	 1.5910000000e+003	-1.54181e+003	 5.14144e+003
1573	 1.5920000000e+003	-1.54246e+003	 5.09044e+003
1574	 1.5930000000e+003	-1.55726e+003	 5.06654e+003
1575	 1.5940000000e+003	-1.61218e+003	 5.08225e+003
1576	 1.5950000000e+003	-1.56282e+003	 5.09506e+003
1577	 1.5960000000e+003	-1.61122e+003	 5.10020e+003
1578	 1.5970000000e+003	-1.63056e+003	 5.11104e+003
1579	 1.5980000000e+003	-1.61246e+003	 5.09787e+003
1580	 1.5990000000e+003	-1.61118e+003	 5.08029e+003
1581	 1.6000000000e+003	-1.65951e+003	 5.13642e+003
1582	 1.6010000000e+003	-1.71297e+003	 5.11532e+003
1583	 1.6020000000e+003	-1.70716e+003	 5.06665e+003
1584	 1.6030000000e+003	-1.53226e+003	 5.08220e+003
1585	 1.6040000000e+003	-1.53109e+003	 5.24063e+003
1586	 1.6050000000e+003	-1.67816e+003	 5.24754e+003
1587	 1.6060000000e+003	-1.73104e+003	 5.18738e+003
1588	 1.6070000000e+003	-1.73488e+003	 5.14521e+003
1589	 1.6080000000e+003	-1.72784e+003	 5.14510e+003
1590	 1.6090000000e+003	-1.70013e+003	 5.18340e+003
1591	 1.6100000000e+003	-1.71634e+003	 5.20312e+003
1592	 1.6110000000e+003	-1.74201e+003	 5.19105e+003
1593	 1.6120000000e+003	-1.77009e+003	 5.18426e+003
1594	 1.6130000000e+003	-1.78513e+003	 5.20897e+003
1595	 1.6140000000e+003	-1.79560e+003	 5.21744e+003
1596	 1.6150000000e+003	-1.80825e+003	 5.23379e+003
1597	 1.6160000000e+003	-1.85148e+003	 5.27674e+003
1598	 1.6170000000e+003	-1.83475e+003	 5.34379e+003
1599	 1.6180000000e+003	-1.81345e+003	 5.29501e+003
1600	 1.6190000000e+003	-1.92629e+003	 5.21733e+003
1601	 1.6200000000e+003	-1.89979e+003	 5.20707e+003
TagsBegin:	 	 	 
OverLoad:	 	False	 
AverageNumber: []	 	 8.80000e+001	 
OverLoadRatio: []	 	 1.19209e-007	 
TagsEnd:	 	 	 
TagScalesBegin:	 	 	 
TagScalesEnd:	 	 	 
