Header Size:	 79	 	 
Pulse Version:	 80	 	 
Running Pulse Version:	PULSE LabShop Fast Track Version 18.1.1.9 - 2014-01-16	 	 
Decimal Symbol:	.	 	 
Date Format:	M/d/yyyy	 	 
Time Format:	HH:mm:ss:mmm	 	 
Data Type:	Complex	 	 
Slice:	False	 	 
Z-Axis type:	Linear	 	 
Z-Axis size:	1	 	 
Z-Axis unit:	 	 	 
Z-Axis first value:	 0.0000000000e+000	 	 
Z-Axis delta:	 1.0000000000e+000	 	 
X-Axis type:	Linear	 	 
X-Axis size:	1601	 	 
X-Axis unit:	Hz	 	 
X-Axis first value:	 2.0000000000e+001	 	 
X-Axis delta:	 1.0000000000e+000	 	 
	 	 	 
AmplitudeUnit:	Pa/(m/s)	 	 
Analyzer:	FFT_Spectrum_Averaging	 	 
AnalyzerName:	FFT Analyzer	 	 
	 	 	 
	 	 	 
Bipolar:	True	 	 
CenterFrequency:	 8.2000000000e+002	 	 
	 	 	 
	 	 	 
	 	 	 
	 	 	 
	 	 	 
	 	 	 
	 	 	 
	 	 	 
Domain:	1	 	 
Function:	Frequency Response	 	 
	 	 	 
InputRange:	 1.0000000000e-001	 	 
	 	 	 
	 	 	 
MultiBufferName:	Input	 	 
NBW:	 1.5000000000e+000	 	 
	 	 	 
OverlapFailed:	False	 	 
Overrun:	False	 	 
Power:	False	 	 
	 	 	 
Ratio:	True	 	 
RecordLength:	 1.0000000000e+000	 	 
ReducedSize:	True	 	 
Ref_Signal:	v	 	 
	 	 	 
	 	 	 
RefSignalUnit:	m/s	 	 
	 	 	 
	 	 	 
Signal:	p	 	 
	 	 	 
SignalUnit:	Pa	 	 
	 	 	 
	 	 	 
	 	 	 
Title:	impedance	 	 
Title1:	Working : Input : Input : FFT Analyzer	 	 
	 	 	 
	 	 	 
	 	 	 
ZoomOn:	True	 	 
	 	 	 
TemplateName:	Working	 	 
MeasurementName:	Input	 	 
MeasurementSlice:	False	 	 
	 	 	 
	 	 	 
	 	 	 
EnvelopeOn:	False	 	 
	 	 	 
	 	 	 
	 	 	 
Z-index:	 	1	 
Date:	 	5/19/2022	 
Time:	 	11:22:39:625	 
Relative time:	 	 0.00000e+000	 
Z-axis:	 	 0.0000000000e+000	 
1	 2.0000000000e+001	-1.21693e+004	 7.21092e+003
2	 2.1000000000e+001	-1.52179e+004	 2.53996e+003
3	 2.2000000000e+001	-1.48059e+004	-6.23048e+002
4	 2.3000000000e+001	-9.90434e+003	-1.58111e+003
5	 2.4000000000e+001	-3.53914e+003	-7.73859e+002
6	 2.5000000000e+001	-2.16474e+003	-9.95930e+002
7	 2.6000000000e+001	-3.05478e+003	-2.24778e+003
8	 2.7000000000e+001	-4.66449e+003	-4.31158e+003
9	 2.8000000000e+001	-4.29901e+003	-6.71024e+003
10	 2.9000000000e+001	-1.88441e+003	-6.43252e+003
11	 3.0000000000e+001	 1.84873e+003	-6.34572e+003
12	 3.1000000000e+001	 8.12252e+003	-1.89067e+003
13	 3.2000000000e+001	-1.14371e+004	 7.58178e+003
14	 3.3000000000e+001	-1.03850e+004	-8.02664e+002
15	 3.4000000000e+001	-7.97175e+003	-2.57878e+003
16	 3.5000000000e+001	-6.59103e+003	-3.82365e+003
17	 3.6000000000e+001	-5.99336e+003	-4.26595e+003
18	 3.7000000000e+001	-5.47310e+003	-4.19474e+003
19	 3.8000000000e+001	-4.88540e+003	-4.19305e+003
20	 3.9000000000e+001	-4.46014e+003	-4.10121e+003
21	 4.0000000000e+001	-4.10961e+003	-4.02663e+003
22	 4.1000000000e+001	-3.76636e+003	-3.95413e+003
23	 4.2000000000e+001	-3.47904e+003	-3.87025e+003
24	 4.3000000000e+001	-3.23975e+003	-3.78642e+003
25	 4.4000000000e+001	-2.99125e+003	-3.71485e+003
26	 4.5000000000e+001	-2.77588e+003	-3.63770e+003
27	 4.6000000000e+001	-2.60678e+003	-3.56369e+003
28	 4.7000000000e+001	-2.43539e+003	-3.50014e+003
29	 4.8000000000e+001	-2.26288e+003	-3.43152e+003
30	 4.9000000000e+001	-2.12140e+003	-3.36067e+003
31	 5.0000000000e+001	-2.00093e+003	-3.28636e+003
32	 5.1000000000e+001	-1.82476e+003	-3.30149e+003
33	 5.2000000000e+001	-1.73631e+003	-3.31378e+003
34	 5.3000000000e+001	-1.71481e+003	-3.27621e+003
35	 5.4000000000e+001	-1.68170e+003	-3.18404e+003
36	 5.5000000000e+001	-1.60745e+003	-3.08676e+003
37	 5.6000000000e+001	-1.52710e+003	-3.00196e+003
38	 5.7000000000e+001	-1.44991e+003	-2.92854e+003
39	 5.8000000000e+001	-1.38209e+003	-2.86743e+003
40	 5.9000000000e+001	-1.31846e+003	-2.80274e+003
41	 6.0000000000e+001	-1.26134e+003	-2.73996e+003
42	 6.1000000000e+001	-1.20697e+003	-2.66282e+003
43	 6.2000000000e+001	-1.14283e+003	-2.57643e+003
44	 6.3000000000e+001	-1.04674e+003	-2.50052e+003
45	 6.4000000000e+001	-9.49327e+002	-2.46823e+003
46	 6.5000000000e+001	-8.80691e+002	-2.45219e+003
47	 6.6000000000e+001	-8.31864e+002	-2.42995e+003
48	 6.7000000000e+001	-7.91423e+002	-2.40599e+003
49	 6.8000000000e+001	-7.57973e+002	-2.37787e+003
50	 6.9000000000e+001	-7.28814e+002	-2.34399e+003
51	 7.0000000000e+001	-6.98489e+002	-2.30529e+003
52	 7.1000000000e+001	-6.69305e+002	-2.26555e+003
53	 7.2000000000e+001	-6.38612e+002	-2.22613e+003
54	 7.3000000000e+001	-6.08453e+002	-2.18727e+003
55	 7.4000000000e+001	-5.79021e+002	-2.14999e+003
56	 7.5000000000e+001	-5.49092e+002	-2.11318e+003
57	 7.6000000000e+001	-5.21627e+002	-2.07835e+003
58	 7.7000000000e+001	-4.95971e+002	-2.04461e+003
59	 7.8000000000e+001	-4.70447e+002	-2.01172e+003
60	 7.9000000000e+001	-4.46728e+002	-1.97927e+003
61	 8.0000000000e+001	-4.23400e+002	-1.94836e+003
62	 8.1000000000e+001	-4.00607e+002	-1.91693e+003
63	 8.2000000000e+001	-3.78969e+002	-1.88696e+003
64	 8.3000000000e+001	-3.58534e+002	-1.85788e+003
65	 8.4000000000e+001	-3.38298e+002	-1.82932e+003
66	 8.5000000000e+001	-3.19618e+002	-1.80107e+003
67	 8.6000000000e+001	-3.01834e+002	-1.77414e+003
68	 8.7000000000e+001	-2.83876e+002	-1.74708e+003
69	 8.8000000000e+001	-2.67342e+002	-1.72087e+003
70	 8.9000000000e+001	-2.51008e+002	-1.69495e+003
71	 9.0000000000e+001	-2.35809e+002	-1.67039e+003
72	 9.1000000000e+001	-2.21190e+002	-1.64525e+003
73	 9.2000000000e+001	-2.07142e+002	-1.62098e+003
74	 9.3000000000e+001	-1.93190e+002	-1.59780e+003
75	 9.4000000000e+001	-1.80380e+002	-1.57414e+003
76	 9.5000000000e+001	-1.67920e+002	-1.55157e+003
77	 9.6000000000e+001	-1.56260e+002	-1.52902e+003
78	 9.7000000000e+001	-1.44758e+002	-1.50748e+003
79	 9.8000000000e+001	-1.34349e+002	-1.48597e+003
80	 9.9000000000e+001	-1.24945e+002	-1.46479e+003
81	 1.0000000000e+002	-1.16038e+002	-1.44424e+003
82	 1.0100000000e+002	-1.07536e+002	-1.42383e+003
83	 1.0200000000e+002	-1.00314e+002	-1.40346e+003
84	 1.0300000000e+002	-9.46705e+001	-1.38246e+003
85	 1.0400000000e+002	-8.96873e+001	-1.36013e+003
86	 1.0500000000e+002	-8.42801e+001	-1.33569e+003
87	 1.0600000000e+002	-7.69204e+001	-1.30986e+003
88	 1.0700000000e+002	-6.62025e+001	-1.28554e+003
89	 1.0800000000e+002	-5.50428e+001	-1.26439e+003
90	 1.0900000000e+002	-4.53667e+001	-1.24486e+003
91	 1.1000000000e+002	-3.67567e+001	-1.22582e+003
92	 1.1100000000e+002	-2.86772e+001	-1.20672e+003
93	 1.1200000000e+002	-2.09409e+001	-1.18831e+003
94	 1.1300000000e+002	-1.36437e+001	-1.17024e+003
95	 1.1400000000e+002	-7.05804e+000	-1.15290e+003
96	 1.1500000000e+002	-1.73307e+000	-1.13550e+003
97	 1.1600000000e+002	 3.12051e+000	-1.11757e+003
98	 1.1700000000e+002	 7.57593e+000	-1.09928e+003
99	 1.1800000000e+002	 1.18245e+001	-1.08030e+003
100	 1.1900000000e+002	 1.62266e+001	-1.06056e+003
101	 1.2000000000e+002	 2.12671e+001	-1.04053e+003
102	 1.2100000000e+002	 2.70082e+001	-1.02072e+003
103	 1.2200000000e+002	 3.35937e+001	-1.00092e+003
104	 1.2300000000e+002	 4.04903e+001	-9.81578e+002
105	 1.2400000000e+002	 4.75750e+001	-9.62951e+002
106	 1.2500000000e+002	 5.53333e+001	-9.44593e+002
107	 1.2600000000e+002	 6.32412e+001	-9.26758e+002
108	 1.2700000000e+002	 7.19318e+001	-9.09389e+002
109	 1.2800000000e+002	 8.21638e+001	-8.92914e+002
110	 1.2900000000e+002	 9.32311e+001	-8.80492e+002
111	 1.3000000000e+002	 1.01017e+002	-8.71768e+002
112	 1.3100000000e+002	 1.04256e+002	-8.62433e+002
113	 1.3200000000e+002	 1.05696e+002	-8.49922e+002
114	 1.3300000000e+002	 1.07933e+002	-8.36055e+002
115	 1.3400000000e+002	 1.10831e+002	-8.21953e+002
116	 1.3500000000e+002	 1.13990e+002	-8.07602e+002
117	 1.3600000000e+002	 1.17336e+002	-7.93449e+002
118	 1.3700000000e+002	 1.20799e+002	-7.79332e+002
119	 1.3800000000e+002	 1.24000e+002	-7.65619e+002
120	 1.3900000000e+002	 1.27207e+002	-7.51794e+002
121	 1.4000000000e+002	 1.30369e+002	-7.38126e+002
122	 1.4100000000e+002	 1.33695e+002	-7.24553e+002
123	 1.4200000000e+002	 1.36844e+002	-7.11261e+002
124	 1.4300000000e+002	 1.39582e+002	-6.98038e+002
125	 1.4400000000e+002	 1.42463e+002	-6.84837e+002
126	 1.4500000000e+002	 1.45309e+002	-6.71673e+002
127	 1.4600000000e+002	 1.48003e+002	-6.58599e+002
128	 1.4700000000e+002	 1.50932e+002	-6.45607e+002
129	 1.4800000000e+002	 1.53681e+002	-6.32850e+002
130	 1.4900000000e+002	 1.56427e+002	-6.19764e+002
131	 1.5000000000e+002	 1.59160e+002	-6.06092e+002
132	 1.5100000000e+002	 1.62054e+002	-5.94769e+002
133	 1.5200000000e+002	 1.64656e+002	-5.82941e+002
134	 1.5300000000e+002	 1.67250e+002	-5.70619e+002
135	 1.5400000000e+002	 1.69458e+002	-5.58487e+002
136	 1.5500000000e+002	 1.71538e+002	-5.46275e+002
137	 1.5600000000e+002	 1.73511e+002	-5.34061e+002
138	 1.5700000000e+002	 1.75063e+002	-5.21890e+002
139	 1.5800000000e+002	 1.76561e+002	-5.09717e+002
140	 1.5900000000e+002	 1.78039e+002	-4.97550e+002
141	 1.6000000000e+002	 1.79394e+002	-4.85506e+002
142	 1.6100000000e+002	 1.80724e+002	-4.73457e+002
143	 1.6200000000e+002	 1.81955e+002	-4.61574e+002
144	 1.6300000000e+002	 1.83305e+002	-4.49622e+002
145	 1.6400000000e+002	 1.84651e+002	-4.37832e+002
146	 1.6500000000e+002	 1.85990e+002	-4.25957e+002
147	 1.6600000000e+002	 1.87326e+002	-4.14230e+002
148	 1.6700000000e+002	 1.88691e+002	-4.02537e+002
149	 1.6800000000e+002	 1.90039e+002	-3.90824e+002
150	 1.6900000000e+002	 1.91395e+002	-3.79235e+002
151	 1.7000000000e+002	 1.92743e+002	-3.67624e+002
152	 1.7100000000e+002	 1.94061e+002	-3.55987e+002
153	 1.7200000000e+002	 1.95373e+002	-3.44428e+002
154	 1.7300000000e+002	 1.96702e+002	-3.32870e+002
155	 1.7400000000e+002	 1.97905e+002	-3.21365e+002
156	 1.7500000000e+002	 1.99130e+002	-3.09890e+002
157	 1.7600000000e+002	 2.00372e+002	-2.98507e+002
158	 1.7700000000e+002	 2.01627e+002	-2.87135e+002
159	 1.7800000000e+002	 2.02799e+002	-2.75875e+002
160	 1.7900000000e+002	 2.03936e+002	-2.64642e+002
161	 1.8000000000e+002	 2.05070e+002	-2.53538e+002
162	 1.8100000000e+002	 2.06156e+002	-2.42525e+002
163	 1.8200000000e+002	 2.07176e+002	-2.31615e+002
164	 1.8300000000e+002	 2.08227e+002	-2.20800e+002
165	 1.8400000000e+002	 2.09218e+002	-2.10057e+002
166	 1.8500000000e+002	 2.10122e+002	-1.99405e+002
167	 1.8600000000e+002	 2.11035e+002	-1.88797e+002
168	 1.8700000000e+002	 2.11894e+002	-1.78308e+002
169	 1.8800000000e+002	 2.12699e+002	-1.67857e+002
170	 1.8900000000e+002	 2.13505e+002	-1.57505e+002
171	 1.9000000000e+002	 2.14312e+002	-1.47196e+002
172	 1.9100000000e+002	 2.15115e+002	-1.36936e+002
173	 1.9200000000e+002	 2.15841e+002	-1.26678e+002
174	 1.9300000000e+002	 2.16582e+002	-1.16490e+002
175	 1.9400000000e+002	 2.17318e+002	-1.06285e+002
176	 1.9500000000e+002	 2.18008e+002	-9.61623e+001
177	 1.9600000000e+002	 2.18651e+002	-8.60477e+001
178	 1.9700000000e+002	 2.19321e+002	-7.59060e+001
179	 1.9800000000e+002	 2.19998e+002	-6.58324e+001
180	 1.9900000000e+002	 2.20626e+002	-5.57623e+001
181	 2.0000000000e+002	 2.21264e+002	-4.56425e+001
182	 2.0100000000e+002	 2.21891e+002	-3.56113e+001
183	 2.0200000000e+002	 2.22542e+002	-2.55630e+001
184	 2.0300000000e+002	 2.23176e+002	-1.55971e+001
185	 2.0400000000e+002	 2.23809e+002	-5.68367e+000
186	 2.0500000000e+002	 2.24464e+002	 4.13376e+000
187	 2.0600000000e+002	 2.25122e+002	 1.38727e+001
188	 2.0700000000e+002	 2.25779e+002	 2.34806e+001
189	 2.0800000000e+002	 2.26429e+002	 3.29915e+001
190	 2.0900000000e+002	 2.27077e+002	 4.23055e+001
191	 2.1000000000e+002	 2.27606e+002	 5.15278e+001
192	 2.1100000000e+002	 2.28019e+002	 6.05775e+001
193	 2.1200000000e+002	 2.28302e+002	 6.95532e+001
194	 2.1300000000e+002	 2.28336e+002	 7.85497e+001
195	 2.1400000000e+002	 2.28154e+002	 8.75895e+001
196	 2.1500000000e+002	 2.27809e+002	 9.68514e+001
197	 2.1600000000e+002	 2.27284e+002	 1.06354e+002
198	 2.1700000000e+002	 2.26752e+002	 1.16116e+002
199	 2.1800000000e+002	 2.26283e+002	 1.26083e+002
200	 2.1900000000e+002	 2.25913e+002	 1.36173e+002
201	 2.2000000000e+002	 2.25650e+002	 1.46368e+002
202	 2.2100000000e+002	 2.25510e+002	 1.56569e+002
203	 2.2200000000e+002	 2.25456e+002	 1.66726e+002
204	 2.2300000000e+002	 2.25473e+002	 1.76771e+002
205	 2.2400000000e+002	 2.25516e+002	 1.86688e+002
206	 2.2500000000e+002	 2.25578e+002	 1.96464e+002
207	 2.2600000000e+002	 2.25592e+002	 2.06071e+002
208	 2.2700000000e+002	 2.25535e+002	 2.15513e+002
209	 2.2800000000e+002	 2.25460e+002	 2.24832e+002
210	 2.2900000000e+002	 2.25344e+002	 2.34023e+002
211	 2.3000000000e+002	 2.25186e+002	 2.43090e+002
212	 2.3100000000e+002	 2.25011e+002	 2.52104e+002
213	 2.3200000000e+002	 2.24818e+002	 2.61031e+002
214	 2.3300000000e+002	 2.24605e+002	 2.69871e+002
215	 2.3400000000e+002	 2.24363e+002	 2.78689e+002
216	 2.3500000000e+002	 2.24155e+002	 2.87408e+002
217	 2.3600000000e+002	 2.23924e+002	 2.96080e+002
218	 2.3700000000e+002	 2.23698e+002	 3.04721e+002
219	 2.3800000000e+002	 2.23413e+002	 3.13388e+002
220	 2.3900000000e+002	 2.23115e+002	 3.22130e+002
221	 2.4000000000e+002	 2.22829e+002	 3.30978e+002
222	 2.4100000000e+002	 2.22704e+002	 3.39905e+002
223	 2.4200000000e+002	 2.22693e+002	 3.48807e+002
224	 2.4300000000e+002	 2.22738e+002	 3.57646e+002
225	 2.4400000000e+002	 2.22702e+002	 3.66413e+002
226	 2.4500000000e+002	 2.22682e+002	 3.75188e+002
227	 2.4600000000e+002	 2.22665e+002	 3.84040e+002
228	 2.4700000000e+002	 2.22627e+002	 3.92830e+002
229	 2.4800000000e+002	 2.22632e+002	 4.01593e+002
230	 2.4900000000e+002	 2.22761e+002	 4.10505e+002
231	 2.5000000000e+002	 2.23299e+002	 4.19714e+002
232	 2.5100000000e+002	 2.22906e+002	 4.28085e+002
233	 2.5200000000e+002	 2.22620e+002	 4.36640e+002
234	 2.5300000000e+002	 2.22537e+002	 4.45313e+002
235	 2.5400000000e+002	 2.22452e+002	 4.54070e+002
236	 2.5500000000e+002	 2.22392e+002	 4.62798e+002
237	 2.5600000000e+002	 2.22275e+002	 4.71609e+002
238	 2.5700000000e+002	 2.22266e+002	 4.80382e+002
239	 2.5800000000e+002	 2.22246e+002	 4.89112e+002
240	 2.5900000000e+002	 2.22221e+002	 4.97754e+002
241	 2.6000000000e+002	 2.22142e+002	 5.06452e+002
242	 2.6100000000e+002	 2.22196e+002	 5.15156e+002
243	 2.6200000000e+002	 2.22256e+002	 5.23732e+002
244	 2.6300000000e+002	 2.22272e+002	 5.32161e+002
245	 2.6400000000e+002	 2.22216e+002	 5.40576e+002
246	 2.6500000000e+002	 2.22055e+002	 5.48839e+002
247	 2.6600000000e+002	 2.21711e+002	 5.57083e+002
248	 2.6700000000e+002	 2.21206e+002	 5.65432e+002
249	 2.6800000000e+002	 2.20670e+002	 5.73959e+002
250	 2.6900000000e+002	 2.20105e+002	 5.82619e+002
251	 2.7000000000e+002	 2.19477e+002	 5.91309e+002
252	 2.7100000000e+002	 2.18912e+002	 6.00103e+002
253	 2.7200000000e+002	 2.18412e+002	 6.08943e+002
254	 2.7300000000e+002	 2.17963e+002	 6.17857e+002
255	 2.7400000000e+002	 2.17515e+002	 6.26804e+002
256	 2.7500000000e+002	 2.17109e+002	 6.35721e+002
257	 2.7600000000e+002	 2.16767e+002	 6.44606e+002
258	 2.7700000000e+002	 2.16502e+002	 6.53635e+002
259	 2.7800000000e+002	 2.16158e+002	 6.62695e+002
260	 2.7900000000e+002	 2.15828e+002	 6.71694e+002
261	 2.8000000000e+002	 2.15542e+002	 6.80790e+002
262	 2.8100000000e+002	 2.15348e+002	 6.89908e+002
263	 2.8200000000e+002	 2.15170e+002	 6.99007e+002
264	 2.8300000000e+002	 2.14974e+002	 7.08235e+002
265	 2.8400000000e+002	 2.14782e+002	 7.17524e+002
266	 2.8500000000e+002	 2.14686e+002	 7.26843e+002
267	 2.8600000000e+002	 2.14697e+002	 7.36239e+002
268	 2.8700000000e+002	 2.14760e+002	 7.45723e+002
269	 2.8800000000e+002	 2.14851e+002	 7.55326e+002
270	 2.8900000000e+002	 2.15014e+002	 7.65014e+002
271	 2.9000000000e+002	 2.15366e+002	 7.74770e+002
272	 2.9100000000e+002	 2.15855e+002	 7.84762e+002
273	 2.9200000000e+002	 2.16627e+002	 7.94766e+002
274	 2.9300000000e+002	 2.17531e+002	 8.04888e+002
275	 2.9400000000e+002	 2.18778e+002	 8.15195e+002
276	 2.9500000000e+002	 2.20359e+002	 8.25445e+002
277	 2.9600000000e+002	 2.22363e+002	 8.35646e+002
278	 2.9700000000e+002	 2.24642e+002	 8.45835e+002
279	 2.9800000000e+002	 2.27239e+002	 8.55992e+002
280	 2.9900000000e+002	 2.30175e+002	 8.66179e+002
281	 3.0000000000e+002	 2.33508e+002	 8.76485e+002
282	 3.0100000000e+002	 2.37520e+002	 8.86820e+002
283	 3.0200000000e+002	 2.42270e+002	 8.97235e+002
284	 3.0300000000e+002	 2.48150e+002	 9.07810e+002
285	 3.0400000000e+002	 2.55775e+002	 9.18051e+002
286	 3.0500000000e+002	 2.65351e+002	 9.27308e+002
287	 3.0600000000e+002	 2.77267e+002	 9.34767e+002
288	 3.0700000000e+002	 2.91536e+002	 9.38750e+002
289	 3.0800000000e+002	 3.06696e+002	 9.37224e+002
290	 3.0900000000e+002	 3.19828e+002	 9.29307e+002
291	 3.1000000000e+002	 3.27198e+002	 9.15854e+002
292	 3.1100000000e+002	 3.26368e+002	 9.00669e+002
293	 3.1200000000e+002	 3.17693e+002	 8.88093e+002
294	 3.1300000000e+002	 3.03954e+002	 8.81000e+002
295	 3.1400000000e+002	 2.88666e+002	 8.79969e+002
296	 3.1500000000e+002	 2.74404e+002	 8.83700e+002
297	 3.1600000000e+002	 2.61950e+002	 8.90672e+002
298	 3.1700000000e+002	 2.51330e+002	 8.99508e+002
299	 3.1800000000e+002	 2.42515e+002	 9.09702e+002
300	 3.1900000000e+002	 2.35304e+002	 9.20787e+002
301	 3.2000000000e+002	 2.29669e+002	 9.32443e+002
302	 3.2100000000e+002	 2.25491e+002	 9.44596e+002
303	 3.2200000000e+002	 2.23028e+002	 9.56756e+002
304	 3.2300000000e+002	 2.22386e+002	 9.68527e+002
305	 3.2400000000e+002	 2.23656e+002	 9.79256e+002
306	 3.2500000000e+002	 2.26204e+002	 9.87792e+002
307	 3.2600000000e+002	 2.28950e+002	 9.93532e+002
308	 3.2700000000e+002	 2.29987e+002	 9.96951e+002
309	 3.2800000000e+002	 2.28434e+002	 9.99297e+002
310	 3.2900000000e+002	 2.24345e+002	 1.00222e+003
311	 3.3000000000e+002	 2.18843e+002	 1.00685e+003
312	 3.3100000000e+002	 2.12894e+002	 1.01304e+003
313	 3.3200000000e+002	 2.07150e+002	 1.02038e+003
314	 3.3300000000e+002	 2.01761e+002	 1.02869e+003
315	 3.3400000000e+002	 1.96876e+002	 1.03762e+003
316	 3.3500000000e+002	 1.92348e+002	 1.04711e+003
317	 3.3600000000e+002	 1.88067e+002	 1.05699e+003
318	 3.3700000000e+002	 1.84288e+002	 1.06744e+003
319	 3.3800000000e+002	 1.81123e+002	 1.07842e+003
320	 3.3900000000e+002	 1.79143e+002	 1.08966e+003
321	 3.4000000000e+002	 1.78261e+002	 1.10054e+003
322	 3.4100000000e+002	 1.77983e+002	 1.11072e+003
323	 3.4200000000e+002	 1.77943e+002	 1.12017e+003
324	 3.4300000000e+002	 1.77906e+002	 1.12909e+003
325	 3.4400000000e+002	 1.77532e+002	 1.13759e+003
326	 3.4500000000e+002	 1.76937e+002	 1.14588e+003
327	 3.4600000000e+002	 1.76340e+002	 1.15414e+003
328	 3.4700000000e+002	 1.75670e+002	 1.16224e+003
329	 3.4800000000e+002	 1.74952e+002	 1.17033e+003
330	 3.4900000000e+002	 1.73920e+002	 1.17812e+003
331	 3.5000000000e+002	 1.72385e+002	 1.18515e+003
332	 3.5100000000e+002	 1.72253e+002	 1.19408e+003
333	 3.5200000000e+002	 1.71775e+002	 1.20260e+003
334	 3.5300000000e+002	 1.70924e+002	 1.21071e+003
335	 3.5400000000e+002	 1.70110e+002	 1.21871e+003
336	 3.5500000000e+002	 1.69248e+002	 1.22678e+003
337	 3.5600000000e+002	 1.68341e+002	 1.23483e+003
338	 3.5700000000e+002	 1.67419e+002	 1.24282e+003
339	 3.5800000000e+002	 1.66578e+002	 1.25075e+003
340	 3.5900000000e+002	 1.65764e+002	 1.25857e+003
341	 3.6000000000e+002	 1.64872e+002	 1.26627e+003
342	 3.6100000000e+002	 1.63961e+002	 1.27393e+003
343	 3.6200000000e+002	 1.62987e+002	 1.28153e+003
344	 3.6300000000e+002	 1.62015e+002	 1.28910e+003
345	 3.6400000000e+002	 1.60987e+002	 1.29660e+003
346	 3.6500000000e+002	 1.59918e+002	 1.30407e+003
347	 3.6600000000e+002	 1.58847e+002	 1.31150e+003
348	 3.6700000000e+002	 1.57699e+002	 1.31893e+003
349	 3.6800000000e+002	 1.56525e+002	 1.32639e+003
350	 3.6900000000e+002	 1.55381e+002	 1.33386e+003
351	 3.7000000000e+002	 1.54243e+002	 1.34131e+003
352	 3.7100000000e+002	 1.53087e+002	 1.34880e+003
353	 3.7200000000e+002	 1.51943e+002	 1.35631e+003
354	 3.7300000000e+002	 1.50921e+002	 1.36379e+003
355	 3.7400000000e+002	 1.49963e+002	 1.37115e+003
356	 3.7500000000e+002	 1.48948e+002	 1.37848e+003
357	 3.7600000000e+002	 1.47907e+002	 1.38580e+003
358	 3.7700000000e+002	 1.46902e+002	 1.39304e+003
359	 3.7800000000e+002	 1.45850e+002	 1.40032e+003
360	 3.7900000000e+002	 1.44689e+002	 1.40767e+003
361	 3.8000000000e+002	 1.43660e+002	 1.41490e+003
362	 3.8100000000e+002	 1.42704e+002	 1.42219e+003
363	 3.8200000000e+002	 1.41619e+002	 1.42956e+003
364	 3.8300000000e+002	 1.40476e+002	 1.43683e+003
365	 3.8400000000e+002	 1.39393e+002	 1.44412e+003
366	 3.8500000000e+002	 1.38216e+002	 1.45151e+003
367	 3.8600000000e+002	 1.37073e+002	 1.45880e+003
368	 3.8700000000e+002	 1.35982e+002	 1.46579e+003
369	 3.8800000000e+002	 1.34812e+002	 1.47301e+003
370	 3.8900000000e+002	 1.33496e+002	 1.48023e+003
371	 3.9000000000e+002	 1.32201e+002	 1.48727e+003
372	 3.9100000000e+002	 1.31009e+002	 1.49453e+003
373	 3.9200000000e+002	 1.29825e+002	 1.50190e+003
374	 3.9300000000e+002	 1.28524e+002	 1.50913e+003
375	 3.9400000000e+002	 1.27143e+002	 1.51634e+003
376	 3.9500000000e+002	 1.25840e+002	 1.52352e+003
377	 3.9600000000e+002	 1.24585e+002	 1.53074e+003
378	 3.9700000000e+002	 1.23217e+002	 1.53798e+003
379	 3.9800000000e+002	 1.22249e+002	 1.54515e+003
380	 3.9900000000e+002	 1.20844e+002	 1.55242e+003
381	 4.0000000000e+002	 1.20006e+002	 1.55966e+003
382	 4.0100000000e+002	 1.18552e+002	 1.56687e+003
383	 4.0200000000e+002	 1.17150e+002	 1.57382e+003
384	 4.0300000000e+002	 1.15796e+002	 1.58096e+003
385	 4.0400000000e+002	 1.14434e+002	 1.58788e+003
386	 4.0500000000e+002	 1.12847e+002	 1.59459e+003
387	 4.0600000000e+002	 1.10901e+002	 1.60127e+003
388	 4.0700000000e+002	 1.08660e+002	 1.60852e+003
389	 4.0800000000e+002	 1.06694e+002	 1.61611e+003
390	 4.0900000000e+002	 1.05361e+002	 1.62386e+003
391	 4.1000000000e+002	 1.03777e+002	 1.63131e+003
392	 4.1100000000e+002	 1.02187e+002	 1.63857e+003
393	 4.1200000000e+002	 1.00911e+002	 1.64586e+003
394	 4.1300000000e+002	 9.92505e+001	 1.65342e+003
395	 4.1400000000e+002	 9.77618e+001	 1.66072e+003
396	 4.1500000000e+002	 9.62549e+001	 1.66818e+003
397	 4.1600000000e+002	 9.48501e+001	 1.67564e+003
398	 4.1700000000e+002	 9.35999e+001	 1.68295e+003
399	 4.1800000000e+002	 9.25618e+001	 1.69031e+003
400	 4.1900000000e+002	 9.13536e+001	 1.69745e+003
401	 4.2000000000e+002	 8.96573e+001	 1.70477e+003
402	 4.2100000000e+002	 8.85522e+001	 1.71214e+003
403	 4.2200000000e+002	 8.73666e+001	 1.71889e+003
404	 4.2300000000e+002	 8.62208e+001	 1.72580e+003
405	 4.2400000000e+002	 8.47096e+001	 1.73250e+003
406	 4.2500000000e+002	 8.30176e+001	 1.73926e+003
407	 4.2600000000e+002	 8.13224e+001	 1.74645e+003
408	 4.2700000000e+002	 7.95641e+001	 1.75286e+003
409	 4.2800000000e+002	 7.78026e+001	 1.75940e+003
410	 4.2900000000e+002	 7.57390e+001	 1.76630e+003
411	 4.3000000000e+002	 7.37588e+001	 1.77310e+003
412	 4.3100000000e+002	 7.19839e+001	 1.77983e+003
413	 4.3200000000e+002	 6.98064e+001	 1.78675e+003
414	 4.3300000000e+002	 6.73805e+001	 1.79318e+003
415	 4.3400000000e+002	 6.48503e+001	 1.79960e+003
416	 4.3500000000e+002	 6.27394e+001	 1.80676e+003
417	 4.3600000000e+002	 6.01923e+001	 1.81371e+003
418	 4.3700000000e+002	 5.76255e+001	 1.82031e+003
419	 4.3800000000e+002	 5.49578e+001	 1.82690e+003
420	 4.3900000000e+002	 5.23075e+001	 1.83383e+003
421	 4.4000000000e+002	 4.88290e+001	 1.84124e+003
422	 4.4100000000e+002	 4.56073e+001	 1.84819e+003
423	 4.4200000000e+002	 4.24265e+001	 1.85557e+003
424	 4.4300000000e+002	 3.87684e+001	 1.86352e+003
425	 4.4400000000e+002	 3.55148e+001	 1.87261e+003
426	 4.4500000000e+002	 3.22412e+001	 1.88122e+003
427	 4.4600000000e+002	 2.98875e+001	 1.89015e+003
428	 4.4700000000e+002	 2.80698e+001	 1.89914e+003
429	 4.4800000000e+002	 2.61408e+001	 1.90822e+003
430	 4.4900000000e+002	 2.51495e+001	 1.91674e+003
431	 4.5000000000e+002	 2.38755e+001	 1.92540e+003
432	 4.5100000000e+002	 2.30241e+001	 1.93343e+003
433	 4.5200000000e+002	 2.24690e+001	 1.94000e+003
434	 4.5300000000e+002	 2.14356e+001	 1.94719e+003
435	 4.5400000000e+002	 1.96678e+001	 1.95361e+003
436	 4.5500000000e+002	 1.75316e+001	 1.96017e+003
437	 4.5600000000e+002	 1.52838e+001	 1.96647e+003
438	 4.5700000000e+002	 1.24083e+001	 1.97340e+003
439	 4.5800000000e+002	 9.35519e+000	 1.98027e+003
440	 4.5900000000e+002	 6.28120e+000	 1.98740e+003
441	 4.6000000000e+002	 3.05374e+000	 1.99477e+003
442	 4.6100000000e+002	 6.11809e-003	 2.00182e+003
443	 4.6200000000e+002	-3.38050e+000	 2.01025e+003
444	 4.6300000000e+002	-6.74846e+000	 2.01791e+003
445	 4.6400000000e+002	-1.00924e+001	 2.02574e+003
446	 4.6500000000e+002	-1.34858e+001	 2.03396e+003
447	 4.6600000000e+002	-1.71943e+001	 2.04233e+003
448	 4.6700000000e+002	-2.06331e+001	 2.05054e+003
449	 4.6800000000e+002	-2.35410e+001	 2.05897e+003
450	 4.6900000000e+002	-2.63190e+001	 2.06751e+003
451	 4.7000000000e+002	-2.97165e+001	 2.07612e+003
452	 4.7100000000e+002	-3.28268e+001	 2.08501e+003
453	 4.7200000000e+002	-3.57078e+001	 2.09397e+003
454	 4.7300000000e+002	-3.87111e+001	 2.10297e+003
455	 4.7400000000e+002	-4.22747e+001	 2.11207e+003
456	 4.7500000000e+002	-4.49017e+001	 2.12085e+003
457	 4.7600000000e+002	-4.73225e+001	 2.12978e+003
458	 4.7700000000e+002	-5.00948e+001	 2.13916e+003
459	 4.7800000000e+002	-5.29648e+001	 2.14839e+003
460	 4.7900000000e+002	-5.56031e+001	 2.15772e+003
461	 4.8000000000e+002	-5.78193e+001	 2.16665e+003
462	 4.8100000000e+002	-5.97370e+001	 2.17584e+003
463	 4.8200000000e+002	-6.15874e+001	 2.18533e+003
464	 4.8300000000e+002	-6.31383e+001	 2.19456e+003
465	 4.8400000000e+002	-6.45739e+001	 2.20315e+003
466	 4.8500000000e+002	-6.61420e+001	 2.21158e+003
467	 4.8600000000e+002	-6.73114e+001	 2.21954e+003
468	 4.8700000000e+002	-6.85582e+001	 2.22650e+003
469	 4.8800000000e+002	-7.04177e+001	 2.23295e+003
470	 4.8900000000e+002	-7.32220e+001	 2.23889e+003
471	 4.9000000000e+002	-7.69600e+001	 2.24467e+003
472	 4.9100000000e+002	-8.19082e+001	 2.25114e+003
473	 4.9200000000e+002	-8.76650e+001	 2.25855e+003
474	 4.9300000000e+002	-9.40062e+001	 2.26704e+003
475	 4.9400000000e+002	-1.00234e+002	 2.27644e+003
476	 4.9500000000e+002	-1.05827e+002	 2.28651e+003
477	 4.9600000000e+002	-1.11119e+002	 2.29722e+003
478	 4.9700000000e+002	-1.15836e+002	 2.30809e+003
479	 4.9800000000e+002	-1.19929e+002	 2.31926e+003
480	 4.9900000000e+002	-1.23912e+002	 2.33065e+003
481	 5.0000000000e+002	-1.27611e+002	 2.34190e+003
482	 5.0100000000e+002	-1.31063e+002	 2.35325e+003
483	 5.0200000000e+002	-1.34124e+002	 2.36469e+003
484	 5.0300000000e+002	-1.36940e+002	 2.37613e+003
485	 5.0400000000e+002	-1.39794e+002	 2.38736e+003
486	 5.0500000000e+002	-1.42392e+002	 2.39854e+003
487	 5.0600000000e+002	-1.44819e+002	 2.40974e+003
488	 5.0700000000e+002	-1.47055e+002	 2.42100e+003
489	 5.0800000000e+002	-1.49194e+002	 2.43232e+003
490	 5.0900000000e+002	-1.51230e+002	 2.44375e+003
491	 5.1000000000e+002	-1.53076e+002	 2.45528e+003
492	 5.1100000000e+002	-1.54881e+002	 2.46657e+003
493	 5.1200000000e+002	-1.56485e+002	 2.47750e+003
494	 5.1300000000e+002	-1.58040e+002	 2.48865e+003
495	 5.1400000000e+002	-1.59322e+002	 2.49976e+003
496	 5.1500000000e+002	-1.60659e+002	 2.51067e+003
497	 5.1600000000e+002	-1.61929e+002	 2.52139e+003
498	 5.1700000000e+002	-1.62967e+002	 2.53196e+003
499	 5.1800000000e+002	-1.63954e+002	 2.54214e+003
500	 5.1900000000e+002	-1.65196e+002	 2.55242e+003
501	 5.2000000000e+002	-1.66908e+002	 2.56245e+003
502	 5.2100000000e+002	-1.68562e+002	 2.57208e+003
503	 5.2200000000e+002	-1.70700e+002	 2.58187e+003
504	 5.2300000000e+002	-1.72690e+002	 2.59210e+003
505	 5.2400000000e+002	-1.75011e+002	 2.60278e+003
506	 5.2500000000e+002	-1.77851e+002	 2.61366e+003
507	 5.2600000000e+002	-1.80339e+002	 2.62456e+003
508	 5.2700000000e+002	-1.82217e+002	 2.63598e+003
509	 5.2800000000e+002	-1.84284e+002	 2.64729e+003
510	 5.2900000000e+002	-1.86413e+002	 2.65850e+003
511	 5.3000000000e+002	-1.88274e+002	 2.66962e+003
512	 5.3100000000e+002	-1.89638e+002	 2.68177e+003
513	 5.3200000000e+002	-1.91068e+002	 2.69347e+003
514	 5.3300000000e+002	-1.93025e+002	 2.70502e+003
515	 5.3400000000e+002	-1.93783e+002	 2.71724e+003
516	 5.3500000000e+002	-1.95098e+002	 2.72879e+003
517	 5.3600000000e+002	-1.97067e+002	 2.74025e+003
518	 5.3700000000e+002	-1.98496e+002	 2.75173e+003
519	 5.3800000000e+002	-1.98591e+002	 2.76358e+003
520	 5.3900000000e+002	-1.99264e+002	 2.77477e+003
521	 5.4000000000e+002	-2.00502e+002	 2.78636e+003
522	 5.4100000000e+002	-2.01286e+002	 2.79869e+003
523	 5.4200000000e+002	-2.02149e+002	 2.81077e+003
524	 5.4300000000e+002	-2.02718e+002	 2.82258e+003
525	 5.4400000000e+002	-2.02972e+002	 2.83350e+003
526	 5.4500000000e+002	-2.03298e+002	 2.84470e+003
527	 5.4600000000e+002	-2.03471e+002	 2.85672e+003
528	 5.4700000000e+002	-2.02942e+002	 2.86782e+003
529	 5.4800000000e+002	-2.02934e+002	 2.87949e+003
530	 5.4900000000e+002	-2.04856e+002	 2.89151e+003
531	 5.5000000000e+002	-2.15270e+002	 2.90204e+003
532	 5.5100000000e+002	-2.09115e+002	 2.91453e+003
533	 5.5200000000e+002	-2.03577e+002	 2.92679e+003
534	 5.5300000000e+002	-2.02698e+002	 2.93831e+003
535	 5.5400000000e+002	-2.02827e+002	 2.94949e+003
536	 5.5500000000e+002	-2.00934e+002	 2.96111e+003
537	 5.5600000000e+002	-2.00344e+002	 2.97308e+003
538	 5.5700000000e+002	-2.00082e+002	 2.98491e+003
539	 5.5800000000e+002	-1.99660e+002	 2.99601e+003
540	 5.5900000000e+002	-1.98722e+002	 3.00676e+003
541	 5.6000000000e+002	-1.97291e+002	 3.01923e+003
542	 5.6100000000e+002	-1.96385e+002	 3.03153e+003
543	 5.6200000000e+002	-1.95615e+002	 3.04160e+003
544	 5.6300000000e+002	-1.95193e+002	 3.05192e+003
545	 5.6400000000e+002	-1.94201e+002	 3.06398e+003
546	 5.6500000000e+002	-1.93659e+002	 3.07689e+003
547	 5.6600000000e+002	-1.92702e+002	 3.08835e+003
548	 5.6700000000e+002	-1.90445e+002	 3.09942e+003
549	 5.6800000000e+002	-1.89056e+002	 3.11007e+003
550	 5.6900000000e+002	-1.88889e+002	 3.12094e+003
551	 5.7000000000e+002	-1.88135e+002	 3.13162e+003
552	 5.7100000000e+002	-1.85686e+002	 3.14279e+003
553	 5.7200000000e+002	-1.83379e+002	 3.15371e+003
554	 5.7300000000e+002	-1.81585e+002	 3.16499e+003
555	 5.7400000000e+002	-1.80462e+002	 3.17528e+003
556	 5.7500000000e+002	-1.78030e+002	 3.18467e+003
557	 5.7600000000e+002	-1.75911e+002	 3.19499e+003
558	 5.7700000000e+002	-1.74971e+002	 3.20564e+003
559	 5.7800000000e+002	-1.71029e+002	 3.21670e+003
560	 5.7900000000e+002	-1.68134e+002	 3.22567e+003
561	 5.8000000000e+002	-1.67692e+002	 3.23437e+003
562	 5.8100000000e+002	-1.66240e+002	 3.24506e+003
563	 5.8200000000e+002	-1.64288e+002	 3.25733e+003
564	 5.8300000000e+002	-1.60772e+002	 3.26813e+003
565	 5.8400000000e+002	-1.58154e+002	 3.27627e+003
566	 5.8500000000e+002	-1.55468e+002	 3.28597e+003
567	 5.8600000000e+002	-1.52402e+002	 3.29641e+003
568	 5.8700000000e+002	-1.50156e+002	 3.30640e+003
569	 5.8800000000e+002	-1.46631e+002	 3.31700e+003
570	 5.8900000000e+002	-1.42867e+002	 3.32700e+003
571	 5.9000000000e+002	-1.39175e+002	 3.33615e+003
572	 5.9100000000e+002	-1.36124e+002	 3.34507e+003
573	 5.9200000000e+002	-1.33902e+002	 3.35441e+003
574	 5.9300000000e+002	-1.31230e+002	 3.36277e+003
575	 5.9400000000e+002	-1.27715e+002	 3.37218e+003
576	 5.9500000000e+002	-1.22802e+002	 3.37981e+003
577	 5.9600000000e+002	-1.18401e+002	 3.38864e+003
578	 5.9700000000e+002	-1.13506e+002	 3.39560e+003
579	 5.9800000000e+002	-1.08155e+002	 3.40210e+003
580	 5.9900000000e+002	-1.02993e+002	 3.40811e+003
581	 6.0000000000e+002	-1.00695e+002	 3.41494e+003
582	 6.0100000000e+002	-9.49338e+001	 3.42011e+003
583	 6.0200000000e+002	-8.90567e+001	 3.42362e+003
584	 6.0300000000e+002	-8.50785e+001	 3.42832e+003
585	 6.0400000000e+002	-7.98910e+001	 3.43179e+003
586	 6.0500000000e+002	-7.58939e+001	 3.43350e+003
587	 6.0600000000e+002	-7.25203e+001	 3.43504e+003
588	 6.0700000000e+002	-6.90100e+001	 3.43693e+003
589	 6.0800000000e+002	-6.55707e+001	 3.43743e+003
590	 6.0900000000e+002	-6.48198e+001	 3.43735e+003
591	 6.1000000000e+002	-6.44508e+001	 3.43794e+003
592	 6.1100000000e+002	-6.44295e+001	 3.43731e+003
593	 6.1200000000e+002	-6.54627e+001	 3.43581e+003
594	 6.1300000000e+002	-6.79443e+001	 3.43441e+003
595	 6.1400000000e+002	-7.23478e+001	 3.43249e+003
596	 6.1500000000e+002	-7.77015e+001	 3.43027e+003
597	 6.1600000000e+002	-8.35592e+001	 3.43096e+003
598	 6.1700000000e+002	-8.99265e+001	 3.43071e+003
599	 6.1800000000e+002	-9.86523e+001	 3.43093e+003
600	 6.1900000000e+002	-1.08508e+002	 3.43269e+003
601	 6.2000000000e+002	-1.18363e+002	 3.43440e+003
602	 6.2100000000e+002	-1.28444e+002	 3.43765e+003
603	 6.2200000000e+002	-1.39097e+002	 3.44253e+003
604	 6.2300000000e+002	-1.50012e+002	 3.44768e+003
605	 6.2400000000e+002	-1.61433e+002	 3.45249e+003
606	 6.2500000000e+002	-1.73962e+002	 3.45922e+003
607	 6.2600000000e+002	-1.86432e+002	 3.46722e+003
608	 6.2700000000e+002	-1.97804e+002	 3.47625e+003
609	 6.2800000000e+002	-2.08601e+002	 3.48559e+003
610	 6.2900000000e+002	-2.20318e+002	 3.49673e+003
611	 6.3000000000e+002	-2.32138e+002	 3.50821e+003
612	 6.3100000000e+002	-2.43062e+002	 3.51991e+003
613	 6.3200000000e+002	-2.53291e+002	 3.53184e+003
614	 6.3300000000e+002	-2.62775e+002	 3.54526e+003
615	 6.3400000000e+002	-2.71773e+002	 3.56003e+003
616	 6.3500000000e+002	-2.81172e+002	 3.57468e+003
617	 6.3600000000e+002	-2.89789e+002	 3.58870e+003
618	 6.3700000000e+002	-2.97296e+002	 3.60353e+003
619	 6.3800000000e+002	-3.04796e+002	 3.61824e+003
620	 6.3900000000e+002	-3.11977e+002	 3.63360e+003
621	 6.4000000000e+002	-3.18199e+002	 3.64893e+003
622	 6.4100000000e+002	-3.24366e+002	 3.66332e+003
623	 6.4200000000e+002	-3.30686e+002	 3.67921e+003
624	 6.4300000000e+002	-3.35928e+002	 3.69549e+003
625	 6.4400000000e+002	-3.40933e+002	 3.71162e+003
626	 6.4500000000e+002	-3.46426e+002	 3.72742e+003
627	 6.4600000000e+002	-3.51324e+002	 3.74355e+003
628	 6.4700000000e+002	-3.56057e+002	 3.75944e+003
629	 6.4800000000e+002	-3.60003e+002	 3.77607e+003
630	 6.4900000000e+002	-3.63505e+002	 3.79317e+003
631	 6.5000000000e+002	-3.66488e+002	 3.80854e+003
632	 6.5100000000e+002	-3.70161e+002	 3.82473e+003
633	 6.5200000000e+002	-3.74183e+002	 3.84174e+003
634	 6.5300000000e+002	-3.77886e+002	 3.85896e+003
635	 6.5400000000e+002	-3.80061e+002	 3.87621e+003
636	 6.5500000000e+002	-3.81371e+002	 3.89332e+003
637	 6.5600000000e+002	-3.82553e+002	 3.90970e+003
638	 6.5700000000e+002	-3.84849e+002	 3.92557e+003
639	 6.5800000000e+002	-3.87136e+002	 3.94072e+003
640	 6.5900000000e+002	-3.90134e+002	 3.95676e+003
641	 6.6000000000e+002	-3.90676e+002	 3.97403e+003
642	 6.6100000000e+002	-3.90602e+002	 3.99151e+003
643	 6.6200000000e+002	-3.89675e+002	 4.00902e+003
644	 6.6300000000e+002	-3.89540e+002	 4.02522e+003
645	 6.6400000000e+002	-3.90227e+002	 4.04005e+003
646	 6.6500000000e+002	-3.89081e+002	 4.05596e+003
647	 6.6600000000e+002	-3.89092e+002	 4.07205e+003
648	 6.6700000000e+002	-3.89629e+002	 4.08898e+003
649	 6.6800000000e+002	-3.89510e+002	 4.10496e+003
650	 6.6900000000e+002	-3.90204e+002	 4.12062e+003
651	 6.7000000000e+002	-3.88962e+002	 4.13677e+003
652	 6.7100000000e+002	-3.88659e+002	 4.15434e+003
653	 6.7200000000e+002	-3.88113e+002	 4.17078e+003
654	 6.7300000000e+002	-3.86644e+002	 4.18503e+003
655	 6.7400000000e+002	-3.84599e+002	 4.20192e+003
656	 6.7500000000e+002	-3.83372e+002	 4.21888e+003
657	 6.7600000000e+002	-3.80109e+002	 4.23396e+003
658	 6.7700000000e+002	-3.77857e+002	 4.24777e+003
659	 6.7800000000e+002	-3.75782e+002	 4.26300e+003
660	 6.7900000000e+002	-3.71494e+002	 4.27807e+003
661	 6.8000000000e+002	-3.71323e+002	 4.29306e+003
662	 6.8100000000e+002	-3.70461e+002	 4.30778e+003
663	 6.8200000000e+002	-3.67625e+002	 4.32233e+003
664	 6.8300000000e+002	-3.64770e+002	 4.33454e+003
665	 6.8400000000e+002	-3.63080e+002	 4.35051e+003
666	 6.8500000000e+002	-3.60228e+002	 4.36806e+003
667	 6.8600000000e+002	-3.59930e+002	 4.38131e+003
668	 6.8700000000e+002	-3.56292e+002	 4.39341e+003
669	 6.8800000000e+002	-3.53781e+002	 4.40587e+003
670	 6.8900000000e+002	-3.53404e+002	 4.41953e+003
671	 6.9000000000e+002	-3.51417e+002	 4.43633e+003
672	 6.9100000000e+002	-3.47737e+002	 4.45245e+003
673	 6.9200000000e+002	-3.43172e+002	 4.46537e+003
674	 6.9300000000e+002	-3.42543e+002	 4.47830e+003
675	 6.9400000000e+002	-3.39018e+002	 4.49044e+003
676	 6.9500000000e+002	-3.35530e+002	 4.50305e+003
677	 6.9600000000e+002	-3.33037e+002	 4.51915e+003
678	 6.9700000000e+002	-3.30159e+002	 4.53151e+003
679	 6.9800000000e+002	-3.23197e+002	 4.54639e+003
680	 6.9900000000e+002	-3.22741e+002	 4.56274e+003
681	 7.0000000000e+002	-3.21754e+002	 4.57430e+003
682	 7.0100000000e+002	-3.16915e+002	 4.58480e+003
683	 7.0200000000e+002	-3.12683e+002	 4.59617e+003
684	 7.0300000000e+002	-3.09337e+002	 4.60781e+003
685	 7.0400000000e+002	-3.03771e+002	 4.61925e+003
686	 7.0500000000e+002	-3.00442e+002	 4.64013e+003
687	 7.0600000000e+002	-2.99472e+002	 4.66188e+003
688	 7.0700000000e+002	-3.00257e+002	 4.67508e+003
689	 7.0800000000e+002	-2.94104e+002	 4.68039e+003
690	 7.0900000000e+002	-2.84762e+002	 4.69249e+003
691	 7.1000000000e+002	-2.75360e+002	 4.70761e+003
692	 7.1100000000e+002	-2.71473e+002	 4.71850e+003
693	 7.1200000000e+002	-2.75121e+002	 4.73366e+003
694	 7.1300000000e+002	-2.75600e+002	 4.75020e+003
695	 7.1400000000e+002	-2.67526e+002	 4.75869e+003
696	 7.1500000000e+002	-2.63730e+002	 4.77028e+003
697	 7.1600000000e+002	-2.57068e+002	 4.78517e+003
698	 7.1700000000e+002	-2.47525e+002	 4.79770e+003
699	 7.1800000000e+002	-2.43875e+002	 4.80737e+003
700	 7.1900000000e+002	-2.43407e+002	 4.81933e+003
701	 7.2000000000e+002	-2.40018e+002	 4.83153e+003
702	 7.2100000000e+002	-2.37817e+002	 4.84398e+003
703	 7.2200000000e+002	-2.29139e+002	 4.85891e+003
704	 7.2300000000e+002	-2.25133e+002	 4.87385e+003
705	 7.2400000000e+002	-2.19950e+002	 4.88534e+003
706	 7.2500000000e+002	-2.13059e+002	 4.89556e+003
707	 7.2600000000e+002	-2.08319e+002	 4.90581e+003
708	 7.2700000000e+002	-2.07259e+002	 4.92040e+003
709	 7.2800000000e+002	-2.04996e+002	 4.93827e+003
710	 7.2900000000e+002	-1.95934e+002	 4.94820e+003
711	 7.3000000000e+002	-1.87986e+002	 4.95623e+003
712	 7.3100000000e+002	-1.81746e+002	 4.96508e+003
713	 7.3200000000e+002	-1.77962e+002	 4.97733e+003
714	 7.3300000000e+002	-1.75310e+002	 4.99025e+003
715	 7.3400000000e+002	-1.71709e+002	 5.00705e+003
716	 7.3500000000e+002	-1.68238e+002	 5.01785e+003
717	 7.3600000000e+002	-1.64399e+002	 5.02667e+003
718	 7.3700000000e+002	-1.55762e+002	 5.03874e+003
719	 7.3800000000e+002	-1.49596e+002	 5.05174e+003
720	 7.3900000000e+002	-1.42335e+002	 5.06199e+003
721	 7.4000000000e+002	-1.34175e+002	 5.07176e+003
722	 7.4100000000e+002	-1.30167e+002	 5.08386e+003
723	 7.4200000000e+002	-1.28177e+002	 5.09069e+003
724	 7.4300000000e+002	-1.23494e+002	 5.10125e+003
725	 7.4400000000e+002	-1.18586e+002	 5.11700e+003
726	 7.4500000000e+002	-1.13114e+002	 5.12841e+003
727	 7.4600000000e+002	-1.04801e+002	 5.13841e+003
728	 7.4700000000e+002	-9.92865e+001	 5.14586e+003
729	 7.4800000000e+002	-9.43380e+001	 5.15745e+003
730	 7.4900000000e+002	-8.68745e+001	 5.16867e+003
731	 7.5000000000e+002	-8.32818e+001	 5.17814e+003
732	 7.5100000000e+002	-7.59309e+001	 5.18548e+003
733	 7.5200000000e+002	-7.18387e+001	 5.19531e+003
734	 7.5300000000e+002	-6.43926e+001	 5.20848e+003
735	 7.5400000000e+002	-6.13167e+001	 5.22091e+003
736	 7.5500000000e+002	-5.49705e+001	 5.23068e+003
737	 7.5600000000e+002	-5.08088e+001	 5.23855e+003
738	 7.5700000000e+002	-4.66834e+001	 5.24623e+003
739	 7.5800000000e+002	-4.14782e+001	 5.25591e+003
740	 7.5900000000e+002	-3.99832e+001	 5.26569e+003
741	 7.6000000000e+002	-3.41410e+001	 5.27577e+003
742	 7.6100000000e+002	-2.73374e+001	 5.28364e+003
743	 7.6200000000e+002	-1.94073e+001	 5.29213e+003
744	 7.6300000000e+002	-1.33003e+001	 5.30228e+003
745	 7.6400000000e+002	-8.46401e+000	 5.31284e+003
746	 7.6500000000e+002	-3.21324e+000	 5.32393e+003
747	 7.6600000000e+002	 2.94685e+000	 5.33285e+003
748	 7.6700000000e+002	 9.98326e+000	 5.34299e+003
749	 7.6800000000e+002	 1.60291e+001	 5.35317e+003
750	 7.6900000000e+002	 2.06158e+001	 5.36471e+003
751	 7.7000000000e+002	 2.50396e+001	 5.37486e+003
752	 7.7100000000e+002	 3.04422e+001	 5.38457e+003
753	 7.7200000000e+002	 3.83081e+001	 5.39265e+003
754	 7.7300000000e+002	 4.66811e+001	 5.40181e+003
755	 7.7400000000e+002	 5.12352e+001	 5.41327e+003
756	 7.7500000000e+002	 5.69635e+001	 5.42286e+003
757	 7.7600000000e+002	 6.04741e+001	 5.43101e+003
758	 7.7700000000e+002	 6.51840e+001	 5.43894e+003
759	 7.7800000000e+002	 6.96046e+001	 5.44664e+003
760	 7.7900000000e+002	 7.53235e+001	 5.45900e+003
761	 7.8000000000e+002	 8.34036e+001	 5.47114e+003
762	 7.8100000000e+002	 8.98411e+001	 5.48118e+003
763	 7.8200000000e+002	 9.63018e+001	 5.49030e+003
764	 7.8300000000e+002	 1.03901e+002	 5.49988e+003
765	 7.8400000000e+002	 1.12047e+002	 5.50952e+003
766	 7.8500000000e+002	 1.19705e+002	 5.51831e+003
767	 7.8600000000e+002	 1.22924e+002	 5.52614e+003
768	 7.8700000000e+002	 1.26460e+002	 5.53639e+003
769	 7.8800000000e+002	 1.35110e+002	 5.54685e+003
770	 7.8900000000e+002	 1.45702e+002	 5.55542e+003
771	 7.9000000000e+002	 1.55041e+002	 5.56349e+003
772	 7.9100000000e+002	 1.62100e+002	 5.57042e+003
773	 7.9200000000e+002	 1.65682e+002	 5.57999e+003
774	 7.9300000000e+002	 1.68525e+002	 5.59140e+003
775	 7.9400000000e+002	 1.77698e+002	 5.60118e+003
776	 7.9500000000e+002	 1.88450e+002	 5.60915e+003
777	 7.9600000000e+002	 1.96775e+002	 5.61988e+003
778	 7.9700000000e+002	 2.03497e+002	 5.63004e+003
779	 7.9800000000e+002	 2.14176e+002	 5.63702e+003
780	 7.9900000000e+002	 2.28617e+002	 5.64087e+003
781	 8.0000000000e+002	 2.37027e+002	 5.64347e+003
782	 8.0100000000e+002	 2.42340e+002	 5.64808e+003
783	 8.0200000000e+002	 2.48904e+002	 5.65898e+003
784	 8.0300000000e+002	 2.64606e+002	 5.66962e+003
785	 8.0400000000e+002	 2.81221e+002	 5.67193e+003
786	 8.0500000000e+002	 2.91544e+002	 5.67107e+003
787	 8.0600000000e+002	 3.04717e+002	 5.67351e+003
788	 8.0700000000e+002	 3.12835e+002	 5.67184e+003
789	 8.0800000000e+002	 3.18655e+002	 5.66903e+003
790	 8.0900000000e+002	 3.19086e+002	 5.68041e+003
791	 8.1000000000e+002	 3.26167e+002	 5.69075e+003
792	 8.1100000000e+002	 3.39028e+002	 5.69555e+003
793	 8.1200000000e+002	 3.48237e+002	 5.69538e+003
794	 8.1300000000e+002	 3.56704e+002	 5.69429e+003
795	 8.1400000000e+002	 3.68689e+002	 5.69219e+003
796	 8.1500000000e+002	 3.75409e+002	 5.68519e+003
797	 8.1600000000e+002	 3.70022e+002	 5.68408e+003
798	 8.1700000000e+002	 3.67323e+002	 5.69104e+003
799	 8.1800000000e+002	 3.73106e+002	 5.69387e+003
800	 8.1900000000e+002	 3.86471e+002	 5.69656e+003
801	 8.2000000000e+002	 3.91602e+002	 5.69865e+003
802	 8.2100000000e+002	 3.86005e+002	 5.69485e+003
803	 8.2200000000e+002	 3.84823e+002	 5.69231e+003
804	 8.2300000000e+002	 3.88413e+002	 5.69398e+003
805	 8.2400000000e+002	 3.91540e+002	 5.69590e+003
806	 8.2500000000e+002	 3.88546e+002	 5.70396e+003
807	 8.2600000000e+002	 3.90646e+002	 5.70648e+003
808	 8.2700000000e+002	 3.96238e+002	 5.70253e+003
809	 8.2800000000e+002	 3.94366e+002	 5.70101e+003
810	 8.2900000000e+002	 3.94334e+002	 5.71321e+003
811	 8.3000000000e+002	 4.05733e+002	 5.72880e+003
812	 8.3100000000e+002	 4.16377e+002	 5.73563e+003
813	 8.3200000000e+002	 4.22675e+002	 5.73561e+003
814	 8.3300000000e+002	 4.34817e+002	 5.73340e+003
815	 8.3400000000e+002	 4.39697e+002	 5.73658e+003
816	 8.3500000000e+002	 4.30012e+002	 5.73506e+003
817	 8.3600000000e+002	 4.23516e+002	 5.74114e+003
818	 8.3700000000e+002	 4.19664e+002	 5.75761e+003
819	 8.3800000000e+002	 4.26483e+002	 5.77095e+003
820	 8.3900000000e+002	 4.41084e+002	 5.77580e+003
821	 8.4000000000e+002	 4.50361e+002	 5.78306e+003
822	 8.4100000000e+002	 4.61687e+002	 5.77948e+003
823	 8.4200000000e+002	 4.73906e+002	 5.78564e+003
824	 8.4300000000e+002	 4.73717e+002	 5.79446e+003
825	 8.4400000000e+002	 4.73612e+002	 5.79062e+003
826	 8.4500000000e+002	 4.75677e+002	 5.78905e+003
827	 8.4600000000e+002	 4.79414e+002	 5.78380e+003
828	 8.4700000000e+002	 4.89166e+002	 5.77251e+003
829	 8.4800000000e+002	 4.88745e+002	 5.76362e+003
830	 8.4900000000e+002	 4.91271e+002	 5.76024e+003
831	 8.5000000000e+002	 5.00323e+002	 5.77246e+003
832	 8.5100000000e+002	 5.04414e+002	 5.77922e+003
833	 8.5200000000e+002	 5.02179e+002	 5.77189e+003
834	 8.5300000000e+002	 4.93104e+002	 5.75630e+003
835	 8.5400000000e+002	 4.77413e+002	 5.74201e+003
836	 8.5500000000e+002	 4.64072e+002	 5.73073e+003
837	 8.5600000000e+002	 4.54673e+002	 5.72391e+003
838	 8.5700000000e+002	 4.47062e+002	 5.72291e+003
839	 8.5800000000e+002	 4.42933e+002	 5.73060e+003
840	 8.5900000000e+002	 4.31559e+002	 5.73645e+003
841	 8.6000000000e+002	 4.16799e+002	 5.74530e+003
842	 8.6100000000e+002	 3.91295e+002	 5.74645e+003
843	 8.6200000000e+002	 3.63450e+002	 5.75686e+003
844	 8.6300000000e+002	 3.47904e+002	 5.75677e+003
845	 8.6400000000e+002	 3.34128e+002	 5.76263e+003
846	 8.6500000000e+002	 3.30086e+002	 5.77413e+003
847	 8.6600000000e+002	 3.27047e+002	 5.78164e+003
848	 8.6700000000e+002	 3.14405e+002	 5.80326e+003
849	 8.6800000000e+002	 2.79001e+002	 5.83504e+003
850	 8.6900000000e+002	 2.47715e+002	 5.86694e+003
851	 8.7000000000e+002	 2.36397e+002	 5.89603e+003
852	 8.7100000000e+002	 2.24670e+002	 5.93580e+003
853	 8.7200000000e+002	 2.14474e+002	 5.97391e+003
854	 8.7300000000e+002	 2.21460e+002	 6.02012e+003
855	 8.7400000000e+002	 2.32035e+002	 6.05969e+003
856	 8.7500000000e+002	 2.49196e+002	 6.08569e+003
857	 8.7600000000e+002	 2.67505e+002	 6.11841e+003
858	 8.7700000000e+002	 2.82045e+002	 6.15024e+003
859	 8.7800000000e+002	 3.08352e+002	 6.17384e+003
860	 8.7900000000e+002	 3.37975e+002	 6.20531e+003
861	 8.8000000000e+002	 3.54798e+002	 6.23644e+003
862	 8.8100000000e+002	 3.63778e+002	 6.26261e+003
863	 8.8200000000e+002	 3.86407e+002	 6.28181e+003
864	 8.8300000000e+002	 4.08935e+002	 6.28340e+003
865	 8.8400000000e+002	 4.37830e+002	 6.28899e+003
866	 8.8500000000e+002	 4.71585e+002	 6.29744e+003
867	 8.8600000000e+002	 5.01006e+002	 6.29977e+003
868	 8.8700000000e+002	 5.27113e+002	 6.30137e+003
869	 8.8800000000e+002	 5.42124e+002	 6.30316e+003
870	 8.8900000000e+002	 5.58887e+002	 6.29437e+003
871	 8.9000000000e+002	 5.77692e+002	 6.28163e+003
872	 8.9100000000e+002	 5.89997e+002	 6.27306e+003
873	 8.9200000000e+002	 5.95315e+002	 6.26265e+003
874	 8.9300000000e+002	 6.00476e+002	 6.25519e+003
875	 8.9400000000e+002	 6.08159e+002	 6.26183e+003
876	 8.9500000000e+002	 6.02459e+002	 6.25521e+003
877	 8.9600000000e+002	 5.96857e+002	 6.24092e+003
878	 8.9700000000e+002	 6.07562e+002	 6.23905e+003
879	 8.9800000000e+002	 6.17661e+002	 6.23480e+003
880	 8.9900000000e+002	 6.07055e+002	 6.23827e+003
881	 9.0000000000e+002	 5.93446e+002	 6.24328e+003
882	 9.0100000000e+002	 6.04266e+002	 6.25153e+003
883	 9.0200000000e+002	 6.12153e+002	 6.26422e+003
884	 9.0300000000e+002	 5.92848e+002	 6.27072e+003
885	 9.0400000000e+002	 5.76374e+002	 6.27619e+003
886	 9.0500000000e+002	 5.81067e+002	 6.28964e+003
887	 9.0600000000e+002	 5.90699e+002	 6.30100e+003
888	 9.0700000000e+002	 5.89342e+002	 6.30815e+003
889	 9.0800000000e+002	 5.86396e+002	 6.31586e+003
890	 9.0900000000e+002	 5.88387e+002	 6.32256e+003
891	 9.1000000000e+002	 5.93567e+002	 6.33533e+003
892	 9.1100000000e+002	 5.94986e+002	 6.34771e+003
893	 9.1200000000e+002	 5.90986e+002	 6.35656e+003
894	 9.1300000000e+002	 5.94497e+002	 6.36775e+003
895	 9.1400000000e+002	 6.02208e+002	 6.38497e+003
896	 9.1500000000e+002	 6.05091e+002	 6.40606e+003
897	 9.1600000000e+002	 5.99976e+002	 6.41885e+003
898	 9.1700000000e+002	 6.02354e+002	 6.42299e+003
899	 9.1800000000e+002	 6.13610e+002	 6.43891e+003
900	 9.1900000000e+002	 6.25955e+002	 6.46474e+003
901	 9.2000000000e+002	 6.37714e+002	 6.48805e+003
902	 9.2100000000e+002	 6.55004e+002	 6.49892e+003
903	 9.2200000000e+002	 6.73039e+002	 6.51640e+003
904	 9.2300000000e+002	 6.96130e+002	 6.53216e+003
905	 9.2400000000e+002	 7.16711e+002	 6.53739e+003
906	 9.2500000000e+002	 7.39630e+002	 6.53703e+003
907	 9.2600000000e+002	 7.61043e+002	 6.53496e+003
908	 9.2700000000e+002	 7.80986e+002	 6.53589e+003
909	 9.2800000000e+002	 7.96179e+002	 6.54513e+003
910	 9.2900000000e+002	 8.07341e+002	 6.54014e+003
911	 9.3000000000e+002	 8.17983e+002	 6.53902e+003
912	 9.3100000000e+002	 8.36190e+002	 6.54563e+003
913	 9.3200000000e+002	 8.58230e+002	 6.54053e+003
914	 9.3300000000e+002	 8.73440e+002	 6.52902e+003
915	 9.3400000000e+002	 8.87360e+002	 6.51835e+003
916	 9.3500000000e+002	 8.99130e+002	 6.51232e+003
917	 9.3600000000e+002	 9.12395e+002	 6.51279e+003
918	 9.3700000000e+002	 9.21781e+002	 6.50689e+003
919	 9.3800000000e+002	 9.38206e+002	 6.49045e+003
920	 9.3900000000e+002	 9.56337e+002	 6.47733e+003
921	 9.4000000000e+002	 9.64244e+002	 6.46175e+003
922	 9.4100000000e+002	 9.79007e+002	 6.43937e+003
923	 9.4200000000e+002	 9.88402e+002	 6.41314e+003
924	 9.4300000000e+002	 9.81919e+002	 6.40060e+003
925	 9.4400000000e+002	 9.75885e+002	 6.39456e+003
926	 9.4500000000e+002	 9.63293e+002	 6.39316e+003
927	 9.4600000000e+002	 9.55971e+002	 6.38737e+003
928	 9.4700000000e+002	 9.65224e+002	 6.36287e+003
929	 9.4800000000e+002	 9.74264e+002	 6.32989e+003
930	 9.4900000000e+002	 9.76584e+002	 6.30972e+003
931	 9.5000000000e+002	 9.70060e+002	 6.29905e+003
932	 9.5100000000e+002	 9.57410e+002	 6.28082e+003
933	 9.5200000000e+002	 9.32384e+002	 6.26851e+003
934	 9.5300000000e+002	 9.02036e+002	 6.27167e+003
935	 9.5400000000e+002	 8.67162e+002	 6.27992e+003
936	 9.5500000000e+002	 8.48163e+002	 6.27537e+003
937	 9.5600000000e+002	 8.41123e+002	 6.24248e+003
938	 9.5700000000e+002	 8.22017e+002	 6.22833e+003
939	 9.5800000000e+002	 8.12483e+002	 6.22804e+003
940	 9.5900000000e+002	 7.96689e+002	 6.23633e+003
941	 9.6000000000e+002	 7.87551e+002	 6.24094e+003
942	 9.6100000000e+002	 7.68628e+002	 6.24715e+003
943	 9.6200000000e+002	 7.40372e+002	 6.25058e+003
944	 9.6300000000e+002	 7.07018e+002	 6.25197e+003
945	 9.6400000000e+002	 6.87826e+002	 6.25612e+003
946	 9.6500000000e+002	 6.98548e+002	 6.25770e+003
947	 9.6600000000e+002	 6.59448e+002	 6.25093e+003
948	 9.6700000000e+002	 6.09785e+002	 6.29495e+003
949	 9.6800000000e+002	 5.86879e+002	 6.31660e+003
950	 9.6900000000e+002	 5.79954e+002	 6.31113e+003
951	 9.7000000000e+002	 5.55400e+002	 6.31268e+003
952	 9.7100000000e+002	 5.30829e+002	 6.32490e+003
953	 9.7200000000e+002	 5.11135e+002	 6.31862e+003
954	 9.7300000000e+002	 4.88506e+002	 6.33753e+003
955	 9.7400000000e+002	 4.69520e+002	 6.37537e+003
956	 9.7500000000e+002	 4.23494e+002	 6.41298e+003
957	 9.7600000000e+002	 3.69275e+002	 6.45095e+003
958	 9.7700000000e+002	 3.42367e+002	 6.49118e+003
959	 9.7800000000e+002	 3.48205e+002	 6.52283e+003
960	 9.7900000000e+002	 3.55073e+002	 6.54124e+003
961	 9.8000000000e+002	 3.39468e+002	 6.55816e+003
962	 9.8100000000e+002	 3.16702e+002	 6.58983e+003
963	 9.8200000000e+002	 2.80253e+002	 6.62289e+003
964	 9.8300000000e+002	 2.61835e+002	 6.66986e+003
965	 9.8400000000e+002	 2.46867e+002	 6.71141e+003
966	 9.8500000000e+002	 2.49475e+002	 6.74619e+003
967	 9.8600000000e+002	 2.36916e+002	 6.76450e+003
968	 9.8700000000e+002	 2.48593e+002	 6.80575e+003
969	 9.8800000000e+002	 2.97452e+002	 6.84611e+003
970	 9.8900000000e+002	 3.08857e+002	 6.87744e+003
971	 9.9000000000e+002	 2.89908e+002	 6.93660e+003
972	 9.9100000000e+002	 2.55093e+002	 6.98210e+003
973	 9.9200000000e+002	 2.51228e+002	 6.97286e+003
974	 9.9300000000e+002	 2.48072e+002	 6.97170e+003
975	 9.9400000000e+002	 2.68323e+002	 6.98746e+003
976	 9.9500000000e+002	 2.87807e+002	 7.02316e+003
977	 9.9600000000e+002	 3.21740e+002	 7.12404e+003
978	 9.9700000000e+002	 4.06012e+002	 7.16587e+003
979	 9.9800000000e+002	 4.38248e+002	 7.15601e+003
980	 9.9900000000e+002	 3.67737e+002	 7.17960e+003
981	 1.0000000000e+003	 3.07984e+002	 7.18975e+003
982	 1.0010000000e+003	 2.66997e+002	 7.14653e+003
983	 1.0020000000e+003	 2.45621e+002	 7.12052e+003
984	 1.0030000000e+003	 2.41478e+002	 7.16113e+003
985	 1.0040000000e+003	 2.45033e+002	 7.26386e+003
986	 1.0050000000e+003	 2.66037e+002	 7.36330e+003
987	 1.0060000000e+003	 3.16912e+002	 7.42482e+003
988	 1.0070000000e+003	 3.46936e+002	 7.42653e+003
989	 1.0080000000e+003	 3.23450e+002	 7.45208e+003
990	 1.0090000000e+003	 2.83340e+002	 7.49237e+003
991	 1.0100000000e+003	 2.54455e+002	 7.50907e+003
992	 1.0110000000e+003	 2.45511e+002	 7.51267e+003
993	 1.0120000000e+003	 2.71622e+002	 7.58125e+003
994	 1.0130000000e+003	 3.06527e+002	 7.72624e+003
995	 1.0140000000e+003	 3.59428e+002	 7.84221e+003
996	 1.0150000000e+003	 4.10080e+002	 7.89228e+003
997	 1.0160000000e+003	 4.63420e+002	 7.93851e+003
998	 1.0170000000e+003	 5.33145e+002	 7.96023e+003
999	 1.0180000000e+003	 5.74538e+002	 7.96266e+003
1000	 1.0190000000e+003	 5.90559e+002	 7.98045e+003
1001	 1.0200000000e+003	 6.12089e+002	 8.01046e+003
1002	 1.0210000000e+003	 6.89967e+002	 8.04066e+003
1003	 1.0220000000e+003	 7.34450e+002	 8.09790e+003
1004	 1.0230000000e+003	 7.49500e+002	 8.16730e+003
1005	 1.0240000000e+003	 7.86376e+002	 8.20119e+003
1006	 1.0250000000e+003	 8.24159e+002	 8.19089e+003
1007	 1.0260000000e+003	 8.81233e+002	 8.19836e+003
1008	 1.0270000000e+003	 9.48161e+002	 8.24045e+003
1009	 1.0280000000e+003	 1.01403e+003	 8.29536e+003
1010	 1.0290000000e+003	 1.08444e+003	 8.34294e+003
1011	 1.0300000000e+003	 1.18684e+003	 8.33996e+003
1012	 1.0310000000e+003	 1.24604e+003	 8.30899e+003
1013	 1.0320000000e+003	 1.27936e+003	 8.30772e+003
1014	 1.0330000000e+003	 1.34620e+003	 8.31071e+003
1015	 1.0340000000e+003	 1.41424e+003	 8.25127e+003
1016	 1.0350000000e+003	 1.44946e+003	 8.18964e+003
1017	 1.0360000000e+003	 1.50550e+003	 8.18413e+003
1018	 1.0370000000e+003	 1.57264e+003	 8.19263e+003
1019	 1.0380000000e+003	 1.63214e+003	 8.17138e+003
1020	 1.0390000000e+003	 1.66542e+003	 8.11194e+003
1021	 1.0400000000e+003	 1.69245e+003	 8.03889e+003
1022	 1.0410000000e+003	 1.70039e+003	 7.98170e+003
1023	 1.0420000000e+003	 1.71171e+003	 7.94373e+003
1024	 1.0430000000e+003	 1.73895e+003	 7.90588e+003
1025	 1.0440000000e+003	 1.77064e+003	 7.86194e+003
1026	 1.0450000000e+003	 1.78409e+003	 7.84903e+003
1027	 1.0460000000e+003	 1.78736e+003	 7.83867e+003
1028	 1.0470000000e+003	 1.75956e+003	 7.83093e+003
1029	 1.0480000000e+003	 1.73789e+003	 7.80300e+003
1030	 1.0490000000e+003	 1.73857e+003	 7.76184e+003
1031	 1.0500000000e+003	 1.75185e+003	 7.73604e+003
1032	 1.0510000000e+003	 1.75899e+003	 7.72757e+003
1033	 1.0520000000e+003	 1.76429e+003	 7.70806e+003
1034	 1.0530000000e+003	 1.76895e+003	 7.69961e+003
1035	 1.0540000000e+003	 1.78791e+003	 7.68561e+003
1036	 1.0550000000e+003	 1.79871e+003	 7.68116e+003
1037	 1.0560000000e+003	 1.78554e+003	 7.66868e+003
1038	 1.0570000000e+003	 1.77198e+003	 7.64689e+003
1039	 1.0580000000e+003	 1.76193e+003	 7.64381e+003
1040	 1.0590000000e+003	 1.76026e+003	 7.64126e+003
1041	 1.0600000000e+003	 1.76119e+003	 7.64184e+003
1042	 1.0610000000e+003	 1.75786e+003	 7.63633e+003
1043	 1.0620000000e+003	 1.77067e+003	 7.61543e+003
1044	 1.0630000000e+003	 1.80427e+003	 7.59045e+003
1045	 1.0640000000e+003	 1.82437e+003	 7.57964e+003
1046	 1.0650000000e+003	 1.81700e+003	 7.57765e+003
1047	 1.0660000000e+003	 1.79247e+003	 7.56711e+003
1048	 1.0670000000e+003	 1.77360e+003	 7.55068e+003
1049	 1.0680000000e+003	 1.76870e+003	 7.53395e+003
1050	 1.0690000000e+003	 1.76320e+003	 7.53081e+003
1051	 1.0700000000e+003	 1.75127e+003	 7.53944e+003
1052	 1.0710000000e+003	 1.74322e+003	 7.54161e+003
1053	 1.0720000000e+003	 1.76115e+003	 7.54611e+003
1054	 1.0730000000e+003	 1.79740e+003	 7.54472e+003
1055	 1.0740000000e+003	 1.81443e+003	 7.53318e+003
1056	 1.0750000000e+003	 1.81179e+003	 7.50438e+003
1057	 1.0760000000e+003	 1.79659e+003	 7.47185e+003
1058	 1.0770000000e+003	 1.77327e+003	 7.47438e+003
1059	 1.0780000000e+003	 1.76042e+003	 7.46792e+003
1060	 1.0790000000e+003	 1.75361e+003	 7.46630e+003
1061	 1.0800000000e+003	 1.75316e+003	 7.45928e+003
1062	 1.0810000000e+003	 1.75491e+003	 7.44360e+003
1063	 1.0820000000e+003	 1.76986e+003	 7.43811e+003
1064	 1.0830000000e+003	 1.77787e+003	 7.45617e+003
1065	 1.0840000000e+003	 1.77358e+003	 7.43897e+003
1066	 1.0850000000e+003	 1.76103e+003	 7.39386e+003
1067	 1.0860000000e+003	 1.74751e+003	 7.35112e+003
1068	 1.0870000000e+003	 1.72607e+003	 7.33132e+003
1069	 1.0880000000e+003	 1.71414e+003	 7.32354e+003
1070	 1.0890000000e+003	 1.72867e+003	 7.30477e+003
1071	 1.0900000000e+003	 1.73077e+003	 7.27434e+003
1072	 1.0910000000e+003	 1.72637e+003	 7.24479e+003
1073	 1.0920000000e+003	 1.71404e+003	 7.23855e+003
1074	 1.0930000000e+003	 1.69289e+003	 7.25393e+003
1075	 1.0940000000e+003	 1.64210e+003	 7.24771e+003
1076	 1.0950000000e+003	 1.58923e+003	 7.17683e+003
1077	 1.0960000000e+003	 1.54055e+003	 7.09914e+003
1078	 1.0970000000e+003	 1.50243e+003	 7.08153e+003
1079	 1.0980000000e+003	 1.45991e+003	 7.10054e+003
1080	 1.0990000000e+003	 1.41994e+003	 7.11604e+003
1081	 1.1000000000e+003	 1.40193e+003	 7.07994e+003
1082	 1.1010000000e+003	 1.38750e+003	 7.06929e+003
1083	 1.1020000000e+003	 1.37492e+003	 7.10529e+003
1084	 1.1030000000e+003	 1.32277e+003	 7.14449e+003
1085	 1.1040000000e+003	 1.22209e+003	 7.13916e+003
1086	 1.1050000000e+003	 1.13040e+003	 7.11007e+003
1087	 1.1060000000e+003	 1.06813e+003	 7.09922e+003
1088	 1.1070000000e+003	 1.04811e+003	 7.13312e+003
1089	 1.1080000000e+003	 1.05196e+003	 7.21030e+003
1090	 1.1090000000e+003	 1.02102e+003	 7.27660e+003
1091	 1.1100000000e+003	 9.94853e+002	 7.26687e+003
1092	 1.1110000000e+003	 1.00385e+003	 7.28078e+003
1093	 1.1120000000e+003	 9.66896e+002	 7.33379e+003
1094	 1.1130000000e+003	 9.06794e+002	 7.35886e+003
1095	 1.1140000000e+003	 9.09043e+002	 7.34837e+003
1096	 1.1150000000e+003	 8.73756e+002	 7.36774e+003
1097	 1.1160000000e+003	 8.23183e+002	 7.38904e+003
1098	 1.1170000000e+003	 8.08379e+002	 7.44885e+003
1099	 1.1180000000e+003	 8.23500e+002	 7.51834e+003
1100	 1.1190000000e+003	 8.21081e+002	 7.54557e+003
1101	 1.1200000000e+003	 8.16984e+002	 7.54667e+003
1102	 1.1210000000e+003	 8.00530e+002	 7.56883e+003
1103	 1.1220000000e+003	 7.75738e+002	 7.60067e+003
1104	 1.1230000000e+003	 7.31310e+002	 7.62404e+003
1105	 1.1240000000e+003	 7.22777e+002	 7.62080e+003
1106	 1.1250000000e+003	 7.22670e+002	 7.63607e+003
1107	 1.1260000000e+003	 7.08703e+002	 7.67220e+003
1108	 1.1270000000e+003	 7.20633e+002	 7.69692e+003
1109	 1.1280000000e+003	 7.30375e+002	 7.75162e+003
1110	 1.1290000000e+003	 6.72858e+002	 7.79015e+003
1111	 1.1300000000e+003	 6.03089e+002	 7.81495e+003
1112	 1.1310000000e+003	 5.25102e+002	 7.82949e+003
1113	 1.1320000000e+003	 5.05553e+002	 7.85089e+003
1114	 1.1330000000e+003	 5.26884e+002	 7.90965e+003
1115	 1.1340000000e+003	 5.37684e+002	 8.00014e+003
1116	 1.1350000000e+003	 5.03324e+002	 8.01808e+003
1117	 1.1360000000e+003	 4.87963e+002	 7.99751e+003
1118	 1.1370000000e+003	 5.28198e+002	 8.02936e+003
1119	 1.1380000000e+003	 5.32597e+002	 8.09841e+003
1120	 1.1390000000e+003	 5.00008e+002	 8.16062e+003
1121	 1.1400000000e+003	 4.57690e+002	 8.20930e+003
1122	 1.1410000000e+003	 3.85218e+002	 8.21587e+003
1123	 1.1420000000e+003	 4.10930e+002	 8.18507e+003
1124	 1.1430000000e+003	 4.70533e+002	 8.27038e+003
1125	 1.1440000000e+003	 4.56200e+002	 8.38812e+003
1126	 1.1450000000e+003	 4.11468e+002	 8.38594e+003
1127	 1.1460000000e+003	 4.33050e+002	 8.38840e+003
1128	 1.1470000000e+003	 4.57857e+002	 8.44874e+003
1129	 1.1480000000e+003	 4.44256e+002	 8.49464e+003
1130	 1.1490000000e+003	 4.07422e+002	 8.49154e+003
1131	 1.1500000000e+003	 4.31982e+002	 8.48534e+003
1132	 1.1510000000e+003	 4.62322e+002	 8.52526e+003
1133	 1.1520000000e+003	 4.65060e+002	 8.57109e+003
1134	 1.1530000000e+003	 4.84355e+002	 8.60143e+003
1135	 1.1540000000e+003	 4.78803e+002	 8.65354e+003
1136	 1.1550000000e+003	 4.00953e+002	 8.60761e+003
1137	 1.1560000000e+003	 3.72537e+002	 8.61033e+003
1138	 1.1570000000e+003	 3.89141e+002	 8.68982e+003
1139	 1.1580000000e+003	 3.84284e+002	 8.71670e+003
1140	 1.1590000000e+003	 3.75741e+002	 8.74216e+003
1141	 1.1600000000e+003	 3.93586e+002	 8.76506e+003
1142	 1.1610000000e+003	 4.17845e+002	 8.78567e+003
1143	 1.1620000000e+003	 4.55494e+002	 8.83558e+003
1144	 1.1630000000e+003	 4.76306e+002	 8.84105e+003
1145	 1.1640000000e+003	 4.63959e+002	 8.85305e+003
1146	 1.1650000000e+003	 4.14926e+002	 8.90230e+003
1147	 1.1660000000e+003	 3.54765e+002	 8.97686e+003
1148	 1.1670000000e+003	 3.20675e+002	 9.02252e+003
1149	 1.1680000000e+003	 4.03785e+002	 9.03072e+003
1150	 1.1690000000e+003	 4.65743e+002	 9.11058e+003
1151	 1.1700000000e+003	 4.42503e+002	 9.22563e+003
1152	 1.1710000000e+003	 4.15035e+002	 9.21701e+003
1153	 1.1720000000e+003	 4.45906e+002	 9.20255e+003
1154	 1.1730000000e+003	 5.10579e+002	 9.20289e+003
1155	 1.1740000000e+003	 5.47084e+002	 9.19205e+003
1156	 1.1750000000e+003	 5.12610e+002	 9.21853e+003
1157	 1.1760000000e+003	 4.89106e+002	 9.25236e+003
1158	 1.1770000000e+003	 4.66012e+002	 9.28378e+003
1159	 1.1780000000e+003	 5.47563e+002	 9.27918e+003
1160	 1.1790000000e+003	 5.97220e+002	 9.33736e+003
1161	 1.1800000000e+003	 6.10986e+002	 9.41249e+003
1162	 1.1810000000e+003	 5.71128e+002	 9.40095e+003
1163	 1.1820000000e+003	 5.44830e+002	 9.33680e+003
1164	 1.1830000000e+003	 5.26187e+002	 9.32682e+003
1165	 1.1840000000e+003	 5.06407e+002	 9.31906e+003
1166	 1.1850000000e+003	 4.44466e+002	 9.34374e+003
1167	 1.1860000000e+003	 4.28482e+002	 9.42726e+003
1168	 1.1870000000e+003	 4.00837e+002	 9.50441e+003
1169	 1.1880000000e+003	 3.96872e+002	 9.54950e+003
1170	 1.1890000000e+003	 3.91476e+002	 9.59752e+003
1171	 1.1900000000e+003	 3.89924e+002	 9.67092e+003
1172	 1.1910000000e+003	 3.71982e+002	 9.68968e+003
1173	 1.1920000000e+003	 3.76393e+002	 9.67593e+003
1174	 1.1930000000e+003	 3.86584e+002	 9.67103e+003
1175	 1.1940000000e+003	 3.68061e+002	 9.67901e+003
1176	 1.1950000000e+003	 3.42493e+002	 9.70747e+003
1177	 1.1960000000e+003	 3.27782e+002	 9.72970e+003
1178	 1.1970000000e+003	 3.07677e+002	 9.78682e+003
1179	 1.1980000000e+003	 3.03413e+002	 9.84718e+003
1180	 1.1990000000e+003	 3.06298e+002	 9.86560e+003
1181	 1.2000000000e+003	 2.80442e+002	 9.91844e+003
1182	 1.2010000000e+003	 2.47165e+002	 9.96693e+003
1183	 1.2020000000e+003	 2.37033e+002	 1.00239e+004
1184	 1.2030000000e+003	 2.46752e+002	 1.00261e+004
1185	 1.2040000000e+003	 2.48347e+002	 1.00303e+004
1186	 1.2050000000e+003	 2.62968e+002	 1.00478e+004
1187	 1.2060000000e+003	 2.35236e+002	 1.00740e+004
1188	 1.2070000000e+003	 2.03260e+002	 1.01027e+004
1189	 1.2080000000e+003	 1.98841e+002	 1.01577e+004
1190	 1.2090000000e+003	 1.74176e+002	 1.02106e+004
1191	 1.2100000000e+003	 1.65033e+002	 1.02726e+004
1192	 1.2110000000e+003	 1.53749e+002	 1.03100e+004
1193	 1.2120000000e+003	 1.30575e+002	 1.03495e+004
1194	 1.2130000000e+003	 1.29650e+002	 1.03898e+004
1195	 1.2140000000e+003	 1.24644e+002	 1.04175e+004
1196	 1.2150000000e+003	 1.48685e+002	 1.04322e+004
1197	 1.2160000000e+003	 1.78754e+002	 1.04557e+004
1198	 1.2170000000e+003	 2.04884e+002	 1.04778e+004
1199	 1.2180000000e+003	 2.23068e+002	 1.05322e+004
1200	 1.2190000000e+003	 2.08528e+002	 1.05558e+004
1201	 1.2200000000e+003	 1.86748e+002	 1.05920e+004
1202	 1.2210000000e+003	 1.96239e+002	 1.06575e+004
1203	 1.2220000000e+003	 1.94821e+002	 1.07167e+004
1204	 1.2230000000e+003	 1.96330e+002	 1.07937e+004
1205	 1.2240000000e+003	 1.91497e+002	 1.08622e+004
1206	 1.2250000000e+003	 2.06368e+002	 1.09272e+004
1207	 1.2260000000e+003	 2.24829e+002	 1.09696e+004
1208	 1.2270000000e+003	 2.43159e+002	 1.09920e+004
1209	 1.2280000000e+003	 2.11939e+002	 1.09950e+004
1210	 1.2290000000e+003	 1.87070e+002	 1.10149e+004
1211	 1.2300000000e+003	 1.87046e+002	 1.10335e+004
1212	 1.2310000000e+003	 2.04440e+002	 1.10934e+004
1213	 1.2320000000e+003	 2.20260e+002	 1.11291e+004
1214	 1.2330000000e+003	 2.24296e+002	 1.11842e+004
1215	 1.2340000000e+003	 2.02758e+002	 1.13115e+004
1216	 1.2350000000e+003	 2.39206e+002	 1.14173e+004
1217	 1.2360000000e+003	 2.85659e+002	 1.14895e+004
1218	 1.2370000000e+003	 3.11459e+002	 1.15500e+004
1219	 1.2380000000e+003	 2.92185e+002	 1.15619e+004
1220	 1.2390000000e+003	 3.43311e+002	 1.15135e+004
1221	 1.2400000000e+003	 3.49305e+002	 1.15314e+004
1222	 1.2410000000e+003	 3.52820e+002	 1.15778e+004
1223	 1.2420000000e+003	 3.47430e+002	 1.15956e+004
1224	 1.2430000000e+003	 3.24530e+002	 1.16624e+004
1225	 1.2440000000e+003	 3.27650e+002	 1.17015e+004
1226	 1.2450000000e+003	 3.53468e+002	 1.17823e+004
1227	 1.2460000000e+003	 4.13829e+002	 1.18465e+004
1228	 1.2470000000e+003	 4.27997e+002	 1.19384e+004
1229	 1.2480000000e+003	 4.75841e+002	 1.19692e+004
1230	 1.2490000000e+003	 3.90988e+002	 1.19884e+004
1231	 1.2500000000e+003	 4.28288e+002	 1.20394e+004
1232	 1.2510000000e+003	 4.58600e+002	 1.20357e+004
1233	 1.2520000000e+003	 4.54981e+002	 1.20208e+004
1234	 1.2530000000e+003	 4.92022e+002	 1.20545e+004
1235	 1.2540000000e+003	 4.72176e+002	 1.21140e+004
1236	 1.2550000000e+003	 4.95467e+002	 1.22050e+004
1237	 1.2560000000e+003	 4.15264e+002	 1.22810e+004
1238	 1.2570000000e+003	 3.69013e+002	 1.23080e+004
1239	 1.2580000000e+003	 3.77105e+002	 1.23589e+004
1240	 1.2590000000e+003	 4.38579e+002	 1.24191e+004
1241	 1.2600000000e+003	 4.79873e+002	 1.24516e+004
1242	 1.2610000000e+003	 4.90388e+002	 1.24619e+004
1243	 1.2620000000e+003	 3.80958e+002	 1.25228e+004
1244	 1.2630000000e+003	 4.77905e+002	 1.25457e+004
1245	 1.2640000000e+003	 5.74064e+002	 1.25825e+004
1246	 1.2650000000e+003	 5.48862e+002	 1.25921e+004
1247	 1.2660000000e+003	 4.85580e+002	 1.26062e+004
1248	 1.2670000000e+003	 3.84055e+002	 1.26713e+004
1249	 1.2680000000e+003	 3.01375e+002	 1.28221e+004
1250	 1.2690000000e+003	 2.45398e+002	 1.30116e+004
1251	 1.2700000000e+003	 2.14724e+002	 1.30935e+004
1252	 1.2710000000e+003	 2.37803e+002	 1.31307e+004
1253	 1.2720000000e+003	 2.55951e+002	 1.31543e+004
1254	 1.2730000000e+003	 3.20994e+002	 1.31247e+004
1255	 1.2740000000e+003	 4.40980e+002	 1.31046e+004
1256	 1.2750000000e+003	 4.52550e+002	 1.31778e+004
1257	 1.2760000000e+003	 3.44824e+002	 1.33144e+004
1258	 1.2770000000e+003	 2.73294e+002	 1.34846e+004
1259	 1.2780000000e+003	 2.40854e+002	 1.36343e+004
1260	 1.2790000000e+003	 1.53160e+002	 1.37030e+004
1261	 1.2800000000e+003	 1.96793e+002	 1.38211e+004
1262	 1.2810000000e+003	 2.32035e+002	 1.39913e+004
1263	 1.2820000000e+003	 2.39660e+002	 1.40572e+004
1264	 1.2830000000e+003	 2.68219e+002	 1.41996e+004
1265	 1.2840000000e+003	 4.39612e+002	 1.42185e+004
1266	 1.2850000000e+003	 4.49513e+002	 1.42503e+004
1267	 1.2860000000e+003	 4.93956e+002	 1.43714e+004
1268	 1.2870000000e+003	 4.77708e+002	 1.46104e+004
1269	 1.2880000000e+003	 5.83579e+002	 1.48070e+004
1270	 1.2890000000e+003	 7.14082e+002	 1.50081e+004
1271	 1.2900000000e+003	 7.08503e+002	 1.51815e+004
1272	 1.2910000000e+003	 7.54768e+002	 1.51831e+004
1273	 1.2920000000e+003	 8.83959e+002	 1.54876e+004
1274	 1.2930000000e+003	 1.11263e+003	 1.58400e+004
1275	 1.2940000000e+003	 1.31041e+003	 1.59055e+004
1276	 1.2950000000e+003	 1.55587e+003	 1.59187e+004
1277	 1.2960000000e+003	 1.75249e+003	 1.59809e+004
1278	 1.2970000000e+003	 1.81958e+003	 1.60004e+004
1279	 1.2980000000e+003	 1.96138e+003	 1.60073e+004
1280	 1.2990000000e+003	 2.27137e+003	 1.61209e+004
1281	 1.3000000000e+003	 2.47456e+003	 1.62904e+004
1282	 1.3010000000e+003	 2.60220e+003	 1.64279e+004
1283	 1.3020000000e+003	 2.91864e+003	 1.63690e+004
1284	 1.3030000000e+003	 3.08223e+003	 1.65506e+004
1285	 1.3040000000e+003	 3.27424e+003	 1.66353e+004
1286	 1.3050000000e+003	 3.39349e+003	 1.65988e+004
1287	 1.3060000000e+003	 3.63786e+003	 1.66955e+004
1288	 1.3070000000e+003	 3.82040e+003	 1.67140e+004
1289	 1.3080000000e+003	 4.01333e+003	 1.64295e+004
1290	 1.3090000000e+003	 4.21735e+003	 1.62402e+004
1291	 1.3100000000e+003	 4.43511e+003	 1.61813e+004
1292	 1.3110000000e+003	 4.68545e+003	 1.60446e+004
1293	 1.3120000000e+003	 4.79614e+003	 1.58093e+004
1294	 1.3130000000e+003	 4.86544e+003	 1.56625e+004
1295	 1.3140000000e+003	 5.10533e+003	 1.56588e+004
1296	 1.3150000000e+003	 5.37372e+003	 1.55162e+004
1297	 1.3160000000e+003	 5.46413e+003	 1.54440e+004
1298	 1.3170000000e+003	 5.49809e+003	 1.53296e+004
1299	 1.3180000000e+003	 5.42584e+003	 1.53334e+004
1300	 1.3190000000e+003	 5.28720e+003	 1.51538e+004
1301	 1.3200000000e+003	 5.25803e+003	 1.50294e+004
1302	 1.3210000000e+003	 5.36751e+003	 1.48246e+004
1303	 1.3220000000e+003	 5.48031e+003	 1.45748e+004
1304	 1.3230000000e+003	 5.47300e+003	 1.44920e+004
1305	 1.3240000000e+003	 5.49413e+003	 1.43749e+004
1306	 1.3250000000e+003	 5.47264e+003	 1.42987e+004
1307	 1.3260000000e+003	 5.41161e+003	 1.41185e+004
1308	 1.3270000000e+003	 5.41006e+003	 1.40215e+004
1309	 1.3280000000e+003	 5.42797e+003	 1.41496e+004
1310	 1.3290000000e+003	 5.39618e+003	 1.40931e+004
1311	 1.3300000000e+003	 5.47303e+003	 1.40222e+004
1312	 1.3310000000e+003	 5.47088e+003	 1.40048e+004
1313	 1.3320000000e+003	 5.37402e+003	 1.39396e+004
1314	 1.3330000000e+003	 5.26263e+003	 1.37676e+004
1315	 1.3340000000e+003	 5.10936e+003	 1.36209e+004
1316	 1.3350000000e+003	 5.03251e+003	 1.34567e+004
1317	 1.3360000000e+003	 5.02321e+003	 1.34039e+004
1318	 1.3370000000e+003	 5.01922e+003	 1.33301e+004
1319	 1.3380000000e+003	 4.98457e+003	 1.32969e+004
1320	 1.3390000000e+003	 4.93538e+003	 1.32756e+004
1321	 1.3400000000e+003	 4.81615e+003	 1.32814e+004
1322	 1.3410000000e+003	 4.81195e+003	 1.33020e+004
1323	 1.3420000000e+003	 4.76746e+003	 1.33591e+004
1324	 1.3430000000e+003	 4.70218e+003	 1.33426e+004
1325	 1.3440000000e+003	 4.71606e+003	 1.33166e+004
1326	 1.3450000000e+003	 4.62645e+003	 1.32243e+004
1327	 1.3460000000e+003	 4.44969e+003	 1.31923e+004
1328	 1.3470000000e+003	 4.34076e+003	 1.32917e+004
1329	 1.3480000000e+003	 4.37804e+003	 1.33137e+004
1330	 1.3490000000e+003	 4.34139e+003	 1.32325e+004
1331	 1.3500000000e+003	 4.41185e+003	 1.31659e+004
1332	 1.3510000000e+003	 4.40200e+003	 1.31428e+004
1333	 1.3520000000e+003	 4.34714e+003	 1.32530e+004
1334	 1.3530000000e+003	 4.33780e+003	 1.33427e+004
1335	 1.3540000000e+003	 4.34567e+003	 1.34368e+004
1336	 1.3550000000e+003	 4.29402e+003	 1.34292e+004
1337	 1.3560000000e+003	 4.29435e+003	 1.35092e+004
1338	 1.3570000000e+003	 4.30894e+003	 1.35538e+004
1339	 1.3580000000e+003	 4.25061e+003	 1.35187e+004
1340	 1.3590000000e+003	 4.17319e+003	 1.34636e+004
1341	 1.3600000000e+003	 4.16652e+003	 1.35260e+004
1342	 1.3610000000e+003	 4.15134e+003	 1.34357e+004
1343	 1.3620000000e+003	 4.18581e+003	 1.34276e+004
1344	 1.3630000000e+003	 4.14606e+003	 1.35143e+004
1345	 1.3640000000e+003	 4.20954e+003	 1.35649e+004
1346	 1.3650000000e+003	 4.22167e+003	 1.36456e+004
1347	 1.3660000000e+003	 4.23808e+003	 1.38505e+004
1348	 1.3670000000e+003	 4.22923e+003	 1.38606e+004
1349	 1.3680000000e+003	 4.21217e+003	 1.39267e+004
1350	 1.3690000000e+003	 4.15840e+003	 1.40045e+004
1351	 1.3700000000e+003	 4.05928e+003	 1.39758e+004
1352	 1.3710000000e+003	 4.03504e+003	 1.39569e+004
1353	 1.3720000000e+003	 4.11328e+003	 1.39191e+004
1354	 1.3730000000e+003	 4.08873e+003	 1.39176e+004
1355	 1.3740000000e+003	 4.05208e+003	 1.39559e+004
1356	 1.3750000000e+003	 3.90896e+003	 1.39158e+004
1357	 1.3760000000e+003	 3.86026e+003	 1.40201e+004
1358	 1.3770000000e+003	 3.98680e+003	 1.40435e+004
1359	 1.3780000000e+003	 4.07174e+003	 1.40529e+004
1360	 1.3790000000e+003	 4.09863e+003	 1.41430e+004
1361	 1.3800000000e+003	 3.95818e+003	 1.42650e+004
1362	 1.3810000000e+003	 3.81023e+003	 1.43758e+004
1363	 1.3820000000e+003	 3.85783e+003	 1.43865e+004
1364	 1.3830000000e+003	 4.00875e+003	 1.43807e+004
1365	 1.3840000000e+003	 3.99606e+003	 1.43268e+004
1366	 1.3850000000e+003	 3.96392e+003	 1.43239e+004
1367	 1.3860000000e+003	 3.91391e+003	 1.43367e+004
1368	 1.3870000000e+003	 3.79664e+003	 1.43913e+004
1369	 1.3880000000e+003	 3.69427e+003	 1.44950e+004
1370	 1.3890000000e+003	 3.74922e+003	 1.46474e+004
1371	 1.3900000000e+003	 3.84539e+003	 1.47591e+004
1372	 1.3910000000e+003	 3.88194e+003	 1.47375e+004
1373	 1.3920000000e+003	 3.85461e+003	 1.48061e+004
1374	 1.3930000000e+003	 3.72066e+003	 1.49500e+004
1375	 1.3940000000e+003	 3.52653e+003	 1.51479e+004
1376	 1.3950000000e+003	 3.55294e+003	 1.52332e+004
1377	 1.3960000000e+003	 3.66317e+003	 1.51077e+004
1378	 1.3970000000e+003	 3.61997e+003	 1.50999e+004
1379	 1.3980000000e+003	 3.61571e+003	 1.51274e+004
1380	 1.3990000000e+003	 3.72212e+003	 1.51431e+004
1381	 1.4000000000e+003	 3.66844e+003	 1.53021e+004
1382	 1.4010000000e+003	 3.50628e+003	 1.54024e+004
1383	 1.4020000000e+003	 3.47099e+003	 1.55367e+004
1384	 1.4030000000e+003	 3.53048e+003	 1.56442e+004
1385	 1.4040000000e+003	 3.69684e+003	 1.57777e+004
1386	 1.4050000000e+003	 3.71455e+003	 1.58438e+004
1387	 1.4060000000e+003	 3.62165e+003	 1.58943e+004
1388	 1.4070000000e+003	 3.66938e+003	 1.60172e+004
1389	 1.4080000000e+003	 3.73767e+003	 1.61810e+004
1390	 1.4090000000e+003	 3.66791e+003	 1.63137e+004
1391	 1.4100000000e+003	 3.67353e+003	 1.63614e+004
1392	 1.4110000000e+003	 3.69330e+003	 1.63035e+004
1393	 1.4120000000e+003	 3.67837e+003	 1.62697e+004
1394	 1.4130000000e+003	 3.58827e+003	 1.64785e+004
1395	 1.4140000000e+003	 3.67106e+003	 1.66640e+004
1396	 1.4150000000e+003	 3.90200e+003	 1.66578e+004
1397	 1.4160000000e+003	 4.05120e+003	 1.70030e+004
1398	 1.4170000000e+003	 4.19434e+003	 1.71919e+004
1399	 1.4180000000e+003	 4.29881e+003	 1.72939e+004
1400	 1.4190000000e+003	 4.15644e+003	 1.72598e+004
1401	 1.4200000000e+003	 4.13573e+003	 1.72714e+004
1402	 1.4210000000e+003	 4.52431e+003	 1.72184e+004
1403	 1.4220000000e+003	 4.40977e+003	 1.72181e+004
1404	 1.4230000000e+003	 4.31970e+003	 1.74467e+004
1405	 1.4240000000e+003	 4.60552e+003	 1.76666e+004
1406	 1.4250000000e+003	 4.90148e+003	 1.79676e+004
1407	 1.4260000000e+003	 4.97462e+003	 1.79920e+004
1408	 1.4270000000e+003	 5.02250e+003	 1.79454e+004
1409	 1.4280000000e+003	 5.28336e+003	 1.82367e+004
1410	 1.4290000000e+003	 5.38791e+003	 1.84199e+004
1411	 1.4300000000e+003	 5.52921e+003	 1.84076e+004
1412	 1.4310000000e+003	 5.41618e+003	 1.84855e+004
1413	 1.4320000000e+003	 5.86840e+003	 1.84532e+004
1414	 1.4330000000e+003	 6.25779e+003	 1.84485e+004
1415	 1.4340000000e+003	 6.59357e+003	 1.86061e+004
1416	 1.4350000000e+003	 6.54151e+003	 1.86076e+004
1417	 1.4360000000e+003	 6.37314e+003	 1.87412e+004
1418	 1.4370000000e+003	 6.60400e+003	 1.91073e+004
1419	 1.4380000000e+003	 6.60869e+003	 1.89861e+004
1420	 1.4390000000e+003	 6.88501e+003	 1.89679e+004
1421	 1.4400000000e+003	 7.04456e+003	 1.90298e+004
1422	 1.4410000000e+003	 7.52266e+003	 1.90245e+004
1423	 1.4420000000e+003	 7.56387e+003	 1.88565e+004
1424	 1.4430000000e+003	 7.79856e+003	 1.86386e+004
1425	 1.4440000000e+003	 8.26598e+003	 1.88434e+004
1426	 1.4450000000e+003	 8.45699e+003	 1.90673e+004
1427	 1.4460000000e+003	 8.51901e+003	 1.90612e+004
1428	 1.4470000000e+003	 8.58954e+003	 1.90237e+004
1429	 1.4480000000e+003	 8.82633e+003	 1.90452e+004
1430	 1.4490000000e+003	 9.10414e+003	 1.91488e+004
1431	 1.4500000000e+003	 9.33211e+003	 1.91567e+004
1432	 1.4510000000e+003	 9.47515e+003	 1.91196e+004
1433	 1.4520000000e+003	 9.65721e+003	 1.90703e+004
1434	 1.4530000000e+003	 9.88912e+003	 1.88282e+004
1435	 1.4540000000e+003	 1.00089e+004	 1.88629e+004
1436	 1.4550000000e+003	 1.03859e+004	 1.86809e+004
1437	 1.4560000000e+003	 1.05431e+004	 1.84534e+004
1438	 1.4570000000e+003	 1.04667e+004	 1.82379e+004
1439	 1.4580000000e+003	 1.05973e+004	 1.80371e+004
1440	 1.4590000000e+003	 1.06281e+004	 1.79876e+004
1441	 1.4600000000e+003	 1.06006e+004	 1.78564e+004
1442	 1.4610000000e+003	 1.06961e+004	 1.78374e+004
1443	 1.4620000000e+003	 1.07895e+004	 1.81346e+004
1444	 1.4630000000e+003	 1.09814e+004	 1.78061e+004
1445	 1.4640000000e+003	 1.14350e+004	 1.77853e+004
1446	 1.4650000000e+003	 1.14075e+004	 1.76392e+004
1447	 1.4660000000e+003	 1.15350e+004	 1.73083e+004
1448	 1.4670000000e+003	 1.17711e+004	 1.68040e+004
1449	 1.4680000000e+003	 1.18702e+004	 1.67497e+004
1450	 1.4690000000e+003	 1.21094e+004	 1.65233e+004
1451	 1.4700000000e+003	 1.23803e+004	 1.62897e+004
1452	 1.4710000000e+003	 1.24959e+004	 1.62359e+004
1453	 1.4720000000e+003	 1.22160e+004	 1.60851e+004
1454	 1.4730000000e+003	 1.20226e+004	 1.61147e+004
1455	 1.4740000000e+003	 1.19168e+004	 1.61076e+004
1456	 1.4750000000e+003	 1.20103e+004	 1.58676e+004
1457	 1.4760000000e+003	 1.21325e+004	 1.56579e+004
1458	 1.4770000000e+003	 1.23263e+004	 1.55038e+004
1459	 1.4780000000e+003	 1.22465e+004	 1.53174e+004
1460	 1.4790000000e+003	 1.22033e+004	 1.50012e+004
1461	 1.4800000000e+003	 1.20277e+004	 1.48250e+004
1462	 1.4810000000e+003	 1.18785e+004	 1.47086e+004
1463	 1.4820000000e+003	 1.18970e+004	 1.46624e+004
1464	 1.4830000000e+003	 1.19824e+004	 1.45177e+004
1465	 1.4840000000e+003	 1.21199e+004	 1.42490e+004
1466	 1.4850000000e+003	 1.20502e+004	 1.39648e+004
1467	 1.4860000000e+003	 1.19158e+004	 1.38391e+004
1468	 1.4870000000e+003	 1.17741e+004	 1.38077e+004
1469	 1.4880000000e+003	 1.16603e+004	 1.38535e+004
1470	 1.4890000000e+003	 1.18128e+004	 1.37603e+004
1471	 1.4900000000e+003	 1.17597e+004	 1.36282e+004
1472	 1.4910000000e+003	 1.15802e+004	 1.34846e+004
1473	 1.4920000000e+003	 1.15270e+004	 1.34072e+004
1474	 1.4930000000e+003	 1.14552e+004	 1.34234e+004
1475	 1.4940000000e+003	 1.13517e+004	 1.32473e+004
1476	 1.4950000000e+003	 1.12314e+004	 1.31059e+004
1477	 1.4960000000e+003	 1.11543e+004	 1.30350e+004
1478	 1.4970000000e+003	 1.11713e+004	 1.29516e+004
1479	 1.4980000000e+003	 1.11489e+004	 1.28173e+004
1480	 1.4990000000e+003	 1.11961e+004	 1.27419e+004
1481	 1.5000000000e+003	 1.11987e+004	 1.27242e+004
1482	 1.5010000000e+003	 1.11012e+004	 1.26955e+004
1483	 1.5020000000e+003	 1.09369e+004	 1.27096e+004
1484	 1.5030000000e+003	 1.08299e+004	 1.25823e+004
1485	 1.5040000000e+003	 1.06943e+004	 1.25525e+004
1486	 1.5050000000e+003	 1.06403e+004	 1.25171e+004
1487	 1.5060000000e+003	 1.06249e+004	 1.25406e+004
1488	 1.5070000000e+003	 1.05329e+004	 1.25530e+004
1489	 1.5080000000e+003	 1.03965e+004	 1.24203e+004
1490	 1.5090000000e+003	 1.03109e+004	 1.23699e+004
1491	 1.5100000000e+003	 1.03567e+004	 1.24285e+004
1492	 1.5110000000e+003	 1.03477e+004	 1.24648e+004
1493	 1.5120000000e+003	 1.03700e+004	 1.24759e+004
1494	 1.5130000000e+003	 1.02795e+004	 1.24781e+004
1495	 1.5140000000e+003	 1.03247e+004	 1.25400e+004
1496	 1.5150000000e+003	 1.02343e+004	 1.24685e+004
1497	 1.5160000000e+003	 1.00830e+004	 1.24793e+004
1498	 1.5170000000e+003	 9.98648e+003	 1.25552e+004
1499	 1.5180000000e+003	 1.00365e+004	 1.25518e+004
1500	 1.5190000000e+003	 9.90498e+003	 1.26661e+004
1501	 1.5200000000e+003	 9.92339e+003	 1.27573e+004
1502	 1.5210000000e+003	 9.97701e+003	 1.27339e+004
1503	 1.5220000000e+003	 1.00087e+004	 1.27834e+004
1504	 1.5230000000e+003	 9.87631e+003	 1.26295e+004
1505	 1.5240000000e+003	 9.96332e+003	 1.25617e+004
1506	 1.5250000000e+003	 1.00483e+004	 1.24748e+004
1507	 1.5260000000e+003	 1.01362e+004	 1.23696e+004
1508	 1.5270000000e+003	 1.01396e+004	 1.23546e+004
1509	 1.5280000000e+003	 1.02517e+004	 1.23227e+004
1510	 1.5290000000e+003	 1.02220e+004	 1.23745e+004
1511	 1.5300000000e+003	 1.01338e+004	 1.23018e+004
1512	 1.5310000000e+003	 1.01486e+004	 1.23366e+004
1513	 1.5320000000e+003	 9.93377e+003	 1.23521e+004
1514	 1.5330000000e+003	 9.70120e+003	 1.24180e+004
1515	 1.5340000000e+003	 9.74056e+003	 1.23998e+004
1516	 1.5350000000e+003	 9.73346e+003	 1.24302e+004
1517	 1.5360000000e+003	 9.77434e+003	 1.23778e+004
1518	 1.5370000000e+003	 9.64916e+003	 1.23148e+004
1519	 1.5380000000e+003	 9.42840e+003	 1.22655e+004
1520	 1.5390000000e+003	 9.43912e+003	 1.20257e+004
1521	 1.5400000000e+003	 9.43318e+003	 1.20642e+004
1522	 1.5410000000e+003	 9.49524e+003	 1.20903e+004
1523	 1.5420000000e+003	 9.54132e+003	 1.20133e+004
1524	 1.5430000000e+003	 9.56350e+003	 1.20277e+004
1525	 1.5440000000e+003	 9.24947e+003	 1.21331e+004
1526	 1.5450000000e+003	 9.08982e+003	 1.23790e+004
1527	 1.5460000000e+003	 8.93500e+003	 1.23594e+004
1528	 1.5470000000e+003	 8.98655e+003	 1.24473e+004
1529	 1.5480000000e+003	 9.15870e+003	 1.24072e+004
1530	 1.5490000000e+003	 8.91214e+003	 1.25522e+004
1531	 1.5500000000e+003	 9.02343e+003	 1.25893e+004
1532	 1.5510000000e+003	 9.17163e+003	 1.25233e+004
1533	 1.5520000000e+003	 8.78650e+003	 1.24640e+004
1534	 1.5530000000e+003	 8.76149e+003	 1.25811e+004
1535	 1.5540000000e+003	 8.80804e+003	 1.25542e+004
1536	 1.5550000000e+003	 8.90226e+003	 1.26716e+004
1537	 1.5560000000e+003	 8.90199e+003	 1.25327e+004
1538	 1.5570000000e+003	 8.79971e+003	 1.24671e+004
1539	 1.5580000000e+003	 8.61913e+003	 1.24840e+004
1540	 1.5590000000e+003	 8.68761e+003	 1.25060e+004
1541	 1.5600000000e+003	 8.48629e+003	 1.26631e+004
1542	 1.5610000000e+003	 8.76631e+003	 1.28795e+004
1543	 1.5620000000e+003	 8.89130e+003	 1.27692e+004
1544	 1.5630000000e+003	 8.86831e+003	 1.28097e+004
1545	 1.5640000000e+003	 8.76982e+003	 1.30638e+004
1546	 1.5650000000e+003	 8.66685e+003	 1.27558e+004
1547	 1.5660000000e+003	 8.71190e+003	 1.25983e+004
1548	 1.5670000000e+003	 8.85761e+003	 1.26790e+004
1549	 1.5680000000e+003	 8.85992e+003	 1.28007e+004
1550	 1.5690000000e+003	 8.81192e+003	 1.28432e+004
1551	 1.5700000000e+003	 8.70603e+003	 1.27241e+004
1552	 1.5710000000e+003	 8.81851e+003	 1.25081e+004
1553	 1.5720000000e+003	 8.79249e+003	 1.25973e+004
1554	 1.5730000000e+003	 8.74882e+003	 1.25050e+004
1555	 1.5740000000e+003	 8.75562e+003	 1.25908e+004
1556	 1.5750000000e+003	 8.74219e+003	 1.27597e+004
1557	 1.5760000000e+003	 8.74950e+003	 1.29189e+004
1558	 1.5770000000e+003	 8.69195e+003	 1.29440e+004
1559	 1.5780000000e+003	 8.49433e+003	 1.28683e+004
1560	 1.5790000000e+003	 8.44461e+003	 1.30078e+004
1561	 1.5800000000e+003	 8.32994e+003	 1.29487e+004
1562	 1.5810000000e+003	 8.43377e+003	 1.28623e+004
1563	 1.5820000000e+003	 8.48639e+003	 1.28091e+004
1564	 1.5830000000e+003	 8.60245e+003	 1.26616e+004
1565	 1.5840000000e+003	 8.71104e+003	 1.26957e+004
1566	 1.5850000000e+003	 8.64072e+003	 1.27703e+004
1567	 1.5860000000e+003	 8.45716e+003	 1.28592e+004
1568	 1.5870000000e+003	 8.50423e+003	 1.29265e+004
1569	 1.5880000000e+003	 8.52312e+003	 1.28199e+004
1570	 1.5890000000e+003	 8.82889e+003	 1.31907e+004
1571	 1.5900000000e+003	 8.83295e+003	 1.32388e+004
1572	 1.5910000000e+003	 8.83412e+003	 1.32808e+004
1573	 1.5920000000e+003	 8.77241e+003	 1.32767e+004
1574	 1.5930000000e+003	 8.42678e+003	 1.32887e+004
1575	 1.5940000000e+003	 8.03309e+003	 1.33196e+004
1576	 1.5950000000e+003	 8.44135e+003	 1.26854e+004
1577	 1.5960000000e+003	 8.49326e+003	 1.29216e+004
1578	 1.5970000000e+003	 8.36875e+003	 1.29530e+004
1579	 1.5980000000e+003	 8.33686e+003	 1.31528e+004
1580	 1.5990000000e+003	 8.44867e+003	 1.32235e+004
1581	 1.6000000000e+003	 8.48043e+003	 1.33120e+004
1582	 1.6010000000e+003	 8.49267e+003	 1.33761e+004
1583	 1.6020000000e+003	 8.46745e+003	 1.35766e+004
1584	 1.6030000000e+003	 8.11889e+003	 1.26960e+004
1585	 1.6040000000e+003	 8.95622e+003	 1.25364e+004
1586	 1.6050000000e+003	 8.96081e+003	 1.33061e+004
1587	 1.6060000000e+003	 8.61812e+003	 1.35210e+004
1588	 1.6070000000e+003	 8.49632e+003	 1.35816e+004
1589	 1.6080000000e+003	 8.56293e+003	 1.34847e+004
1590	 1.6090000000e+003	 8.47531e+003	 1.35509e+004
1591	 1.6100000000e+003	 8.43510e+003	 1.35385e+004
1592	 1.6110000000e+003	 8.46964e+003	 1.34469e+004
1593	 1.6120000000e+003	 8.42544e+003	 1.34053e+004
1594	 1.6130000000e+003	 8.42497e+003	 1.35916e+004
1595	 1.6140000000e+003	 8.50514e+003	 1.37839e+004
1596	 1.6150000000e+003	 8.62037e+003	 1.38289e+004
1597	 1.6160000000e+003	 8.64399e+003	 1.38435e+004
1598	 1.6170000000e+003	 8.58623e+003	 1.39230e+004
1599	 1.6180000000e+003	 8.35704e+003	 1.40956e+004
1600	 1.6190000000e+003	 8.29131e+003	 1.38883e+004
1601	 1.6200000000e+003	 8.28849e+003	 1.34617e+004
TagsBegin:	 	 	 
OverLoad:	 	False	 
AverageNumber: []	 	 8.80000e+001	 
OverLoadRatio: []	 	 1.19209e-007	 
TagsEnd:	 	 	 
TagScalesBegin:	 	 	 
TagScalesEnd:	 	 	 
